******Program DMFT: Computes Gloc and Delta for Dynamical Mean Field Theory calculation ******
 CALCULATION WITH COMPLEX VECTORS
 CALCULATION WITH SOC VECTORS REQUIRED
 Running DMFT in mpi mode
  
 numkpt=         726
   0.00000   0.00000   0.00000   1.00000
   0.04762   0.04762   0.00000   4.00000
   0.09524   0.09524   0.00000   4.00000
   0.14286   0.14286   0.00000   4.00000
   0.19048   0.19048   0.00000   4.00000
   0.23810   0.23810   0.00000   4.00000
   0.28571   0.28571   0.00000   4.00000
   0.33333   0.33333   0.00000   4.00000
   0.38095   0.38095   0.00000   4.00000
   0.42857   0.42857   0.00000   4.00000
   0.47619   0.47619   0.00000   4.00000
   0.04762   0.00000   0.04762   8.00000
   0.09524   0.04762   0.04762  16.00000
   0.14286   0.09524   0.04762  16.00000
   0.19048   0.14286   0.04762  16.00000
   0.23810   0.19048   0.04762  16.00000
   0.28571   0.23810   0.04762  16.00000
   0.33333   0.28571   0.04762  16.00000
   0.38095   0.33333   0.04762  16.00000
   0.42857   0.38095   0.04762  16.00000
   0.47619   0.42857   0.04762  16.00000
   0.52381   0.47619   0.04762   8.00000
   0.09524   0.00000   0.09524   8.00000
   0.14286   0.04762   0.09524  16.00000
   0.19048   0.09524   0.09524  16.00000
   0.23810   0.14286   0.09524  16.00000
   0.28571   0.19048   0.09524  16.00000
   0.33333   0.23810   0.09524  16.00000
   0.38095   0.28571   0.09524  16.00000
   0.42857   0.33333   0.09524  16.00000
   0.47619   0.38095   0.09524  16.00000
   0.52381   0.42857   0.09524  16.00000
   1.04762   0.95238   0.09524   8.00000
   0.14286   0.00000   0.14286   8.00000
   0.19048   0.04762   0.14286  16.00000
   0.23810   0.09524   0.14286  16.00000
   0.28571   0.14286   0.14286  16.00000
   0.33333   0.19048   0.14286  16.00000
   0.38095   0.23810   0.14286  16.00000
   0.42857   0.28571   0.14286  16.00000
   0.47619   0.33333   0.14286  16.00000
   0.52381   0.38095   0.14286  16.00000
   0.57143   0.42857   0.14286   8.00000
   1.04762   0.90476   0.14286  16.00000
   0.19048   0.00000   0.19048   8.00000
   0.23810   0.04762   0.19048  16.00000
   0.28571   0.09524   0.19048  16.00000
   0.33333   0.14286   0.19048  16.00000
   0.38095   0.19048   0.19048  16.00000
   0.42857   0.23810   0.19048  16.00000
   0.47619   0.28571   0.19048  16.00000
   0.52381   0.33333   0.19048  16.00000
   0.57143   0.38095   0.19048  16.00000
   1.04762   0.85714   0.19048  16.00000
   1.09524   0.90476   0.19048   8.00000
   0.23810   0.00000   0.23810   8.00000
   0.28571   0.04762   0.23810  16.00000
   0.33333   0.09524   0.23810  16.00000
   0.38095   0.14286   0.23810  16.00000
   0.42857   0.19048   0.23810  16.00000
   0.47619   0.23810   0.23810  16.00000
   0.52381   0.28571   0.23810  16.00000
   0.57143   0.33333   0.23810  16.00000
   0.61905   0.38095   0.23810   8.00000
   1.04762   0.80952   0.23810  16.00000
   1.09524   0.85714   0.23810  16.00000
   0.28571   0.00000   0.28571   8.00000
   0.33333   0.04762   0.28571  16.00000
   0.38095   0.09524   0.28571  16.00000
   0.42857   0.14286   0.28571  16.00000
   0.47619   0.19048   0.28571  16.00000
   0.52381   0.23810   0.28571  16.00000
   0.57143   0.28571   0.28571  16.00000
   0.61905   0.33333   0.28571  16.00000
   1.04762   0.76190   0.28571  16.00000
   1.09524   0.80952   0.28571  16.00000
   1.14286   0.85714   0.28571   8.00000
   0.33333   0.00000   0.33333   8.00000
   0.38095   0.04762   0.33333  16.00000
   0.42857   0.09524   0.33333  16.00000
   0.47619   0.14286   0.33333  16.00000
   0.52381   0.19048   0.33333  16.00000
   0.57143   0.23810   0.33333  16.00000
   0.61905   0.28571   0.33333  16.00000
   0.66667   0.33333   0.33333   8.00000
   1.04762   0.71429   0.33333  16.00000
   1.09524   0.76190   0.33333  16.00000
   1.14286   0.80952   0.33333  16.00000
   0.38095   0.00000   0.38095   8.00000
   0.42857   0.04762   0.38095  16.00000
   0.47619   0.09524   0.38095  16.00000
   0.52381   0.14286   0.38095  16.00000
   0.57143   0.19048   0.38095  16.00000
   0.61905   0.23810   0.38095  16.00000
   0.66667   0.28571   0.38095  16.00000
   1.04762   0.66667   0.38095  16.00000
   1.09524   0.71429   0.38095  16.00000
   1.14286   0.76190   0.38095  16.00000
   1.19048   0.80952   0.38095   8.00000
   0.42857   0.00000   0.42857   8.00000
   0.47619   0.04762   0.42857  16.00000
   0.52381   0.09524   0.42857  16.00000
   0.57143   0.14286   0.42857  16.00000
   0.61905   0.19048   0.42857  16.00000
   0.66667   0.23810   0.42857  16.00000
   0.71429   0.28571   0.42857   8.00000
   1.04762   0.61905   0.42857  16.00000
   1.09524   0.66667   0.42857  16.00000
   1.14286   0.71429   0.42857  16.00000
   1.19048   0.76190   0.42857  16.00000
   0.47619   0.00000   0.47619   8.00000
   0.52381   0.04762   0.47619  16.00000
   0.57143   0.09524   0.47619  16.00000
   0.61905   0.14286   0.47619  16.00000
   0.66667   0.19048   0.47619  16.00000
   0.71429   0.23810   0.47619  16.00000
   1.04762   0.57143   0.47619  16.00000
   1.09524   0.61905   0.47619  16.00000
   1.14286   0.66667   0.47619  16.00000
   1.19048   0.71429   0.47619  16.00000
   1.23810   0.76190   0.47619   8.00000
   0.09524   0.09524   0.09524   8.00000
   0.14286   0.14286   0.09524   8.00000
   0.19048   0.19048   0.09524   8.00000
   0.23810   0.23810   0.09524   8.00000
   0.28571   0.28571   0.09524   8.00000
   0.33333   0.33333   0.09524   8.00000
   0.38095   0.38095   0.09524   8.00000
   0.42857   0.42857   0.09524   8.00000
   0.47619   0.47619   0.09524   8.00000
   1.00000   1.00000   0.09524   2.00000
   0.14286   0.09524   0.14286  16.00000
   0.19048   0.14286   0.14286  16.00000
   0.23810   0.19048   0.14286  16.00000
   0.28571   0.23810   0.14286  16.00000
   0.33333   0.28571   0.14286  16.00000
   0.38095   0.33333   0.14286  16.00000
   0.42857   0.38095   0.14286  16.00000
   0.47619   0.42857   0.14286  16.00000
   0.52381   0.47619   0.14286   8.00000
   1.00000   0.95238   0.14286   8.00000
   0.19048   0.09524   0.19048  16.00000
   0.23810   0.14286   0.19048  16.00000
   0.28571   0.19048   0.19048  16.00000
   0.33333   0.23810   0.19048  16.00000
   0.38095   0.28571   0.19048  16.00000
   0.42857   0.33333   0.19048  16.00000
   0.47619   0.38095   0.19048  16.00000
   0.52381   0.42857   0.19048  16.00000
   1.00000   0.90476   0.19048   8.00000
   1.04762   0.95238   0.19048   8.00000
   0.23810   0.09524   0.23810  16.00000
   0.28571   0.14286   0.23810  16.00000
   0.33333   0.19048   0.23810  16.00000
   0.38095   0.23810   0.23810  16.00000
   0.42857   0.28571   0.23810  16.00000
   0.47619   0.33333   0.23810  16.00000
   0.52381   0.38095   0.23810  16.00000
   0.57143   0.42857   0.23810   8.00000
   1.00000   0.85714   0.23810   8.00000
   1.04762   0.90476   0.23810  16.00000
   0.28571   0.09524   0.28571  16.00000
   0.33333   0.14286   0.28571  16.00000
   0.38095   0.19048   0.28571  16.00000
   0.42857   0.23810   0.28571  16.00000
   0.47619   0.28571   0.28571  16.00000
   0.52381   0.33333   0.28571  16.00000
   0.57143   0.38095   0.28571  16.00000
   1.00000   0.80952   0.28571   8.00000
   1.04762   0.85714   0.28571  16.00000
   1.09524   0.90476   0.28571   8.00000
   0.33333   0.09524   0.33333  16.00000
   0.38095   0.14286   0.33333  16.00000
   0.42857   0.19048   0.33333  16.00000
   0.47619   0.23810   0.33333  16.00000
   0.52381   0.28571   0.33333  16.00000
   0.57143   0.33333   0.33333  16.00000
   0.61905   0.38095   0.33333   8.00000
   1.00000   0.76190   0.33333   8.00000
   1.04762   0.80952   0.33333  16.00000
   1.09524   0.85714   0.33333  16.00000
   0.38095   0.09524   0.38095  16.00000
   0.42857   0.14286   0.38095  16.00000
   0.47619   0.19048   0.38095  16.00000
   0.52381   0.23810   0.38095  16.00000
   0.57143   0.28571   0.38095  16.00000
   0.61905   0.33333   0.38095  16.00000
   1.00000   0.71429   0.38095   8.00000
   1.04762   0.76190   0.38095  16.00000
   1.09524   0.80952   0.38095  16.00000
   1.14286   0.85714   0.38095   8.00000
   0.42857   0.09524   0.42857  16.00000
   0.47619   0.14286   0.42857  16.00000
   0.52381   0.19048   0.42857  16.00000
   0.57143   0.23810   0.42857  16.00000
   0.61905   0.28571   0.42857  16.00000
   0.66667   0.33333   0.42857   8.00000
   1.00000   0.66667   0.42857   8.00000
   1.04762   0.71429   0.42857  16.00000
   1.09524   0.76190   0.42857  16.00000
   1.14286   0.80952   0.42857  16.00000
   0.47619   0.09524   0.47619  16.00000
   0.52381   0.14286   0.47619  16.00000
   0.57143   0.19048   0.47619  16.00000
   0.61905   0.23810   0.47619  16.00000
   0.66667   0.28571   0.47619  16.00000
   1.00000   0.61905   0.47619   8.00000
   1.04762   0.66667   0.47619  16.00000
   1.09524   0.71429   0.47619  16.00000
   1.14286   0.76190   0.47619  16.00000
   1.19048   0.80952   0.47619   8.00000
   0.57143   0.14286   0.52381  16.00000
   0.61905   0.19048   0.52381  16.00000
   0.66667   0.23810   0.52381  16.00000
   0.71429   0.28571   0.52381   8.00000
   1.00000   0.57143   0.52381   8.00000
   1.04762   0.61905   0.52381  16.00000
   1.09524   0.66667   0.52381  16.00000
   1.14286   0.71429   0.52381  16.00000
   1.19048   0.76190   0.52381  16.00000
   0.61905   0.14286   0.57143  16.00000
   0.66667   0.19048   0.57143  16.00000
   0.71429   0.23810   0.57143  16.00000
   1.00000   0.52381   0.57143   8.00000
   1.04762   0.57143   0.57143  16.00000
   1.09524   0.61905   0.57143  16.00000
   1.14286   0.66667   0.57143  16.00000
   1.19048   0.71429   0.57143  16.00000
   1.23810   0.76190   0.57143   8.00000
   0.66667   0.14286   0.61905  16.00000
   0.71429   0.19048   0.61905  16.00000
   0.76190   0.23810   0.61905   8.00000
   1.00000   0.47619   0.61905   8.00000
   1.04762   0.52381   0.61905  16.00000
   1.09524   0.57143   0.61905  16.00000
   1.14286   0.61905   0.61905  16.00000
   1.19048   0.66667   0.61905  16.00000
   1.23810   0.71429   0.61905  16.00000
   0.71429   0.14286   0.66667  16.00000
   0.76190   0.19048   0.66667  16.00000
   1.00000   0.42857   0.66667   8.00000
   1.04762   0.47619   0.66667  16.00000
   1.09524   0.52381   0.66667  16.00000
   1.14286   0.57143   0.66667  16.00000
   1.19048   0.61905   0.66667  16.00000
   1.23810   0.66667   0.66667  16.00000
   1.28571   0.71429   0.66667   8.00000
   0.76190   0.14286   0.71429  16.00000
   0.80952   0.19048   0.71429   8.00000
   1.00000   0.38095   0.71429   8.00000
   1.04762   0.42857   0.71429  16.00000
   1.09524   0.47619   0.71429  16.00000
   1.14286   0.52381   0.71429  16.00000
   1.19048   0.57143   0.71429  16.00000
   1.23810   0.61905   0.71429  16.00000
   1.28571   0.66667   0.71429  16.00000
   0.80952   0.14286   0.76190  16.00000
   1.00000   0.33333   0.76190   8.00000
   1.04762   0.38095   0.76190  16.00000
   1.09524   0.42857   0.76190  16.00000
   1.14286   0.47619   0.76190  16.00000
   1.19048   0.52381   0.76190  16.00000
   1.23810   0.57143   0.76190  16.00000
   1.28571   0.61905   0.76190  16.00000
   1.33333   0.66667   0.76190   8.00000
   0.85714   0.14286   0.80952   8.00000
   1.00000   0.28571   0.80952   8.00000
   1.04762   0.33333   0.80952  16.00000
   1.09524   0.38095   0.80952  16.00000
   1.14286   0.42857   0.80952  16.00000
   1.19048   0.47619   0.80952  16.00000
   1.23810   0.52381   0.80952  16.00000
   1.28571   0.57143   0.80952  16.00000
   1.33333   0.61905   0.80952  16.00000
   1.00000   0.23810   0.85714   8.00000
   1.04762   0.28571   0.85714  16.00000
   1.09524   0.33333   0.85714  16.00000
   1.14286   0.38095   0.85714  16.00000
   1.19048   0.42857   0.85714  16.00000
   1.23810   0.47619   0.85714  16.00000
   1.28571   0.52381   0.85714  16.00000
   1.33333   0.57143   0.85714  16.00000
   1.38095   0.61905   0.85714   8.00000
   1.00000   0.19048   0.90476   8.00000
   1.04762   0.23810   0.90476  16.00000
   1.09524   0.28571   0.90476  16.00000
   1.14286   0.33333   0.90476  16.00000
   1.19048   0.38095   0.90476  16.00000
   1.23810   0.42857   0.90476  16.00000
   1.28571   0.47619   0.90476  16.00000
   1.33333   0.52381   0.90476  16.00000
   1.38095   0.57143   0.90476  16.00000
   1.00000   0.14286   0.95238   8.00000
   1.04762   0.19048   0.95238  16.00000
   1.09524   0.23810   0.95238  16.00000
   1.14286   0.28571   0.95238  16.00000
   1.19048   0.33333   0.95238  16.00000
   1.23810   0.38095   0.95238  16.00000
   1.28571   0.42857   0.95238  16.00000
   1.33333   0.47619   0.95238  16.00000
   1.38095   0.52381   0.95238  16.00000
   1.42857   0.57143   0.95238   8.00000
   1.00000   0.09524   1.00000   4.00000
   1.04762   0.14286   1.00000   8.00000
   1.09524   0.19048   1.00000   8.00000
   1.14286   0.23810   1.00000   8.00000
   1.19048   0.28571   1.00000   8.00000
   1.23810   0.33333   1.00000   8.00000
   1.28571   0.38095   1.00000   8.00000
   1.33333   0.42857   1.00000   8.00000
   1.38095   0.47619   1.00000   8.00000
   1.42857   0.52381   1.00000   8.00000
   0.19048   0.19048   0.19048   8.00000
   0.23810   0.23810   0.19048   8.00000
   0.28571   0.28571   0.19048   8.00000
   0.33333   0.33333   0.19048   8.00000
   0.38095   0.38095   0.19048   8.00000
   0.42857   0.42857   0.19048   8.00000
   0.47619   0.47619   0.19048   8.00000
   1.00000   1.00000   0.19048   2.00000
   0.23810   0.19048   0.23810  16.00000
   0.28571   0.23810   0.23810  16.00000
   0.33333   0.28571   0.23810  16.00000
   0.38095   0.33333   0.23810  16.00000
   0.42857   0.38095   0.23810  16.00000
   0.47619   0.42857   0.23810  16.00000
   0.52381   0.47619   0.23810   8.00000
   1.00000   0.95238   0.23810   8.00000
   0.28571   0.19048   0.28571  16.00000
   0.33333   0.23810   0.28571  16.00000
   0.38095   0.28571   0.28571  16.00000
   0.42857   0.33333   0.28571  16.00000
   0.47619   0.38095   0.28571  16.00000
   0.52381   0.42857   0.28571  16.00000
   1.00000   0.90476   0.28571   8.00000
   1.04762   0.95238   0.28571   8.00000
   0.33333   0.19048   0.33333  16.00000
   0.38095   0.23810   0.33333  16.00000
   0.42857   0.28571   0.33333  16.00000
   0.47619   0.33333   0.33333  16.00000
   0.52381   0.38095   0.33333  16.00000
   0.57143   0.42857   0.33333   8.00000
   1.00000   0.85714   0.33333   8.00000
   1.04762   0.90476   0.33333  16.00000
   0.38095   0.19048   0.38095  16.00000
   0.42857   0.23810   0.38095  16.00000
   0.47619   0.28571   0.38095  16.00000
   0.52381   0.33333   0.38095  16.00000
   0.57143   0.38095   0.38095  16.00000
   1.00000   0.80952   0.38095   8.00000
   1.04762   0.85714   0.38095  16.00000
   1.09524   0.90476   0.38095   8.00000
   0.42857   0.19048   0.42857  16.00000
   0.47619   0.23810   0.42857  16.00000
   0.52381   0.28571   0.42857  16.00000
   0.57143   0.33333   0.42857  16.00000
   0.61905   0.38095   0.42857   8.00000
   1.00000   0.76190   0.42857   8.00000
   1.04762   0.80952   0.42857  16.00000
   1.09524   0.85714   0.42857  16.00000
   0.47619   0.19048   0.47619  16.00000
   0.52381   0.23810   0.47619  16.00000
   0.57143   0.28571   0.47619  16.00000
   0.61905   0.33333   0.47619  16.00000
   1.00000   0.71429   0.47619   8.00000
   1.04762   0.76190   0.47619  16.00000
   1.09524   0.80952   0.47619  16.00000
   1.14286   0.85714   0.47619   8.00000
   0.57143   0.23810   0.52381  16.00000
   0.61905   0.28571   0.52381  16.00000
   0.66667   0.33333   0.52381   8.00000
   1.00000   0.66667   0.52381   8.00000
   1.04762   0.71429   0.52381  16.00000
   1.09524   0.76190   0.52381  16.00000
   1.14286   0.80952   0.52381  16.00000
   0.61905   0.23810   0.57143  16.00000
   0.66667   0.28571   0.57143  16.00000
   1.00000   0.61905   0.57143   8.00000
   1.04762   0.66667   0.57143  16.00000
   1.09524   0.71429   0.57143  16.00000
   1.14286   0.76190   0.57143  16.00000
   1.19048   0.80952   0.57143   8.00000
   0.66667   0.23810   0.61905  16.00000
   0.71429   0.28571   0.61905   8.00000
   1.00000   0.57143   0.61905   8.00000
   1.04762   0.61905   0.61905  16.00000
   1.09524   0.66667   0.61905  16.00000
   1.14286   0.71429   0.61905  16.00000
   1.19048   0.76190   0.61905  16.00000
   0.71429   0.23810   0.66667  16.00000
   1.00000   0.52381   0.66667   8.00000
   1.04762   0.57143   0.66667  16.00000
   1.09524   0.61905   0.66667  16.00000
   1.14286   0.66667   0.66667  16.00000
   1.19048   0.71429   0.66667  16.00000
   1.23810   0.76190   0.66667   8.00000
   0.76190   0.23810   0.71429   8.00000
   1.00000   0.47619   0.71429   8.00000
   1.04762   0.52381   0.71429  16.00000
   1.09524   0.57143   0.71429  16.00000
   1.14286   0.61905   0.71429  16.00000
   1.19048   0.66667   0.71429  16.00000
   1.23810   0.71429   0.71429  16.00000
   1.00000   0.42857   0.76190   8.00000
   1.04762   0.47619   0.76190  16.00000
   1.09524   0.52381   0.76190  16.00000
   1.14286   0.57143   0.76190  16.00000
   1.19048   0.61905   0.76190  16.00000
   1.23810   0.66667   0.76190  16.00000
   1.28571   0.71429   0.76190   8.00000
   1.00000   0.38095   0.80952   8.00000
   1.04762   0.42857   0.80952  16.00000
   1.09524   0.47619   0.80952  16.00000
   1.14286   0.52381   0.80952  16.00000
   1.19048   0.57143   0.80952  16.00000
   1.23810   0.61905   0.80952  16.00000
   1.28571   0.66667   0.80952  16.00000
   1.00000   0.33333   0.85714   8.00000
   1.04762   0.38095   0.85714  16.00000
   1.09524   0.42857   0.85714  16.00000
   1.14286   0.47619   0.85714  16.00000
   1.19048   0.52381   0.85714  16.00000
   1.23810   0.57143   0.85714  16.00000
   1.28571   0.61905   0.85714  16.00000
   1.33333   0.66667   0.85714   8.00000
   1.00000   0.28571   0.90476   8.00000
   1.04762   0.33333   0.90476  16.00000
   1.09524   0.38095   0.90476  16.00000
   1.14286   0.42857   0.90476  16.00000
   1.19048   0.47619   0.90476  16.00000
   1.23810   0.52381   0.90476  16.00000
   1.28571   0.57143   0.90476  16.00000
   1.33333   0.61905   0.90476  16.00000
   1.00000   0.23810   0.95238   8.00000
   1.04762   0.28571   0.95238  16.00000
   1.09524   0.33333   0.95238  16.00000
   1.14286   0.38095   0.95238  16.00000
   1.19048   0.42857   0.95238  16.00000
   1.23810   0.47619   0.95238  16.00000
   1.28571   0.52381   0.95238  16.00000
   1.33333   0.57143   0.95238  16.00000
   1.38095   0.61905   0.95238   8.00000
   1.00000   0.19048   1.00000   4.00000
   1.04762   0.23810   1.00000   8.00000
   1.09524   0.28571   1.00000   8.00000
   1.14286   0.33333   1.00000   8.00000
   1.19048   0.38095   1.00000   8.00000
   1.23810   0.42857   1.00000   8.00000
   1.28571   0.47619   1.00000   8.00000
   1.33333   0.52381   1.00000   8.00000
   1.38095   0.57143   1.00000   8.00000
   0.28571   0.28571   0.28571   8.00000
   0.33333   0.33333   0.28571   8.00000
   0.38095   0.38095   0.28571   8.00000
   0.42857   0.42857   0.28571   8.00000
   0.47619   0.47619   0.28571   8.00000
   1.00000   1.00000   0.28571   2.00000
   0.33333   0.28571   0.33333  16.00000
   0.38095   0.33333   0.33333  16.00000
   0.42857   0.38095   0.33333  16.00000
   0.47619   0.42857   0.33333  16.00000
   0.52381   0.47619   0.33333   8.00000
   1.00000   0.95238   0.33333   8.00000
   0.38095   0.28571   0.38095  16.00000
   0.42857   0.33333   0.38095  16.00000
   0.47619   0.38095   0.38095  16.00000
   0.52381   0.42857   0.38095  16.00000
   1.00000   0.90476   0.38095   8.00000
   1.04762   0.95238   0.38095   8.00000
   0.42857   0.28571   0.42857  16.00000
   0.47619   0.33333   0.42857  16.00000
   0.52381   0.38095   0.42857  16.00000
   0.57143   0.42857   0.42857   8.00000
   1.00000   0.85714   0.42857   8.00000
   1.04762   0.90476   0.42857  16.00000
   0.47619   0.28571   0.47619  16.00000
   0.52381   0.33333   0.47619  16.00000
   0.57143   0.38095   0.47619  16.00000
   1.00000   0.80952   0.47619   8.00000
   1.04762   0.85714   0.47619  16.00000
   1.09524   0.90476   0.47619   8.00000
   0.57143   0.33333   0.52381  16.00000
   0.61905   0.38095   0.52381   8.00000
   1.00000   0.76190   0.52381   8.00000
   1.04762   0.80952   0.52381  16.00000
   1.09524   0.85714   0.52381  16.00000
   0.61905   0.33333   0.57143  16.00000
   1.00000   0.71429   0.57143   8.00000
   1.04762   0.76190   0.57143  16.00000
   1.09524   0.80952   0.57143  16.00000
   1.14286   0.85714   0.57143   8.00000
   0.66667   0.33333   0.61905   8.00000
   1.00000   0.66667   0.61905   8.00000
   1.04762   0.71429   0.61905  16.00000
   1.09524   0.76190   0.61905  16.00000
   1.14286   0.80952   0.61905  16.00000
   1.00000   0.61905   0.66667   8.00000
   1.04762   0.66667   0.66667  16.00000
   1.09524   0.71429   0.66667  16.00000
   1.14286   0.76190   0.66667  16.00000
   1.19048   0.80952   0.66667   8.00000
   1.00000   0.57143   0.71429   8.00000
   1.04762   0.61905   0.71429  16.00000
   1.09524   0.66667   0.71429  16.00000
   1.14286   0.71429   0.71429  16.00000
   1.19048   0.76190   0.71429  16.00000
   1.00000   0.52381   0.76190   8.00000
   1.04762   0.57143   0.76190  16.00000
   1.09524   0.61905   0.76190  16.00000
   1.14286   0.66667   0.76190  16.00000
   1.19048   0.71429   0.76190  16.00000
   1.23810   0.76190   0.76190   8.00000
   1.00000   0.47619   0.80952   8.00000
   1.04762   0.52381   0.80952  16.00000
   1.09524   0.57143   0.80952  16.00000
   1.14286   0.61905   0.80952  16.00000
   1.19048   0.66667   0.80952  16.00000
   1.23810   0.71429   0.80952  16.00000
   1.00000   0.42857   0.85714   8.00000
   1.04762   0.47619   0.85714  16.00000
   1.09524   0.52381   0.85714  16.00000
   1.14286   0.57143   0.85714  16.00000
   1.19048   0.61905   0.85714  16.00000
   1.23810   0.66667   0.85714  16.00000
   1.28571   0.71429   0.85714   8.00000
   1.00000   0.38095   0.90476   8.00000
   1.04762   0.42857   0.90476  16.00000
   1.09524   0.47619   0.90476  16.00000
   1.14286   0.52381   0.90476  16.00000
   1.19048   0.57143   0.90476  16.00000
   1.23810   0.61905   0.90476  16.00000
   1.28571   0.66667   0.90476  16.00000
   1.00000   0.33333   0.95238   8.00000
   1.04762   0.38095   0.95238  16.00000
   1.09524   0.42857   0.95238  16.00000
   1.14286   0.47619   0.95238  16.00000
   1.19048   0.52381   0.95238  16.00000
   1.23810   0.57143   0.95238  16.00000
   1.28571   0.61905   0.95238  16.00000
   1.33333   0.66667   0.95238   8.00000
   1.00000   0.28571   1.00000   4.00000
   1.04762   0.33333   1.00000   8.00000
   1.09524   0.38095   1.00000   8.00000
   1.14286   0.42857   1.00000   8.00000
   1.19048   0.47619   1.00000   8.00000
   1.23810   0.52381   1.00000   8.00000
   1.28571   0.57143   1.00000   8.00000
   1.33333   0.61905   1.00000   8.00000
   0.38095   0.38095   0.38095   8.00000
   0.42857   0.42857   0.38095   8.00000
   0.47619   0.47619   0.38095   8.00000
   1.00000   1.00000   0.38095   2.00000
   0.42857   0.38095   0.42857  16.00000
   0.47619   0.42857   0.42857  16.00000
   0.52381   0.47619   0.42857   8.00000
   1.00000   0.95238   0.42857   8.00000
   0.47619   0.38095   0.47619  16.00000
   0.52381   0.42857   0.47619  16.00000
   1.00000   0.90476   0.47619   8.00000
   1.04762   0.95238   0.47619   8.00000
   0.57143   0.42857   0.52381   8.00000
   1.00000   0.85714   0.52381   8.00000
   1.04762   0.90476   0.52381  16.00000
   1.00000   0.80952   0.57143   8.00000
   1.04762   0.85714   0.57143  16.00000
   1.09524   0.90476   0.57143   8.00000
   1.00000   0.76190   0.61905   8.00000
   1.04762   0.80952   0.61905  16.00000
   1.09524   0.85714   0.61905  16.00000
   1.00000   0.71429   0.66667   8.00000
   1.04762   0.76190   0.66667  16.00000
   1.09524   0.80952   0.66667  16.00000
   1.14286   0.85714   0.66667   8.00000
   1.00000   0.66667   0.71429   8.00000
   1.04762   0.71429   0.71429  16.00000
   1.09524   0.76190   0.71429  16.00000
   1.14286   0.80952   0.71429  16.00000
   1.00000   0.61905   0.76190   8.00000
   1.04762   0.66667   0.76190  16.00000
   1.09524   0.71429   0.76190  16.00000
   1.14286   0.76190   0.76190  16.00000
   1.19048   0.80952   0.76190   8.00000
   1.00000   0.57143   0.80952   8.00000
   1.04762   0.61905   0.80952  16.00000
   1.09524   0.66667   0.80952  16.00000
   1.14286   0.71429   0.80952  16.00000
   1.19048   0.76190   0.80952  16.00000
   1.00000   0.52381   0.85714   8.00000
   1.04762   0.57143   0.85714  16.00000
   1.09524   0.61905   0.85714  16.00000
   1.14286   0.66667   0.85714  16.00000
   1.19048   0.71429   0.85714  16.00000
   1.23810   0.76190   0.85714   8.00000
   1.00000   0.47619   0.90476   8.00000
   1.04762   0.52381   0.90476  16.00000
   1.09524   0.57143   0.90476  16.00000
   1.14286   0.61905   0.90476  16.00000
   1.19048   0.66667   0.90476  16.00000
   1.23810   0.71429   0.90476  16.00000
   1.00000   0.42857   0.95238   8.00000
   1.04762   0.47619   0.95238  16.00000
   1.09524   0.52381   0.95238  16.00000
   1.14286   0.57143   0.95238  16.00000
   1.19048   0.61905   0.95238  16.00000
   1.23810   0.66667   0.95238  16.00000
   1.28571   0.71429   0.95238   8.00000
   1.00000   0.38095   1.00000   4.00000
   1.04762   0.42857   1.00000   8.00000
   1.09524   0.47619   1.00000   8.00000
   1.14286   0.52381   1.00000   8.00000
   1.19048   0.57143   1.00000   8.00000
   1.23810   0.61905   1.00000   8.00000
   1.28571   0.66667   1.00000   8.00000
   0.47619   0.47619   0.47619   8.00000
   1.00000   1.00000   0.47619   2.00000
   1.00000   0.95238   0.52381   8.00000
   1.00000   0.90476   0.57143   8.00000
   1.04762   0.95238   0.57143   8.00000
   1.00000   0.85714   0.61905   8.00000
   1.04762   0.90476   0.61905  16.00000
   1.00000   0.80952   0.66667   8.00000
   1.04762   0.85714   0.66667  16.00000
   1.09524   0.90476   0.66667   8.00000
   1.00000   0.76190   0.71429   8.00000
   1.04762   0.80952   0.71429  16.00000
   1.09524   0.85714   0.71429  16.00000
   1.00000   0.71429   0.76190   8.00000
   1.04762   0.76190   0.76190  16.00000
   1.09524   0.80952   0.76190  16.00000
   1.14286   0.85714   0.76190   8.00000
   1.00000   0.66667   0.80952   8.00000
   1.04762   0.71429   0.80952  16.00000
   1.09524   0.76190   0.80952  16.00000
   1.14286   0.80952   0.80952  16.00000
   1.00000   0.61905   0.85714   8.00000
   1.04762   0.66667   0.85714  16.00000
   1.09524   0.71429   0.85714  16.00000
   1.14286   0.76190   0.85714  16.00000
   1.19048   0.80952   0.85714   8.00000
   1.00000   0.57143   0.90476   8.00000
   1.04762   0.61905   0.90476  16.00000
   1.09524   0.66667   0.90476  16.00000
   1.14286   0.71429   0.90476  16.00000
   1.19048   0.76190   0.90476  16.00000
   1.00000   0.52381   0.95238   8.00000
   1.04762   0.57143   0.95238  16.00000
   1.09524   0.61905   0.95238  16.00000
   1.14286   0.66667   0.95238  16.00000
   1.19048   0.71429   0.95238  16.00000
   1.23810   0.76190   0.95238   8.00000
   1.00000   0.47619   1.00000   4.00000
   1.04762   0.52381   1.00000   8.00000
   1.09524   0.57143   1.00000   8.00000
   1.14286   0.61905   1.00000   8.00000
   1.19048   0.66667   1.00000   8.00000
   1.23810   0.71429   1.00000   8.00000
   1.00000   1.00000   0.57143   2.00000
   1.00000   0.95238   0.61905   8.00000
   1.00000   0.90476   0.66667   8.00000
   1.04762   0.95238   0.66667   8.00000
   1.00000   0.85714   0.71429   8.00000
   1.04762   0.90476   0.71429  16.00000
   1.00000   0.80952   0.76190   8.00000
   1.04762   0.85714   0.76190  16.00000
   1.09524   0.90476   0.76190   8.00000
   1.00000   0.76190   0.80952   8.00000
   1.04762   0.80952   0.80952  16.00000
   1.09524   0.85714   0.80952  16.00000
   1.00000   0.71429   0.85714   8.00000
   1.04762   0.76190   0.85714  16.00000
   1.09524   0.80952   0.85714  16.00000
   1.14286   0.85714   0.85714   8.00000
   1.00000   0.66667   0.90476   8.00000
   1.04762   0.71429   0.90476  16.00000
   1.09524   0.76190   0.90476  16.00000
   1.14286   0.80952   0.90476  16.00000
   1.00000   0.61905   0.95238   8.00000
   1.04762   0.66667   0.95238  16.00000
   1.09524   0.71429   0.95238  16.00000
   1.14286   0.76190   0.95238  16.00000
   1.19048   0.80952   0.95238   8.00000
   1.00000   0.57143   1.00000   4.00000
   1.04762   0.61905   1.00000   8.00000
   1.09524   0.66667   1.00000   8.00000
   1.14286   0.71429   1.00000   8.00000
   1.19048   0.76190   1.00000   8.00000
   1.00000   1.00000   0.66667   2.00000
   1.00000   0.95238   0.71429   8.00000
   1.00000   0.90476   0.76190   8.00000
   1.04762   0.95238   0.76190   8.00000
   1.00000   0.85714   0.80952   8.00000
   1.04762   0.90476   0.80952  16.00000
   1.00000   0.80952   0.85714   8.00000
   1.04762   0.85714   0.85714  16.00000
   1.09524   0.90476   0.85714   8.00000
   1.00000   0.76190   0.90476   8.00000
   1.04762   0.80952   0.90476  16.00000
   1.09524   0.85714   0.90476  16.00000
   1.00000   0.71429   0.95238   8.00000
   1.04762   0.76190   0.95238  16.00000
   1.09524   0.80952   0.95238  16.00000
   1.14286   0.85714   0.95238   8.00000
   1.00000   0.66667   1.00000   4.00000
   1.04762   0.71429   1.00000   8.00000
   1.09524   0.76190   1.00000   8.00000
   1.14286   0.80952   1.00000   8.00000
   1.00000   1.00000   0.76190   2.00000
   1.00000   0.95238   0.80952   8.00000
   1.00000   0.90476   0.85714   8.00000
   1.04762   0.95238   0.85714   8.00000
   1.00000   0.85714   0.90476   8.00000
   1.04762   0.90476   0.90476  16.00000
   1.00000   0.80952   0.95238   8.00000
   1.04762   0.85714   0.95238  16.00000
   1.09524   0.90476   0.95238   8.00000
   1.00000   0.76190   1.00000   4.00000
   1.04762   0.80952   1.00000   8.00000
   1.09524   0.85714   1.00000   8.00000
   1.00000   1.00000   0.85714   2.00000
   1.00000   0.95238   0.90476   8.00000
   1.00000   0.90476   0.95238   8.00000
   1.04762   0.95238   0.95238   8.00000
   1.00000   0.85714   1.00000   4.00000
   1.04762   0.90476   1.00000   8.00000
   1.00000   1.00000   0.95238   2.00000
   1.00000   0.95238   1.00000   4.00000




                              --------------------------------------------------
                                 S T R U C T U R A L   I N F O R M A T I O N
                              --------------------------------------------------


   SUBSTANCE                    = tetragonal body-centered  (delta')                                              

   LATTICE                      = B   
   LATTICE CONSTANTS ARE        =    5.3959560   5.3959560   7.1849110
   NUMBER OF ATOMS IN UNITCELL  =   1
   MODE OF CALCULATION IS       = RELA
 IORD=          16
 FNAMES=
 ./deltaprime_Pu_1.vectorso_1                                                   
                                                                                
                                           
 ./deltaprime_Pu_1.vectorsodn_1                                                 
                                                                                
                                           
 deltaprime_Pu_1.energyso_1                                                     
                                                                                
                                           
 deltaprime_Pu_1.energysodn_1                                                   
                                                                                
                                           
  BR1,  BR2
   1.16442   0.00000   0.00000      0.00000   1.16442   1.16442
   0.00000   1.16442   0.00000      1.16442   0.00000   1.16442
   0.00000   0.00000   0.87450      0.87450   0.87450   0.00000
 projector corrected--must be 1,2, or 3! Now projector= 2
 Energy window:   -0.4410 < E <      0.441
 Projected density of states calculation for  1 atoms
--------- atom  1 -------------
l=  3  qsplit=  4
 Symmetrization over eq. k-points is performed
 ********** Start Reading Cix file *************
  Correlated block number           1
  Correlated index=
  1  0  0  0  0  0  0  0  0  0  0  0  0  0
  0  1  0  0  0  0  0  0  0  0  0  0  0  0
  0  0  1  0  0  0  0  0  0  0  0  0  0  0
  0  0  0  1  0  0  0  0  0  0  0  0  0  0
  0  0  0  0  1  0  0  0  0  0  0  0  0  0
  0  0  0  0  0  1  0  0  0  0  0  0  0  0
  0  0  0  0  0  0  2  0  0  0  0  0  0  0
  0  0  0  0  0  0  0  2  0  0  0  0  0  0
  0  0  0  0  0  0  0  0  2  0  0  0  0  0
  0  0  0  0  0  0  0  0  0  2  0  0  0  0
  0  0  0  0  0  0  0  0  0  0  2  0  0  0
  0  0  0  0  0  0  0  0  0  0  0  2  0  0
  0  0  0  0  0  0  0  0  0  0  0  0  2  0
  0  0  0  0  0  0  0  0  0  0  0  0  0  2
  Real part of unitary matrix=
  0.9258  0.0000  0.0000  0.0000  0.0000  0.0000  0.0000  0.0000 -0.3780  0.0000  0.0000  0.0000  0.0000  0.0000
  0.0000  0.8452  0.0000  0.0000  0.0000  0.0000  0.0000  0.0000  0.0000 -0.5345  0.0000  0.0000  0.0000  0.0000
  0.0000  0.0000  0.7559  0.0000  0.0000  0.0000  0.0000  0.0000  0.0000  0.0000 -0.6547  0.0000  0.0000  0.0000
  0.0000  0.0000  0.0000  0.6547  0.0000  0.0000  0.0000  0.0000  0.0000  0.0000  0.0000 -0.7559  0.0000  0.0000
  0.0000  0.0000  0.0000  0.0000  0.5345  0.0000  0.0000  0.0000  0.0000  0.0000  0.0000  0.0000 -0.8452  0.0000
  0.0000  0.0000  0.0000  0.0000  0.0000  0.3780  0.0000  0.0000  0.0000  0.0000  0.0000  0.0000  0.0000 -0.9258
  0.0000  0.0000  0.0000  0.0000  0.0000  0.0000  0.0000  1.0000  0.0000  0.0000  0.0000  0.0000  0.0000  0.0000
  0.3780  0.0000  0.0000  0.0000  0.0000  0.0000  0.0000  0.0000  0.9258  0.0000  0.0000  0.0000  0.0000  0.0000
  0.0000  0.5345  0.0000  0.0000  0.0000  0.0000  0.0000  0.0000  0.0000  0.8452  0.0000  0.0000  0.0000  0.0000
  0.0000  0.0000  0.6547  0.0000  0.0000  0.0000  0.0000  0.0000  0.0000  0.0000  0.7559  0.0000  0.0000  0.0000
  0.0000  0.0000  0.0000  0.7559  0.0000  0.0000  0.0000  0.0000  0.0000  0.0000  0.0000  0.6547  0.0000  0.0000
  0.0000  0.0000  0.0000  0.0000  0.8452  0.0000  0.0000  0.0000  0.0000  0.0000  0.0000  0.0000  0.5345  0.0000
  0.0000  0.0000  0.0000  0.0000  0.0000  0.9258  0.0000  0.0000  0.0000  0.0000  0.0000  0.0000  0.0000  0.3780
  0.0000  0.0000  0.0000  0.0000  0.0000  0.0000  1.0000  0.0000  0.0000  0.0000  0.0000  0.0000  0.0000  0.0000
  Imaginary part of unitary matrix=
  0.0000  0.0000  0.0000  0.0000  0.0000  0.0000  0.0000  0.0000  0.0000  0.0000  0.0000  0.0000  0.0000  0.0000
  0.0000  0.0000  0.0000  0.0000  0.0000  0.0000  0.0000  0.0000  0.0000  0.0000  0.0000  0.0000  0.0000  0.0000
  0.0000  0.0000  0.0000  0.0000  0.0000  0.0000  0.0000  0.0000  0.0000  0.0000  0.0000  0.0000  0.0000  0.0000
  0.0000  0.0000  0.0000  0.0000  0.0000  0.0000  0.0000  0.0000  0.0000  0.0000  0.0000  0.0000  0.0000  0.0000
  0.0000  0.0000  0.0000  0.0000  0.0000  0.0000  0.0000  0.0000  0.0000  0.0000  0.0000  0.0000  0.0000  0.0000
  0.0000  0.0000  0.0000  0.0000  0.0000  0.0000  0.0000  0.0000  0.0000  0.0000  0.0000  0.0000  0.0000  0.0000
  0.0000  0.0000  0.0000  0.0000  0.0000  0.0000  0.0000  0.0000  0.0000  0.0000  0.0000  0.0000  0.0000  0.0000
  0.0000  0.0000  0.0000  0.0000  0.0000  0.0000  0.0000  0.0000  0.0000  0.0000  0.0000  0.0000  0.0000  0.0000
  0.0000  0.0000  0.0000  0.0000  0.0000  0.0000  0.0000  0.0000  0.0000  0.0000  0.0000  0.0000  0.0000  0.0000
  0.0000  0.0000  0.0000  0.0000  0.0000  0.0000  0.0000  0.0000  0.0000  0.0000  0.0000  0.0000  0.0000  0.0000
  0.0000  0.0000  0.0000  0.0000  0.0000  0.0000  0.0000  0.0000  0.0000  0.0000  0.0000  0.0000  0.0000  0.0000
  0.0000  0.0000  0.0000  0.0000  0.0000  0.0000  0.0000  0.0000  0.0000  0.0000  0.0000  0.0000  0.0000  0.0000
  0.0000  0.0000  0.0000  0.0000  0.0000  0.0000  0.0000  0.0000  0.0000  0.0000  0.0000  0.0000  0.0000  0.0000
  0.0000  0.0000  0.0000  0.0000  0.0000  0.0000  0.0000  0.0000  0.0000  0.0000  0.0000  0.0000  0.0000  0.0000
  At least one transformation matrix is not Identity
 Magnetic system with s-o coupling; M theta, phi:  0.0000  0.0000
 Inside ROTDEF
Operation  1 transforms atom   1 from first atom   1
Actual position of atom  1 is:  0.000000    0.000000    0.000000
 
Combined transformation (acting on k-point) for correlated atoms
including users rotation and internal local rotation
catom  1 atom   1
   1.16442   0.00000   0.00000
   0.00000  -1.16442   0.00000
   0.00000   0.00000  -0.87450
 
 
 SPIN COORD SYSTEM:
    1.000000    0.000000    0.000000
    0.000000    1.000000    0.000000
    0.000000    0.000000    1.000000
 
 in global cartezian coordinates:
    1.000000    0.000000    0.000000
    0.000000   -1.000000    0.000000
    0.000000    0.000000   -1.000000
 ____________________________
 in spin coordinates:
    1.000000    0.000000    0.000000
    0.000000   -1.000000    0.000000
    0.000000    0.000000   -1.000000
           1   3.14159265358979       -1.00000000000000     
 
 in global cartezian coordinates:
    0.000000    1.000000    0.000000
   -1.000000    0.000000    0.000000
    0.000000    0.000000   -1.000000
 ____________________________
 in spin coordinates:
    0.000000    1.000000    0.000000
   -1.000000    0.000000    0.000000
    0.000000    0.000000   -1.000000
           2   1.57079632679490        1.00000000000000     
 
 in global cartezian coordinates:
   -1.000000    0.000000    0.000000
    0.000000   -1.000000    0.000000
    0.000000    0.000000   -1.000000
 ____________________________
 in spin coordinates:
   -1.000000    0.000000    0.000000
    0.000000   -1.000000    0.000000
    0.000000    0.000000   -1.000000
           3  0.000000000000000E+000   1.00000000000000     
 
 in global cartezian coordinates:
    0.000000    1.000000    0.000000
    1.000000    0.000000    0.000000
    0.000000    0.000000   -1.000000
 ____________________________
 in spin coordinates:
    0.000000    1.000000    0.000000
    1.000000    0.000000    0.000000
    0.000000    0.000000   -1.000000
           4   1.57079632679490       -1.00000000000000     
 
 in global cartezian coordinates:
    0.000000   -1.000000    0.000000
   -1.000000    0.000000    0.000000
    0.000000    0.000000   -1.000000
 ____________________________
 in spin coordinates:
    0.000000   -1.000000    0.000000
   -1.000000    0.000000    0.000000
    0.000000    0.000000   -1.000000
           5   4.71238898038469       -1.00000000000000     
 
 in global cartezian coordinates:
    1.000000    0.000000    0.000000
    0.000000    1.000000    0.000000
    0.000000    0.000000   -1.000000
 ____________________________
 in spin coordinates:
    1.000000    0.000000    0.000000
    0.000000    1.000000    0.000000
    0.000000    0.000000   -1.000000
           6   3.14159274101257        1.00000000000000     
 
 in global cartezian coordinates:
    1.000000    0.000000    0.000000
    0.000000   -1.000000    0.000000
    0.000000    0.000000    1.000000
 ____________________________
 in spin coordinates:
    1.000000    0.000000    0.000000
    0.000000   -1.000000    0.000000
    0.000000    0.000000    1.000000
           7   6.28318539460237       -1.00000000000000     
 
 in global cartezian coordinates:
    0.000000    1.000000    0.000000
   -1.000000    0.000000    0.000000
    0.000000    0.000000    1.000000
 ____________________________
 in spin coordinates:
    0.000000    1.000000    0.000000
   -1.000000    0.000000    0.000000
    0.000000    0.000000    1.000000
           8  -1.57079632679490        1.00000000000000     
 
 in global cartezian coordinates:
    0.000000   -1.000000    0.000000
    1.000000    0.000000    0.000000
    0.000000    0.000000   -1.000000
 ____________________________
 in spin coordinates:
    0.000000   -1.000000    0.000000
    1.000000    0.000000    0.000000
    0.000000    0.000000   -1.000000
           9  -1.57079632679490        1.00000000000000     
 
 in global cartezian coordinates:
   -1.000000    0.000000    0.000000
    0.000000    1.000000    0.000000
    0.000000    0.000000   -1.000000
 ____________________________
 in spin coordinates:
   -1.000000    0.000000    0.000000
    0.000000    1.000000    0.000000
    0.000000    0.000000   -1.000000
          10   6.28318539460237       -1.00000000000000     
 
 in global cartezian coordinates:
   -1.000000    0.000000    0.000000
    0.000000   -1.000000    0.000000
    0.000000    0.000000    1.000000
 ____________________________
 in spin coordinates:
   -1.000000    0.000000    0.000000
    0.000000   -1.000000    0.000000
    0.000000    0.000000    1.000000
          11   3.14159274101257        1.00000000000000     
 
 in global cartezian coordinates:
    0.000000    1.000000    0.000000
    1.000000    0.000000    0.000000
    0.000000    0.000000    1.000000
 ____________________________
 in spin coordinates:
    0.000000    1.000000    0.000000
    1.000000    0.000000    0.000000
    0.000000    0.000000    1.000000
          12   4.71238898038469       -1.00000000000000     
 
 in global cartezian coordinates:
    0.000000   -1.000000    0.000000
   -1.000000    0.000000    0.000000
    0.000000    0.000000    1.000000
 ____________________________
 in spin coordinates:
    0.000000   -1.000000    0.000000
   -1.000000    0.000000    0.000000
    0.000000    0.000000    1.000000
          13   1.57079632679490       -1.00000000000000     
 
 in global cartezian coordinates:
    1.000000    0.000000    0.000000
    0.000000    1.000000    0.000000
    0.000000    0.000000    1.000000
 ____________________________
 in spin coordinates:
    1.000000    0.000000    0.000000
    0.000000    1.000000    0.000000
    0.000000    0.000000    1.000000
          14  0.000000000000000E+000   1.00000000000000     
 
 in global cartezian coordinates:
    0.000000   -1.000000    0.000000
    1.000000    0.000000    0.000000
    0.000000    0.000000    1.000000
 ____________________________
 in spin coordinates:
    0.000000   -1.000000    0.000000
    1.000000    0.000000    0.000000
    0.000000    0.000000    1.000000
          15   1.57079632679490        1.00000000000000     
 
 in global cartezian coordinates:
   -1.000000    0.000000    0.000000
    0.000000    1.000000    0.000000
    0.000000    0.000000    1.000000
 ____________________________
 in spin coordinates:
   -1.000000    0.000000    0.000000
    0.000000    1.000000    0.000000
    0.000000    0.000000    1.000000
          16   3.14159265358979       -1.00000000000000     
 
 FNAME=
 deltaprime_Pu_1.energyso_1                                                     
                                                                                
                                                     60
 FNAME=
 deltaprime_Pu_1.energysodn_1                                                   
                                                                                
                                                     59
 BZ-integration with TETRA-program.   icor=: 1
 Equal occupancy of degenerate states, tol=: 0.1E-05
 call eord...
 call dos...
 ILOOP            1
 ILOOP            2
   FERMI ENERGY AT    1.89797744941715     
 RESULT OF INTEGRATION:      15.999999999820; SHOULD BE:      15.999999999900
   SUM RULE OF TETRAHEDRON INTEGRATION CHECKED 
 call eweigh...
   number of occupied bands:          18
   highest energy:   1.93893800140949     
 FERMI-LDA=   1.898 Ryd,  25.823 eV.
 ABSOLUTE EMIN=   1.457 Ryd.  19.823 eV.
 ABSOLUTE EMAX=   2.339 Ryd.  31.823 eV.


:NLDA  : NUMBER OF ELECTRONS          =  16.000

:FLDA  : F E R M I - ENERGY           =   1.89798
 
 ********** Information about the atomic index arrays ************
 iatom=           1
 isort=           1
 csort=           1
 maxucase=           1
icase, iucase, jatom, latom=     1     1     1     1
 
 *****  Arrays for correlated blocks ******
 norbitals=           1
 maxdim2=          14
iorbital( 1, 1)=   1
cix( 1, 1)=   1
icase,lcase,icix,iorb,nind1,ip1,iSx=    1    1    1    1   14    1    1
icase,lcase,icix,iorb,nind1,ip1,iSx=    1    1    1    1   14    2    2
icase,lcase,icix,iorb,nind1,ip1,iSx=    1    1    1    1   14    3    3
icase,lcase,icix,iorb,nind1,ip1,iSx=    1    1    1    1   14    4    4
icase,lcase,icix,iorb,nind1,ip1,iSx=    1    1    1    1   14    5    5
icase,lcase,icix,iorb,nind1,ip1,iSx=    1    1    1    1   14    6    6
icase,lcase,icix,iorb,nind1,ip1,iSx=    1    1    1    1   14    7    7
icase,lcase,icix,iorb,nind1,ip1,iSx=    1    1    1    1   14    8    8
icase,lcase,icix,iorb,nind1,ip1,iSx=    1    1    1    1   14    9    9
icase,lcase,icix,iorb,nind1,ip1,iSx=    1    1    1    1   14   10   10
icase,lcase,icix,iorb,nind1,ip1,iSx=    1    1    1    1   14   11   11
icase,lcase,icix,iorb,nind1,ip1,iSx=    1    1    1    1   14   12   12
icase,lcase,icix,iorb,nind1,ip1,iSx=    1    1    1    1   14   13   13
icase,lcase,icix,iorb,nind1,ip1,iSx=    1    1    1    1   14   14   14
cixdim( 1)=14
noccur( 1, 1)=   6
noccur( 2, 1)=   8
iSx( 1, 1)=  1
iSx( 2, 1)=  2
iSx( 3, 1)=  3
iSx( 4, 1)=  4
iSx( 5, 1)=  5
iSx( 6, 1)=  6
iSx( 7, 1)=  7
iSx( 8, 1)=  8
iSx( 9, 1)=  9
iSx(10, 1)= 10
iSx(11, 1)= 11
iSx(12, 1)= 12
iSx(13, 1)= 13
iSx(14, 1)= 14
nindo( 1)= 14
CF for iorb1= 1 iorb2= 1
    0.92582010     0.00000000       0.00000000     0.00000000       0.00000000     0.00000000       0.00000000     0.00000000       0.00000000     0.00000000       0.00000000     0.00000000       0.00000000     0.00000000       0.00000000     0.00000000      -0.37796447     0.00000000       0.00000000     0.00000000       0.00000000     0.00000000       0.00000000     0.00000000       0.00000000     0.00000000       0.00000000     0.00000000   
    0.00000000     0.00000000       0.84515425     0.00000000       0.00000000     0.00000000       0.00000000     0.00000000       0.00000000     0.00000000       0.00000000     0.00000000       0.00000000     0.00000000       0.00000000     0.00000000       0.00000000     0.00000000      -0.53452248     0.00000000       0.00000000     0.00000000       0.00000000     0.00000000       0.00000000     0.00000000       0.00000000     0.00000000   
    0.00000000     0.00000000       0.00000000     0.00000000       0.75592895     0.00000000       0.00000000     0.00000000       0.00000000     0.00000000       0.00000000     0.00000000       0.00000000     0.00000000       0.00000000     0.00000000       0.00000000     0.00000000       0.00000000     0.00000000      -0.65465367     0.00000000       0.00000000     0.00000000       0.00000000     0.00000000       0.00000000     0.00000000   
    0.00000000     0.00000000       0.00000000     0.00000000       0.00000000     0.00000000       0.65465367     0.00000000       0.00000000     0.00000000       0.00000000     0.00000000       0.00000000     0.00000000       0.00000000     0.00000000       0.00000000     0.00000000       0.00000000     0.00000000       0.00000000     0.00000000      -0.75592895     0.00000000       0.00000000     0.00000000       0.00000000     0.00000000   
    0.00000000     0.00000000       0.00000000     0.00000000       0.00000000     0.00000000       0.00000000     0.00000000       0.53452248     0.00000000       0.00000000     0.00000000       0.00000000     0.00000000       0.00000000     0.00000000       0.00000000     0.00000000       0.00000000     0.00000000       0.00000000     0.00000000       0.00000000     0.00000000      -0.84515425     0.00000000       0.00000000     0.00000000   
    0.00000000     0.00000000       0.00000000     0.00000000       0.00000000     0.00000000       0.00000000     0.00000000       0.00000000     0.00000000       0.37796447     0.00000000       0.00000000     0.00000000       0.00000000     0.00000000       0.00000000     0.00000000       0.00000000     0.00000000       0.00000000     0.00000000       0.00000000     0.00000000       0.00000000     0.00000000      -0.92582010     0.00000000   
    0.00000000     0.00000000       0.00000000     0.00000000       0.00000000     0.00000000       0.00000000     0.00000000       0.00000000     0.00000000       0.00000000     0.00000000       0.00000000     0.00000000       1.00000000     0.00000000       0.00000000     0.00000000       0.00000000     0.00000000       0.00000000     0.00000000       0.00000000     0.00000000       0.00000000     0.00000000       0.00000000     0.00000000   
    0.37796447     0.00000000       0.00000000     0.00000000       0.00000000     0.00000000       0.00000000     0.00000000       0.00000000     0.00000000       0.00000000     0.00000000       0.00000000     0.00000000       0.00000000     0.00000000       0.92582010     0.00000000       0.00000000     0.00000000       0.00000000     0.00000000       0.00000000     0.00000000       0.00000000     0.00000000       0.00000000     0.00000000   
    0.00000000     0.00000000       0.53452248     0.00000000       0.00000000     0.00000000       0.00000000     0.00000000       0.00000000     0.00000000       0.00000000     0.00000000       0.00000000     0.00000000       0.00000000     0.00000000       0.00000000     0.00000000       0.84515425     0.00000000       0.00000000     0.00000000       0.00000000     0.00000000       0.00000000     0.00000000       0.00000000     0.00000000   
    0.00000000     0.00000000       0.00000000     0.00000000       0.65465367     0.00000000       0.00000000     0.00000000       0.00000000     0.00000000       0.00000000     0.00000000       0.00000000     0.00000000       0.00000000     0.00000000       0.00000000     0.00000000       0.00000000     0.00000000       0.75592895     0.00000000       0.00000000     0.00000000       0.00000000     0.00000000       0.00000000     0.00000000   
    0.00000000     0.00000000       0.00000000     0.00000000       0.00000000     0.00000000       0.75592895     0.00000000       0.00000000     0.00000000       0.00000000     0.00000000       0.00000000     0.00000000       0.00000000     0.00000000       0.00000000     0.00000000       0.00000000     0.00000000       0.00000000     0.00000000       0.65465367     0.00000000       0.00000000     0.00000000       0.00000000     0.00000000   
    0.00000000     0.00000000       0.00000000     0.00000000       0.00000000     0.00000000       0.00000000     0.00000000       0.84515425     0.00000000       0.00000000     0.00000000       0.00000000     0.00000000       0.00000000     0.00000000       0.00000000     0.00000000       0.00000000     0.00000000       0.00000000     0.00000000       0.00000000     0.00000000       0.53452248     0.00000000       0.00000000     0.00000000   
    0.00000000     0.00000000       0.00000000     0.00000000       0.00000000     0.00000000       0.00000000     0.00000000       0.00000000     0.00000000       0.92582010     0.00000000       0.00000000     0.00000000       0.00000000     0.00000000       0.00000000     0.00000000       0.00000000     0.00000000       0.00000000     0.00000000       0.00000000     0.00000000       0.00000000     0.00000000       0.37796447     0.00000000   
    0.00000000     0.00000000       0.00000000     0.00000000       0.00000000     0.00000000       0.00000000     0.00000000       0.00000000     0.00000000       0.00000000     0.00000000       1.00000000     0.00000000       0.00000000     0.00000000       0.00000000     0.00000000       0.00000000     0.00000000       0.00000000     0.00000000       0.00000000     0.00000000       0.00000000     0.00000000       0.00000000     0.00000000   
Rspin for iorb=  1
 angles=  0.000000000000000E+000   3.14159265358979       0.000000000000000E+000
  0.000000000000000E+000  0.000000000000000E+000  0.000000000000000E+000
 Rspin=
    0.000000    0.000000      0.000000    1.000000
    0.000000    1.000000      0.000000    0.000000
 Calculation for atom  1 which has iucase=  1
 ATPAR for spin up

          ATOMIC PARAMETERS FOR Pu  0+    

           ENERGY PARAMETERS ARE   1.68  -0.63   1.68   1.68

           L     U(R)          U'(R)         DU/DE        DU'/DE      NORM-U'
           0  0.552192E+00  0.805512E+00  0.111056E+00 -0.229766E+00
           1  0.539014E+00 -0.270110E-03 -0.143479E+00 -0.401295E+00
           2 -0.615577E+00  0.368808E-01  0.987244E-01  0.345564E+00
           3 -0.310415E+00  0.138876E+00  0.366494E+00  0.533156E+00
LO COEFFICIENT: l,A,B,C   0          0.64999    -3.23186     0.00000     0.00000
 
LO COEFFICIENT: l,A,B,C   0          0.32282     0.00000     0.77997     0.00000
 
LO COEFFICIENT: l,A,B,C   1          0.87868     3.30096     0.00000     0.00000
 
LO COEFFICIENT: l,A,B,C   1          0.25959     0.00000    -1.22993     0.00000
 
LO COEFFICIENT: l,A,B,C   2          0.85380     5.32371     0.00000     0.00000
 
LO COEFFICIENT: l,A,B,C   3          0.94238     0.79818     0.00000     0.00000
 
 ATPAR for spin down

          ATOMIC PARAMETERS FOR Pu  0+    

           ENERGY PARAMETERS ARE   1.68  -0.63   1.68   1.68

           L     U(R)          U'(R)         DU/DE        DU'/DE      NORM-U'
           0  0.552192E+00  0.805512E+00  0.111056E+00 -0.229766E+00
           1  0.539014E+00 -0.270110E-03 -0.143479E+00 -0.401295E+00
           2 -0.615577E+00  0.368808E-01  0.987244E-01  0.345564E+00
           3 -0.310415E+00  0.138876E+00  0.366494E+00  0.533156E+00
LO COEFFICIENT: l,A,B,C   0          0.64999    -3.23186     0.00000     0.00000
 
LO COEFFICIENT: l,A,B,C   0          0.32282     0.00000     0.77997     0.00000
 
LO COEFFICIENT: l,A,B,C   1          0.87868     3.30096     0.00000     0.00000
 
LO COEFFICIENT: l,A,B,C   1          0.25959     0.00000    -1.22993     0.00000
 
LO COEFFICIENT: l,A,B,C   2          0.85380     5.32371     0.00000     0.00000
 
LO COEFFICIENT: l,A,B,C   3          0.94238     0.79818     0.00000     0.00000
 
 L1=           0  L2=           0
 RADIAL INTEGRALS:
           1           1                 1           1   1.00000000000000     
           1           3                 1           1  0.570800182390075     
           1           1                 1           2   1.00000000000000     
           1           3                 1           2  0.570800182390075     
           1           1                 2           1   1.00000000000000     
           1           3                 2           1  0.570800182390075     
           1           1                 2           2   1.00000000000000     
           1           3                 2           2  0.570800182390075     
           2           2                 1           1  5.529131244080684E-002
           2           3                 1           1 -0.190760432762546     
           2           2                 1           2  5.529131244080684E-002
           2           3                 1           2 -0.190760432762546     
           2           2                 2           1  5.529131244080684E-002
           2           3                 2           1 -0.190760432762546     
           2           2                 2           2  5.529131244080684E-002
           2           3                 2           2 -0.190760432762546     
           3           1                 1           1  0.570800182390075     
           3           2                 1           1 -0.190760432762546     
           3           3                 1           1   1.00000000000000     
           3           1                 1           2  0.570800182390075     
           3           2                 1           2 -0.190760432762546     
           3           3                 1           2   1.00000000000000     
           3           1                 2           1  0.570800182390075     
           3           2                 2           1 -0.190760432762546     
           3           3                 2           1   1.00000000000000     
           3           1                 2           2  0.570800182390075     
           3           2                 2           2 -0.190760432762546     
           3           3                 2           2   1.00000000000000     
 L1=           1  L2=           1
 RADIAL INTEGRALS:
           1           1                 1           1   1.00000000000000     
           1           3                 1           1  0.908489913226425     
           1           1                 1           2   1.00000000000000     
           1           3                 1           2  0.908489913226425     
           1           1                 2           1   1.00000000000000     
           1           3                 2           1  0.908489913226425     
           1           1                 2           2   1.00000000000000     
           1           3                 2           2  0.908489913226425     
           2           2                 1           1  2.091801928913084E-002
           2           3                 1           1  6.027037847736735E-002
           2           2                 1           2  2.091801928913084E-002
           2           3                 1           2  6.027037847736735E-002
           2           2                 2           1  2.091801928913084E-002
           2           3                 2           1  6.027037847736735E-002
           2           2                 2           2  2.091801928913084E-002
           2           3                 2           2  6.027037847736735E-002
           3           1                 1           1  0.908489913226425     
           3           2                 1           1  6.027037847736735E-002
           3           3                 1           1   1.00000000000000     
           3           1                 1           2  0.908489913226425     
           3           2                 1           2  6.027037847736735E-002
           3           3                 1           2   1.00000000000000     
           3           1                 2           1  0.908489913226425     
           3           2                 2           1  6.027037847736735E-002
           3           3                 2           1   1.00000000000000     
           3           1                 2           2  0.908489913226425     
           3           2                 2           2  6.027037847736735E-002
           3           3                 2           2   1.00000000000000     
 L1=           2  L2=           2
 RADIAL INTEGRALS:
           1           1                 1           1   1.00000000000000     
           1           1                 1           2   1.00000000000000     
           1           1                 2           1   1.00000000000000     
           1           1                 2           2   1.00000000000000     
           2           2                 1           1  9.562725463983535E-003
           2           2                 1           2  9.562725463983535E-003
           2           2                 2           1  9.562725463983535E-003
           2           2                 2           2  9.562725463983535E-003
 L1=           3  L2=           3
 RADIAL INTEGRALS:
           1           1                 1           1   1.00000000000000     
           1           1                 1           2   1.00000000000000     
           1           1                 2           1   1.00000000000000     
           1           1                 2           2   1.00000000000000     
           2           2                 1           1  0.175675150847494     
           2           2                 1           2  0.175675150847494     
           2           2                 2           1  0.175675150847494     
           2           2                 2           2  0.175675150847494     
Saving potential parameters for atom 1 into  1
pr_proc=363  tot-k=726
 ------------------------------------------------------------------------------


   =====>>> CPU TIME SUMMARY

            TOTAL       :      2.0
 OMP_NUM_THREADS= 2
 GUTZ_SOLVER VO.1.5 BUILT ON Jan 19 2014 AT22:25:59
 NT=  1 SEC_N%DIM=   10 WITH ID:
           1       2      16     107     471    1472    3474    6477    9909   12912
       14914
 MEAN U/J:  0.2940  0.0265
 NEL_FIX_VDC1=      5.40
 ATOM DEPENDENT NELF1:
      5.4021
 DCMIX_A=  0.200000
 SYMMETRICALLY NON-EQUIVALENT ATOMS:
          1
 VARIATIONAL-SETUP-NON-EQUIVALENT ATOMS:
          1
 COMPLEMENTARY VARIATIONAL-SETUP-EQUIVALENT ATOMS:

 GYZ%SYM%IDSUM:
  1
 DIM(X_Gutz)=  4
 CALC SET: GAPJ-SHFT FULL       -JH-PROJ SLATER    VAR-FIXDC    Ryd.   
 NT= 1
 LOCAL INTERACTION PART   :
 U              :   0.2940
 J              :   0.0265
 FOCK SPACE PART:
 NA             :  7
 FS%OCC(1) L.B. :  0
 FS%OCC(2) U.B. :  9
 FS%DIM         :     14913
 HL%OCC(1) L.B. :  0
 HL%OCC(2) U.B. :  9
 ISO= 2 ISPIN_IN= 1 ISPIN= 1 ISPO= 2
 BND%NMAX=  50
 BZ INTEGRATION WITH TETRA METHOD, ICOR= 1
 EQUAL OCCUPANCY OF DEGENERATE STATES, TOL= 0.1E-05
 VALENCE ELECTRONS: TOTAL=    16.0
                    CORRELATED PART=     8.0
 SYM%IDI/IDF=  1 16
 BND%NMAXIN=   22
      GUTZ5_INI_CORR_UVEK takes  0 hours  0 minutes and    0.07 seconds (CPU).
                          takes  0 hours  0 minutes and    0.08 seconds (WALL).
                 SETUP_TB takes  0 hours  0 minutes and    2.86 seconds (CPU).
                          takes  0 hours  0 minutes and    5.34 seconds (WALL).
************  EL-  ************
 NI=  1 NI_GLOBAL=  1
   1.8925   1.8912   1.8910   1.8910   1.8912   1.8925   1.9678   1.9671   1.9635   1.9670   1.9670   1.9635   1.9671   1.9678
************  EL=  ************
 NI=  1 NI_GLOBAL=  1
   1.8925   0.0000   0.0000   0.0000  -0.0009   0.0000   0.0000   0.0007   0.0000   0.0000   0.0000  -0.0070   0.0000   0.0000
   0.0000   1.8912   0.0000   0.0000   0.0000  -0.0009   0.0000   0.0000   0.0013   0.0000   0.0000   0.0000   0.0064   0.0000
   0.0000   0.0000   1.8910   0.0000   0.0000   0.0000   0.0000   0.0000   0.0000  -0.0038   0.0000   0.0000   0.0000  -0.0050
   0.0000   0.0000   0.0000   1.8910   0.0000   0.0000   0.0050   0.0000   0.0000   0.0000   0.0038   0.0000   0.0000   0.0000
  -0.0009   0.0000   0.0000   0.0000   1.8912   0.0000   0.0000  -0.0064   0.0000   0.0000   0.0000  -0.0013   0.0000   0.0000
   0.0000  -0.0009   0.0000   0.0000   0.0000   1.8925   0.0000   0.0000   0.0070   0.0000   0.0000   0.0000  -0.0007   0.0000
   0.0000   0.0000   0.0000   0.0050   0.0000   0.0000   1.9678   0.0000   0.0000   0.0000  -0.0061   0.0000   0.0000   0.0000
   0.0007   0.0000   0.0000   0.0000  -0.0064   0.0000   0.0000   1.9671   0.0000   0.0000   0.0000   0.0030   0.0000   0.0000
   0.0000   0.0013   0.0000   0.0000   0.0000   0.0070   0.0000   0.0000   1.9635   0.0000   0.0000   0.0000   0.0030   0.0000
   0.0000   0.0000  -0.0038   0.0000   0.0000   0.0000   0.0000   0.0000   0.0000   1.9670   0.0000   0.0000   0.0000  -0.0061
   0.0000   0.0000   0.0000   0.0038   0.0000   0.0000  -0.0061   0.0000   0.0000   0.0000   1.9670   0.0000   0.0000   0.0000
  -0.0070   0.0000   0.0000   0.0000  -0.0013   0.0000   0.0000   0.0030   0.0000   0.0000   0.0000   1.9635   0.0000   0.0000
   0.0000   0.0064   0.0000   0.0000   0.0000  -0.0007   0.0000   0.0000   0.0030   0.0000   0.0000   0.0000   1.9671   0.0000
   0.0000   0.0000  -0.0050   0.0000   0.0000   0.0000   0.0000   0.0000   0.0000  -0.0061   0.0000   0.0000   0.0000   1.9678
 NI=  1 LOCAL ORBITAL LEVEL CENTER(ELC)=   1.934
************  EL0  ************
 NI=  1 NI_GLOBAL=  1
   1.8916   1.8916   1.8916   1.8916   1.8916   1.8916   1.9664   1.9664   1.9664   1.9664   1.9664   1.9664   1.9664   1.9664
************  ELL  ************
 NI=  1 NI_GLOBAL=  1
   1.8916   0.0000   0.0000   0.0000   0.0000   0.0000   0.0000   0.0000   0.0000   0.0000   0.0000   0.0000   0.0000   0.0000
   0.0000   1.8916   0.0000   0.0000   0.0000   0.0000   0.0000   0.0000   0.0000   0.0000   0.0000   0.0000   0.0000   0.0000
   0.0000   0.0000   1.8916   0.0000   0.0000   0.0000   0.0000   0.0000   0.0000   0.0000   0.0000   0.0000   0.0000   0.0000
   0.0000   0.0000   0.0000   1.8916   0.0000   0.0000   0.0000   0.0000   0.0000   0.0000   0.0000   0.0000   0.0000   0.0000
   0.0000   0.0000   0.0000   0.0000   1.8916   0.0000   0.0000   0.0000   0.0000   0.0000   0.0000   0.0000   0.0000   0.0000
   0.0000   0.0000   0.0000   0.0000   0.0000   1.8916   0.0000   0.0000   0.0000   0.0000   0.0000   0.0000   0.0000   0.0000
   0.0000   0.0000   0.0000   0.0000   0.0000   0.0000   1.9664   0.0000   0.0000   0.0000   0.0000   0.0000   0.0000   0.0000
   0.0000   0.0000   0.0000   0.0000   0.0000   0.0000   0.0000   1.9664   0.0000   0.0000   0.0000   0.0000   0.0000   0.0000
   0.0000   0.0000   0.0000   0.0000   0.0000   0.0000   0.0000   0.0000   1.9664   0.0000   0.0000   0.0000   0.0000   0.0000
   0.0000   0.0000   0.0000   0.0000   0.0000   0.0000   0.0000   0.0000   0.0000   1.9664   0.0000   0.0000   0.0000   0.0000
   0.0000   0.0000   0.0000   0.0000   0.0000   0.0000   0.0000   0.0000   0.0000   0.0000   1.9664   0.0000   0.0000   0.0000
   0.0000   0.0000   0.0000   0.0000   0.0000   0.0000   0.0000   0.0000   0.0000   0.0000   0.0000   1.9664   0.0000   0.0000
   0.0000   0.0000   0.0000   0.0000   0.0000   0.0000   0.0000   0.0000   0.0000   0.0000   0.0000   0.0000   1.9664   0.0000
   0.0000   0.0000   0.0000   0.0000   0.0000   0.0000   0.0000   0.0000   0.0000   0.0000   0.0000   0.0000   0.0000   1.9664
                  GET_EL0 takes  0 hours  0 minutes and    0.01 seconds (CPU).
                          takes  0 hours  0 minutes and    0.02 seconds (WALL).
 There are  4 blocks of bands, with band energy windows:
  -1.610  -1.456 |   -0.066   0.236 |    0.413   0.978 |    1.452   4.499 | 
 Band window indices:
         1      2 |          3      4 |          5      8 |          9     51 | 
 Band width
       0.154   |         0.303   |         0.566   |         3.047   |  
 Band gap
       1.390   |         0.176   |         0.474   |  
 CORRELATED BLOCK: EMIN/EMIX=    1.4665    2.3386
 CORRELATED BAND WIDTH=   0.872
         GUTZ_RED_PRJ_NEQ takes  0 hours  1 minutes and    3.00 seconds (CPU).
                          takes  0 hours  1 minutes and    2.95 seconds (WALL).
 NI=  1 DIM_PHIK=   41227 HL%DIM=  14913
       ID_PHIK_N=
      1      2      4     33    264   1639   6153  15546  27321  36714
  41228
       ID_PHIK_J=
      1      2      3      4      8      9     18     19     28     29
     33     37     73    122    171    220    245    254    263    264
    300    349    638    807   1168   1364   1533   1582   1631   1635
   1639   1739   2180   2964   3864   4705   5381   5781   6037   6118
   6143   6152   6153   6349   6710   8079   9448  11564  12933  14377
  14953  15353  15474  15538  15542  15546  15835  16796  18560  21060
  23176  24940  26165  26841  27165  27286  27311  27320  27321  27517
  27878  29247  30616  32732  34101  35545  36121  36521  36642  36706
  36710  36714  36814  37255  38039  38939  39780  40456  40856  41112
  41193  41218  41227  41228
          GUTZ_SET_PRJ_EQ takes  0 hours  0 minutes and    0.00 seconds (CPU).
                          takes  0 hours  0 minutes and    0.00 seconds (WALL).
************   WH%X  ************
    0.92391188    0.93370889
    1.86543925    1.99048231
************  RIN  ************
 NI=  1 NI_GLOBAL=  1
   0.9239   0.9239   0.9239   0.9239   0.9239   0.9239   0.9337   0.9337   0.9337   0.9337   0.9337   0.9337   0.9337   0.9337
************  LA1  ************
 NI=  1 NI_GLOBAL=  1
   1.8654   1.8654   1.8654   1.8654   1.8654   1.8654   1.9905   1.9905   1.9905   1.9905   1.9905   1.9905   1.9905   1.9905
             CALC_BAND_AL takes  0 hours  0 minutes and    1.15 seconds (CPU).
                          takes  0 hours  0 minutes and    0.58 seconds (WALL).
 ILOOP            1
 ILOOP            2
   FERMI ENERGY AT    1.89309557135051     
   SUM RULE OF TETRAHEDRON INTEGRATION CHECKED 
   number of occupied bands:          18
   highest energy:   1.90895514568086     
************  NK-  ************
 NI=  1 NI_GLOBAL=  1
   0.6921   0.6902   0.6892   0.6892   0.6902   0.6921   0.1489   0.1785   0.1713   0.1326   0.1326   0.1713   0.1785   0.1489
************  NNK  ************
 NI=  1 NI_GLOBAL=  1
   0.6921   0.0000   0.0000   0.0000   0.0222   0.0000   0.0000   0.0097   0.0000   0.0000   0.0000   0.0616   0.0000   0.0000
   0.0000   0.6902   0.0000   0.0000   0.0000   0.0222   0.0000   0.0000  -0.0324   0.0000   0.0000   0.0000  -0.1042   0.0000
   0.0000   0.0000   0.6892   0.0000   0.0000   0.0000   0.0000   0.0000   0.0000   0.0443   0.0000   0.0000   0.0000   0.0410
   0.0000   0.0000   0.0000   0.6892   0.0000   0.0000  -0.0410   0.0000   0.0000   0.0000  -0.0443   0.0000   0.0000   0.0000
   0.0222   0.0000   0.0000   0.0000   0.6902   0.0000   0.0000   0.1042   0.0000   0.0000   0.0000   0.0324   0.0000   0.0000
   0.0000   0.0222   0.0000   0.0000   0.0000   0.6921   0.0000   0.0000  -0.0616   0.0000   0.0000   0.0000  -0.0097   0.0000
   0.0000   0.0000   0.0000  -0.0410   0.0000   0.0000   0.1489   0.0000   0.0000   0.0000   0.0185   0.0000   0.0000   0.0000
   0.0097   0.0000   0.0000   0.0000   0.1042   0.0000   0.0000   0.1785   0.0000   0.0000   0.0000  -0.0020   0.0000   0.0000
   0.0000  -0.0324   0.0000   0.0000   0.0000  -0.0616   0.0000   0.0000   0.1713   0.0000   0.0000   0.0000  -0.0020   0.0000
   0.0000   0.0000   0.0443   0.0000   0.0000   0.0000   0.0000   0.0000   0.0000   0.1326   0.0000   0.0000   0.0000   0.0185
   0.0000   0.0000   0.0000  -0.0443   0.0000   0.0000   0.0185   0.0000   0.0000   0.0000   0.1326   0.0000   0.0000   0.0000
   0.0616   0.0000   0.0000   0.0000   0.0324   0.0000   0.0000  -0.0020   0.0000   0.0000   0.0000   0.1713   0.0000   0.0000
   0.0000  -0.1042   0.0000   0.0000   0.0000  -0.0097   0.0000   0.0000  -0.0020   0.0000   0.0000   0.0000   0.1785   0.0000
   0.0000   0.0000   0.0410   0.0000   0.0000   0.0000   0.0000   0.0000   0.0000   0.0185   0.0000   0.0000   0.0000   0.1489
************  NKS  ************
 NI=  1 NI_GLOBAL=  1
   0.6905   0.6905   0.6905   0.6905   0.6905   0.6905   0.1578   0.1578   0.1578   0.1578   0.1578   0.1578   0.1578   0.1578
 NELE_LOC TOTAL:
           5.4055895565826928
              CALC_DA_BND takes  0 hours  0 minutes and    0.18 seconds (CPU).
                          takes  0 hours  0 minutes and    0.18 seconds (WALL).
************  DA-  ************
 NI=  1 NI_GLOBAL=  1
  -0.0382  -0.0404  -0.0388  -0.0388  -0.0404  -0.0382  -0.0314  -0.0377  -0.0343  -0.0303  -0.0303  -0.0343  -0.0377  -0.0314
************  DAA  ************
 NI=  1 NI_GLOBAL=  1
  -0.0392  -0.0392  -0.0392  -0.0392  -0.0392  -0.0392  -0.0334  -0.0334  -0.0334  -0.0334  -0.0334  -0.0334  -0.0334  -0.0334
 NI=  1 VDC=    1.3830
************  LA2  ************
 NI=  1 NI_GLOBAL=  1
  -3.3129  -3.3129  -3.3129  -3.3129  -3.3129  -3.3129  -3.2128  -3.2128  -3.2128  -3.2128  -3.2128  -3.2128  -3.2128  -3.2128
 NI=  1 PHI-step gap=  0.17E+00
************  RAA  ************
 NI=  1 NI_GLOBAL=  1
   0.9239   0.9239   0.9239   0.9239   0.9239   0.9239   0.9338   0.9338   0.9338   0.9338   0.9338   0.9338   0.9338   0.9338
************  NC0  ************
 NI=  1 NI_GLOBAL=  1
   0.6906   0.6906   0.6906   0.6906   0.6906   0.6906   0.1578   0.1578   0.1578   0.1578   0.1578   0.1578   0.1578   0.1578
                  CALC_LC takes  0 hours  8 minutes and   12.15 seconds (CPU).
                          takes  0 hours  8 minutes and   12.00 seconds (WALL).
                GUTZ_FCN1 takes  0 hours  8 minutes and   13.90 seconds (CPU).
                          takes  0 hours  8 minutes and   12.99 seconds (WALL).
************  DIF_X  ************
   -0.000031863301    0.000068018616
    0.000046076889    0.000028303954
 ITER1=  1 MAXERR=    0.00006802
************   WH%X  ************
    0.92391980    0.93370544
    1.86538052    1.99041399
************  RIN  ************
 NI=  1 NI_GLOBAL=  1
   0.9239   0.9239   0.9239   0.9239   0.9239   0.9239   0.9337   0.9337   0.9337   0.9337   0.9337   0.9337   0.9337   0.9337
************  LA1  ************
 NI=  1 NI_GLOBAL=  1
   1.8654   1.8654   1.8654   1.8654   1.8654   1.8654   1.9904   1.9904   1.9904   1.9904   1.9904   1.9904   1.9904   1.9904
             CALC_BAND_AL takes  0 hours  0 minutes and    1.13 seconds (CPU).
                          takes  0 hours  0 minutes and    0.58 seconds (WALL).
 ILOOP            1
   FERMI ENERGY AT    1.89304160690564     
   SUM RULE OF TETRAHEDRON INTEGRATION CHECKED 
   number of occupied bands:          18
   highest energy:   1.90890821808031     
************  NK-  ************
 NI=  1 NI_GLOBAL=  1
   0.6921   0.6902   0.6893   0.6893   0.6902   0.6921   0.1490   0.1785   0.1713   0.1326   0.1326   0.1713   0.1785   0.1490
************  NNK  ************
 NI=  1 NI_GLOBAL=  1
   0.6921   0.0000   0.0000   0.0000   0.0222   0.0000   0.0000   0.0097   0.0000   0.0000   0.0000   0.0617   0.0000   0.0000
   0.0000   0.6902   0.0000   0.0000   0.0000   0.0222   0.0000   0.0000  -0.0324   0.0000   0.0000   0.0000  -0.1042   0.0000
   0.0000   0.0000   0.6893   0.0000   0.0000   0.0000   0.0000   0.0000   0.0000   0.0443   0.0000   0.0000   0.0000   0.0410
   0.0000   0.0000   0.0000   0.6893   0.0000   0.0000  -0.0410   0.0000   0.0000   0.0000  -0.0443   0.0000   0.0000   0.0000
   0.0222   0.0000   0.0000   0.0000   0.6902   0.0000   0.0000   0.1042   0.0000   0.0000   0.0000   0.0324   0.0000   0.0000
   0.0000   0.0222   0.0000   0.0000   0.0000   0.6921   0.0000   0.0000  -0.0617   0.0000   0.0000   0.0000  -0.0097   0.0000
   0.0000   0.0000   0.0000  -0.0410   0.0000   0.0000   0.1490   0.0000   0.0000   0.0000   0.0185   0.0000   0.0000   0.0000
   0.0097   0.0000   0.0000   0.0000   0.1042   0.0000   0.0000   0.1785   0.0000   0.0000   0.0000  -0.0020   0.0000   0.0000
   0.0000  -0.0324   0.0000   0.0000   0.0000  -0.0617   0.0000   0.0000   0.1713   0.0000   0.0000   0.0000  -0.0020   0.0000
   0.0000   0.0000   0.0443   0.0000   0.0000   0.0000   0.0000   0.0000   0.0000   0.1326   0.0000   0.0000   0.0000   0.0185
   0.0000   0.0000   0.0000  -0.0443   0.0000   0.0000   0.0185   0.0000   0.0000   0.0000   0.1326   0.0000   0.0000   0.0000
   0.0617   0.0000   0.0000   0.0000   0.0324   0.0000   0.0000  -0.0020   0.0000   0.0000   0.0000   0.1713   0.0000   0.0000
   0.0000  -0.1042   0.0000   0.0000   0.0000  -0.0097   0.0000   0.0000  -0.0020   0.0000   0.0000   0.0000   0.1785   0.0000
   0.0000   0.0000   0.0410   0.0000   0.0000   0.0000   0.0000   0.0000   0.0000   0.0185   0.0000   0.0000   0.0000   0.1490
************  NKS  ************
 NI=  1 NI_GLOBAL=  1
   0.6905   0.6905   0.6905   0.6905   0.6905   0.6905   0.1578   0.1578   0.1578   0.1578   0.1578   0.1578   0.1578   0.1578
 NELE_LOC TOTAL:
           5.4059199507850675
              CALC_DA_BND takes  0 hours  0 minutes and    0.18 seconds (CPU).
                          takes  0 hours  0 minutes and    0.20 seconds (WALL).
************  DA-  ************
 NI=  1 NI_GLOBAL=  1
  -0.0382  -0.0404  -0.0388  -0.0388  -0.0404  -0.0382  -0.0314  -0.0377  -0.0343  -0.0303  -0.0303  -0.0343  -0.0377  -0.0314
************  DAA  ************
 NI=  1 NI_GLOBAL=  1
  -0.0392  -0.0392  -0.0392  -0.0392  -0.0392  -0.0392  -0.0334  -0.0334  -0.0334  -0.0334  -0.0334  -0.0334  -0.0334  -0.0334
 NI=  1 VDC=    1.3830
************  LA2  ************
 NI=  1 NI_GLOBAL=  1
  -3.3128  -3.3128  -3.3128  -3.3128  -3.3128  -3.3128  -3.2128  -3.2128  -3.2128  -3.2128  -3.2128  -3.2128  -3.2128  -3.2128
 NI=  1 PHI-step gap=  0.17E+00
************  RAA  ************
 NI=  1 NI_GLOBAL=  1
   0.9239   0.9239   0.9239   0.9239   0.9239   0.9239   0.9337   0.9337   0.9337   0.9337   0.9337   0.9337   0.9337   0.9337
************  NC0  ************
 NI=  1 NI_GLOBAL=  1
   0.6905   0.6905   0.6905   0.6905   0.6905   0.6905   0.1578   0.1578   0.1578   0.1578   0.1578   0.1578   0.1578   0.1578
                  CALC_LC takes  0 hours  9 minutes and   13.26 seconds (CPU).
                          takes  0 hours  9 minutes and   13.18 seconds (WALL).
                GUTZ_FCN1 takes  0 hours  9 minutes and   14.90 seconds (CPU).
                          takes  0 hours  9 minutes and   14.16 seconds (WALL).
************  DIF_X  ************
   -0.000003656006    0.000005024938
    0.000002771438    0.000000670894
 ITER1=  2 MAXERR=    0.00000502
************   WH%X  ************
    0.92391862    0.93370906
    1.86537720    1.99041185
************  RIN  ************
 NI=  1 NI_GLOBAL=  1
   0.9239   0.9239   0.9239   0.9239   0.9239   0.9239   0.9337   0.9337   0.9337   0.9337   0.9337   0.9337   0.9337   0.9337
************  LA1  ************
 NI=  1 NI_GLOBAL=  1
   1.8654   1.8654   1.8654   1.8654   1.8654   1.8654   1.9904   1.9904   1.9904   1.9904   1.9904   1.9904   1.9904   1.9904
             CALC_BAND_AL takes  0 hours  0 minutes and    1.14 seconds (CPU).
                          takes  0 hours  0 minutes and    0.56 seconds (WALL).
 ILOOP            1
 ILOOP            2
   FERMI ENERGY AT    1.89303910157333     
   SUM RULE OF TETRAHEDRON INTEGRATION CHECKED 
   number of occupied bands:          18
   highest energy:   1.90890612747233     
************  NK-  ************
 NI=  1 NI_GLOBAL=  1
   0.6921   0.6902   0.6893   0.6893   0.6902   0.6921   0.1490   0.1785   0.1713   0.1326   0.1326   0.1713   0.1785   0.1490
************  NNK  ************
 NI=  1 NI_GLOBAL=  1
   0.6921   0.0000   0.0000   0.0000   0.0222   0.0000   0.0000   0.0097   0.0000   0.0000   0.0000   0.0617   0.0000   0.0000
   0.0000   0.6902   0.0000   0.0000   0.0000   0.0222   0.0000   0.0000  -0.0324   0.0000   0.0000   0.0000  -0.1042   0.0000
   0.0000   0.0000   0.6893   0.0000   0.0000   0.0000   0.0000   0.0000   0.0000   0.0443   0.0000   0.0000   0.0000   0.0410
   0.0000   0.0000   0.0000   0.6893   0.0000   0.0000  -0.0410   0.0000   0.0000   0.0000  -0.0443   0.0000   0.0000   0.0000
   0.0222   0.0000   0.0000   0.0000   0.6902   0.0000   0.0000   0.1042   0.0000   0.0000   0.0000   0.0324   0.0000   0.0000
   0.0000   0.0222   0.0000   0.0000   0.0000   0.6921   0.0000   0.0000  -0.0617   0.0000   0.0000   0.0000  -0.0097   0.0000
   0.0000   0.0000   0.0000  -0.0410   0.0000   0.0000   0.1490   0.0000   0.0000   0.0000   0.0185   0.0000   0.0000   0.0000
   0.0097   0.0000   0.0000   0.0000   0.1042   0.0000   0.0000   0.1785   0.0000   0.0000   0.0000  -0.0020   0.0000   0.0000
   0.0000  -0.0324   0.0000   0.0000   0.0000  -0.0617   0.0000   0.0000   0.1713   0.0000   0.0000   0.0000  -0.0020   0.0000
   0.0000   0.0000   0.0443   0.0000   0.0000   0.0000   0.0000   0.0000   0.0000   0.1326   0.0000   0.0000   0.0000   0.0185
   0.0000   0.0000   0.0000  -0.0443   0.0000   0.0000   0.0185   0.0000   0.0000   0.0000   0.1326   0.0000   0.0000   0.0000
   0.0617   0.0000   0.0000   0.0000   0.0324   0.0000   0.0000  -0.0020   0.0000   0.0000   0.0000   0.1713   0.0000   0.0000
   0.0000  -0.1042   0.0000   0.0000   0.0000  -0.0097   0.0000   0.0000  -0.0020   0.0000   0.0000   0.0000   0.1785   0.0000
   0.0000   0.0000   0.0410   0.0000   0.0000   0.0000   0.0000   0.0000   0.0000   0.0185   0.0000   0.0000   0.0000   0.1490
************  NKS  ************
 NI=  1 NI_GLOBAL=  1
   0.6905   0.6905   0.6905   0.6905   0.6905   0.6905   0.1578   0.1578   0.1578   0.1578   0.1578   0.1578   0.1578   0.1578
 NELE_LOC TOTAL:
           5.4059384784951625
              CALC_DA_BND takes  0 hours  0 minutes and    0.18 seconds (CPU).
                          takes  0 hours  0 minutes and    0.18 seconds (WALL).
************  DA-  ************
 NI=  1 NI_GLOBAL=  1
  -0.0382  -0.0404  -0.0388  -0.0388  -0.0404  -0.0382  -0.0314  -0.0377  -0.0343  -0.0303  -0.0303  -0.0343  -0.0377  -0.0314
************  DAA  ************
 NI=  1 NI_GLOBAL=  1
  -0.0392  -0.0392  -0.0392  -0.0392  -0.0392  -0.0392  -0.0334  -0.0334  -0.0334  -0.0334  -0.0334  -0.0334  -0.0334  -0.0334
 NI=  1 VDC=    1.3830
************  LA2  ************
 NI=  1 NI_GLOBAL=  1
  -3.3128  -3.3128  -3.3128  -3.3128  -3.3128  -3.3128  -3.2128  -3.2128  -3.2128  -3.2128  -3.2128  -3.2128  -3.2128  -3.2128
 NI=  1 PHI-step gap=  0.17E+00
************  RAA  ************
 NI=  1 NI_GLOBAL=  1
   0.9239   0.9239   0.9239   0.9239   0.9239   0.9239   0.9337   0.9337   0.9337   0.9337   0.9337   0.9337   0.9337   0.9337
************  NC0  ************
 NI=  1 NI_GLOBAL=  1
   0.6905   0.6905   0.6905   0.6905   0.6905   0.6905   0.1578   0.1578   0.1578   0.1578   0.1578   0.1578   0.1578   0.1578
                  CALC_LC takes  0 hours  8 minutes and   45.69 seconds (CPU).
                          takes  0 hours  8 minutes and   45.65 seconds (WALL).
                GUTZ_FCN1 takes  0 hours  8 minutes and   47.34 seconds (CPU).
                          takes  0 hours  8 minutes and   46.62 seconds (WALL).
************  DIF_X  ************
    0.000000321029   -0.000000494801
   -0.000000435792   -0.000000168024
 ITER1=  3 MAXERR=    0.00000049
************   WH%X  ************
    0.92391857    0.93370896
    1.86537768    1.99041228
************  RIN  ************
 NI=  1 NI_GLOBAL=  1
   0.9239   0.9239   0.9239   0.9239   0.9239   0.9239   0.9337   0.9337   0.9337   0.9337   0.9337   0.9337   0.9337   0.9337
************  LA1  ************
 NI=  1 NI_GLOBAL=  1
   1.8654   1.8654   1.8654   1.8654   1.8654   1.8654   1.9904   1.9904   1.9904   1.9904   1.9904   1.9904   1.9904   1.9904
             CALC_BAND_AL takes  0 hours  0 minutes and    1.14 seconds (CPU).
                          takes  0 hours  0 minutes and    0.57 seconds (WALL).
 ILOOP            1
 ILOOP            2
   FERMI ENERGY AT    1.89303951235495     
   SUM RULE OF TETRAHEDRON INTEGRATION CHECKED 
   number of occupied bands:          18
   highest energy:   1.90890645622227     
************  NK-  ************
 NI=  1 NI_GLOBAL=  1
   0.6921   0.6902   0.6893   0.6893   0.6902   0.6921   0.1490   0.1785   0.1713   0.1326   0.1326   0.1713   0.1785   0.1490
************  NNK  ************
 NI=  1 NI_GLOBAL=  1
   0.6921   0.0000   0.0000   0.0000   0.0222   0.0000   0.0000   0.0097   0.0000   0.0000   0.0000   0.0617   0.0000   0.0000
   0.0000   0.6902   0.0000   0.0000   0.0000   0.0222   0.0000   0.0000  -0.0324   0.0000   0.0000   0.0000  -0.1042   0.0000
   0.0000   0.0000   0.6893   0.0000   0.0000   0.0000   0.0000   0.0000   0.0000   0.0443   0.0000   0.0000   0.0000   0.0410
   0.0000   0.0000   0.0000   0.6893   0.0000   0.0000  -0.0410   0.0000   0.0000   0.0000  -0.0443   0.0000   0.0000   0.0000
   0.0222   0.0000   0.0000   0.0000   0.6902   0.0000   0.0000   0.1042   0.0000   0.0000   0.0000   0.0324   0.0000   0.0000
   0.0000   0.0222   0.0000   0.0000   0.0000   0.6921   0.0000   0.0000  -0.0617   0.0000   0.0000   0.0000  -0.0097   0.0000
   0.0000   0.0000   0.0000  -0.0410   0.0000   0.0000   0.1490   0.0000   0.0000   0.0000   0.0185   0.0000   0.0000   0.0000
   0.0097   0.0000   0.0000   0.0000   0.1042   0.0000   0.0000   0.1785   0.0000   0.0000   0.0000  -0.0020   0.0000   0.0000
   0.0000  -0.0324   0.0000   0.0000   0.0000  -0.0617   0.0000   0.0000   0.1713   0.0000   0.0000   0.0000  -0.0020   0.0000
   0.0000   0.0000   0.0443   0.0000   0.0000   0.0000   0.0000   0.0000   0.0000   0.1326   0.0000   0.0000   0.0000   0.0185
   0.0000   0.0000   0.0000  -0.0443   0.0000   0.0000   0.0185   0.0000   0.0000   0.0000   0.1326   0.0000   0.0000   0.0000
   0.0617   0.0000   0.0000   0.0000   0.0324   0.0000   0.0000  -0.0020   0.0000   0.0000   0.0000   0.1713   0.0000   0.0000
   0.0000  -0.1042   0.0000   0.0000   0.0000  -0.0097   0.0000   0.0000  -0.0020   0.0000   0.0000   0.0000   0.1785   0.0000
   0.0000   0.0000   0.0410   0.0000   0.0000   0.0000   0.0000   0.0000   0.0000   0.0185   0.0000   0.0000   0.0000   0.1490
************  NKS  ************
 NI=  1 NI_GLOBAL=  1
   0.6905   0.6905   0.6905   0.6905   0.6905   0.6905   0.1578   0.1578   0.1578   0.1578   0.1578   0.1578   0.1578   0.1578
 NELE_LOC TOTAL:
           5.4059359489318215
              CALC_DA_BND takes  0 hours  0 minutes and    0.18 seconds (CPU).
                          takes  0 hours  0 minutes and    0.18 seconds (WALL).
************  DA-  ************
 NI=  1 NI_GLOBAL=  1
  -0.0382  -0.0404  -0.0388  -0.0388  -0.0404  -0.0382  -0.0314  -0.0377  -0.0343  -0.0303  -0.0303  -0.0343  -0.0377  -0.0314
************  DAA  ************
 NI=  1 NI_GLOBAL=  1
  -0.0392  -0.0392  -0.0392  -0.0392  -0.0392  -0.0392  -0.0334  -0.0334  -0.0334  -0.0334  -0.0334  -0.0334  -0.0334  -0.0334
 NI=  1 VDC=    1.3830
************  LA2  ************
 NI=  1 NI_GLOBAL=  1
  -3.3128  -3.3128  -3.3128  -3.3128  -3.3128  -3.3128  -3.2128  -3.2128  -3.2128  -3.2128  -3.2128  -3.2128  -3.2128  -3.2128
 NI=  1 PHI-step gap=  0.17E+00
************  RAA  ************
 NI=  1 NI_GLOBAL=  1
   0.9239   0.9239   0.9239   0.9239   0.9239   0.9239   0.9337   0.9337   0.9337   0.9337   0.9337   0.9337   0.9337   0.9337
************  NC0  ************
 NI=  1 NI_GLOBAL=  1
   0.6905   0.6905   0.6905   0.6905   0.6905   0.6905   0.1578   0.1578   0.1578   0.1578   0.1578   0.1578   0.1578   0.1578
                  CALC_LC takes  0 hours  9 minutes and   56.20 seconds (CPU).
                          takes  0 hours  9 minutes and   56.16 seconds (WALL).
                GUTZ_FCN1 takes  0 hours  9 minutes and   57.87 seconds (CPU).
                          takes  0 hours  9 minutes and   57.14 seconds (WALL).
************  DIF_X  ************
    0.000000025489   -0.000000032249
   -0.000000030291   -0.000000013839
 ITER1=  4 MAXERR=    0.00000003
************   WH%X  ************
    0.92391857    0.93370896
    1.86537772    1.99041232
************  RIN  ************
 NI=  1 NI_GLOBAL=  1
   0.9239   0.9239   0.9239   0.9239   0.9239   0.9239   0.9337   0.9337   0.9337   0.9337   0.9337   0.9337   0.9337   0.9337
************  LA1  ************
 NI=  1 NI_GLOBAL=  1
   1.8654   1.8654   1.8654   1.8654   1.8654   1.8654   1.9904   1.9904   1.9904   1.9904   1.9904   1.9904   1.9904   1.9904
             CALC_BAND_AL takes  0 hours  0 minutes and    1.15 seconds (CPU).
                          takes  0 hours  0 minutes and    0.58 seconds (WALL).
 ILOOP            1
 ILOOP            2
   FERMI ENERGY AT    1.89303954476258     
   SUM RULE OF TETRAHEDRON INTEGRATION CHECKED 
   number of occupied bands:          18
   highest energy:   1.90890648310287     
************  NK-  ************
 NI=  1 NI_GLOBAL=  1
   0.6921   0.6902   0.6893   0.6893   0.6902   0.6921   0.1490   0.1785   0.1713   0.1326   0.1326   0.1713   0.1785   0.1490
************  NNK  ************
 NI=  1 NI_GLOBAL=  1
   0.6921   0.0000   0.0000   0.0000   0.0222   0.0000   0.0000   0.0097   0.0000   0.0000   0.0000   0.0617   0.0000   0.0000
   0.0000   0.6902   0.0000   0.0000   0.0000   0.0222   0.0000   0.0000  -0.0324   0.0000   0.0000   0.0000  -0.1042   0.0000
   0.0000   0.0000   0.6893   0.0000   0.0000   0.0000   0.0000   0.0000   0.0000   0.0443   0.0000   0.0000   0.0000   0.0410
   0.0000   0.0000   0.0000   0.6893   0.0000   0.0000  -0.0410   0.0000   0.0000   0.0000  -0.0443   0.0000   0.0000   0.0000
   0.0222   0.0000   0.0000   0.0000   0.6902   0.0000   0.0000   0.1042   0.0000   0.0000   0.0000   0.0324   0.0000   0.0000
   0.0000   0.0222   0.0000   0.0000   0.0000   0.6921   0.0000   0.0000  -0.0617   0.0000   0.0000   0.0000  -0.0097   0.0000
   0.0000   0.0000   0.0000  -0.0410   0.0000   0.0000   0.1490   0.0000   0.0000   0.0000   0.0185   0.0000   0.0000   0.0000
   0.0097   0.0000   0.0000   0.0000   0.1042   0.0000   0.0000   0.1785   0.0000   0.0000   0.0000  -0.0020   0.0000   0.0000
   0.0000  -0.0324   0.0000   0.0000   0.0000  -0.0617   0.0000   0.0000   0.1713   0.0000   0.0000   0.0000  -0.0020   0.0000
   0.0000   0.0000   0.0443   0.0000   0.0000   0.0000   0.0000   0.0000   0.0000   0.1326   0.0000   0.0000   0.0000   0.0185
   0.0000   0.0000   0.0000  -0.0443   0.0000   0.0000   0.0185   0.0000   0.0000   0.0000   0.1326   0.0000   0.0000   0.0000
   0.0617   0.0000   0.0000   0.0000   0.0324   0.0000   0.0000  -0.0020   0.0000   0.0000   0.0000   0.1713   0.0000   0.0000
   0.0000  -0.1042   0.0000   0.0000   0.0000  -0.0097   0.0000   0.0000  -0.0020   0.0000   0.0000   0.0000   0.1785   0.0000
   0.0000   0.0000   0.0410   0.0000   0.0000   0.0000   0.0000   0.0000   0.0000   0.0185   0.0000   0.0000   0.0000   0.1490
************  NKS  ************
 NI=  1 NI_GLOBAL=  1
   0.6905   0.6905   0.6905   0.6905   0.6905   0.6905   0.1578   0.1578   0.1578   0.1578   0.1578   0.1578   0.1578   0.1578
 NELE_LOC TOTAL:
           5.4059357484536932
              CALC_DA_BND takes  0 hours  0 minutes and    0.20 seconds (CPU).
                          takes  0 hours  0 minutes and    0.20 seconds (WALL).
************  DA-  ************
 NI=  1 NI_GLOBAL=  1
  -0.0382  -0.0404  -0.0388  -0.0388  -0.0404  -0.0382  -0.0314  -0.0377  -0.0343  -0.0303  -0.0303  -0.0343  -0.0377  -0.0314
************  DAA  ************
 NI=  1 NI_GLOBAL=  1
  -0.0392  -0.0392  -0.0392  -0.0392  -0.0392  -0.0392  -0.0334  -0.0334  -0.0334  -0.0334  -0.0334  -0.0334  -0.0334  -0.0334
 NI=  1 VDC=    1.3830
************  LA2  ************
 NI=  1 NI_GLOBAL=  1
  -3.3128  -3.3128  -3.3128  -3.3128  -3.3128  -3.3128  -3.2128  -3.2128  -3.2128  -3.2128  -3.2128  -3.2128  -3.2128  -3.2128
 NI=  1 PHI-step gap=  0.17E+00
************  RAA  ************
 NI=  1 NI_GLOBAL=  1
   0.9239   0.9239   0.9239   0.9239   0.9239   0.9239   0.9337   0.9337   0.9337   0.9337   0.9337   0.9337   0.9337   0.9337
************  NC0  ************
 NI=  1 NI_GLOBAL=  1
   0.6905   0.6905   0.6905   0.6905   0.6905   0.6905   0.1578   0.1578   0.1578   0.1578   0.1578   0.1578   0.1578   0.1578
                  CALC_LC takes  0 hours 12 minutes and   10.88 seconds (CPU).
                          takes  0 hours 12 minutes and   10.84 seconds (WALL).
                GUTZ_FCN1 takes  0 hours 12 minutes and   12.59 seconds (CPU).
                          takes  0 hours 12 minutes and   11.85 seconds (WALL).
************  DIF_X  ************
    0.000000000131   -0.000000000260
   -0.000000000244   -0.000000000027
 ITER1=  5 MAXERR=    0.00000000
 NFJAC=   0
 SOLVE1 FINISHED WITH       5 ITERATIONS.
               GUTZ_SOLVE takes  0 hours 48 minutes and   26.61 seconds (CPU).
                          takes  0 hours 48 minutes and   22.76 seconds (WALL).
 MAX. NELF1 DIFF=    0.00382347
               CALC_PJRHO takes  0 hours  0 minutes and    0.55 seconds (CPU).
                          takes  0 hours  0 minutes and    0.41 seconds (WALL).
 NI=  1 SUM_PHY-SUM_KS=      0.00000000 WOULD BE RENORMALIZED
************  NC1  ************
 NI=  1 NI_GLOBAL=  1
   0.6856   0.6856   0.6856   0.6856   0.6856   0.6856   0.1615   0.1615   0.1615   0.1615   0.1615   0.1615   0.1615   0.1615
               CALC_NCPHY takes  0 hours  0 minutes and   50.83 seconds (CPU).
                          takes  0 hours  0 minutes and   50.69 seconds (WALL).
 GYZ%PJ%EGAMM:
    13.74287
 ENG%GAMM:    13.74287
 ENG%POT2:     3.42044
 EDCLA1(NI) ARRAY:
   -10.242
 EDCUJ(NI) ARRAY:
    -3.379
 EDCUJV(NI) ARRAY:
    -7.476
 EDC(NI) ARRAY:
   -13.621
 ENG%DBLC:   -13.62141
 ENG%DC1 :   -10.24200
 ENG%DC2 :    -3.37942
 ENG%DC2V:    -7.47617
 DC_E_STD_TO_E_V:    -4.09675
 ENG%BAND:    13.69227
 ENG%DL(DEEP LEVEL):    -0.47865
 ENG%TB=    13.81373
 ENG%TB-DC2=    17.19314
 NI=  1 OCC_CONFIG_WEIGHT:
        OCC= 0 WEIGHT=   0.00000
        OCC= 1 WEIGHT=   0.00001
        OCC= 2 WEIGHT=   0.00047
        OCC= 3 WEIGHT=   0.01370
        OCC= 4 WEIGHT=   0.13303
        OCC= 5 WEIGHT=   0.39949
        OCC= 6 WEIGHT=   0.34886
        OCC= 7 WEIGHT=   0.09475
        OCC= 8 WEIGHT=   0.00933
        OCC= 9 WEIGHT=   0.00036
                 CALC_RCW takes  0 hours  0 minutes and    0.00 seconds (CPU).
                          takes  0 hours  0 minutes and    0.00 seconds (WALL).
 NI=  1 J2=   29.5951
                 CALC_SLJ takes  0 hours  0 minutes and    0.00 seconds (CPU).
                          takes  0 hours  0 minutes and    0.00 seconds (WALL).
 NI=  1 ENTANGLEMENT ENTROPY=      6.9569
           CALC_ENTANGLES takes  0 hours  0 minutes and    1.25 seconds (CPU).
                          takes  0 hours  0 minutes and    1.06 seconds (WALL).
 CORRELATED SUBSPACE, SUM_FERWT=      7.9987042 SUM_KSWT=      7.9987042
 MAX OFF DIAGONAL KS.WT=    0.000653
 MAX/MIN R=    0.933709    0.923919
                CALC_KSWT takes  0 hours  0 minutes and    0.04 seconds (CPU).
                          takes  0 hours  0 minutes and    0.01 seconds (WALL).
                    TOTAL takes  0 hours 50 minutes and   25.78 seconds (CPU).
                          takes  0 hours 50 minutes and   23.74 seconds (WALL).
