******Program DMFT: Computes Gloc and Delta for Dynamical Mean Field Theory calculation ******
 CALCULATION WITH COMPLEX VECTORS
 CALCULATION WITH SOC VECTORS REQUIRED
 Running DMFT in mpi mode
  
 numkpt=         286
   0.00000   0.00000   0.00000   1.00000
   0.04762   0.04762  -0.04762   8.00000
   0.09524   0.09524  -0.09524   8.00000
   0.14286   0.14286  -0.14286   8.00000
   0.19048   0.19048  -0.19048   8.00000
   0.23810   0.23810  -0.23810   8.00000
   0.28571   0.28571  -0.28571   8.00000
   0.33333   0.33333  -0.33333   8.00000
   0.38095   0.38095  -0.38095   8.00000
   0.42857   0.42857  -0.42857   8.00000
   0.47619   0.47619  -0.47619   8.00000
   0.09524   0.00000   0.00000   6.00000
   0.14286   0.04762  -0.04762  24.00000
   0.19048   0.09524  -0.09524  24.00000
   0.23810   0.14286  -0.14286  24.00000
   0.28571   0.19048  -0.19048  24.00000
   0.33333   0.23810  -0.23810  24.00000
   0.38095   0.28571  -0.28571  24.00000
   0.42857   0.33333  -0.33333  24.00000
   0.47619   0.38095  -0.38095  24.00000
   0.52381   0.42857  -0.42857  24.00000
   0.57143   0.47619  -0.47619  24.00000
   0.61905   0.52381  -0.52381  24.00000
   0.66667   0.57143  -0.57143  24.00000
   0.71429   0.61905  -0.61905  24.00000
   0.76190   0.66667  -0.66667  24.00000
   0.80952   0.71429  -0.71429  24.00000
   0.85714   0.76190  -0.76190  24.00000
   0.90476   0.80952  -0.80952  24.00000
   0.95238   0.85714  -0.85714  24.00000
   1.00000   0.90476  -0.90476  12.00000
   0.19048   0.00000   0.00000   6.00000
   0.23810   0.04762  -0.04762  24.00000
   0.28571   0.09524  -0.09524  24.00000
   0.33333   0.14286  -0.14286  24.00000
   0.38095   0.19048  -0.19048  24.00000
   0.42857   0.23810  -0.23810  24.00000
   0.47619   0.28571  -0.28571  24.00000
   0.52381   0.33333  -0.33333  24.00000
   0.57143   0.38095  -0.38095  24.00000
   0.61905   0.42857  -0.42857  24.00000
   0.66667   0.47619  -0.47619  24.00000
   0.71429   0.52381  -0.52381  24.00000
   0.76190   0.57143  -0.57143  24.00000
   0.80952   0.61905  -0.61905  24.00000
   0.85714   0.66667  -0.66667  24.00000
   0.90476   0.71429  -0.71429  24.00000
   0.95238   0.76190  -0.76190  24.00000
   1.00000   0.80952  -0.80952  12.00000
   0.28571   0.00000   0.00000   6.00000
   0.33333   0.04762  -0.04762  24.00000
   0.38095   0.09524  -0.09524  24.00000
   0.42857   0.14286  -0.14286  24.00000
   0.47619   0.19048  -0.19048  24.00000
   0.52381   0.23810  -0.23810  24.00000
   0.57143   0.28571  -0.28571  24.00000
   0.61905   0.33333  -0.33333  24.00000
   0.66667   0.38095  -0.38095  24.00000
   0.71429   0.42857  -0.42857  24.00000
   0.76190   0.47619  -0.47619  24.00000
   0.80952   0.52381  -0.52381  24.00000
   0.85714   0.57143  -0.57143  24.00000
   0.90476   0.61905  -0.61905  24.00000
   0.95238   0.66667  -0.66667  24.00000
   1.00000   0.71429  -0.71429  12.00000
   0.38095   0.00000   0.00000   6.00000
   0.42857   0.04762  -0.04762  24.00000
   0.47619   0.09524  -0.09524  24.00000
   0.52381   0.14286  -0.14286  24.00000
   0.57143   0.19048  -0.19048  24.00000
   0.61905   0.23810  -0.23810  24.00000
   0.66667   0.28571  -0.28571  24.00000
   0.71429   0.33333  -0.33333  24.00000
   0.76190   0.38095  -0.38095  24.00000
   0.80952   0.42857  -0.42857  24.00000
   0.85714   0.47619  -0.47619  24.00000
   0.90476   0.52381  -0.52381  24.00000
   0.95238   0.57143  -0.57143  24.00000
   1.00000   0.61905  -0.61905  12.00000
   0.47619   0.00000   0.00000   6.00000
   0.52381   0.04762  -0.04762  24.00000
   0.57143   0.09524  -0.09524  24.00000
   0.61905   0.14286  -0.14286  24.00000
   0.66667   0.19048  -0.19048  24.00000
   0.71429   0.23810  -0.23810  24.00000
   0.76190   0.28571  -0.28571  24.00000
   0.80952   0.33333  -0.33333  24.00000
   0.85714   0.38095  -0.38095  24.00000
   0.90476   0.42857  -0.42857  24.00000
   0.95238   0.47619  -0.47619  24.00000
   1.00000   0.52381  -0.52381  12.00000
   0.57143   0.00000   0.00000   6.00000
   0.61905   0.04762  -0.04762  24.00000
   0.66667   0.09524  -0.09524  24.00000
   0.71429   0.14286  -0.14286  24.00000
   0.76190   0.19048  -0.19048  24.00000
   0.80952   0.23810  -0.23810  24.00000
   0.85714   0.28571  -0.28571  24.00000
   0.90476   0.33333  -0.33333  24.00000
   0.95238   0.38095  -0.38095  24.00000
   1.00000   0.42857  -0.42857  12.00000
   0.66667   0.00000   0.00000   6.00000
   0.71429   0.04762  -0.04762  24.00000
   0.76190   0.09524  -0.09524  24.00000
   0.80952   0.14286  -0.14286  24.00000
   0.85714   0.19048  -0.19048  24.00000
   0.90476   0.23810  -0.23810  24.00000
   0.95238   0.28571  -0.28571  24.00000
   1.00000   0.33333  -0.33333  12.00000
   0.76190   0.00000   0.00000   6.00000
   0.80952   0.04762  -0.04762  24.00000
   0.85714   0.09524  -0.09524  24.00000
   0.90476   0.14286  -0.14286  24.00000
   0.95238   0.19048  -0.19048  24.00000
   1.00000   0.23810  -0.23810  12.00000
   0.85714   0.00000   0.00000   6.00000
   0.90476   0.04762  -0.04762  24.00000
   0.95238   0.09524  -0.09524  24.00000
   1.00000   0.14286  -0.14286  12.00000
   0.95238   0.00000   0.00000   6.00000
   1.00000   0.04762  -0.04762  12.00000
   0.19048   0.09524   0.00000  24.00000
   0.23810   0.14286  -0.04762  48.00000
   0.28571   0.19048  -0.09524  48.00000
   0.33333   0.23810  -0.14286  48.00000
   0.38095   0.28571  -0.19048  48.00000
   0.42857   0.33333  -0.23810  48.00000
   0.47619   0.38095  -0.28571  48.00000
   0.52381   0.42857  -0.33333  48.00000
   0.57143   0.47619  -0.38095  48.00000
   0.28571   0.09524   0.00000  24.00000
   0.33333   0.14286  -0.04762  48.00000
   0.38095   0.19048  -0.09524  48.00000
   0.42857   0.23810  -0.14286  48.00000
   0.47619   0.28571  -0.19048  48.00000
   0.52381   0.33333  -0.23810  48.00000
   0.57143   0.38095  -0.28571  48.00000
   0.61905   0.42857  -0.33333  48.00000
   0.66667   0.47619  -0.38095  48.00000
   0.71429   0.52381  -0.42857  48.00000
   0.76190   0.57143  -0.47619  48.00000
   0.80952   0.61905  -0.52381  48.00000
   0.85714   0.66667  -0.57143  48.00000
   0.90476   0.71429  -0.61905  48.00000
   0.95238   0.76190  -0.66667  48.00000
   1.00000   0.80952  -0.71429  24.00000
   0.38095   0.09524   0.00000  24.00000
   0.42857   0.14286  -0.04762  48.00000
   0.47619   0.19048  -0.09524  48.00000
   0.52381   0.23810  -0.14286  48.00000
   0.57143   0.28571  -0.19048  48.00000
   0.61905   0.33333  -0.23810  48.00000
   0.66667   0.38095  -0.28571  48.00000
   0.71429   0.42857  -0.33333  48.00000
   0.76190   0.47619  -0.38095  48.00000
   0.80952   0.52381  -0.42857  48.00000
   0.85714   0.57143  -0.47619  48.00000
   0.90476   0.61905  -0.52381  48.00000
   0.95238   0.66667  -0.57143  48.00000
   1.00000   0.71429  -0.61905  24.00000
   0.47619   0.09524   0.00000  24.00000
   0.52381   0.14286  -0.04762  48.00000
   0.57143   0.19048  -0.09524  48.00000
   0.61905   0.23810  -0.14286  48.00000
   0.66667   0.28571  -0.19048  48.00000
   0.71429   0.33333  -0.23810  48.00000
   0.76190   0.38095  -0.28571  48.00000
   0.80952   0.42857  -0.33333  48.00000
   0.85714   0.47619  -0.38095  48.00000
   0.90476   0.52381  -0.42857  48.00000
   0.95238   0.57143  -0.47619  48.00000
   1.00000   0.61905  -0.52381  24.00000
   0.57143   0.09524   0.00000  24.00000
   0.61905   0.14286  -0.04762  48.00000
   0.66667   0.19048  -0.09524  48.00000
   0.71429   0.23810  -0.14286  48.00000
   0.76190   0.28571  -0.19048  48.00000
   0.80952   0.33333  -0.23810  48.00000
   0.85714   0.38095  -0.28571  48.00000
   0.90476   0.42857  -0.33333  48.00000
   0.95238   0.47619  -0.38095  48.00000
   1.00000   0.52381  -0.42857  24.00000
   0.66667   0.09524   0.00000  24.00000
   0.71429   0.14286  -0.04762  48.00000
   0.76190   0.19048  -0.09524  48.00000
   0.80952   0.23810  -0.14286  48.00000
   0.85714   0.28571  -0.19048  48.00000
   0.90476   0.33333  -0.23810  48.00000
   0.95238   0.38095  -0.28571  48.00000
   1.00000   0.42857  -0.33333  24.00000
   0.76190   0.09524   0.00000  24.00000
   0.80952   0.14286  -0.04762  48.00000
   0.85714   0.19048  -0.09524  48.00000
   0.90476   0.23810  -0.14286  48.00000
   0.95238   0.28571  -0.19048  48.00000
   1.00000   0.33333  -0.23810  24.00000
   0.85714   0.09524   0.00000  24.00000
   0.90476   0.14286  -0.04762  48.00000
   0.95238   0.19048  -0.09524  48.00000
   1.00000   0.23810  -0.14286  24.00000
   0.95238   0.09524   0.00000  24.00000
   1.00000   0.14286  -0.04762  24.00000
   0.38095   0.19048   0.00000  24.00000
   0.42857   0.23810  -0.04762  48.00000
   0.47619   0.28571  -0.09524  48.00000
   0.52381   0.33333  -0.14286  48.00000
   0.57143   0.38095  -0.19048  48.00000
   0.61905   0.42857  -0.23810  48.00000
   0.66667   0.47619  -0.28571  48.00000
   0.47619   0.19048   0.00000  24.00000
   0.52381   0.23810  -0.04762  48.00000
   0.57143   0.28571  -0.09524  48.00000
   0.61905   0.33333  -0.14286  48.00000
   0.66667   0.38095  -0.19048  48.00000
   0.71429   0.42857  -0.23810  48.00000
   0.76190   0.47619  -0.28571  48.00000
   0.80952   0.52381  -0.33333  48.00000
   0.85714   0.57143  -0.38095  48.00000
   0.90476   0.61905  -0.42857  48.00000
   0.95238   0.66667  -0.47619  48.00000
   1.00000   0.71429  -0.52381  24.00000
   0.57143   0.19048   0.00000  24.00000
   0.61905   0.23810  -0.04762  48.00000
   0.66667   0.28571  -0.09524  48.00000
   0.71429   0.33333  -0.14286  48.00000
   0.76190   0.38095  -0.19048  48.00000
   0.80952   0.42857  -0.23810  48.00000
   0.85714   0.47619  -0.28571  48.00000
   0.90476   0.52381  -0.33333  48.00000
   0.95238   0.57143  -0.38095  48.00000
   1.00000   0.61905  -0.42857  24.00000
   0.66667   0.19048   0.00000  24.00000
   0.71429   0.23810  -0.04762  48.00000
   0.76190   0.28571  -0.09524  48.00000
   0.80952   0.33333  -0.14286  48.00000
   0.85714   0.38095  -0.19048  48.00000
   0.90476   0.42857  -0.23810  48.00000
   0.95238   0.47619  -0.28571  48.00000
   1.00000   0.52381  -0.33333  24.00000
   0.76190   0.19048   0.00000  24.00000
   0.80952   0.23810  -0.04762  48.00000
   0.85714   0.28571  -0.09524  48.00000
   0.90476   0.33333  -0.14286  48.00000
   0.95238   0.38095  -0.19048  48.00000
   1.00000   0.42857  -0.23810  24.00000
   0.85714   0.19048   0.00000  24.00000
   0.90476   0.23810  -0.04762  48.00000
   0.95238   0.28571  -0.09524  48.00000
   1.00000   0.33333  -0.14286  24.00000
   0.95238   0.19048   0.00000  24.00000
   1.00000   0.23810  -0.04762  24.00000
   0.57143   0.28571   0.00000  24.00000
   0.61905   0.33333  -0.04762  48.00000
   0.66667   0.38095  -0.09524  48.00000
   0.71429   0.42857  -0.14286  48.00000
   0.76190   0.47619  -0.19048  48.00000
   0.66667   0.28571   0.00000  24.00000
   0.71429   0.33333  -0.04762  48.00000
   0.76190   0.38095  -0.09524  48.00000
   0.80952   0.42857  -0.14286  48.00000
   0.85714   0.47619  -0.19048  48.00000
   0.90476   0.52381  -0.23810  48.00000
   0.95238   0.57143  -0.28571  48.00000
   1.00000   0.61905  -0.33333  24.00000
   0.76190   0.28571   0.00000  24.00000
   0.80952   0.33333  -0.04762  48.00000
   0.85714   0.38095  -0.09524  48.00000
   0.90476   0.42857  -0.14286  48.00000
   0.95238   0.47619  -0.19048  48.00000
   1.00000   0.52381  -0.23810  24.00000
   0.85714   0.28571   0.00000  24.00000
   0.90476   0.33333  -0.04762  48.00000
   0.95238   0.38095  -0.09524  48.00000
   1.00000   0.42857  -0.14286  24.00000
   0.95238   0.28571   0.00000  24.00000
   1.00000   0.33333  -0.04762  24.00000
   0.76190   0.38095   0.00000  24.00000
   0.80952   0.42857  -0.04762  48.00000
   0.85714   0.47619  -0.09524  48.00000
   0.85714   0.38095   0.00000  24.00000
   0.90476   0.42857  -0.04762  48.00000
   0.95238   0.47619  -0.09524  48.00000
   1.00000   0.52381  -0.14286  24.00000
   0.95238   0.38095   0.00000  24.00000
   1.00000   0.42857  -0.04762  24.00000
   0.95238   0.47619   0.00000  24.00000




                              --------------------------------------------------
                                 S T R U C T U R A L   I N F O R M A T I O N
                              --------------------------------------------------


   SUBSTANCE                    = cubic fcc  (delta)                                                              

   LATTICE                      = F   
   LATTICE CONSTANTS ARE        =    7.9337060   7.9337060   7.9337060
   NUMBER OF ATOMS IN UNITCELL  =   1
   MODE OF CALCULATION IS       = RELA
 IORD=          48
 FNAMES=
 ./delta_Pu_4.vectorso_1                                                        
                                                                                
                                           
 ./delta_Pu_4.vectorsodn_1                                                      
                                                                                
                                           
 delta_Pu_4.energyso_1                                                          
                                                                                
                                           
 delta_Pu_4.energysodn_1                                                        
                                                                                
                                           
  BR1,  BR2
   0.79196   0.00000   0.00000     -0.79196   0.79196   0.79196
   0.00000   0.79196   0.00000      0.79196  -0.79196   0.79196
   0.00000   0.00000   0.79196      0.79196   0.79196  -0.79196
 projector corrected--must be 1,2, or 3! Now projector= 2
 Energy window:   -0.4410 < E <      0.441
 Projected density of states calculation for  1 atoms
--------- atom  1 -------------
l=  3  qsplit=  4
 Symmetrization over eq. k-points is performed
 ********** Start Reading Cix file *************
  Correlated block number           1
  Correlated index=
  1  0  0  0  0  0  0  0  0  0  0  0  0  0
  0  1  0  0  0  0  0  0  0  0  0  0  0  0
  0  0  1  0  0  0  0  0  0  0  0  0  0  0
  0  0  0  1  0  0  0  0  0  0  0  0  0  0
  0  0  0  0  1  0  0  0  0  0  0  0  0  0
  0  0  0  0  0  1  0  0  0  0  0  0  0  0
  0  0  0  0  0  0  2  0  0  0  0  0  0  0
  0  0  0  0  0  0  0  2  0  0  0  0  0  0
  0  0  0  0  0  0  0  0  2  0  0  0  0  0
  0  0  0  0  0  0  0  0  0  2  0  0  0  0
  0  0  0  0  0  0  0  0  0  0  2  0  0  0
  0  0  0  0  0  0  0  0  0  0  0  2  0  0
  0  0  0  0  0  0  0  0  0  0  0  0  2  0
  0  0  0  0  0  0  0  0  0  0  0  0  0  2
  Real part of unitary matrix=
  0.9258  0.0000  0.0000  0.0000  0.0000  0.0000  0.0000  0.0000 -0.3780  0.0000  0.0000  0.0000  0.0000  0.0000
  0.0000  0.8452  0.0000  0.0000  0.0000  0.0000  0.0000  0.0000  0.0000 -0.5345  0.0000  0.0000  0.0000  0.0000
  0.0000  0.0000  0.7559  0.0000  0.0000  0.0000  0.0000  0.0000  0.0000  0.0000 -0.6547  0.0000  0.0000  0.0000
  0.0000  0.0000  0.0000  0.6547  0.0000  0.0000  0.0000  0.0000  0.0000  0.0000  0.0000 -0.7559  0.0000  0.0000
  0.0000  0.0000  0.0000  0.0000  0.5345  0.0000  0.0000  0.0000  0.0000  0.0000  0.0000  0.0000 -0.8452  0.0000
  0.0000  0.0000  0.0000  0.0000  0.0000  0.3780  0.0000  0.0000  0.0000  0.0000  0.0000  0.0000  0.0000 -0.9258
  0.0000  0.0000  0.0000  0.0000  0.0000  0.0000  0.0000  1.0000  0.0000  0.0000  0.0000  0.0000  0.0000  0.0000
  0.3780  0.0000  0.0000  0.0000  0.0000  0.0000  0.0000  0.0000  0.9258  0.0000  0.0000  0.0000  0.0000  0.0000
  0.0000  0.5345  0.0000  0.0000  0.0000  0.0000  0.0000  0.0000  0.0000  0.8452  0.0000  0.0000  0.0000  0.0000
  0.0000  0.0000  0.6547  0.0000  0.0000  0.0000  0.0000  0.0000  0.0000  0.0000  0.7559  0.0000  0.0000  0.0000
  0.0000  0.0000  0.0000  0.7559  0.0000  0.0000  0.0000  0.0000  0.0000  0.0000  0.0000  0.6547  0.0000  0.0000
  0.0000  0.0000  0.0000  0.0000  0.8452  0.0000  0.0000  0.0000  0.0000  0.0000  0.0000  0.0000  0.5345  0.0000
  0.0000  0.0000  0.0000  0.0000  0.0000  0.9258  0.0000  0.0000  0.0000  0.0000  0.0000  0.0000  0.0000  0.3780
  0.0000  0.0000  0.0000  0.0000  0.0000  0.0000  1.0000  0.0000  0.0000  0.0000  0.0000  0.0000  0.0000  0.0000
  Imaginary part of unitary matrix=
  0.0000  0.0000  0.0000  0.0000  0.0000  0.0000  0.0000  0.0000  0.0000  0.0000  0.0000  0.0000  0.0000  0.0000
  0.0000  0.0000  0.0000  0.0000  0.0000  0.0000  0.0000  0.0000  0.0000  0.0000  0.0000  0.0000  0.0000  0.0000
  0.0000  0.0000  0.0000  0.0000  0.0000  0.0000  0.0000  0.0000  0.0000  0.0000  0.0000  0.0000  0.0000  0.0000
  0.0000  0.0000  0.0000  0.0000  0.0000  0.0000  0.0000  0.0000  0.0000  0.0000  0.0000  0.0000  0.0000  0.0000
  0.0000  0.0000  0.0000  0.0000  0.0000  0.0000  0.0000  0.0000  0.0000  0.0000  0.0000  0.0000  0.0000  0.0000
  0.0000  0.0000  0.0000  0.0000  0.0000  0.0000  0.0000  0.0000  0.0000  0.0000  0.0000  0.0000  0.0000  0.0000
  0.0000  0.0000  0.0000  0.0000  0.0000  0.0000  0.0000  0.0000  0.0000  0.0000  0.0000  0.0000  0.0000  0.0000
  0.0000  0.0000  0.0000  0.0000  0.0000  0.0000  0.0000  0.0000  0.0000  0.0000  0.0000  0.0000  0.0000  0.0000
  0.0000  0.0000  0.0000  0.0000  0.0000  0.0000  0.0000  0.0000  0.0000  0.0000  0.0000  0.0000  0.0000  0.0000
  0.0000  0.0000  0.0000  0.0000  0.0000  0.0000  0.0000  0.0000  0.0000  0.0000  0.0000  0.0000  0.0000  0.0000
  0.0000  0.0000  0.0000  0.0000  0.0000  0.0000  0.0000  0.0000  0.0000  0.0000  0.0000  0.0000  0.0000  0.0000
  0.0000  0.0000  0.0000  0.0000  0.0000  0.0000  0.0000  0.0000  0.0000  0.0000  0.0000  0.0000  0.0000  0.0000
  0.0000  0.0000  0.0000  0.0000  0.0000  0.0000  0.0000  0.0000  0.0000  0.0000  0.0000  0.0000  0.0000  0.0000
  0.0000  0.0000  0.0000  0.0000  0.0000  0.0000  0.0000  0.0000  0.0000  0.0000  0.0000  0.0000  0.0000  0.0000
  At least one transformation matrix is not Identity
 Magnetic system with s-o coupling; M theta, phi:  0.0000  0.0000
 Inside ROTDEF
Operation  1 transforms atom   1 from first atom   1
Actual position of atom  1 is:  0.000000    0.000000    0.000000
 
Combined transformation (acting on k-point) for correlated atoms
including users rotation and internal local rotation
catom  1 atom   1
   0.79196   0.00000   0.00000
   0.00000  -0.79196   0.00000
   0.00000   0.00000  -0.79196
 
 
 SPIN COORD SYSTEM:
    1.000000    0.000000    0.000000
    0.000000    1.000000    0.000000
    0.000000    0.000000    1.000000
 
 in global cartezian coordinates:
    1.000000    0.000000    0.000000
    0.000000   -1.000000    0.000000
    0.000000    0.000000   -1.000000
 ____________________________
 in spin coordinates:
    1.000000    0.000000    0.000000
    0.000000   -1.000000    0.000000
    0.000000    0.000000   -1.000000
           1   3.14159265358979       -1.00000000000000     
 
 in global cartezian coordinates:
    1.000000    0.000000    0.000000
    0.000000    0.000000   -1.000000
    0.000000   -1.000000    0.000000
 ____________________________
 in spin coordinates:
    1.000000    0.000000    0.000000
    0.000000    0.000000   -1.000000
    0.000000   -1.000000    0.000000
           2   1.57079632679490       0.000000000000000E+000
 
 symm. operation            2  removed !!!! so-det=  0.000000000000000E+000
 in global cartezian coordinates:
   -1.000000    0.000000    0.000000
    0.000000   -1.000000    0.000000
    0.000000    0.000000   -1.000000
 ____________________________
 in spin coordinates:
   -1.000000    0.000000    0.000000
    0.000000   -1.000000    0.000000
    0.000000    0.000000   -1.000000
           3  0.000000000000000E+000   1.00000000000000     
 
 in global cartezian coordinates:
   -1.000000    0.000000    0.000000
    0.000000    0.000000   -1.000000
    0.000000   -1.000000    0.000000
 ____________________________
 in spin coordinates:
   -1.000000    0.000000    0.000000
    0.000000    0.000000   -1.000000
    0.000000   -1.000000    0.000000
           4   1.57079632679490       0.000000000000000E+000
 
 symm. operation            4  removed !!!! so-det=  0.000000000000000E+000
 in global cartezian coordinates:
    0.000000   -1.000000    0.000000
    1.000000    0.000000    0.000000
    0.000000    0.000000   -1.000000
 ____________________________
 in spin coordinates:
    0.000000   -1.000000    0.000000
    1.000000    0.000000    0.000000
    0.000000    0.000000   -1.000000
           5  -1.57079632679490        1.00000000000000     
 
 in global cartezian coordinates:
    0.000000   -1.000000    0.000000
    0.000000    0.000000   -1.000000
    1.000000    0.000000    0.000000
 ____________________________
 in spin coordinates:
    0.000000   -1.000000    0.000000
    0.000000    0.000000   -1.000000
    1.000000    0.000000    0.000000
           6 NaN                      0.000000000000000E+000
 
 symm. operation            6  removed !!!! so-det=  0.000000000000000E+000
 in global cartezian coordinates:
    0.000000    1.000000    0.000000
    1.000000    0.000000    0.000000
    0.000000    0.000000   -1.000000
 ____________________________
 in spin coordinates:
    0.000000    1.000000    0.000000
    1.000000    0.000000    0.000000
    0.000000    0.000000   -1.000000
           7   1.57079632679490       -1.00000000000000     
 
 in global cartezian coordinates:
    0.000000    1.000000    0.000000
    0.000000    0.000000   -1.000000
    1.000000    0.000000    0.000000
 ____________________________
 in spin coordinates:
    0.000000    1.000000    0.000000
    0.000000    0.000000   -1.000000
    1.000000    0.000000    0.000000
           8 NaN                      0.000000000000000E+000
 
 symm. operation            8  removed !!!! so-det=  0.000000000000000E+000
 in global cartezian coordinates:
    0.000000    0.000000   -1.000000
    1.000000    0.000000    0.000000
    0.000000   -1.000000    0.000000
 ____________________________
 in spin coordinates:
    0.000000    0.000000   -1.000000
    1.000000    0.000000    0.000000
    0.000000   -1.000000    0.000000
           9   1.57079632679490       0.000000000000000E+000
 
 symm. operation            9  removed !!!! so-det=  0.000000000000000E+000
 in global cartezian coordinates:
    0.000000    0.000000   -1.000000
    0.000000   -1.000000    0.000000
    1.000000    0.000000    0.000000
 ____________________________
 in spin coordinates:
    0.000000    0.000000   -1.000000
    0.000000   -1.000000    0.000000
    1.000000    0.000000    0.000000
          10   1.57079632679490       0.000000000000000E+000
 
 symm. operation           10  removed !!!! so-det=  0.000000000000000E+000
 in global cartezian coordinates:
    0.000000    0.000000    1.000000
    1.000000    0.000000    0.000000
    0.000000   -1.000000    0.000000
 ____________________________
 in spin coordinates:
    0.000000    0.000000    1.000000
    1.000000    0.000000    0.000000
    0.000000   -1.000000    0.000000
          11   1.57079632679490       0.000000000000000E+000
 
 symm. operation           11  removed !!!! so-det=  0.000000000000000E+000
 in global cartezian coordinates:
    0.000000    0.000000    1.000000
    0.000000   -1.000000    0.000000
    1.000000    0.000000    0.000000
 ____________________________
 in spin coordinates:
    0.000000    0.000000    1.000000
    0.000000   -1.000000    0.000000
    1.000000    0.000000    0.000000
          12   1.57079632679490       0.000000000000000E+000
 
 symm. operation           12  removed !!!! so-det=  0.000000000000000E+000
 in global cartezian coordinates:
    0.000000   -1.000000    0.000000
   -1.000000    0.000000    0.000000
    0.000000    0.000000   -1.000000
 ____________________________
 in spin coordinates:
    0.000000   -1.000000    0.000000
   -1.000000    0.000000    0.000000
    0.000000    0.000000   -1.000000
          13   4.71238898038469       -1.00000000000000     
 
 in global cartezian coordinates:
    0.000000    1.000000    0.000000
   -1.000000    0.000000    0.000000
    0.000000    0.000000   -1.000000
 ____________________________
 in spin coordinates:
    0.000000    1.000000    0.000000
   -1.000000    0.000000    0.000000
    0.000000    0.000000   -1.000000
          14   1.57079632679490        1.00000000000000     
 
 in global cartezian coordinates:
    0.000000   -1.000000    0.000000
    0.000000    0.000000   -1.000000
   -1.000000    0.000000    0.000000
 ____________________________
 in spin coordinates:
    0.000000   -1.000000    0.000000
    0.000000    0.000000   -1.000000
   -1.000000    0.000000    0.000000
          15 NaN                      0.000000000000000E+000
 
 symm. operation           15  removed !!!! so-det=  0.000000000000000E+000
 in global cartezian coordinates:
    0.000000    1.000000    0.000000
    0.000000    0.000000   -1.000000
   -1.000000    0.000000    0.000000
 ____________________________
 in spin coordinates:
    0.000000    1.000000    0.000000
    0.000000    0.000000   -1.000000
   -1.000000    0.000000    0.000000
          16 NaN                      0.000000000000000E+000
 
 symm. operation           16  removed !!!! so-det=  0.000000000000000E+000
 in global cartezian coordinates:
    1.000000    0.000000    0.000000
    0.000000    1.000000    0.000000
    0.000000    0.000000   -1.000000
 ____________________________
 in spin coordinates:
    1.000000    0.000000    0.000000
    0.000000    1.000000    0.000000
    0.000000    0.000000   -1.000000
          17   3.14159274101257        1.00000000000000     
 
 in global cartezian coordinates:
   -1.000000    0.000000    0.000000
    0.000000    1.000000    0.000000
    0.000000    0.000000   -1.000000
 ____________________________
 in spin coordinates:
   -1.000000    0.000000    0.000000
    0.000000    1.000000    0.000000
    0.000000    0.000000   -1.000000
          18   6.28318539460237       -1.00000000000000     
 
 in global cartezian coordinates:
    1.000000    0.000000    0.000000
    0.000000    0.000000   -1.000000
    0.000000    1.000000    0.000000
 ____________________________
 in spin coordinates:
    1.000000    0.000000    0.000000
    0.000000    0.000000   -1.000000
    0.000000    1.000000    0.000000
          19   1.57079632679490       0.000000000000000E+000
 
 symm. operation           19  removed !!!! so-det=  0.000000000000000E+000
 in global cartezian coordinates:
   -1.000000    0.000000    0.000000
    0.000000    0.000000   -1.000000
    0.000000    1.000000    0.000000
 ____________________________
 in spin coordinates:
   -1.000000    0.000000    0.000000
    0.000000    0.000000   -1.000000
    0.000000    1.000000    0.000000
          20   1.57079632679490       0.000000000000000E+000
 
 symm. operation           20  removed !!!! so-det=  0.000000000000000E+000
 in global cartezian coordinates:
    0.000000    0.000000   -1.000000
   -1.000000    0.000000    0.000000
    0.000000   -1.000000    0.000000
 ____________________________
 in spin coordinates:
    0.000000    0.000000   -1.000000
   -1.000000    0.000000    0.000000
    0.000000   -1.000000    0.000000
          21   1.57079632679490       0.000000000000000E+000
 
 symm. operation           21  removed !!!! so-det=  0.000000000000000E+000
 in global cartezian coordinates:
    0.000000    0.000000   -1.000000
    0.000000   -1.000000    0.000000
   -1.000000    0.000000    0.000000
 ____________________________
 in spin coordinates:
    0.000000    0.000000   -1.000000
    0.000000   -1.000000    0.000000
   -1.000000    0.000000    0.000000
          22   1.57079632679490       0.000000000000000E+000
 
 symm. operation           22  removed !!!! so-det=  0.000000000000000E+000
 in global cartezian coordinates:
    0.000000    0.000000    1.000000
   -1.000000    0.000000    0.000000
    0.000000   -1.000000    0.000000
 ____________________________
 in spin coordinates:
    0.000000    0.000000    1.000000
   -1.000000    0.000000    0.000000
    0.000000   -1.000000    0.000000
          23   1.57079632679490       0.000000000000000E+000
 
 symm. operation           23  removed !!!! so-det=  0.000000000000000E+000
 in global cartezian coordinates:
    0.000000    0.000000    1.000000
    0.000000   -1.000000    0.000000
   -1.000000    0.000000    0.000000
 ____________________________
 in spin coordinates:
    0.000000    0.000000    1.000000
    0.000000   -1.000000    0.000000
   -1.000000    0.000000    0.000000
          24   1.57079632679490       0.000000000000000E+000
 
 symm. operation           24  removed !!!! so-det=  0.000000000000000E+000
 in global cartezian coordinates:
    0.000000    0.000000   -1.000000
    0.000000    1.000000    0.000000
    1.000000    0.000000    0.000000
 ____________________________
 in spin coordinates:
    0.000000    0.000000   -1.000000
    0.000000    1.000000    0.000000
    1.000000    0.000000    0.000000
          25   1.57079632679490       0.000000000000000E+000
 
 symm. operation           25  removed !!!! so-det=  0.000000000000000E+000
 in global cartezian coordinates:
    0.000000    0.000000   -1.000000
    1.000000    0.000000    0.000000
    0.000000    1.000000    0.000000
 ____________________________
 in spin coordinates:
    0.000000    0.000000   -1.000000
    1.000000    0.000000    0.000000
    0.000000    1.000000    0.000000
          26   1.57079632679490       0.000000000000000E+000
 
 symm. operation           26  removed !!!! so-det=  0.000000000000000E+000
 in global cartezian coordinates:
    0.000000    0.000000    1.000000
    0.000000    1.000000    0.000000
    1.000000    0.000000    0.000000
 ____________________________
 in spin coordinates:
    0.000000    0.000000    1.000000
    0.000000    1.000000    0.000000
    1.000000    0.000000    0.000000
          27   1.57079632679490       0.000000000000000E+000
 
 symm. operation           27  removed !!!! so-det=  0.000000000000000E+000
 in global cartezian coordinates:
    0.000000    0.000000    1.000000
    1.000000    0.000000    0.000000
    0.000000    1.000000    0.000000
 ____________________________
 in spin coordinates:
    0.000000    0.000000    1.000000
    1.000000    0.000000    0.000000
    0.000000    1.000000    0.000000
          28   1.57079632679490       0.000000000000000E+000
 
 symm. operation           28  removed !!!! so-det=  0.000000000000000E+000
 in global cartezian coordinates:
    1.000000    0.000000    0.000000
    0.000000    0.000000    1.000000
    0.000000   -1.000000    0.000000
 ____________________________
 in spin coordinates:
    1.000000    0.000000    0.000000
    0.000000    0.000000    1.000000
    0.000000   -1.000000    0.000000
          29   1.57079632679490       0.000000000000000E+000
 
 symm. operation           29  removed !!!! so-det=  0.000000000000000E+000
 in global cartezian coordinates:
   -1.000000    0.000000    0.000000
    0.000000    0.000000    1.000000
    0.000000   -1.000000    0.000000
 ____________________________
 in spin coordinates:
   -1.000000    0.000000    0.000000
    0.000000    0.000000    1.000000
    0.000000   -1.000000    0.000000
          30   1.57079632679490       0.000000000000000E+000
 
 symm. operation           30  removed !!!! so-det=  0.000000000000000E+000
 in global cartezian coordinates:
    1.000000    0.000000    0.000000
    0.000000   -1.000000    0.000000
    0.000000    0.000000    1.000000
 ____________________________
 in spin coordinates:
    1.000000    0.000000    0.000000
    0.000000   -1.000000    0.000000
    0.000000    0.000000    1.000000
          31   6.28318539460237       -1.00000000000000     
 
 in global cartezian coordinates:
   -1.000000    0.000000    0.000000
    0.000000   -1.000000    0.000000
    0.000000    0.000000    1.000000
 ____________________________
 in spin coordinates:
   -1.000000    0.000000    0.000000
    0.000000   -1.000000    0.000000
    0.000000    0.000000    1.000000
          32   3.14159274101257        1.00000000000000     
 
 in global cartezian coordinates:
    0.000000   -1.000000    0.000000
    0.000000    0.000000    1.000000
    1.000000    0.000000    0.000000
 ____________________________
 in spin coordinates:
    0.000000   -1.000000    0.000000
    0.000000    0.000000    1.000000
    1.000000    0.000000    0.000000
          33 NaN                      0.000000000000000E+000
 
 symm. operation           33  removed !!!! so-det=  0.000000000000000E+000
 in global cartezian coordinates:
    0.000000    1.000000    0.000000
    0.000000    0.000000    1.000000
    1.000000    0.000000    0.000000
 ____________________________
 in spin coordinates:
    0.000000    1.000000    0.000000
    0.000000    0.000000    1.000000
    1.000000    0.000000    0.000000
          34 NaN                      0.000000000000000E+000
 
 symm. operation           34  removed !!!! so-det=  0.000000000000000E+000
 in global cartezian coordinates:
    0.000000   -1.000000    0.000000
    1.000000    0.000000    0.000000
    0.000000    0.000000    1.000000
 ____________________________
 in spin coordinates:
    0.000000   -1.000000    0.000000
    1.000000    0.000000    0.000000
    0.000000    0.000000    1.000000
          35   1.57079632679490        1.00000000000000     
 
 in global cartezian coordinates:
    0.000000    1.000000    0.000000
    1.000000    0.000000    0.000000
    0.000000    0.000000    1.000000
 ____________________________
 in spin coordinates:
    0.000000    1.000000    0.000000
    1.000000    0.000000    0.000000
    0.000000    0.000000    1.000000
          36   4.71238898038469       -1.00000000000000     
 
 in global cartezian coordinates:
    0.000000    0.000000   -1.000000
    0.000000    1.000000    0.000000
   -1.000000    0.000000    0.000000
 ____________________________
 in spin coordinates:
    0.000000    0.000000   -1.000000
    0.000000    1.000000    0.000000
   -1.000000    0.000000    0.000000
          37   1.57079632679490       0.000000000000000E+000
 
 symm. operation           37  removed !!!! so-det=  0.000000000000000E+000
 in global cartezian coordinates:
    0.000000    0.000000   -1.000000
   -1.000000    0.000000    0.000000
    0.000000    1.000000    0.000000
 ____________________________
 in spin coordinates:
    0.000000    0.000000   -1.000000
   -1.000000    0.000000    0.000000
    0.000000    1.000000    0.000000
          38   1.57079632679490       0.000000000000000E+000
 
 symm. operation           38  removed !!!! so-det=  0.000000000000000E+000
 in global cartezian coordinates:
    0.000000    0.000000    1.000000
    0.000000    1.000000    0.000000
   -1.000000    0.000000    0.000000
 ____________________________
 in spin coordinates:
    0.000000    0.000000    1.000000
    0.000000    1.000000    0.000000
   -1.000000    0.000000    0.000000
          39   1.57079632679490       0.000000000000000E+000
 
 symm. operation           39  removed !!!! so-det=  0.000000000000000E+000
 in global cartezian coordinates:
    0.000000    0.000000    1.000000
   -1.000000    0.000000    0.000000
    0.000000    1.000000    0.000000
 ____________________________
 in spin coordinates:
    0.000000    0.000000    1.000000
   -1.000000    0.000000    0.000000
    0.000000    1.000000    0.000000
          40   1.57079632679490       0.000000000000000E+000
 
 symm. operation           40  removed !!!! so-det=  0.000000000000000E+000
 in global cartezian coordinates:
    0.000000   -1.000000    0.000000
    0.000000    0.000000    1.000000
   -1.000000    0.000000    0.000000
 ____________________________
 in spin coordinates:
    0.000000   -1.000000    0.000000
    0.000000    0.000000    1.000000
   -1.000000    0.000000    0.000000
          41 NaN                      0.000000000000000E+000
 
 symm. operation           41  removed !!!! so-det=  0.000000000000000E+000
 in global cartezian coordinates:
    0.000000   -1.000000    0.000000
   -1.000000    0.000000    0.000000
    0.000000    0.000000    1.000000
 ____________________________
 in spin coordinates:
    0.000000   -1.000000    0.000000
   -1.000000    0.000000    0.000000
    0.000000    0.000000    1.000000
          42   1.57079632679490       -1.00000000000000     
 
 in global cartezian coordinates:
    0.000000    1.000000    0.000000
    0.000000    0.000000    1.000000
   -1.000000    0.000000    0.000000
 ____________________________
 in spin coordinates:
    0.000000    1.000000    0.000000
    0.000000    0.000000    1.000000
   -1.000000    0.000000    0.000000
          43 NaN                      0.000000000000000E+000
 
 symm. operation           43  removed !!!! so-det=  0.000000000000000E+000
 in global cartezian coordinates:
    0.000000    1.000000    0.000000
   -1.000000    0.000000    0.000000
    0.000000    0.000000    1.000000
 ____________________________
 in spin coordinates:
    0.000000    1.000000    0.000000
   -1.000000    0.000000    0.000000
    0.000000    0.000000    1.000000
          44  -1.57079632679490        1.00000000000000     
 
 in global cartezian coordinates:
    1.000000    0.000000    0.000000
    0.000000    0.000000    1.000000
    0.000000    1.000000    0.000000
 ____________________________
 in spin coordinates:
    1.000000    0.000000    0.000000
    0.000000    0.000000    1.000000
    0.000000    1.000000    0.000000
          45   1.57079632679490       0.000000000000000E+000
 
 symm. operation           45  removed !!!! so-det=  0.000000000000000E+000
 in global cartezian coordinates:
    1.000000    0.000000    0.000000
    0.000000    1.000000    0.000000
    0.000000    0.000000    1.000000
 ____________________________
 in spin coordinates:
    1.000000    0.000000    0.000000
    0.000000    1.000000    0.000000
    0.000000    0.000000    1.000000
          46  0.000000000000000E+000   1.00000000000000     
 
 in global cartezian coordinates:
   -1.000000    0.000000    0.000000
    0.000000    0.000000    1.000000
    0.000000    1.000000    0.000000
 ____________________________
 in spin coordinates:
   -1.000000    0.000000    0.000000
    0.000000    0.000000    1.000000
    0.000000    1.000000    0.000000
          47   1.57079632679490       0.000000000000000E+000
 
 symm. operation           47  removed !!!! so-det=  0.000000000000000E+000
 in global cartezian coordinates:
   -1.000000    0.000000    0.000000
    0.000000    1.000000    0.000000
    0.000000    0.000000    1.000000
 ____________________________
 in spin coordinates:
   -1.000000    0.000000    0.000000
    0.000000    1.000000    0.000000
    0.000000    0.000000    1.000000
          48   3.14159265358979       -1.00000000000000     
 
 Original and SO-compatible symops changed:          48          16
 FNAME=
 delta_Pu_4.energyso_1                                                          
                                                                                
                                                     60
 FNAME=
 delta_Pu_4.energysodn_1                                                        
                                                                                
                                                     59
 BZ-integration with TETRA-program.   icor=: 1
 Equal occupancy of degenerate states, tol=: 0.1E-05
 call eord...
 call dos...
 ILOOP            1
 ILOOP            2
   FERMI ENERGY AT    1.58993839890156     
 RESULT OF INTEGRATION:      15.999999999788; SHOULD BE:      15.999999999900
   SUM RULE OF TETRAHEDRON INTEGRATION CHECKED 
 call eweigh...
   number of occupied bands:          18
   highest energy:   1.60114920307207     
 FERMI-LDA=   1.590 Ryd,  21.632 eV.
 ABSOLUTE EMIN=   1.149 Ryd.  15.632 eV.
 ABSOLUTE EMAX=   2.031 Ryd.  27.632 eV.


:NLDA  : NUMBER OF ELECTRONS          =  16.000

:FLDA  : F E R M I - ENERGY           =   1.58994
 
 ********** Information about the atomic index arrays ************
 iatom=           1
 isort=           1
 csort=           1
 maxucase=           1
icase, iucase, jatom, latom=     1     1     1     1
 
 *****  Arrays for correlated blocks ******
 norbitals=           1
 maxdim2=          14
iorbital( 1, 1)=   1
cix( 1, 1)=   1
icase,lcase,icix,iorb,nind1,ip1,iSx=    1    1    1    1   14    1    1
icase,lcase,icix,iorb,nind1,ip1,iSx=    1    1    1    1   14    2    2
icase,lcase,icix,iorb,nind1,ip1,iSx=    1    1    1    1   14    3    3
icase,lcase,icix,iorb,nind1,ip1,iSx=    1    1    1    1   14    4    4
icase,lcase,icix,iorb,nind1,ip1,iSx=    1    1    1    1   14    5    5
icase,lcase,icix,iorb,nind1,ip1,iSx=    1    1    1    1   14    6    6
icase,lcase,icix,iorb,nind1,ip1,iSx=    1    1    1    1   14    7    7
icase,lcase,icix,iorb,nind1,ip1,iSx=    1    1    1    1   14    8    8
icase,lcase,icix,iorb,nind1,ip1,iSx=    1    1    1    1   14    9    9
icase,lcase,icix,iorb,nind1,ip1,iSx=    1    1    1    1   14   10   10
icase,lcase,icix,iorb,nind1,ip1,iSx=    1    1    1    1   14   11   11
icase,lcase,icix,iorb,nind1,ip1,iSx=    1    1    1    1   14   12   12
icase,lcase,icix,iorb,nind1,ip1,iSx=    1    1    1    1   14   13   13
icase,lcase,icix,iorb,nind1,ip1,iSx=    1    1    1    1   14   14   14
cixdim( 1)=14
noccur( 1, 1)=   6
noccur( 2, 1)=   8
iSx( 1, 1)=  1
iSx( 2, 1)=  2
iSx( 3, 1)=  3
iSx( 4, 1)=  4
iSx( 5, 1)=  5
iSx( 6, 1)=  6
iSx( 7, 1)=  7
iSx( 8, 1)=  8
iSx( 9, 1)=  9
iSx(10, 1)= 10
iSx(11, 1)= 11
iSx(12, 1)= 12
iSx(13, 1)= 13
iSx(14, 1)= 14
nindo( 1)= 14
CF for iorb1= 1 iorb2= 1
    0.92582010     0.00000000       0.00000000     0.00000000       0.00000000     0.00000000       0.00000000     0.00000000       0.00000000     0.00000000       0.00000000     0.00000000       0.00000000     0.00000000       0.00000000     0.00000000      -0.37796447     0.00000000       0.00000000     0.00000000       0.00000000     0.00000000       0.00000000     0.00000000       0.00000000     0.00000000       0.00000000     0.00000000   
    0.00000000     0.00000000       0.84515425     0.00000000       0.00000000     0.00000000       0.00000000     0.00000000       0.00000000     0.00000000       0.00000000     0.00000000       0.00000000     0.00000000       0.00000000     0.00000000       0.00000000     0.00000000      -0.53452248     0.00000000       0.00000000     0.00000000       0.00000000     0.00000000       0.00000000     0.00000000       0.00000000     0.00000000   
    0.00000000     0.00000000       0.00000000     0.00000000       0.75592895     0.00000000       0.00000000     0.00000000       0.00000000     0.00000000       0.00000000     0.00000000       0.00000000     0.00000000       0.00000000     0.00000000       0.00000000     0.00000000       0.00000000     0.00000000      -0.65465367     0.00000000       0.00000000     0.00000000       0.00000000     0.00000000       0.00000000     0.00000000   
    0.00000000     0.00000000       0.00000000     0.00000000       0.00000000     0.00000000       0.65465367     0.00000000       0.00000000     0.00000000       0.00000000     0.00000000       0.00000000     0.00000000       0.00000000     0.00000000       0.00000000     0.00000000       0.00000000     0.00000000       0.00000000     0.00000000      -0.75592895     0.00000000       0.00000000     0.00000000       0.00000000     0.00000000   
    0.00000000     0.00000000       0.00000000     0.00000000       0.00000000     0.00000000       0.00000000     0.00000000       0.53452248     0.00000000       0.00000000     0.00000000       0.00000000     0.00000000       0.00000000     0.00000000       0.00000000     0.00000000       0.00000000     0.00000000       0.00000000     0.00000000       0.00000000     0.00000000      -0.84515425     0.00000000       0.00000000     0.00000000   
    0.00000000     0.00000000       0.00000000     0.00000000       0.00000000     0.00000000       0.00000000     0.00000000       0.00000000     0.00000000       0.37796447     0.00000000       0.00000000     0.00000000       0.00000000     0.00000000       0.00000000     0.00000000       0.00000000     0.00000000       0.00000000     0.00000000       0.00000000     0.00000000       0.00000000     0.00000000      -0.92582010     0.00000000   
    0.00000000     0.00000000       0.00000000     0.00000000       0.00000000     0.00000000       0.00000000     0.00000000       0.00000000     0.00000000       0.00000000     0.00000000       0.00000000     0.00000000       1.00000000     0.00000000       0.00000000     0.00000000       0.00000000     0.00000000       0.00000000     0.00000000       0.00000000     0.00000000       0.00000000     0.00000000       0.00000000     0.00000000   
    0.37796447     0.00000000       0.00000000     0.00000000       0.00000000     0.00000000       0.00000000     0.00000000       0.00000000     0.00000000       0.00000000     0.00000000       0.00000000     0.00000000       0.00000000     0.00000000       0.92582010     0.00000000       0.00000000     0.00000000       0.00000000     0.00000000       0.00000000     0.00000000       0.00000000     0.00000000       0.00000000     0.00000000   
    0.00000000     0.00000000       0.53452248     0.00000000       0.00000000     0.00000000       0.00000000     0.00000000       0.00000000     0.00000000       0.00000000     0.00000000       0.00000000     0.00000000       0.00000000     0.00000000       0.00000000     0.00000000       0.84515425     0.00000000       0.00000000     0.00000000       0.00000000     0.00000000       0.00000000     0.00000000       0.00000000     0.00000000   
    0.00000000     0.00000000       0.00000000     0.00000000       0.65465367     0.00000000       0.00000000     0.00000000       0.00000000     0.00000000       0.00000000     0.00000000       0.00000000     0.00000000       0.00000000     0.00000000       0.00000000     0.00000000       0.00000000     0.00000000       0.75592895     0.00000000       0.00000000     0.00000000       0.00000000     0.00000000       0.00000000     0.00000000   
    0.00000000     0.00000000       0.00000000     0.00000000       0.00000000     0.00000000       0.75592895     0.00000000       0.00000000     0.00000000       0.00000000     0.00000000       0.00000000     0.00000000       0.00000000     0.00000000       0.00000000     0.00000000       0.00000000     0.00000000       0.00000000     0.00000000       0.65465367     0.00000000       0.00000000     0.00000000       0.00000000     0.00000000   
    0.00000000     0.00000000       0.00000000     0.00000000       0.00000000     0.00000000       0.00000000     0.00000000       0.84515425     0.00000000       0.00000000     0.00000000       0.00000000     0.00000000       0.00000000     0.00000000       0.00000000     0.00000000       0.00000000     0.00000000       0.00000000     0.00000000       0.00000000     0.00000000       0.53452248     0.00000000       0.00000000     0.00000000   
    0.00000000     0.00000000       0.00000000     0.00000000       0.00000000     0.00000000       0.00000000     0.00000000       0.00000000     0.00000000       0.92582010     0.00000000       0.00000000     0.00000000       0.00000000     0.00000000       0.00000000     0.00000000       0.00000000     0.00000000       0.00000000     0.00000000       0.00000000     0.00000000       0.00000000     0.00000000       0.37796447     0.00000000   
    0.00000000     0.00000000       0.00000000     0.00000000       0.00000000     0.00000000       0.00000000     0.00000000       0.00000000     0.00000000       0.00000000     0.00000000       1.00000000     0.00000000       0.00000000     0.00000000       0.00000000     0.00000000       0.00000000     0.00000000       0.00000000     0.00000000       0.00000000     0.00000000       0.00000000     0.00000000       0.00000000     0.00000000   
Rspin for iorb=  1
 angles=  0.000000000000000E+000   3.14159265358979       0.000000000000000E+000
  0.000000000000000E+000  0.000000000000000E+000  0.000000000000000E+000
 Rspin=
    0.000000    0.000000      0.000000    1.000000
    0.000000    1.000000      0.000000    0.000000
 Calculation for atom  1 which has iucase=  1
 ATPAR for spin up

          ATOMIC PARAMETERS FOR Pu  0+    

           ENERGY PARAMETERS ARE   1.37  -0.93   1.37   1.37

           L     U(R)          U'(R)         DU/DE        DU'/DE      NORM-U'
           0  0.552855E+00  0.809076E+00  0.111125E+00 -0.228674E+00
           1  0.537755E+00 -0.350470E-03 -0.144017E+00 -0.402212E+00
           2 -0.616449E+00  0.306103E-01  0.987165E-01  0.346079E+00
           3 -0.310635E+00  0.135730E+00  0.367076E+00  0.536234E+00
LO COEFFICIENT: l,A,B,C   0          0.64982    -3.23289     0.00000     0.00000
 
LO COEFFICIENT: l,A,B,C   0          0.32140     0.00000     0.78091     0.00000
 
LO COEFFICIENT: l,A,B,C   1          0.87919     3.28288     0.00000     0.00000
 
LO COEFFICIENT: l,A,B,C   1          0.26158     0.00000    -1.23190     0.00000
 
LO COEFFICIENT: l,A,B,C   2          0.85349     5.32974     0.00000     0.00000
 
LO COEFFICIENT: l,A,B,C   3          0.94238     0.79748     0.00000     0.00000
 
 ATPAR for spin down

          ATOMIC PARAMETERS FOR Pu  0+    

           ENERGY PARAMETERS ARE   1.37  -0.93   1.37   1.37

           L     U(R)          U'(R)         DU/DE        DU'/DE      NORM-U'
           0  0.552855E+00  0.809076E+00  0.111125E+00 -0.228674E+00
           1  0.537755E+00 -0.350470E-03 -0.144017E+00 -0.402212E+00
           2 -0.616449E+00  0.306103E-01  0.987165E-01  0.346079E+00
           3 -0.310635E+00  0.135730E+00  0.367076E+00  0.536234E+00
LO COEFFICIENT: l,A,B,C   0          0.64982    -3.23289     0.00000     0.00000
 
LO COEFFICIENT: l,A,B,C   0          0.32140     0.00000     0.78091     0.00000
 
LO COEFFICIENT: l,A,B,C   1          0.87919     3.28288     0.00000     0.00000
 
LO COEFFICIENT: l,A,B,C   1          0.26158     0.00000    -1.23190     0.00000
 
LO COEFFICIENT: l,A,B,C   2          0.85349     5.32974     0.00000     0.00000
 
LO COEFFICIENT: l,A,B,C   3          0.94238     0.79748     0.00000     0.00000
 
 L1=           0  L2=           0
 RADIAL INTEGRALS:
           1           1                 1           1   1.00000000000000     
           1           3                 1           1  0.571503030069785     
           1           1                 1           2   1.00000000000000     
           1           3                 1           2  0.571503030069785     
           1           1                 2           1   1.00000000000000     
           1           3                 2           1  0.571503030069785     
           1           1                 2           2   1.00000000000000     
           1           3                 2           2  0.571503030069785     
           2           2                 1           1  5.527780747057131E-002
           2           3                 1           1 -0.190629594287966     
           2           2                 1           2  5.527780747057131E-002
           2           3                 1           2 -0.190629594287966     
           2           2                 2           1  5.527780747057131E-002
           2           3                 2           1 -0.190629594287966     
           2           2                 2           2  5.527780747057131E-002
           2           3                 2           2 -0.190629594287966     
           3           1                 1           1  0.571503030069785     
           3           2                 1           1 -0.190629594287966     
           3           3                 1           1   1.00000000000000     
           3           1                 1           2  0.571503030069785     
           3           2                 1           2 -0.190629594287966     
           3           3                 1           2   1.00000000000000     
           3           1                 2           1  0.571503030069785     
           3           2                 2           1 -0.190629594287966     
           3           3                 2           1   1.00000000000000     
           3           1                 2           2  0.571503030069785     
           3           2                 2           2 -0.190629594287966     
           3           3                 2           2   1.00000000000000     
 L1=           1  L2=           1
 RADIAL INTEGRALS:
           1           1                 1           1   1.00000000000000     
           1           3                 1           1  0.909263949119830     
           1           1                 1           2   1.00000000000000     
           1           3                 1           2  0.909263949119830     
           1           1                 2           1   1.00000000000000     
           1           3                 2           1  0.909263949119830     
           1           1                 2           2   1.00000000000000     
           1           3                 2           2  0.909263949119830     
           2           2                 1           1  2.106467778379754E-002
           2           3                 1           1  6.023954436555270E-002
           2           2                 1           2  2.106467778379754E-002
           2           3                 1           2  6.023954436555270E-002
           2           2                 2           1  2.106467778379754E-002
           2           3                 2           1  6.023954436555270E-002
           2           2                 2           2  2.106467778379754E-002
           2           3                 2           2  6.023954436555270E-002
           3           1                 1           1  0.909263949119830     
           3           2                 1           1  6.023954436555270E-002
           3           3                 1           1   1.00000000000000     
           3           1                 1           2  0.909263949119830     
           3           2                 1           2  6.023954436555270E-002
           3           3                 1           2   1.00000000000000     
           3           1                 2           1  0.909263949119830     
           3           2                 2           1  6.023954436555270E-002
           3           3                 2           1   1.00000000000000     
           3           1                 2           2  0.909263949119830     
           3           2                 2           2  6.023954436555270E-002
           3           3                 2           2   1.00000000000000     
 L1=           2  L2=           2
 RADIAL INTEGRALS:
           1           1                 1           1   1.00000000000000     
           1           1                 1           2   1.00000000000000     
           1           1                 2           1   1.00000000000000     
           1           1                 2           2   1.00000000000000     
           2           2                 1           1  9.559610877350048E-003
           2           2                 1           2  9.559610877350048E-003
           2           2                 2           1  9.559610877350048E-003
           2           2                 2           2  9.559610877350048E-003
 L1=           3  L2=           3
 RADIAL INTEGRALS:
           1           1                 1           1   1.00000000000000     
           1           1                 1           2   1.00000000000000     
           1           1                 2           1   1.00000000000000     
           1           1                 2           2   1.00000000000000     
           2           2                 1           1  0.175974567157944     
           2           2                 1           2  0.175974567157944     
           2           2                 2           1  0.175974567157944     
           2           2                 2           2  0.175974567157944     
Saving potential parameters for atom 1 into  1
pr_proc=143  tot-k=286
 ------------------------------------------------------------------------------


   =====>>> CPU TIME SUMMARY

            TOTAL       :      0.9
 OMP_NUM_THREADS= 2
 GUTZ_SOLVER VO.1.5 BUILT ON Jan 19 2014 AT22:25:59
 NT=  1 SEC_N%DIM=   10 WITH ID:
           1       2      16     107     471    1472    3474    6477    9909   12912
       14914
 MEAN U/J:  0.2940  0.0265
 NEL_FIX_VDC1=      5.23
 ATOM DEPENDENT NELF1:
      5.2284
 DCMIX_A=  0.200000
 SYMMETRICALLY NON-EQUIVALENT ATOMS:
          1
 VARIATIONAL-SETUP-NON-EQUIVALENT ATOMS:
          1
 COMPLEMENTARY VARIATIONAL-SETUP-EQUIVALENT ATOMS:

 GYZ%SYM%IDSUM:
  1
 DIM(X_Gutz)=  4
 CALC SET: GAPJ-SHFT FULL       -JH-PROJ SLATER    VAR-FIXDC    Ryd.   
 NT= 1
 LOCAL INTERACTION PART   :
 U              :   0.2940
 J              :   0.0265
 FOCK SPACE PART:
 NA             :  7
 FS%OCC(1) L.B. :  0
 FS%OCC(2) U.B. :  9
 FS%DIM         :     14913
 HL%OCC(1) L.B. :  0
 HL%OCC(2) U.B. :  9
 ISO= 2 ISPIN_IN= 1 ISPIN= 1 ISPO= 2
 BND%NMAX=  58
 BZ INTEGRATION WITH TETRA METHOD, ICOR= 1
 EQUAL OCCUPANCY OF DEGENERATE STATES, TOL= 0.1E-05
 VALENCE ELECTRONS: TOTAL=    16.0
                    CORRELATED PART=     8.0
 SYM%IDI/IDF=  1 16
 BND%NMAXIN=   24
      GUTZ5_INI_CORR_UVEK takes  0 hours  0 minutes and    0.03 seconds (CPU).
                          takes  0 hours  0 minutes and    0.05 seconds (WALL).
                 SETUP_TB takes  0 hours  0 minutes and    1.15 seconds (CPU).
                          takes  0 hours  0 minutes and    1.03 seconds (WALL).
************  EL-  ************
 NI=  1 NI_GLOBAL=  1
   1.5833   1.5830   1.5813   1.5813   1.5830   1.5833   1.6638   1.6647   1.6567   1.6616   1.6616   1.6567   1.6647   1.6638
************  EL=  ************
 NI=  1 NI_GLOBAL=  1
   1.5833   0.0000   0.0000   0.0000   0.0012   0.0000   0.0000   0.0003   0.0000   0.0000   0.0000   0.0061   0.0000   0.0000
   0.0000   1.5830   0.0000   0.0000   0.0000   0.0012   0.0000   0.0000   0.0034   0.0000   0.0000   0.0000  -0.0039   0.0000
   0.0000   0.0000   1.5813   0.0000   0.0000   0.0000   0.0000   0.0000   0.0000  -0.0051   0.0000   0.0000   0.0000   0.0031
   0.0000   0.0000   0.0000   1.5813   0.0000   0.0000  -0.0031   0.0000   0.0000   0.0000   0.0051   0.0000   0.0000   0.0000
   0.0012   0.0000   0.0000   0.0000   1.5830   0.0000   0.0000   0.0039   0.0000   0.0000   0.0000  -0.0034   0.0000   0.0000
   0.0000   0.0012   0.0000   0.0000   0.0000   1.5833   0.0000   0.0000  -0.0061   0.0000   0.0000   0.0000  -0.0003   0.0000
   0.0000   0.0000   0.0000  -0.0031   0.0000   0.0000   1.6638   0.0000   0.0000   0.0000   0.0027   0.0000   0.0000   0.0000
   0.0003   0.0000   0.0000   0.0000   0.0039   0.0000   0.0000   1.6647   0.0000   0.0000   0.0000  -0.0017   0.0000   0.0000
   0.0000   0.0034   0.0000   0.0000   0.0000  -0.0061   0.0000   0.0000   1.6567   0.0000   0.0000   0.0000  -0.0017   0.0000
   0.0000   0.0000  -0.0051   0.0000   0.0000   0.0000   0.0000   0.0000   0.0000   1.6616   0.0000   0.0000   0.0000   0.0027
   0.0000   0.0000   0.0000   0.0051   0.0000   0.0000   0.0027   0.0000   0.0000   0.0000   1.6616   0.0000   0.0000   0.0000
   0.0061   0.0000   0.0000   0.0000  -0.0034   0.0000   0.0000  -0.0017   0.0000   0.0000   0.0000   1.6567   0.0000   0.0000
   0.0000  -0.0039   0.0000   0.0000   0.0000  -0.0003   0.0000   0.0000  -0.0017   0.0000   0.0000   0.0000   1.6647   0.0000
   0.0000   0.0000   0.0031   0.0000   0.0000   0.0000   0.0000   0.0000   0.0000   0.0027   0.0000   0.0000   0.0000   1.6638
 NI=  1 LOCAL ORBITAL LEVEL CENTER(ELC)=   1.628
************  EL0  ************
 NI=  1 NI_GLOBAL=  1
   1.5825   1.5825   1.5825   1.5825   1.5825   1.5825   1.6617   1.6617   1.6617   1.6617   1.6617   1.6617   1.6617   1.6617
************  ELL  ************
 NI=  1 NI_GLOBAL=  1
   1.5825   0.0000   0.0000   0.0000   0.0000   0.0000   0.0000   0.0000   0.0000   0.0000   0.0000   0.0000   0.0000   0.0000
   0.0000   1.5825   0.0000   0.0000   0.0000   0.0000   0.0000   0.0000   0.0000   0.0000   0.0000   0.0000   0.0000   0.0000
   0.0000   0.0000   1.5825   0.0000   0.0000   0.0000   0.0000   0.0000   0.0000   0.0000   0.0000   0.0000   0.0000   0.0000
   0.0000   0.0000   0.0000   1.5825   0.0000   0.0000   0.0000   0.0000   0.0000   0.0000   0.0000   0.0000   0.0000   0.0000
   0.0000   0.0000   0.0000   0.0000   1.5825   0.0000   0.0000   0.0000   0.0000   0.0000   0.0000   0.0000   0.0000   0.0000
   0.0000   0.0000   0.0000   0.0000   0.0000   1.5825   0.0000   0.0000   0.0000   0.0000   0.0000   0.0000   0.0000   0.0000
   0.0000   0.0000   0.0000   0.0000   0.0000   0.0000   1.6617   0.0000   0.0000   0.0000   0.0000   0.0000   0.0000   0.0000
   0.0000   0.0000   0.0000   0.0000   0.0000   0.0000   0.0000   1.6617   0.0000   0.0000   0.0000   0.0000   0.0000   0.0000
   0.0000   0.0000   0.0000   0.0000   0.0000   0.0000   0.0000   0.0000   1.6617   0.0000   0.0000   0.0000   0.0000   0.0000
   0.0000   0.0000   0.0000   0.0000   0.0000   0.0000   0.0000   0.0000   0.0000   1.6617   0.0000   0.0000   0.0000   0.0000
   0.0000   0.0000   0.0000   0.0000   0.0000   0.0000   0.0000   0.0000   0.0000   0.0000   1.6617   0.0000   0.0000   0.0000
   0.0000   0.0000   0.0000   0.0000   0.0000   0.0000   0.0000   0.0000   0.0000   0.0000   0.0000   1.6617   0.0000   0.0000
   0.0000   0.0000   0.0000   0.0000   0.0000   0.0000   0.0000   0.0000   0.0000   0.0000   0.0000   0.0000   1.6617   0.0000
   0.0000   0.0000   0.0000   0.0000   0.0000   0.0000   0.0000   0.0000   0.0000   0.0000   0.0000   0.0000   0.0000   1.6617
                  GET_EL0 takes  0 hours  0 minutes and    0.01 seconds (CPU).
                          takes  0 hours  0 minutes and    0.00 seconds (WALL).
 There are  4 blocks of bands, with band energy windows:
  -1.868  -1.790 |   -0.317  -0.148 |    0.187   0.575 |    1.216   4.483 | 
 Band window indices:
         1      2 |          3      4 |          5      8 |          9     59 | 
 Band width
       0.078   |         0.169   |         0.388   |         3.267   |  
 Band gap
       1.473   |         0.335   |         0.641   |  
 CORRELATED BLOCK: EMIN/EMIX=    1.2163    2.0305
 CORRELATED BAND WIDTH=   0.814
         GUTZ_RED_PRJ_NEQ takes  0 hours  1 minutes and    0.44 seconds (CPU).
                          takes  0 hours  1 minutes and    0.39 seconds (WALL).
 NI=  1 DIM_PHIK=   41227 HL%DIM=  14913
       ID_PHIK_N=
      1      2      4     33    264   1639   6153  15546  27321  36714
  41228
       ID_PHIK_J=
      1      2      3      4      8      9     18     19     28     29
     33     37     73    122    171    220    245    254    263    264
    300    349    638    807   1168   1364   1533   1582   1631   1635
   1639   1739   2180   2964   3864   4705   5381   5781   6037   6118
   6143   6152   6153   6349   6710   8079   9448  11564  12933  14377
  14953  15353  15474  15538  15542  15546  15835  16796  18560  21060
  23176  24940  26165  26841  27165  27286  27311  27320  27321  27517
  27878  29247  30616  32732  34101  35545  36121  36521  36642  36706
  36710  36714  36814  37255  38039  38939  39780  40456  40856  41112
  41193  41218  41227  41228
          GUTZ_SET_PRJ_EQ takes  0 hours  0 minutes and    0.00 seconds (CPU).
                          takes  0 hours  0 minutes and    0.00 seconds (WALL).
************   WH%X  ************
    0.90903863    0.92375923
    1.54775971    1.69067120
************  RIN  ************
 NI=  1 NI_GLOBAL=  1
   0.9090   0.9090   0.9090   0.9090   0.9090   0.9090   0.9238   0.9238   0.9238   0.9238   0.9238   0.9238   0.9238   0.9238
************  LA1  ************
 NI=  1 NI_GLOBAL=  1
   1.5478   1.5478   1.5478   1.5478   1.5478   1.5478   1.6907   1.6907   1.6907   1.6907   1.6907   1.6907   1.6907   1.6907
             CALC_BAND_AL takes  0 hours  0 minutes and    0.49 seconds (CPU).
                          takes  0 hours  0 minutes and    0.25 seconds (WALL).
 ILOOP            1
 ILOOP            2
   FERMI ENERGY AT    1.56497080621783     
   SUM RULE OF TETRAHEDRON INTEGRATION CHECKED 
   number of occupied bands:          18
   highest energy:   1.57337486873778     
************  NK-  ************
 NI=  1 NI_GLOBAL=  1
   0.7241   0.7231   0.7944   0.7944   0.7231   0.7241   0.1044   0.0933   0.0951   0.0800   0.0800   0.0951   0.0933   0.1044
************  NNK  ************
 NI=  1 NI_GLOBAL=  1
   0.7241   0.0000   0.0000   0.0000  -0.0426   0.0000   0.0000   0.0261   0.0000   0.0000   0.0000  -0.0314   0.0000   0.0000
   0.0000   0.7231   0.0000   0.0000   0.0000  -0.0426   0.0000   0.0000  -0.0394   0.0000   0.0000   0.0000   0.0383   0.0000
   0.0000   0.0000   0.7944   0.0000   0.0000   0.0000   0.0000   0.0000   0.0000   0.0572   0.0000   0.0000   0.0000  -0.0372
   0.0000   0.0000   0.0000   0.7944   0.0000   0.0000   0.0372   0.0000   0.0000   0.0000  -0.0572   0.0000   0.0000   0.0000
  -0.0426   0.0000   0.0000   0.0000   0.7231   0.0000   0.0000  -0.0383   0.0000   0.0000   0.0000   0.0394   0.0000   0.0000
   0.0000  -0.0426   0.0000   0.0000   0.0000   0.7241   0.0000   0.0000   0.0314   0.0000   0.0000   0.0000  -0.0261   0.0000
   0.0000   0.0000   0.0000   0.0372   0.0000   0.0000   0.1044   0.0000   0.0000   0.0000  -0.0149   0.0000   0.0000   0.0000
   0.0261   0.0000   0.0000   0.0000  -0.0383   0.0000   0.0000   0.0933   0.0000   0.0000   0.0000  -0.0097   0.0000   0.0000
   0.0000  -0.0394   0.0000   0.0000   0.0000   0.0314   0.0000   0.0000   0.0951   0.0000   0.0000   0.0000  -0.0097   0.0000
   0.0000   0.0000   0.0572   0.0000   0.0000   0.0000   0.0000   0.0000   0.0000   0.0800   0.0000   0.0000   0.0000  -0.0149
   0.0000   0.0000   0.0000  -0.0572   0.0000   0.0000  -0.0149   0.0000   0.0000   0.0000   0.0800   0.0000   0.0000   0.0000
  -0.0314   0.0000   0.0000   0.0000   0.0394   0.0000   0.0000  -0.0097   0.0000   0.0000   0.0000   0.0951   0.0000   0.0000
   0.0000   0.0383   0.0000   0.0000   0.0000  -0.0261   0.0000   0.0000  -0.0097   0.0000   0.0000   0.0000   0.0933   0.0000
   0.0000   0.0000  -0.0372   0.0000   0.0000   0.0000   0.0000   0.0000   0.0000  -0.0149   0.0000   0.0000   0.0000   0.1044
************  NKS  ************
 NI=  1 NI_GLOBAL=  1
   0.7472   0.7472   0.7472   0.7472   0.7472   0.7472   0.0932   0.0932   0.0932   0.0932   0.0932   0.0932   0.0932   0.0932
 NELE_LOC TOTAL:
           5.2288675769223261
              CALC_DA_BND takes  0 hours  0 minutes and    0.08 seconds (CPU).
                          takes  0 hours  0 minutes and    0.08 seconds (WALL).
************  DA-  ************
 NI=  1 NI_GLOBAL=  1
  -0.0304  -0.0289  -0.0278  -0.0278  -0.0289  -0.0304  -0.0226  -0.0211  -0.0191  -0.0178  -0.0178  -0.0191  -0.0211  -0.0226
************  DAA  ************
 NI=  1 NI_GLOBAL=  1
  -0.0290  -0.0290  -0.0290  -0.0290  -0.0290  -0.0290  -0.0202  -0.0202  -0.0202  -0.0202  -0.0202  -0.0202  -0.0202  -0.0202
 NI=  1 VDC=    1.3342
************  LA2  ************
 NI=  1 NI_GLOBAL=  1
  -2.9510  -2.9510  -2.9510  -2.9510  -2.9510  -2.9510  -2.8456  -2.8456  -2.8456  -2.8456  -2.8456  -2.8456  -2.8456  -2.8456
 NI=  1 PHI-step gap=  0.15E+00
************  RAA  ************
 NI=  1 NI_GLOBAL=  1
   0.9090   0.9090   0.9090   0.9090   0.9090   0.9090   0.9238   0.9238   0.9238   0.9238   0.9238   0.9238   0.9238   0.9238
************  NC0  ************
 NI=  1 NI_GLOBAL=  1
   0.7472   0.7472   0.7472   0.7472   0.7472   0.7472   0.0932   0.0932   0.0932   0.0932   0.0932   0.0932   0.0932   0.0932
                  CALC_LC takes  0 hours  5 minutes and   24.27 seconds (CPU).
                          takes  0 hours  5 minutes and   24.23 seconds (WALL).
                GUTZ_FCN1 takes  0 hours  5 minutes and   24.89 seconds (CPU).
                          takes  0 hours  5 minutes and   24.61 seconds (WALL).
************  DIF_X  ************
   -0.000038674133    0.000017975910
    0.000034554455    0.000004485874
 ITER1=  1 MAXERR=    0.00003867
************   WH%X  ************
    0.90904501    0.92375918
    1.54772790    1.69064969
************  RIN  ************
 NI=  1 NI_GLOBAL=  1
   0.9090   0.9090   0.9090   0.9090   0.9090   0.9090   0.9238   0.9238   0.9238   0.9238   0.9238   0.9238   0.9238   0.9238
************  LA1  ************
 NI=  1 NI_GLOBAL=  1
   1.5477   1.5477   1.5477   1.5477   1.5477   1.5477   1.6906   1.6906   1.6906   1.6906   1.6906   1.6906   1.6906   1.6906
             CALC_BAND_AL takes  0 hours  0 minutes and    0.49 seconds (CPU).
                          takes  0 hours  0 minutes and    0.23 seconds (WALL).
 ILOOP            1
 ILOOP            2
   FERMI ENERGY AT    1.56494440688249     
   SUM RULE OF TETRAHEDRON INTEGRATION CHECKED 
   number of occupied bands:          18
   highest energy:   1.57335468640047     
************  NK-  ************
 NI=  1 NI_GLOBAL=  1
   0.7241   0.7231   0.7944   0.7944   0.7231   0.7241   0.1044   0.0933   0.0951   0.0800   0.0800   0.0951   0.0933   0.1044
************  NNK  ************
 NI=  1 NI_GLOBAL=  1
   0.7241   0.0000   0.0000   0.0000  -0.0426   0.0000   0.0000   0.0261   0.0000   0.0000   0.0000  -0.0314   0.0000   0.0000
   0.0000   0.7231   0.0000   0.0000   0.0000  -0.0426   0.0000   0.0000  -0.0394   0.0000   0.0000   0.0000   0.0383   0.0000
   0.0000   0.0000   0.7944   0.0000   0.0000   0.0000   0.0000   0.0000   0.0000   0.0572   0.0000   0.0000   0.0000  -0.0372
   0.0000   0.0000   0.0000   0.7944   0.0000   0.0000   0.0372   0.0000   0.0000   0.0000  -0.0572   0.0000   0.0000   0.0000
  -0.0426   0.0000   0.0000   0.0000   0.7231   0.0000   0.0000  -0.0383   0.0000   0.0000   0.0000   0.0394   0.0000   0.0000
   0.0000  -0.0426   0.0000   0.0000   0.0000   0.7241   0.0000   0.0000   0.0314   0.0000   0.0000   0.0000  -0.0261   0.0000
   0.0000   0.0000   0.0000   0.0372   0.0000   0.0000   0.1044   0.0000   0.0000   0.0000  -0.0149   0.0000   0.0000   0.0000
   0.0261   0.0000   0.0000   0.0000  -0.0383   0.0000   0.0000   0.0933   0.0000   0.0000   0.0000  -0.0097   0.0000   0.0000
   0.0000  -0.0394   0.0000   0.0000   0.0000   0.0314   0.0000   0.0000   0.0951   0.0000   0.0000   0.0000  -0.0097   0.0000
   0.0000   0.0000   0.0572   0.0000   0.0000   0.0000   0.0000   0.0000   0.0000   0.0800   0.0000   0.0000   0.0000  -0.0149
   0.0000   0.0000   0.0000  -0.0572   0.0000   0.0000  -0.0149   0.0000   0.0000   0.0000   0.0800   0.0000   0.0000   0.0000
  -0.0314   0.0000   0.0000   0.0000   0.0394   0.0000   0.0000  -0.0097   0.0000   0.0000   0.0000   0.0951   0.0000   0.0000
   0.0000   0.0383   0.0000   0.0000   0.0000  -0.0261   0.0000   0.0000  -0.0097   0.0000   0.0000   0.0000   0.0933   0.0000
   0.0000   0.0000  -0.0372   0.0000   0.0000   0.0000   0.0000   0.0000   0.0000  -0.0149   0.0000   0.0000   0.0000   0.1044
************  NKS  ************
 NI=  1 NI_GLOBAL=  1
   0.7472   0.7472   0.7472   0.7472   0.7472   0.7472   0.0932   0.0932   0.0932   0.0932   0.0932   0.0932   0.0932   0.0932
 NELE_LOC TOTAL:
           5.2290616156792584
              CALC_DA_BND takes  0 hours  0 minutes and    0.08 seconds (CPU).
                          takes  0 hours  0 minutes and    0.08 seconds (WALL).
************  DA-  ************
 NI=  1 NI_GLOBAL=  1
  -0.0304  -0.0289  -0.0278  -0.0278  -0.0289  -0.0304  -0.0226  -0.0211  -0.0191  -0.0178  -0.0178  -0.0191  -0.0211  -0.0226
************  DAA  ************
 NI=  1 NI_GLOBAL=  1
  -0.0290  -0.0290  -0.0290  -0.0290  -0.0290  -0.0290  -0.0202  -0.0202  -0.0202  -0.0202  -0.0202  -0.0202  -0.0202  -0.0202
 NI=  1 VDC=    1.3342
************  LA2  ************
 NI=  1 NI_GLOBAL=  1
  -2.9510  -2.9510  -2.9510  -2.9510  -2.9510  -2.9510  -2.8456  -2.8456  -2.8456  -2.8456  -2.8456  -2.8456  -2.8456  -2.8456
 NI=  1 PHI-step gap=  0.15E+00
************  RAA  ************
 NI=  1 NI_GLOBAL=  1
   0.9090   0.9090   0.9090   0.9090   0.9090   0.9090   0.9238   0.9238   0.9238   0.9238   0.9238   0.9238   0.9238   0.9238
************  NC0  ************
 NI=  1 NI_GLOBAL=  1
   0.7472   0.7472   0.7472   0.7472   0.7472   0.7472   0.0932   0.0932   0.0932   0.0932   0.0932   0.0932   0.0932   0.0932
                  CALC_LC takes  0 hours  5 minutes and   26.23 seconds (CPU).
                          takes  0 hours  5 minutes and   26.16 seconds (WALL).
                GUTZ_FCN1 takes  0 hours  5 minutes and   26.89 seconds (CPU).
                          takes  0 hours  5 minutes and   26.52 seconds (WALL).
************  DIF_X  ************
   -0.000000116129   -0.000001561052
   -0.000001231032   -0.000000347889
 ITER1=  2 MAXERR=    0.00000156
************   WH%X  ************
    0.90904332    0.92375913
    1.54772910    1.69065068
************  RIN  ************
 NI=  1 NI_GLOBAL=  1
   0.9090   0.9090   0.9090   0.9090   0.9090   0.9090   0.9238   0.9238   0.9238   0.9238   0.9238   0.9238   0.9238   0.9238
************  LA1  ************
 NI=  1 NI_GLOBAL=  1
   1.5477   1.5477   1.5477   1.5477   1.5477   1.5477   1.6907   1.6907   1.6907   1.6907   1.6907   1.6907   1.6907   1.6907
             CALC_BAND_AL takes  0 hours  0 minutes and    0.49 seconds (CPU).
                          takes  0 hours  0 minutes and    0.25 seconds (WALL).
 ILOOP            1
 ILOOP            2
   FERMI ENERGY AT    1.56494539006225     
   SUM RULE OF TETRAHEDRON INTEGRATION CHECKED 
   number of occupied bands:          18
   highest energy:   1.57335549012027     
************  NK-  ************
 NI=  1 NI_GLOBAL=  1
   0.7241   0.7231   0.7944   0.7944   0.7231   0.7241   0.1044   0.0933   0.0951   0.0800   0.0800   0.0951   0.0933   0.1044
************  NNK  ************
 NI=  1 NI_GLOBAL=  1
   0.7241   0.0000   0.0000   0.0000  -0.0426   0.0000   0.0000   0.0261   0.0000   0.0000   0.0000  -0.0314   0.0000   0.0000
   0.0000   0.7231   0.0000   0.0000   0.0000  -0.0426   0.0000   0.0000  -0.0394   0.0000   0.0000   0.0000   0.0383   0.0000
   0.0000   0.0000   0.7944   0.0000   0.0000   0.0000   0.0000   0.0000   0.0000   0.0572   0.0000   0.0000   0.0000  -0.0372
   0.0000   0.0000   0.0000   0.7944   0.0000   0.0000   0.0372   0.0000   0.0000   0.0000  -0.0572   0.0000   0.0000   0.0000
  -0.0426   0.0000   0.0000   0.0000   0.7231   0.0000   0.0000  -0.0383   0.0000   0.0000   0.0000   0.0394   0.0000   0.0000
   0.0000  -0.0426   0.0000   0.0000   0.0000   0.7241   0.0000   0.0000   0.0314   0.0000   0.0000   0.0000  -0.0261   0.0000
   0.0000   0.0000   0.0000   0.0372   0.0000   0.0000   0.1044   0.0000   0.0000   0.0000  -0.0149   0.0000   0.0000   0.0000
   0.0261   0.0000   0.0000   0.0000  -0.0383   0.0000   0.0000   0.0933   0.0000   0.0000   0.0000  -0.0097   0.0000   0.0000
   0.0000  -0.0394   0.0000   0.0000   0.0000   0.0314   0.0000   0.0000   0.0951   0.0000   0.0000   0.0000  -0.0097   0.0000
   0.0000   0.0000   0.0572   0.0000   0.0000   0.0000   0.0000   0.0000   0.0000   0.0800   0.0000   0.0000   0.0000  -0.0149
   0.0000   0.0000   0.0000  -0.0572   0.0000   0.0000  -0.0149   0.0000   0.0000   0.0000   0.0800   0.0000   0.0000   0.0000
  -0.0314   0.0000   0.0000   0.0000   0.0394   0.0000   0.0000  -0.0097   0.0000   0.0000   0.0000   0.0951   0.0000   0.0000
   0.0000   0.0383   0.0000   0.0000   0.0000  -0.0261   0.0000   0.0000  -0.0097   0.0000   0.0000   0.0000   0.0933   0.0000
   0.0000   0.0000  -0.0372   0.0000   0.0000   0.0000   0.0000   0.0000   0.0000  -0.0149   0.0000   0.0000   0.0000   0.1044
************  NKS  ************
 NI=  1 NI_GLOBAL=  1
   0.7472   0.7472   0.7472   0.7472   0.7472   0.7472   0.0932   0.0932   0.0932   0.0932   0.0932   0.0932   0.0932   0.0932
 NELE_LOC TOTAL:
           5.2290543334494162
              CALC_DA_BND takes  0 hours  0 minutes and    0.15 seconds (CPU).
                          takes  0 hours  0 minutes and    0.08 seconds (WALL).
************  DA-  ************
 NI=  1 NI_GLOBAL=  1
  -0.0304  -0.0289  -0.0278  -0.0278  -0.0289  -0.0304  -0.0226  -0.0211  -0.0191  -0.0178  -0.0178  -0.0191  -0.0211  -0.0226
************  DAA  ************
 NI=  1 NI_GLOBAL=  1
  -0.0290  -0.0290  -0.0290  -0.0290  -0.0290  -0.0290  -0.0202  -0.0202  -0.0202  -0.0202  -0.0202  -0.0202  -0.0202  -0.0202
 NI=  1 VDC=    1.3342
************  LA2  ************
 NI=  1 NI_GLOBAL=  1
  -2.9510  -2.9510  -2.9510  -2.9510  -2.9510  -2.9510  -2.8456  -2.8456  -2.8456  -2.8456  -2.8456  -2.8456  -2.8456  -2.8456
 NI=  1 PHI-step gap=  0.15E+00
************  RAA  ************
 NI=  1 NI_GLOBAL=  1
   0.9090   0.9090   0.9090   0.9090   0.9090   0.9090   0.9238   0.9238   0.9238   0.9238   0.9238   0.9238   0.9238   0.9238
************  NC0  ************
 NI=  1 NI_GLOBAL=  1
   0.7472   0.7472   0.7472   0.7472   0.7472   0.7472   0.0932   0.0932   0.0932   0.0932   0.0932   0.0932   0.0932   0.0932
                  CALC_LC takes  0 hours  5 minutes and   22.84 seconds (CPU).
                          takes  0 hours  5 minutes and   22.84 seconds (WALL).
                GUTZ_FCN1 takes  0 hours  5 minutes and   23.59 seconds (CPU).
                          takes  0 hours  5 minutes and   23.22 seconds (WALL).
************  DIF_X  ************
    0.000000087244   -0.000000161546
   -0.000000081532   -0.000000025188
 ITER1=  3 MAXERR=    0.00000016
************   WH%X  ************
    0.90904331    0.92375908
    1.54772918    1.69065075
************  RIN  ************
 NI=  1 NI_GLOBAL=  1
   0.9090   0.9090   0.9090   0.9090   0.9090   0.9090   0.9238   0.9238   0.9238   0.9238   0.9238   0.9238   0.9238   0.9238
************  LA1  ************
 NI=  1 NI_GLOBAL=  1
   1.5477   1.5477   1.5477   1.5477   1.5477   1.5477   1.6907   1.6907   1.6907   1.6907   1.6907   1.6907   1.6907   1.6907
             CALC_BAND_AL takes  0 hours  0 minutes and    0.49 seconds (CPU).
                          takes  0 hours  0 minutes and    0.23 seconds (WALL).
 ILOOP            1
 ILOOP            2
   FERMI ENERGY AT    1.56494546150162     
   SUM RULE OF TETRAHEDRON INTEGRATION CHECKED 
   number of occupied bands:          18
   highest energy:   1.57335555276539     
************  NK-  ************
 NI=  1 NI_GLOBAL=  1
   0.7241   0.7231   0.7944   0.7944   0.7231   0.7241   0.1044   0.0933   0.0951   0.0800   0.0800   0.0951   0.0933   0.1044
************  NNK  ************
 NI=  1 NI_GLOBAL=  1
   0.7241   0.0000   0.0000   0.0000  -0.0426   0.0000   0.0000   0.0261   0.0000   0.0000   0.0000  -0.0314   0.0000   0.0000
   0.0000   0.7231   0.0000   0.0000   0.0000  -0.0426   0.0000   0.0000  -0.0394   0.0000   0.0000   0.0000   0.0383   0.0000
   0.0000   0.0000   0.7944   0.0000   0.0000   0.0000   0.0000   0.0000   0.0000   0.0572   0.0000   0.0000   0.0000  -0.0372
   0.0000   0.0000   0.0000   0.7944   0.0000   0.0000   0.0372   0.0000   0.0000   0.0000  -0.0572   0.0000   0.0000   0.0000
  -0.0426   0.0000   0.0000   0.0000   0.7231   0.0000   0.0000  -0.0383   0.0000   0.0000   0.0000   0.0394   0.0000   0.0000
   0.0000  -0.0426   0.0000   0.0000   0.0000   0.7241   0.0000   0.0000   0.0314   0.0000   0.0000   0.0000  -0.0261   0.0000
   0.0000   0.0000   0.0000   0.0372   0.0000   0.0000   0.1044   0.0000   0.0000   0.0000  -0.0149   0.0000   0.0000   0.0000
   0.0261   0.0000   0.0000   0.0000  -0.0383   0.0000   0.0000   0.0933   0.0000   0.0000   0.0000  -0.0097   0.0000   0.0000
   0.0000  -0.0394   0.0000   0.0000   0.0000   0.0314   0.0000   0.0000   0.0951   0.0000   0.0000   0.0000  -0.0097   0.0000
   0.0000   0.0000   0.0572   0.0000   0.0000   0.0000   0.0000   0.0000   0.0000   0.0800   0.0000   0.0000   0.0000  -0.0149
   0.0000   0.0000   0.0000  -0.0572   0.0000   0.0000  -0.0149   0.0000   0.0000   0.0000   0.0800   0.0000   0.0000   0.0000
  -0.0314   0.0000   0.0000   0.0000   0.0394   0.0000   0.0000  -0.0097   0.0000   0.0000   0.0000   0.0951   0.0000   0.0000
   0.0000   0.0383   0.0000   0.0000   0.0000  -0.0261   0.0000   0.0000  -0.0097   0.0000   0.0000   0.0000   0.0933   0.0000
   0.0000   0.0000  -0.0372   0.0000   0.0000   0.0000   0.0000   0.0000   0.0000  -0.0149   0.0000   0.0000   0.0000   0.1044
************  NKS  ************
 NI=  1 NI_GLOBAL=  1
   0.7472   0.7472   0.7472   0.7472   0.7472   0.7472   0.0932   0.0932   0.0932   0.0932   0.0932   0.0932   0.0932   0.0932
 NELE_LOC TOTAL:
           5.2290538250499914
              CALC_DA_BND takes  0 hours  0 minutes and    0.15 seconds (CPU).
                          takes  0 hours  0 minutes and    0.08 seconds (WALL).
************  DA-  ************
 NI=  1 NI_GLOBAL=  1
  -0.0304  -0.0289  -0.0278  -0.0278  -0.0289  -0.0304  -0.0226  -0.0211  -0.0191  -0.0178  -0.0178  -0.0191  -0.0211  -0.0226
************  DAA  ************
 NI=  1 NI_GLOBAL=  1
  -0.0290  -0.0290  -0.0290  -0.0290  -0.0290  -0.0290  -0.0202  -0.0202  -0.0202  -0.0202  -0.0202  -0.0202  -0.0202  -0.0202
 NI=  1 VDC=    1.3342
************  LA2  ************
 NI=  1 NI_GLOBAL=  1
  -2.9510  -2.9510  -2.9510  -2.9510  -2.9510  -2.9510  -2.8456  -2.8456  -2.8456  -2.8456  -2.8456  -2.8456  -2.8456  -2.8456
 NI=  1 PHI-step gap=  0.15E+00
************  RAA  ************
 NI=  1 NI_GLOBAL=  1
   0.9090   0.9090   0.9090   0.9090   0.9090   0.9090   0.9238   0.9238   0.9238   0.9238   0.9238   0.9238   0.9238   0.9238
************  NC0  ************
 NI=  1 NI_GLOBAL=  1
   0.7472   0.7472   0.7472   0.7472   0.7472   0.7472   0.0932   0.0932   0.0932   0.0932   0.0932   0.0932   0.0932   0.0932
                  CALC_LC takes  0 hours  5 minutes and   23.38 seconds (CPU).
                          takes  0 hours  5 minutes and   23.34 seconds (WALL).
                GUTZ_FCN1 takes  0 hours  5 minutes and   24.13 seconds (CPU).
                          takes  0 hours  5 minutes and   23.72 seconds (WALL).
************  DIF_X  ************
    0.000000001025   -0.000000002848
   -0.000000001016    0.000000000030
 ITER1=  4 MAXERR=    0.00000000
 NFJAC=   0
 SOLVE1 FINISHED WITH       4 ITERATIONS.
               GUTZ_SOLVE takes  0 hours 21 minutes and   39.50 seconds (CPU).
                          takes  0 hours 21 minutes and   38.06 seconds (WALL).
 MAX. NELF1 DIFF=    0.00065347
               CALC_PJRHO takes  0 hours  0 minutes and    0.50 seconds (CPU).
                          takes  0 hours  0 minutes and    0.38 seconds (WALL).
 NI=  1 SUM_PHY-SUM_KS=     -0.00000001 WOULD BE RENORMALIZED
************  NC1  ************
 NI=  1 NI_GLOBAL=  1
   0.7389   0.7389   0.7389   0.7389   0.7389   0.7389   0.0994   0.0994   0.0994   0.0994   0.0994   0.0994   0.0994   0.0994
               CALC_NCPHY takes  0 hours  0 minutes and   49.46 seconds (CPU).
                          takes  0 hours  0 minutes and   49.31 seconds (WALL).
 GYZ%PJ%EGAMM:
    11.48241
 ENG%GAMM:    11.48241
 ENG%POT2:     3.14436
 EDCLA1(NI) ARRAY:
    -8.200
 EDCUJ(NI) ARRAY:
    -3.139
 EDCUJV(NI) ARRAY:
    -6.977
 EDC(NI) ARRAY:
   -11.339
 ENG%DBLC:   -11.33874
 ENG%DC1 :    -8.19974
 ENG%DC2 :    -3.13900
 ENG%DC2V:    -6.97652
 DC_E_STD_TO_E_V:    -3.83752
 ENG%BAND:     8.97871
 ENG%DL(DEEP LEVEL):    -2.83777
 ENG%TB=     9.12238
 ENG%TB-DC2=    12.26138
 NI=  1 OCC_CONFIG_WEIGHT:
        OCC= 0 WEIGHT=   0.00000
        OCC= 1 WEIGHT=   0.00000
        OCC= 2 WEIGHT=   0.00031
        OCC= 3 WEIGHT=   0.01275
        OCC= 4 WEIGHT=   0.15532
        OCC= 5 WEIGHT=   0.47420
        OCC= 6 WEIGHT=   0.30663
        OCC= 7 WEIGHT=   0.04821
        OCC= 8 WEIGHT=   0.00252
        OCC= 9 WEIGHT=   0.00005
                 CALC_RCW takes  0 hours  0 minutes and    0.00 seconds (CPU).
                          takes  0 hours  0 minutes and    0.00 seconds (WALL).
 NI=  1 J2=   21.6735
                 CALC_SLJ takes  0 hours  0 minutes and    0.00 seconds (CPU).
                          takes  0 hours  0 minutes and    0.00 seconds (WALL).
 NI=  1 ENTANGLEMENT ENTROPY=      5.6491
           CALC_ENTANGLES takes  0 hours  0 minutes and    0.95 seconds (CPU).
                          takes  0 hours  0 minutes and    0.92 seconds (WALL).
 CORRELATED SUBSPACE, SUM_FERWT=      8.0000000 SUM_KSWT=      8.0000000
 MAX OFF DIAGONAL KS.WT=    0.001616
 MAX/MIN R=    0.923759    0.909043
                CALC_KSWT takes  0 hours  0 minutes and    0.02 seconds (CPU).
                          takes  0 hours  0 minutes and    0.00 seconds (WALL).
                    TOTAL takes  0 hours 23 minutes and   32.68 seconds (CPU).
                          takes  0 hours 23 minutes and   31.02 seconds (WALL).
