******Program DMFT: Computes Gloc and Delta for Dynamical Mean Field Theory calculation ******
 CALCULATION WITH COMPLEX VECTORS
 CALCULATION WITH SOC VECTORS REQUIRED
 Running DMFT in mpi mode
  
 numkpt=         726
   0.00000   0.00000   0.00000   1.00000
   0.04762   0.04762   0.00000   4.00000
   0.09524   0.09524   0.00000   4.00000
   0.14286   0.14286   0.00000   4.00000
   0.19048   0.19048   0.00000   4.00000
   0.23810   0.23810   0.00000   4.00000
   0.28571   0.28571   0.00000   4.00000
   0.33333   0.33333   0.00000   4.00000
   0.38095   0.38095   0.00000   4.00000
   0.42857   0.42857   0.00000   4.00000
   0.47619   0.47619   0.00000   4.00000
   0.04762   0.00000   0.04762   8.00000
   0.09524   0.04762   0.04762  16.00000
   0.14286   0.09524   0.04762  16.00000
   0.19048   0.14286   0.04762  16.00000
   0.23810   0.19048   0.04762  16.00000
   0.28571   0.23810   0.04762  16.00000
   0.33333   0.28571   0.04762  16.00000
   0.38095   0.33333   0.04762  16.00000
   0.42857   0.38095   0.04762  16.00000
   0.47619   0.42857   0.04762  16.00000
   0.52381   0.47619   0.04762   8.00000
   0.09524   0.00000   0.09524   8.00000
   0.14286   0.04762   0.09524  16.00000
   0.19048   0.09524   0.09524  16.00000
   0.23810   0.14286   0.09524  16.00000
   0.28571   0.19048   0.09524  16.00000
   0.33333   0.23810   0.09524  16.00000
   0.38095   0.28571   0.09524  16.00000
   0.42857   0.33333   0.09524  16.00000
   0.47619   0.38095   0.09524  16.00000
   0.52381   0.42857   0.09524  16.00000
   1.04762   0.95238   0.09524   8.00000
   0.14286   0.00000   0.14286   8.00000
   0.19048   0.04762   0.14286  16.00000
   0.23810   0.09524   0.14286  16.00000
   0.28571   0.14286   0.14286  16.00000
   0.33333   0.19048   0.14286  16.00000
   0.38095   0.23810   0.14286  16.00000
   0.42857   0.28571   0.14286  16.00000
   0.47619   0.33333   0.14286  16.00000
   0.52381   0.38095   0.14286  16.00000
   0.57143   0.42857   0.14286   8.00000
   1.04762   0.90476   0.14286  16.00000
   0.19048   0.00000   0.19048   8.00000
   0.23810   0.04762   0.19048  16.00000
   0.28571   0.09524   0.19048  16.00000
   0.33333   0.14286   0.19048  16.00000
   0.38095   0.19048   0.19048  16.00000
   0.42857   0.23810   0.19048  16.00000
   0.47619   0.28571   0.19048  16.00000
   0.52381   0.33333   0.19048  16.00000
   0.57143   0.38095   0.19048  16.00000
   1.04762   0.85714   0.19048  16.00000
   1.09524   0.90476   0.19048   8.00000
   0.23810   0.00000   0.23810   8.00000
   0.28571   0.04762   0.23810  16.00000
   0.33333   0.09524   0.23810  16.00000
   0.38095   0.14286   0.23810  16.00000
   0.42857   0.19048   0.23810  16.00000
   0.47619   0.23810   0.23810  16.00000
   0.52381   0.28571   0.23810  16.00000
   0.57143   0.33333   0.23810  16.00000
   0.61905   0.38095   0.23810   8.00000
   1.04762   0.80952   0.23810  16.00000
   1.09524   0.85714   0.23810  16.00000
   0.28571   0.00000   0.28571   8.00000
   0.33333   0.04762   0.28571  16.00000
   0.38095   0.09524   0.28571  16.00000
   0.42857   0.14286   0.28571  16.00000
   0.47619   0.19048   0.28571  16.00000
   0.52381   0.23810   0.28571  16.00000
   0.57143   0.28571   0.28571  16.00000
   0.61905   0.33333   0.28571  16.00000
   1.04762   0.76190   0.28571  16.00000
   1.09524   0.80952   0.28571  16.00000
   1.14286   0.85714   0.28571   8.00000
   0.33333   0.00000   0.33333   8.00000
   0.38095   0.04762   0.33333  16.00000
   0.42857   0.09524   0.33333  16.00000
   0.47619   0.14286   0.33333  16.00000
   0.52381   0.19048   0.33333  16.00000
   0.57143   0.23810   0.33333  16.00000
   0.61905   0.28571   0.33333  16.00000
   0.66667   0.33333   0.33333   8.00000
   1.04762   0.71429   0.33333  16.00000
   1.09524   0.76190   0.33333  16.00000
   1.14286   0.80952   0.33333  16.00000
   0.38095   0.00000   0.38095   8.00000
   0.42857   0.04762   0.38095  16.00000
   0.47619   0.09524   0.38095  16.00000
   0.52381   0.14286   0.38095  16.00000
   0.57143   0.19048   0.38095  16.00000
   0.61905   0.23810   0.38095  16.00000
   0.66667   0.28571   0.38095  16.00000
   1.04762   0.66667   0.38095  16.00000
   1.09524   0.71429   0.38095  16.00000
   1.14286   0.76190   0.38095  16.00000
   1.19048   0.80952   0.38095   8.00000
   0.42857   0.00000   0.42857   8.00000
   0.47619   0.04762   0.42857  16.00000
   0.52381   0.09524   0.42857  16.00000
   0.57143   0.14286   0.42857  16.00000
   0.61905   0.19048   0.42857  16.00000
   0.66667   0.23810   0.42857  16.00000
   0.71429   0.28571   0.42857   8.00000
   1.04762   0.61905   0.42857  16.00000
   1.09524   0.66667   0.42857  16.00000
   1.14286   0.71429   0.42857  16.00000
   1.19048   0.76190   0.42857  16.00000
   0.47619   0.00000   0.47619   8.00000
   0.52381   0.04762   0.47619  16.00000
   0.57143   0.09524   0.47619  16.00000
   0.61905   0.14286   0.47619  16.00000
   0.66667   0.19048   0.47619  16.00000
   0.71429   0.23810   0.47619  16.00000
   1.04762   0.57143   0.47619  16.00000
   1.09524   0.61905   0.47619  16.00000
   1.14286   0.66667   0.47619  16.00000
   1.19048   0.71429   0.47619  16.00000
   1.23810   0.76190   0.47619   8.00000
   0.09524   0.09524   0.09524   8.00000
   0.14286   0.14286   0.09524   8.00000
   0.19048   0.19048   0.09524   8.00000
   0.23810   0.23810   0.09524   8.00000
   0.28571   0.28571   0.09524   8.00000
   0.33333   0.33333   0.09524   8.00000
   0.38095   0.38095   0.09524   8.00000
   0.42857   0.42857   0.09524   8.00000
   0.47619   0.47619   0.09524   8.00000
   1.00000   1.00000   0.09524   2.00000
   0.14286   0.09524   0.14286  16.00000
   0.19048   0.14286   0.14286  16.00000
   0.23810   0.19048   0.14286  16.00000
   0.28571   0.23810   0.14286  16.00000
   0.33333   0.28571   0.14286  16.00000
   0.38095   0.33333   0.14286  16.00000
   0.42857   0.38095   0.14286  16.00000
   0.47619   0.42857   0.14286  16.00000
   0.52381   0.47619   0.14286   8.00000
   1.00000   0.95238   0.14286   8.00000
   0.19048   0.09524   0.19048  16.00000
   0.23810   0.14286   0.19048  16.00000
   0.28571   0.19048   0.19048  16.00000
   0.33333   0.23810   0.19048  16.00000
   0.38095   0.28571   0.19048  16.00000
   0.42857   0.33333   0.19048  16.00000
   0.47619   0.38095   0.19048  16.00000
   0.52381   0.42857   0.19048  16.00000
   1.00000   0.90476   0.19048   8.00000
   1.04762   0.95238   0.19048   8.00000
   0.23810   0.09524   0.23810  16.00000
   0.28571   0.14286   0.23810  16.00000
   0.33333   0.19048   0.23810  16.00000
   0.38095   0.23810   0.23810  16.00000
   0.42857   0.28571   0.23810  16.00000
   0.47619   0.33333   0.23810  16.00000
   0.52381   0.38095   0.23810  16.00000
   0.57143   0.42857   0.23810   8.00000
   1.00000   0.85714   0.23810   8.00000
   1.04762   0.90476   0.23810  16.00000
   0.28571   0.09524   0.28571  16.00000
   0.33333   0.14286   0.28571  16.00000
   0.38095   0.19048   0.28571  16.00000
   0.42857   0.23810   0.28571  16.00000
   0.47619   0.28571   0.28571  16.00000
   0.52381   0.33333   0.28571  16.00000
   0.57143   0.38095   0.28571  16.00000
   1.00000   0.80952   0.28571   8.00000
   1.04762   0.85714   0.28571  16.00000
   1.09524   0.90476   0.28571   8.00000
   0.33333   0.09524   0.33333  16.00000
   0.38095   0.14286   0.33333  16.00000
   0.42857   0.19048   0.33333  16.00000
   0.47619   0.23810   0.33333  16.00000
   0.52381   0.28571   0.33333  16.00000
   0.57143   0.33333   0.33333  16.00000
   0.61905   0.38095   0.33333   8.00000
   1.00000   0.76190   0.33333   8.00000
   1.04762   0.80952   0.33333  16.00000
   1.09524   0.85714   0.33333  16.00000
   0.38095   0.09524   0.38095  16.00000
   0.42857   0.14286   0.38095  16.00000
   0.47619   0.19048   0.38095  16.00000
   0.52381   0.23810   0.38095  16.00000
   0.57143   0.28571   0.38095  16.00000
   0.61905   0.33333   0.38095  16.00000
   1.00000   0.71429   0.38095   8.00000
   1.04762   0.76190   0.38095  16.00000
   1.09524   0.80952   0.38095  16.00000
   1.14286   0.85714   0.38095   8.00000
   0.42857   0.09524   0.42857  16.00000
   0.47619   0.14286   0.42857  16.00000
   0.52381   0.19048   0.42857  16.00000
   0.57143   0.23810   0.42857  16.00000
   0.61905   0.28571   0.42857  16.00000
   0.66667   0.33333   0.42857   8.00000
   1.00000   0.66667   0.42857   8.00000
   1.04762   0.71429   0.42857  16.00000
   1.09524   0.76190   0.42857  16.00000
   1.14286   0.80952   0.42857  16.00000
   0.47619   0.09524   0.47619  16.00000
   0.52381   0.14286   0.47619  16.00000
   0.57143   0.19048   0.47619  16.00000
   0.61905   0.23810   0.47619  16.00000
   0.66667   0.28571   0.47619  16.00000
   1.00000   0.61905   0.47619   8.00000
   1.04762   0.66667   0.47619  16.00000
   1.09524   0.71429   0.47619  16.00000
   1.14286   0.76190   0.47619  16.00000
   1.19048   0.80952   0.47619   8.00000
   0.57143   0.14286   0.52381  16.00000
   0.61905   0.19048   0.52381  16.00000
   0.66667   0.23810   0.52381  16.00000
   0.71429   0.28571   0.52381   8.00000
   1.00000   0.57143   0.52381   8.00000
   1.04762   0.61905   0.52381  16.00000
   1.09524   0.66667   0.52381  16.00000
   1.14286   0.71429   0.52381  16.00000
   1.19048   0.76190   0.52381  16.00000
   0.61905   0.14286   0.57143  16.00000
   0.66667   0.19048   0.57143  16.00000
   0.71429   0.23810   0.57143  16.00000
   1.00000   0.52381   0.57143   8.00000
   1.04762   0.57143   0.57143  16.00000
   1.09524   0.61905   0.57143  16.00000
   1.14286   0.66667   0.57143  16.00000
   1.19048   0.71429   0.57143  16.00000
   1.23810   0.76190   0.57143   8.00000
   0.66667   0.14286   0.61905  16.00000
   0.71429   0.19048   0.61905  16.00000
   0.76190   0.23810   0.61905   8.00000
   1.00000   0.47619   0.61905   8.00000
   1.04762   0.52381   0.61905  16.00000
   1.09524   0.57143   0.61905  16.00000
   1.14286   0.61905   0.61905  16.00000
   1.19048   0.66667   0.61905  16.00000
   1.23810   0.71429   0.61905  16.00000
   0.71429   0.14286   0.66667  16.00000
   0.76190   0.19048   0.66667  16.00000
   1.00000   0.42857   0.66667   8.00000
   1.04762   0.47619   0.66667  16.00000
   1.09524   0.52381   0.66667  16.00000
   1.14286   0.57143   0.66667  16.00000
   1.19048   0.61905   0.66667  16.00000
   1.23810   0.66667   0.66667  16.00000
   1.28571   0.71429   0.66667   8.00000
   0.76190   0.14286   0.71429  16.00000
   0.80952   0.19048   0.71429   8.00000
   1.00000   0.38095   0.71429   8.00000
   1.04762   0.42857   0.71429  16.00000
   1.09524   0.47619   0.71429  16.00000
   1.14286   0.52381   0.71429  16.00000
   1.19048   0.57143   0.71429  16.00000
   1.23810   0.61905   0.71429  16.00000
   1.28571   0.66667   0.71429  16.00000
   0.80952   0.14286   0.76190  16.00000
   1.00000   0.33333   0.76190   8.00000
   1.04762   0.38095   0.76190  16.00000
   1.09524   0.42857   0.76190  16.00000
   1.14286   0.47619   0.76190  16.00000
   1.19048   0.52381   0.76190  16.00000
   1.23810   0.57143   0.76190  16.00000
   1.28571   0.61905   0.76190  16.00000
   1.33333   0.66667   0.76190   8.00000
   0.85714   0.14286   0.80952   8.00000
   1.00000   0.28571   0.80952   8.00000
   1.04762   0.33333   0.80952  16.00000
   1.09524   0.38095   0.80952  16.00000
   1.14286   0.42857   0.80952  16.00000
   1.19048   0.47619   0.80952  16.00000
   1.23810   0.52381   0.80952  16.00000
   1.28571   0.57143   0.80952  16.00000
   1.33333   0.61905   0.80952  16.00000
   1.00000   0.23810   0.85714   8.00000
   1.04762   0.28571   0.85714  16.00000
   1.09524   0.33333   0.85714  16.00000
   1.14286   0.38095   0.85714  16.00000
   1.19048   0.42857   0.85714  16.00000
   1.23810   0.47619   0.85714  16.00000
   1.28571   0.52381   0.85714  16.00000
   1.33333   0.57143   0.85714  16.00000
   1.38095   0.61905   0.85714   8.00000
   1.00000   0.19048   0.90476   8.00000
   1.04762   0.23810   0.90476  16.00000
   1.09524   0.28571   0.90476  16.00000
   1.14286   0.33333   0.90476  16.00000
   1.19048   0.38095   0.90476  16.00000
   1.23810   0.42857   0.90476  16.00000
   1.28571   0.47619   0.90476  16.00000
   1.33333   0.52381   0.90476  16.00000
   1.38095   0.57143   0.90476  16.00000
   1.00000   0.14286   0.95238   8.00000
   1.04762   0.19048   0.95238  16.00000
   1.09524   0.23810   0.95238  16.00000
   1.14286   0.28571   0.95238  16.00000
   1.19048   0.33333   0.95238  16.00000
   1.23810   0.38095   0.95238  16.00000
   1.28571   0.42857   0.95238  16.00000
   1.33333   0.47619   0.95238  16.00000
   1.38095   0.52381   0.95238  16.00000
   1.42857   0.57143   0.95238   8.00000
   1.00000   0.09524   1.00000   4.00000
   1.04762   0.14286   1.00000   8.00000
   1.09524   0.19048   1.00000   8.00000
   1.14286   0.23810   1.00000   8.00000
   1.19048   0.28571   1.00000   8.00000
   1.23810   0.33333   1.00000   8.00000
   1.28571   0.38095   1.00000   8.00000
   1.33333   0.42857   1.00000   8.00000
   1.38095   0.47619   1.00000   8.00000
   1.42857   0.52381   1.00000   8.00000
   0.19048   0.19048   0.19048   8.00000
   0.23810   0.23810   0.19048   8.00000
   0.28571   0.28571   0.19048   8.00000
   0.33333   0.33333   0.19048   8.00000
   0.38095   0.38095   0.19048   8.00000
   0.42857   0.42857   0.19048   8.00000
   0.47619   0.47619   0.19048   8.00000
   1.00000   1.00000   0.19048   2.00000
   0.23810   0.19048   0.23810  16.00000
   0.28571   0.23810   0.23810  16.00000
   0.33333   0.28571   0.23810  16.00000
   0.38095   0.33333   0.23810  16.00000
   0.42857   0.38095   0.23810  16.00000
   0.47619   0.42857   0.23810  16.00000
   0.52381   0.47619   0.23810   8.00000
   1.00000   0.95238   0.23810   8.00000
   0.28571   0.19048   0.28571  16.00000
   0.33333   0.23810   0.28571  16.00000
   0.38095   0.28571   0.28571  16.00000
   0.42857   0.33333   0.28571  16.00000
   0.47619   0.38095   0.28571  16.00000
   0.52381   0.42857   0.28571  16.00000
   1.00000   0.90476   0.28571   8.00000
   1.04762   0.95238   0.28571   8.00000
   0.33333   0.19048   0.33333  16.00000
   0.38095   0.23810   0.33333  16.00000
   0.42857   0.28571   0.33333  16.00000
   0.47619   0.33333   0.33333  16.00000
   0.52381   0.38095   0.33333  16.00000
   0.57143   0.42857   0.33333   8.00000
   1.00000   0.85714   0.33333   8.00000
   1.04762   0.90476   0.33333  16.00000
   0.38095   0.19048   0.38095  16.00000
   0.42857   0.23810   0.38095  16.00000
   0.47619   0.28571   0.38095  16.00000
   0.52381   0.33333   0.38095  16.00000
   0.57143   0.38095   0.38095  16.00000
   1.00000   0.80952   0.38095   8.00000
   1.04762   0.85714   0.38095  16.00000
   1.09524   0.90476   0.38095   8.00000
   0.42857   0.19048   0.42857  16.00000
   0.47619   0.23810   0.42857  16.00000
   0.52381   0.28571   0.42857  16.00000
   0.57143   0.33333   0.42857  16.00000
   0.61905   0.38095   0.42857   8.00000
   1.00000   0.76190   0.42857   8.00000
   1.04762   0.80952   0.42857  16.00000
   1.09524   0.85714   0.42857  16.00000
   0.47619   0.19048   0.47619  16.00000
   0.52381   0.23810   0.47619  16.00000
   0.57143   0.28571   0.47619  16.00000
   0.61905   0.33333   0.47619  16.00000
   1.00000   0.71429   0.47619   8.00000
   1.04762   0.76190   0.47619  16.00000
   1.09524   0.80952   0.47619  16.00000
   1.14286   0.85714   0.47619   8.00000
   0.57143   0.23810   0.52381  16.00000
   0.61905   0.28571   0.52381  16.00000
   0.66667   0.33333   0.52381   8.00000
   1.00000   0.66667   0.52381   8.00000
   1.04762   0.71429   0.52381  16.00000
   1.09524   0.76190   0.52381  16.00000
   1.14286   0.80952   0.52381  16.00000
   0.61905   0.23810   0.57143  16.00000
   0.66667   0.28571   0.57143  16.00000
   1.00000   0.61905   0.57143   8.00000
   1.04762   0.66667   0.57143  16.00000
   1.09524   0.71429   0.57143  16.00000
   1.14286   0.76190   0.57143  16.00000
   1.19048   0.80952   0.57143   8.00000
   0.66667   0.23810   0.61905  16.00000
   0.71429   0.28571   0.61905   8.00000
   1.00000   0.57143   0.61905   8.00000
   1.04762   0.61905   0.61905  16.00000
   1.09524   0.66667   0.61905  16.00000
   1.14286   0.71429   0.61905  16.00000
   1.19048   0.76190   0.61905  16.00000
   0.71429   0.23810   0.66667  16.00000
   1.00000   0.52381   0.66667   8.00000
   1.04762   0.57143   0.66667  16.00000
   1.09524   0.61905   0.66667  16.00000
   1.14286   0.66667   0.66667  16.00000
   1.19048   0.71429   0.66667  16.00000
   1.23810   0.76190   0.66667   8.00000
   0.76190   0.23810   0.71429   8.00000
   1.00000   0.47619   0.71429   8.00000
   1.04762   0.52381   0.71429  16.00000
   1.09524   0.57143   0.71429  16.00000
   1.14286   0.61905   0.71429  16.00000
   1.19048   0.66667   0.71429  16.00000
   1.23810   0.71429   0.71429  16.00000
   1.00000   0.42857   0.76190   8.00000
   1.04762   0.47619   0.76190  16.00000
   1.09524   0.52381   0.76190  16.00000
   1.14286   0.57143   0.76190  16.00000
   1.19048   0.61905   0.76190  16.00000
   1.23810   0.66667   0.76190  16.00000
   1.28571   0.71429   0.76190   8.00000
   1.00000   0.38095   0.80952   8.00000
   1.04762   0.42857   0.80952  16.00000
   1.09524   0.47619   0.80952  16.00000
   1.14286   0.52381   0.80952  16.00000
   1.19048   0.57143   0.80952  16.00000
   1.23810   0.61905   0.80952  16.00000
   1.28571   0.66667   0.80952  16.00000
   1.00000   0.33333   0.85714   8.00000
   1.04762   0.38095   0.85714  16.00000
   1.09524   0.42857   0.85714  16.00000
   1.14286   0.47619   0.85714  16.00000
   1.19048   0.52381   0.85714  16.00000
   1.23810   0.57143   0.85714  16.00000
   1.28571   0.61905   0.85714  16.00000
   1.33333   0.66667   0.85714   8.00000
   1.00000   0.28571   0.90476   8.00000
   1.04762   0.33333   0.90476  16.00000
   1.09524   0.38095   0.90476  16.00000
   1.14286   0.42857   0.90476  16.00000
   1.19048   0.47619   0.90476  16.00000
   1.23810   0.52381   0.90476  16.00000
   1.28571   0.57143   0.90476  16.00000
   1.33333   0.61905   0.90476  16.00000
   1.00000   0.23810   0.95238   8.00000
   1.04762   0.28571   0.95238  16.00000
   1.09524   0.33333   0.95238  16.00000
   1.14286   0.38095   0.95238  16.00000
   1.19048   0.42857   0.95238  16.00000
   1.23810   0.47619   0.95238  16.00000
   1.28571   0.52381   0.95238  16.00000
   1.33333   0.57143   0.95238  16.00000
   1.38095   0.61905   0.95238   8.00000
   1.00000   0.19048   1.00000   4.00000
   1.04762   0.23810   1.00000   8.00000
   1.09524   0.28571   1.00000   8.00000
   1.14286   0.33333   1.00000   8.00000
   1.19048   0.38095   1.00000   8.00000
   1.23810   0.42857   1.00000   8.00000
   1.28571   0.47619   1.00000   8.00000
   1.33333   0.52381   1.00000   8.00000
   1.38095   0.57143   1.00000   8.00000
   0.28571   0.28571   0.28571   8.00000
   0.33333   0.33333   0.28571   8.00000
   0.38095   0.38095   0.28571   8.00000
   0.42857   0.42857   0.28571   8.00000
   0.47619   0.47619   0.28571   8.00000
   1.00000   1.00000   0.28571   2.00000
   0.33333   0.28571   0.33333  16.00000
   0.38095   0.33333   0.33333  16.00000
   0.42857   0.38095   0.33333  16.00000
   0.47619   0.42857   0.33333  16.00000
   0.52381   0.47619   0.33333   8.00000
   1.00000   0.95238   0.33333   8.00000
   0.38095   0.28571   0.38095  16.00000
   0.42857   0.33333   0.38095  16.00000
   0.47619   0.38095   0.38095  16.00000
   0.52381   0.42857   0.38095  16.00000
   1.00000   0.90476   0.38095   8.00000
   1.04762   0.95238   0.38095   8.00000
   0.42857   0.28571   0.42857  16.00000
   0.47619   0.33333   0.42857  16.00000
   0.52381   0.38095   0.42857  16.00000
   0.57143   0.42857   0.42857   8.00000
   1.00000   0.85714   0.42857   8.00000
   1.04762   0.90476   0.42857  16.00000
   0.47619   0.28571   0.47619  16.00000
   0.52381   0.33333   0.47619  16.00000
   0.57143   0.38095   0.47619  16.00000
   1.00000   0.80952   0.47619   8.00000
   1.04762   0.85714   0.47619  16.00000
   1.09524   0.90476   0.47619   8.00000
   0.57143   0.33333   0.52381  16.00000
   0.61905   0.38095   0.52381   8.00000
   1.00000   0.76190   0.52381   8.00000
   1.04762   0.80952   0.52381  16.00000
   1.09524   0.85714   0.52381  16.00000
   0.61905   0.33333   0.57143  16.00000
   1.00000   0.71429   0.57143   8.00000
   1.04762   0.76190   0.57143  16.00000
   1.09524   0.80952   0.57143  16.00000
   1.14286   0.85714   0.57143   8.00000
   0.66667   0.33333   0.61905   8.00000
   1.00000   0.66667   0.61905   8.00000
   1.04762   0.71429   0.61905  16.00000
   1.09524   0.76190   0.61905  16.00000
   1.14286   0.80952   0.61905  16.00000
   1.00000   0.61905   0.66667   8.00000
   1.04762   0.66667   0.66667  16.00000
   1.09524   0.71429   0.66667  16.00000
   1.14286   0.76190   0.66667  16.00000
   1.19048   0.80952   0.66667   8.00000
   1.00000   0.57143   0.71429   8.00000
   1.04762   0.61905   0.71429  16.00000
   1.09524   0.66667   0.71429  16.00000
   1.14286   0.71429   0.71429  16.00000
   1.19048   0.76190   0.71429  16.00000
   1.00000   0.52381   0.76190   8.00000
   1.04762   0.57143   0.76190  16.00000
   1.09524   0.61905   0.76190  16.00000
   1.14286   0.66667   0.76190  16.00000
   1.19048   0.71429   0.76190  16.00000
   1.23810   0.76190   0.76190   8.00000
   1.00000   0.47619   0.80952   8.00000
   1.04762   0.52381   0.80952  16.00000
   1.09524   0.57143   0.80952  16.00000
   1.14286   0.61905   0.80952  16.00000
   1.19048   0.66667   0.80952  16.00000
   1.23810   0.71429   0.80952  16.00000
   1.00000   0.42857   0.85714   8.00000
   1.04762   0.47619   0.85714  16.00000
   1.09524   0.52381   0.85714  16.00000
   1.14286   0.57143   0.85714  16.00000
   1.19048   0.61905   0.85714  16.00000
   1.23810   0.66667   0.85714  16.00000
   1.28571   0.71429   0.85714   8.00000
   1.00000   0.38095   0.90476   8.00000
   1.04762   0.42857   0.90476  16.00000
   1.09524   0.47619   0.90476  16.00000
   1.14286   0.52381   0.90476  16.00000
   1.19048   0.57143   0.90476  16.00000
   1.23810   0.61905   0.90476  16.00000
   1.28571   0.66667   0.90476  16.00000
   1.00000   0.33333   0.95238   8.00000
   1.04762   0.38095   0.95238  16.00000
   1.09524   0.42857   0.95238  16.00000
   1.14286   0.47619   0.95238  16.00000
   1.19048   0.52381   0.95238  16.00000
   1.23810   0.57143   0.95238  16.00000
   1.28571   0.61905   0.95238  16.00000
   1.33333   0.66667   0.95238   8.00000
   1.00000   0.28571   1.00000   4.00000
   1.04762   0.33333   1.00000   8.00000
   1.09524   0.38095   1.00000   8.00000
   1.14286   0.42857   1.00000   8.00000
   1.19048   0.47619   1.00000   8.00000
   1.23810   0.52381   1.00000   8.00000
   1.28571   0.57143   1.00000   8.00000
   1.33333   0.61905   1.00000   8.00000
   0.38095   0.38095   0.38095   8.00000
   0.42857   0.42857   0.38095   8.00000
   0.47619   0.47619   0.38095   8.00000
   1.00000   1.00000   0.38095   2.00000
   0.42857   0.38095   0.42857  16.00000
   0.47619   0.42857   0.42857  16.00000
   0.52381   0.47619   0.42857   8.00000
   1.00000   0.95238   0.42857   8.00000
   0.47619   0.38095   0.47619  16.00000
   0.52381   0.42857   0.47619  16.00000
   1.00000   0.90476   0.47619   8.00000
   1.04762   0.95238   0.47619   8.00000
   0.57143   0.42857   0.52381   8.00000
   1.00000   0.85714   0.52381   8.00000
   1.04762   0.90476   0.52381  16.00000
   1.00000   0.80952   0.57143   8.00000
   1.04762   0.85714   0.57143  16.00000
   1.09524   0.90476   0.57143   8.00000
   1.00000   0.76190   0.61905   8.00000
   1.04762   0.80952   0.61905  16.00000
   1.09524   0.85714   0.61905  16.00000
   1.00000   0.71429   0.66667   8.00000
   1.04762   0.76190   0.66667  16.00000
   1.09524   0.80952   0.66667  16.00000
   1.14286   0.85714   0.66667   8.00000
   1.00000   0.66667   0.71429   8.00000
   1.04762   0.71429   0.71429  16.00000
   1.09524   0.76190   0.71429  16.00000
   1.14286   0.80952   0.71429  16.00000
   1.00000   0.61905   0.76190   8.00000
   1.04762   0.66667   0.76190  16.00000
   1.09524   0.71429   0.76190  16.00000
   1.14286   0.76190   0.76190  16.00000
   1.19048   0.80952   0.76190   8.00000
   1.00000   0.57143   0.80952   8.00000
   1.04762   0.61905   0.80952  16.00000
   1.09524   0.66667   0.80952  16.00000
   1.14286   0.71429   0.80952  16.00000
   1.19048   0.76190   0.80952  16.00000
   1.00000   0.52381   0.85714   8.00000
   1.04762   0.57143   0.85714  16.00000
   1.09524   0.61905   0.85714  16.00000
   1.14286   0.66667   0.85714  16.00000
   1.19048   0.71429   0.85714  16.00000
   1.23810   0.76190   0.85714   8.00000
   1.00000   0.47619   0.90476   8.00000
   1.04762   0.52381   0.90476  16.00000
   1.09524   0.57143   0.90476  16.00000
   1.14286   0.61905   0.90476  16.00000
   1.19048   0.66667   0.90476  16.00000
   1.23810   0.71429   0.90476  16.00000
   1.00000   0.42857   0.95238   8.00000
   1.04762   0.47619   0.95238  16.00000
   1.09524   0.52381   0.95238  16.00000
   1.14286   0.57143   0.95238  16.00000
   1.19048   0.61905   0.95238  16.00000
   1.23810   0.66667   0.95238  16.00000
   1.28571   0.71429   0.95238   8.00000
   1.00000   0.38095   1.00000   4.00000
   1.04762   0.42857   1.00000   8.00000
   1.09524   0.47619   1.00000   8.00000
   1.14286   0.52381   1.00000   8.00000
   1.19048   0.57143   1.00000   8.00000
   1.23810   0.61905   1.00000   8.00000
   1.28571   0.66667   1.00000   8.00000
   0.47619   0.47619   0.47619   8.00000
   1.00000   1.00000   0.47619   2.00000
   1.00000   0.95238   0.52381   8.00000
   1.00000   0.90476   0.57143   8.00000
   1.04762   0.95238   0.57143   8.00000
   1.00000   0.85714   0.61905   8.00000
   1.04762   0.90476   0.61905  16.00000
   1.00000   0.80952   0.66667   8.00000
   1.04762   0.85714   0.66667  16.00000
   1.09524   0.90476   0.66667   8.00000
   1.00000   0.76190   0.71429   8.00000
   1.04762   0.80952   0.71429  16.00000
   1.09524   0.85714   0.71429  16.00000
   1.00000   0.71429   0.76190   8.00000
   1.04762   0.76190   0.76190  16.00000
   1.09524   0.80952   0.76190  16.00000
   1.14286   0.85714   0.76190   8.00000
   1.00000   0.66667   0.80952   8.00000
   1.04762   0.71429   0.80952  16.00000
   1.09524   0.76190   0.80952  16.00000
   1.14286   0.80952   0.80952  16.00000
   1.00000   0.61905   0.85714   8.00000
   1.04762   0.66667   0.85714  16.00000
   1.09524   0.71429   0.85714  16.00000
   1.14286   0.76190   0.85714  16.00000
   1.19048   0.80952   0.85714   8.00000
   1.00000   0.57143   0.90476   8.00000
   1.04762   0.61905   0.90476  16.00000
   1.09524   0.66667   0.90476  16.00000
   1.14286   0.71429   0.90476  16.00000
   1.19048   0.76190   0.90476  16.00000
   1.00000   0.52381   0.95238   8.00000
   1.04762   0.57143   0.95238  16.00000
   1.09524   0.61905   0.95238  16.00000
   1.14286   0.66667   0.95238  16.00000
   1.19048   0.71429   0.95238  16.00000
   1.23810   0.76190   0.95238   8.00000
   1.00000   0.47619   1.00000   4.00000
   1.04762   0.52381   1.00000   8.00000
   1.09524   0.57143   1.00000   8.00000
   1.14286   0.61905   1.00000   8.00000
   1.19048   0.66667   1.00000   8.00000
   1.23810   0.71429   1.00000   8.00000
   1.00000   1.00000   0.57143   2.00000
   1.00000   0.95238   0.61905   8.00000
   1.00000   0.90476   0.66667   8.00000
   1.04762   0.95238   0.66667   8.00000
   1.00000   0.85714   0.71429   8.00000
   1.04762   0.90476   0.71429  16.00000
   1.00000   0.80952   0.76190   8.00000
   1.04762   0.85714   0.76190  16.00000
   1.09524   0.90476   0.76190   8.00000
   1.00000   0.76190   0.80952   8.00000
   1.04762   0.80952   0.80952  16.00000
   1.09524   0.85714   0.80952  16.00000
   1.00000   0.71429   0.85714   8.00000
   1.04762   0.76190   0.85714  16.00000
   1.09524   0.80952   0.85714  16.00000
   1.14286   0.85714   0.85714   8.00000
   1.00000   0.66667   0.90476   8.00000
   1.04762   0.71429   0.90476  16.00000
   1.09524   0.76190   0.90476  16.00000
   1.14286   0.80952   0.90476  16.00000
   1.00000   0.61905   0.95238   8.00000
   1.04762   0.66667   0.95238  16.00000
   1.09524   0.71429   0.95238  16.00000
   1.14286   0.76190   0.95238  16.00000
   1.19048   0.80952   0.95238   8.00000
   1.00000   0.57143   1.00000   4.00000
   1.04762   0.61905   1.00000   8.00000
   1.09524   0.66667   1.00000   8.00000
   1.14286   0.71429   1.00000   8.00000
   1.19048   0.76190   1.00000   8.00000
   1.00000   1.00000   0.66667   2.00000
   1.00000   0.95238   0.71429   8.00000
   1.00000   0.90476   0.76190   8.00000
   1.04762   0.95238   0.76190   8.00000
   1.00000   0.85714   0.80952   8.00000
   1.04762   0.90476   0.80952  16.00000
   1.00000   0.80952   0.85714   8.00000
   1.04762   0.85714   0.85714  16.00000
   1.09524   0.90476   0.85714   8.00000
   1.00000   0.76190   0.90476   8.00000
   1.04762   0.80952   0.90476  16.00000
   1.09524   0.85714   0.90476  16.00000
   1.00000   0.71429   0.95238   8.00000
   1.04762   0.76190   0.95238  16.00000
   1.09524   0.80952   0.95238  16.00000
   1.14286   0.85714   0.95238   8.00000
   1.00000   0.66667   1.00000   4.00000
   1.04762   0.71429   1.00000   8.00000
   1.09524   0.76190   1.00000   8.00000
   1.14286   0.80952   1.00000   8.00000
   1.00000   1.00000   0.76190   2.00000
   1.00000   0.95238   0.80952   8.00000
   1.00000   0.90476   0.85714   8.00000
   1.04762   0.95238   0.85714   8.00000
   1.00000   0.85714   0.90476   8.00000
   1.04762   0.90476   0.90476  16.00000
   1.00000   0.80952   0.95238   8.00000
   1.04762   0.85714   0.95238  16.00000
   1.09524   0.90476   0.95238   8.00000
   1.00000   0.76190   1.00000   4.00000
   1.04762   0.80952   1.00000   8.00000
   1.09524   0.85714   1.00000   8.00000
   1.00000   1.00000   0.85714   2.00000
   1.00000   0.95238   0.90476   8.00000
   1.00000   0.90476   0.95238   8.00000
   1.04762   0.95238   0.95238   8.00000
   1.00000   0.85714   1.00000   4.00000
   1.04762   0.90476   1.00000   8.00000
   1.00000   1.00000   0.95238   2.00000
   1.00000   0.95238   1.00000   4.00000




                              --------------------------------------------------
                                 S T R U C T U R A L   I N F O R M A T I O N
                              --------------------------------------------------


   SUBSTANCE                    = tetragonal body-centered  (delta')                                              

   LATTICE                      = B   
   LATTICE CONSTANTS ARE        =    6.4521800   6.4521800   8.5913110
   NUMBER OF ATOMS IN UNITCELL  =   1
   MODE OF CALCULATION IS       = RELA
 IORD=          16
 FNAMES=
 ./deltaprime_Pu_12.vectorso_1                                                  
                                                                                
                                           
 ./deltaprime_Pu_12.vectorsodn_1                                                
                                                                                
                                           
 deltaprime_Pu_12.energyso_1                                                    
                                                                                
                                           
 deltaprime_Pu_12.energysodn_1                                                  
                                                                                
                                           
  BR1,  BR2
   0.97381   0.00000   0.00000      0.00000   0.97381   0.97381
   0.00000   0.97381   0.00000      0.97381   0.00000   0.97381
   0.00000   0.00000   0.73134      0.73134   0.73134   0.00000
 projector corrected--must be 1,2, or 3! Now projector= 2
 Energy window:   -0.4410 < E <      0.441
 Projected density of states calculation for  1 atoms
--------- atom  1 -------------
l=  3  qsplit=  4
 Symmetrization over eq. k-points is performed
 ********** Start Reading Cix file *************
  Correlated block number           1
  Correlated index=
  1  0  0  0  0  0  0  0  0  0  0  0  0  0
  0  1  0  0  0  0  0  0  0  0  0  0  0  0
  0  0  1  0  0  0  0  0  0  0  0  0  0  0
  0  0  0  1  0  0  0  0  0  0  0  0  0  0
  0  0  0  0  1  0  0  0  0  0  0  0  0  0
  0  0  0  0  0  1  0  0  0  0  0  0  0  0
  0  0  0  0  0  0  2  0  0  0  0  0  0  0
  0  0  0  0  0  0  0  2  0  0  0  0  0  0
  0  0  0  0  0  0  0  0  2  0  0  0  0  0
  0  0  0  0  0  0  0  0  0  2  0  0  0  0
  0  0  0  0  0  0  0  0  0  0  2  0  0  0
  0  0  0  0  0  0  0  0  0  0  0  2  0  0
  0  0  0  0  0  0  0  0  0  0  0  0  2  0
  0  0  0  0  0  0  0  0  0  0  0  0  0  2
  Real part of unitary matrix=
  0.9258  0.0000  0.0000  0.0000  0.0000  0.0000  0.0000  0.0000 -0.3780  0.0000  0.0000  0.0000  0.0000  0.0000
  0.0000  0.8452  0.0000  0.0000  0.0000  0.0000  0.0000  0.0000  0.0000 -0.5345  0.0000  0.0000  0.0000  0.0000
  0.0000  0.0000  0.7559  0.0000  0.0000  0.0000  0.0000  0.0000  0.0000  0.0000 -0.6547  0.0000  0.0000  0.0000
  0.0000  0.0000  0.0000  0.6547  0.0000  0.0000  0.0000  0.0000  0.0000  0.0000  0.0000 -0.7559  0.0000  0.0000
  0.0000  0.0000  0.0000  0.0000  0.5345  0.0000  0.0000  0.0000  0.0000  0.0000  0.0000  0.0000 -0.8452  0.0000
  0.0000  0.0000  0.0000  0.0000  0.0000  0.3780  0.0000  0.0000  0.0000  0.0000  0.0000  0.0000  0.0000 -0.9258
  0.0000  0.0000  0.0000  0.0000  0.0000  0.0000  0.0000  1.0000  0.0000  0.0000  0.0000  0.0000  0.0000  0.0000
  0.3780  0.0000  0.0000  0.0000  0.0000  0.0000  0.0000  0.0000  0.9258  0.0000  0.0000  0.0000  0.0000  0.0000
  0.0000  0.5345  0.0000  0.0000  0.0000  0.0000  0.0000  0.0000  0.0000  0.8452  0.0000  0.0000  0.0000  0.0000
  0.0000  0.0000  0.6547  0.0000  0.0000  0.0000  0.0000  0.0000  0.0000  0.0000  0.7559  0.0000  0.0000  0.0000
  0.0000  0.0000  0.0000  0.7559  0.0000  0.0000  0.0000  0.0000  0.0000  0.0000  0.0000  0.6547  0.0000  0.0000
  0.0000  0.0000  0.0000  0.0000  0.8452  0.0000  0.0000  0.0000  0.0000  0.0000  0.0000  0.0000  0.5345  0.0000
  0.0000  0.0000  0.0000  0.0000  0.0000  0.9258  0.0000  0.0000  0.0000  0.0000  0.0000  0.0000  0.0000  0.3780
  0.0000  0.0000  0.0000  0.0000  0.0000  0.0000  1.0000  0.0000  0.0000  0.0000  0.0000  0.0000  0.0000  0.0000
  Imaginary part of unitary matrix=
  0.0000  0.0000  0.0000  0.0000  0.0000  0.0000  0.0000  0.0000  0.0000  0.0000  0.0000  0.0000  0.0000  0.0000
  0.0000  0.0000  0.0000  0.0000  0.0000  0.0000  0.0000  0.0000  0.0000  0.0000  0.0000  0.0000  0.0000  0.0000
  0.0000  0.0000  0.0000  0.0000  0.0000  0.0000  0.0000  0.0000  0.0000  0.0000  0.0000  0.0000  0.0000  0.0000
  0.0000  0.0000  0.0000  0.0000  0.0000  0.0000  0.0000  0.0000  0.0000  0.0000  0.0000  0.0000  0.0000  0.0000
  0.0000  0.0000  0.0000  0.0000  0.0000  0.0000  0.0000  0.0000  0.0000  0.0000  0.0000  0.0000  0.0000  0.0000
  0.0000  0.0000  0.0000  0.0000  0.0000  0.0000  0.0000  0.0000  0.0000  0.0000  0.0000  0.0000  0.0000  0.0000
  0.0000  0.0000  0.0000  0.0000  0.0000  0.0000  0.0000  0.0000  0.0000  0.0000  0.0000  0.0000  0.0000  0.0000
  0.0000  0.0000  0.0000  0.0000  0.0000  0.0000  0.0000  0.0000  0.0000  0.0000  0.0000  0.0000  0.0000  0.0000
  0.0000  0.0000  0.0000  0.0000  0.0000  0.0000  0.0000  0.0000  0.0000  0.0000  0.0000  0.0000  0.0000  0.0000
  0.0000  0.0000  0.0000  0.0000  0.0000  0.0000  0.0000  0.0000  0.0000  0.0000  0.0000  0.0000  0.0000  0.0000
  0.0000  0.0000  0.0000  0.0000  0.0000  0.0000  0.0000  0.0000  0.0000  0.0000  0.0000  0.0000  0.0000  0.0000
  0.0000  0.0000  0.0000  0.0000  0.0000  0.0000  0.0000  0.0000  0.0000  0.0000  0.0000  0.0000  0.0000  0.0000
  0.0000  0.0000  0.0000  0.0000  0.0000  0.0000  0.0000  0.0000  0.0000  0.0000  0.0000  0.0000  0.0000  0.0000
  0.0000  0.0000  0.0000  0.0000  0.0000  0.0000  0.0000  0.0000  0.0000  0.0000  0.0000  0.0000  0.0000  0.0000
  At least one transformation matrix is not Identity
 Magnetic system with s-o coupling; M theta, phi:  0.0000  0.0000
 Inside ROTDEF
Operation  1 transforms atom   1 from first atom   1
Actual position of atom  1 is:  0.000000    0.000000    0.000000
 
Combined transformation (acting on k-point) for correlated atoms
including users rotation and internal local rotation
catom  1 atom   1
   0.97381   0.00000   0.00000
   0.00000  -0.97381   0.00000
   0.00000   0.00000  -0.73134
 
 
 SPIN COORD SYSTEM:
    1.000000    0.000000    0.000000
    0.000000    1.000000    0.000000
    0.000000    0.000000    1.000000
 
 in global cartezian coordinates:
    1.000000    0.000000    0.000000
    0.000000   -1.000000    0.000000
    0.000000    0.000000   -1.000000
 ____________________________
 in spin coordinates:
    1.000000    0.000000    0.000000
    0.000000   -1.000000    0.000000
    0.000000    0.000000   -1.000000
           1   3.14159265358979       -1.00000000000000     
 
 in global cartezian coordinates:
    0.000000    1.000000    0.000000
   -1.000000    0.000000    0.000000
    0.000000    0.000000   -1.000000
 ____________________________
 in spin coordinates:
    0.000000    1.000000    0.000000
   -1.000000    0.000000    0.000000
    0.000000    0.000000   -1.000000
           2   1.57079632679490        1.00000000000000     
 
 in global cartezian coordinates:
   -1.000000    0.000000    0.000000
    0.000000   -1.000000    0.000000
    0.000000    0.000000   -1.000000
 ____________________________
 in spin coordinates:
   -1.000000    0.000000    0.000000
    0.000000   -1.000000    0.000000
    0.000000    0.000000   -1.000000
           3  0.000000000000000E+000   1.00000000000000     
 
 in global cartezian coordinates:
    0.000000    1.000000    0.000000
    1.000000    0.000000    0.000000
    0.000000    0.000000   -1.000000
 ____________________________
 in spin coordinates:
    0.000000    1.000000    0.000000
    1.000000    0.000000    0.000000
    0.000000    0.000000   -1.000000
           4   1.57079632679490       -1.00000000000000     
 
 in global cartezian coordinates:
    0.000000   -1.000000    0.000000
   -1.000000    0.000000    0.000000
    0.000000    0.000000   -1.000000
 ____________________________
 in spin coordinates:
    0.000000   -1.000000    0.000000
   -1.000000    0.000000    0.000000
    0.000000    0.000000   -1.000000
           5   4.71238898038469       -1.00000000000000     
 
 in global cartezian coordinates:
    1.000000    0.000000    0.000000
    0.000000    1.000000    0.000000
    0.000000    0.000000   -1.000000
 ____________________________
 in spin coordinates:
    1.000000    0.000000    0.000000
    0.000000    1.000000    0.000000
    0.000000    0.000000   -1.000000
           6   3.14159274101257        1.00000000000000     
 
 in global cartezian coordinates:
    1.000000    0.000000    0.000000
    0.000000   -1.000000    0.000000
    0.000000    0.000000    1.000000
 ____________________________
 in spin coordinates:
    1.000000    0.000000    0.000000
    0.000000   -1.000000    0.000000
    0.000000    0.000000    1.000000
           7   6.28318539460237       -1.00000000000000     
 
 in global cartezian coordinates:
    0.000000    1.000000    0.000000
   -1.000000    0.000000    0.000000
    0.000000    0.000000    1.000000
 ____________________________
 in spin coordinates:
    0.000000    1.000000    0.000000
   -1.000000    0.000000    0.000000
    0.000000    0.000000    1.000000
           8  -1.57079632679490        1.00000000000000     
 
 in global cartezian coordinates:
    0.000000   -1.000000    0.000000
    1.000000    0.000000    0.000000
    0.000000    0.000000   -1.000000
 ____________________________
 in spin coordinates:
    0.000000   -1.000000    0.000000
    1.000000    0.000000    0.000000
    0.000000    0.000000   -1.000000
           9  -1.57079632679490        1.00000000000000     
 
 in global cartezian coordinates:
   -1.000000    0.000000    0.000000
    0.000000    1.000000    0.000000
    0.000000    0.000000   -1.000000
 ____________________________
 in spin coordinates:
   -1.000000    0.000000    0.000000
    0.000000    1.000000    0.000000
    0.000000    0.000000   -1.000000
          10   6.28318539460237       -1.00000000000000     
 
 in global cartezian coordinates:
   -1.000000    0.000000    0.000000
    0.000000   -1.000000    0.000000
    0.000000    0.000000    1.000000
 ____________________________
 in spin coordinates:
   -1.000000    0.000000    0.000000
    0.000000   -1.000000    0.000000
    0.000000    0.000000    1.000000
          11   3.14159274101257        1.00000000000000     
 
 in global cartezian coordinates:
    0.000000    1.000000    0.000000
    1.000000    0.000000    0.000000
    0.000000    0.000000    1.000000
 ____________________________
 in spin coordinates:
    0.000000    1.000000    0.000000
    1.000000    0.000000    0.000000
    0.000000    0.000000    1.000000
          12   4.71238898038469       -1.00000000000000     
 
 in global cartezian coordinates:
    0.000000   -1.000000    0.000000
   -1.000000    0.000000    0.000000
    0.000000    0.000000    1.000000
 ____________________________
 in spin coordinates:
    0.000000   -1.000000    0.000000
   -1.000000    0.000000    0.000000
    0.000000    0.000000    1.000000
          13   1.57079632679490       -1.00000000000000     
 
 in global cartezian coordinates:
    1.000000    0.000000    0.000000
    0.000000    1.000000    0.000000
    0.000000    0.000000    1.000000
 ____________________________
 in spin coordinates:
    1.000000    0.000000    0.000000
    0.000000    1.000000    0.000000
    0.000000    0.000000    1.000000
          14  0.000000000000000E+000   1.00000000000000     
 
 in global cartezian coordinates:
    0.000000   -1.000000    0.000000
    1.000000    0.000000    0.000000
    0.000000    0.000000    1.000000
 ____________________________
 in spin coordinates:
    0.000000   -1.000000    0.000000
    1.000000    0.000000    0.000000
    0.000000    0.000000    1.000000
          15   1.57079632679490        1.00000000000000     
 
 in global cartezian coordinates:
   -1.000000    0.000000    0.000000
    0.000000    1.000000    0.000000
    0.000000    0.000000    1.000000
 ____________________________
 in spin coordinates:
   -1.000000    0.000000    0.000000
    0.000000    1.000000    0.000000
    0.000000    0.000000    1.000000
          16   3.14159265358979       -1.00000000000000     
 
 FNAME=
 deltaprime_Pu_12.energyso_1                                                    
                                                                                
                                                     60
 FNAME=
 deltaprime_Pu_12.energysodn_1                                                  
                                                                                
                                                     59
 BZ-integration with TETRA-program.   icor=: 1
 Equal occupancy of degenerate states, tol=: 0.1E-05
 call eord...
 call dos...
 ILOOP            1
 ILOOP            2
   FERMI ENERGY AT    1.08637945271724     
 RESULT OF INTEGRATION:      15.999999999779; SHOULD BE:      15.999999999900
   SUM RULE OF TETRAHEDRON INTEGRATION CHECKED 
 call eweigh...
   number of occupied bands:          18
   highest energy:   1.09239475130646     
 FERMI-LDA=   1.086 Ryd,  14.781 eV.
 ABSOLUTE EMIN=   0.645 Ryd.   8.781 eV.
 ABSOLUTE EMAX=   1.527 Ryd.  20.781 eV.


:NLDA  : NUMBER OF ELECTRONS          =  16.000

:FLDA  : F E R M I - ENERGY           =   1.08638
 
 ********** Information about the atomic index arrays ************
 iatom=           1
 isort=           1
 csort=           1
 maxucase=           1
icase, iucase, jatom, latom=     1     1     1     1
 
 *****  Arrays for correlated blocks ******
 norbitals=           1
 maxdim2=          14
iorbital( 1, 1)=   1
cix( 1, 1)=   1
icase,lcase,icix,iorb,nind1,ip1,iSx=    1    1    1    1   14    1    1
icase,lcase,icix,iorb,nind1,ip1,iSx=    1    1    1    1   14    2    2
icase,lcase,icix,iorb,nind1,ip1,iSx=    1    1    1    1   14    3    3
icase,lcase,icix,iorb,nind1,ip1,iSx=    1    1    1    1   14    4    4
icase,lcase,icix,iorb,nind1,ip1,iSx=    1    1    1    1   14    5    5
icase,lcase,icix,iorb,nind1,ip1,iSx=    1    1    1    1   14    6    6
icase,lcase,icix,iorb,nind1,ip1,iSx=    1    1    1    1   14    7    7
icase,lcase,icix,iorb,nind1,ip1,iSx=    1    1    1    1   14    8    8
icase,lcase,icix,iorb,nind1,ip1,iSx=    1    1    1    1   14    9    9
icase,lcase,icix,iorb,nind1,ip1,iSx=    1    1    1    1   14   10   10
icase,lcase,icix,iorb,nind1,ip1,iSx=    1    1    1    1   14   11   11
icase,lcase,icix,iorb,nind1,ip1,iSx=    1    1    1    1   14   12   12
icase,lcase,icix,iorb,nind1,ip1,iSx=    1    1    1    1   14   13   13
icase,lcase,icix,iorb,nind1,ip1,iSx=    1    1    1    1   14   14   14
cixdim( 1)=14
noccur( 1, 1)=   6
noccur( 2, 1)=   8
iSx( 1, 1)=  1
iSx( 2, 1)=  2
iSx( 3, 1)=  3
iSx( 4, 1)=  4
iSx( 5, 1)=  5
iSx( 6, 1)=  6
iSx( 7, 1)=  7
iSx( 8, 1)=  8
iSx( 9, 1)=  9
iSx(10, 1)= 10
iSx(11, 1)= 11
iSx(12, 1)= 12
iSx(13, 1)= 13
iSx(14, 1)= 14
nindo( 1)= 14
CF for iorb1= 1 iorb2= 1
    0.92582010     0.00000000       0.00000000     0.00000000       0.00000000     0.00000000       0.00000000     0.00000000       0.00000000     0.00000000       0.00000000     0.00000000       0.00000000     0.00000000       0.00000000     0.00000000      -0.37796447     0.00000000       0.00000000     0.00000000       0.00000000     0.00000000       0.00000000     0.00000000       0.00000000     0.00000000       0.00000000     0.00000000   
    0.00000000     0.00000000       0.84515425     0.00000000       0.00000000     0.00000000       0.00000000     0.00000000       0.00000000     0.00000000       0.00000000     0.00000000       0.00000000     0.00000000       0.00000000     0.00000000       0.00000000     0.00000000      -0.53452248     0.00000000       0.00000000     0.00000000       0.00000000     0.00000000       0.00000000     0.00000000       0.00000000     0.00000000   
    0.00000000     0.00000000       0.00000000     0.00000000       0.75592895     0.00000000       0.00000000     0.00000000       0.00000000     0.00000000       0.00000000     0.00000000       0.00000000     0.00000000       0.00000000     0.00000000       0.00000000     0.00000000       0.00000000     0.00000000      -0.65465367     0.00000000       0.00000000     0.00000000       0.00000000     0.00000000       0.00000000     0.00000000   
    0.00000000     0.00000000       0.00000000     0.00000000       0.00000000     0.00000000       0.65465367     0.00000000       0.00000000     0.00000000       0.00000000     0.00000000       0.00000000     0.00000000       0.00000000     0.00000000       0.00000000     0.00000000       0.00000000     0.00000000       0.00000000     0.00000000      -0.75592895     0.00000000       0.00000000     0.00000000       0.00000000     0.00000000   
    0.00000000     0.00000000       0.00000000     0.00000000       0.00000000     0.00000000       0.00000000     0.00000000       0.53452248     0.00000000       0.00000000     0.00000000       0.00000000     0.00000000       0.00000000     0.00000000       0.00000000     0.00000000       0.00000000     0.00000000       0.00000000     0.00000000       0.00000000     0.00000000      -0.84515425     0.00000000       0.00000000     0.00000000   
    0.00000000     0.00000000       0.00000000     0.00000000       0.00000000     0.00000000       0.00000000     0.00000000       0.00000000     0.00000000       0.37796447     0.00000000       0.00000000     0.00000000       0.00000000     0.00000000       0.00000000     0.00000000       0.00000000     0.00000000       0.00000000     0.00000000       0.00000000     0.00000000       0.00000000     0.00000000      -0.92582010     0.00000000   
    0.00000000     0.00000000       0.00000000     0.00000000       0.00000000     0.00000000       0.00000000     0.00000000       0.00000000     0.00000000       0.00000000     0.00000000       0.00000000     0.00000000       1.00000000     0.00000000       0.00000000     0.00000000       0.00000000     0.00000000       0.00000000     0.00000000       0.00000000     0.00000000       0.00000000     0.00000000       0.00000000     0.00000000   
    0.37796447     0.00000000       0.00000000     0.00000000       0.00000000     0.00000000       0.00000000     0.00000000       0.00000000     0.00000000       0.00000000     0.00000000       0.00000000     0.00000000       0.00000000     0.00000000       0.92582010     0.00000000       0.00000000     0.00000000       0.00000000     0.00000000       0.00000000     0.00000000       0.00000000     0.00000000       0.00000000     0.00000000   
    0.00000000     0.00000000       0.53452248     0.00000000       0.00000000     0.00000000       0.00000000     0.00000000       0.00000000     0.00000000       0.00000000     0.00000000       0.00000000     0.00000000       0.00000000     0.00000000       0.00000000     0.00000000       0.84515425     0.00000000       0.00000000     0.00000000       0.00000000     0.00000000       0.00000000     0.00000000       0.00000000     0.00000000   
    0.00000000     0.00000000       0.00000000     0.00000000       0.65465367     0.00000000       0.00000000     0.00000000       0.00000000     0.00000000       0.00000000     0.00000000       0.00000000     0.00000000       0.00000000     0.00000000       0.00000000     0.00000000       0.00000000     0.00000000       0.75592895     0.00000000       0.00000000     0.00000000       0.00000000     0.00000000       0.00000000     0.00000000   
    0.00000000     0.00000000       0.00000000     0.00000000       0.00000000     0.00000000       0.75592895     0.00000000       0.00000000     0.00000000       0.00000000     0.00000000       0.00000000     0.00000000       0.00000000     0.00000000       0.00000000     0.00000000       0.00000000     0.00000000       0.00000000     0.00000000       0.65465367     0.00000000       0.00000000     0.00000000       0.00000000     0.00000000   
    0.00000000     0.00000000       0.00000000     0.00000000       0.00000000     0.00000000       0.00000000     0.00000000       0.84515425     0.00000000       0.00000000     0.00000000       0.00000000     0.00000000       0.00000000     0.00000000       0.00000000     0.00000000       0.00000000     0.00000000       0.00000000     0.00000000       0.00000000     0.00000000       0.53452248     0.00000000       0.00000000     0.00000000   
    0.00000000     0.00000000       0.00000000     0.00000000       0.00000000     0.00000000       0.00000000     0.00000000       0.00000000     0.00000000       0.92582010     0.00000000       0.00000000     0.00000000       0.00000000     0.00000000       0.00000000     0.00000000       0.00000000     0.00000000       0.00000000     0.00000000       0.00000000     0.00000000       0.00000000     0.00000000       0.37796447     0.00000000   
    0.00000000     0.00000000       0.00000000     0.00000000       0.00000000     0.00000000       0.00000000     0.00000000       0.00000000     0.00000000       0.00000000     0.00000000       1.00000000     0.00000000       0.00000000     0.00000000       0.00000000     0.00000000       0.00000000     0.00000000       0.00000000     0.00000000       0.00000000     0.00000000       0.00000000     0.00000000       0.00000000     0.00000000   
Rspin for iorb=  1
 angles=  0.000000000000000E+000   3.14159265358979       0.000000000000000E+000
  0.000000000000000E+000  0.000000000000000E+000  0.000000000000000E+000
 Rspin=
    0.000000    0.000000      0.000000    1.000000
    0.000000    1.000000      0.000000    0.000000
 Calculation for atom  1 which has iucase=  1
 ATPAR for spin up

          ATOMIC PARAMETERS FOR Pu  0+    

           ENERGY PARAMETERS ARE   0.85  -1.38   0.85   0.85

           L     U(R)          U'(R)         DU/DE        DU'/DE      NORM-U'
           0  0.550913E+00  0.814691E+00  0.112618E+00 -0.226139E+00
           1  0.530142E+00 -0.204018E-01 -0.145774E+00 -0.402475E+00
           2 -0.617661E+00  0.248147E-01  0.984959E-01  0.346335E+00
           3 -0.318040E+00  0.125748E+00  0.362724E+00  0.536989E+00
LO COEFFICIENT: l,A,B,C   0          0.65467    -3.20255     0.00000     0.00000
 
LO COEFFICIENT: l,A,B,C   0          0.32183     0.00000     0.77965     0.00000
 
LO COEFFICIENT: l,A,B,C   1          0.88213     3.20807     0.00000     0.00000
 
LO COEFFICIENT: l,A,B,C   1          0.27461     0.00000    -1.24465     0.00000
 
LO COEFFICIENT: l,A,B,C   2          0.85298     5.34895     0.00000     0.00000
 
LO COEFFICIENT: l,A,B,C   3          0.93979     0.82402     0.00000     0.00000
 
 ATPAR for spin down

          ATOMIC PARAMETERS FOR Pu  0+    

           ENERGY PARAMETERS ARE   0.85  -1.38   0.85   0.85

           L     U(R)          U'(R)         DU/DE        DU'/DE      NORM-U'
           0  0.550913E+00  0.814691E+00  0.112618E+00 -0.226139E+00
           1  0.530142E+00 -0.204018E-01 -0.145774E+00 -0.402475E+00
           2 -0.617661E+00  0.248147E-01  0.984959E-01  0.346335E+00
           3 -0.318040E+00  0.125748E+00  0.362724E+00  0.536989E+00
LO COEFFICIENT: l,A,B,C   0          0.65467    -3.20255     0.00000     0.00000
 
LO COEFFICIENT: l,A,B,C   0          0.32183     0.00000     0.77965     0.00000
 
LO COEFFICIENT: l,A,B,C   1          0.88213     3.20807     0.00000     0.00000
 
LO COEFFICIENT: l,A,B,C   1          0.27461     0.00000    -1.24465     0.00000
 
LO COEFFICIENT: l,A,B,C   2          0.85298     5.34895     0.00000     0.00000
 
LO COEFFICIENT: l,A,B,C   3          0.93979     0.82402     0.00000     0.00000
 
 L1=           0  L2=           0
 RADIAL INTEGRALS:
           1           1                 1           1   1.00000000000000     
           1           3                 1           1  0.575019789498965     
           1           1                 1           2   1.00000000000000     
           1           3                 1           2  0.575019789498965     
           1           1                 2           1   1.00000000000000     
           1           3                 2           1  0.575019789498965     
           1           1                 2           2   1.00000000000000     
           1           3                 2           2  0.575019789498965     
           2           2                 1           1  5.571275850829518E-002
           2           3                 1           1 -0.190843806501359     
           2           2                 1           2  5.571275850829518E-002
           2           3                 1           2 -0.190843806501359     
           2           2                 2           1  5.571275850829518E-002
           2           3                 2           1 -0.190843806501359     
           2           2                 2           2  5.571275850829518E-002
           2           3                 2           2 -0.190843806501359     
           3           1                 1           1  0.575019789498965     
           3           2                 1           1 -0.190843806501359     
           3           3                 1           1   1.00000000000000     
           3           1                 1           2  0.575019789498965     
           3           2                 1           2 -0.190843806501359     
           3           3                 1           2   1.00000000000000     
           3           1                 2           1  0.575019789498965     
           3           2                 2           1 -0.190843806501359     
           3           3                 2           1   1.00000000000000     
           3           1                 2           2  0.575019789498965     
           3           2                 2           2 -0.190843806501359     
           3           3                 2           2   1.00000000000000     
 L1=           1  L2=           1
 RADIAL INTEGRALS:
           1           1                 1           1   1.00000000000000     
           1           3                 1           1  0.913656514528899     
           1           1                 1           2   1.00000000000000     
           1           3                 1           2  0.913656514528899     
           1           1                 2           1   1.00000000000000     
           1           3                 2           1  0.913656514528899     
           1           1                 2           2   1.00000000000000     
           1           3                 2           2  0.913656514528899     
           2           2                 1           1  2.155607802988449E-002
           2           3                 1           1  5.952337239979297E-002
           2           2                 1           2  2.155607802988449E-002
           2           3                 1           2  5.952337239979297E-002
           2           2                 2           1  2.155607802988449E-002
           2           3                 2           1  5.952337239979297E-002
           2           2                 2           2  2.155607802988449E-002
           2           3                 2           2  5.952337239979297E-002
           3           1                 1           1  0.913656514528899     
           3           2                 1           1  5.952337239979297E-002
           3           3                 1           1   1.00000000000000     
           3           1                 1           2  0.913656514528899     
           3           2                 1           2  5.952337239979297E-002
           3           3                 1           2   1.00000000000000     
           3           1                 2           1  0.913656514528899     
           3           2                 2           1  5.952337239979297E-002
           3           3                 2           1   1.00000000000000     
           3           1                 2           2  0.913656514528899     
           3           2                 2           2  5.952337239979297E-002
           3           3                 2           2   1.00000000000000     
 L1=           2  L2=           2
 RADIAL INTEGRALS:
           1           1                 1           1   1.00000000000000     
           1           1                 1           2   1.00000000000000     
           1           1                 2           1   1.00000000000000     
           1           1                 2           2   1.00000000000000     
           2           2                 1           1  9.521878422772460E-003
           2           2                 1           2  9.521878422772460E-003
           2           2                 2           1  9.521878422772460E-003
           2           2                 2           2  9.521878422772460E-003
 L1=           3  L2=           3
 RADIAL INTEGRALS:
           1           1                 1           1   1.00000000000000     
           1           1                 1           2   1.00000000000000     
           1           1                 2           1   1.00000000000000     
           1           1                 2           2   1.00000000000000     
           2           2                 1           1  0.172004908803966     
           2           2                 1           2  0.172004908803966     
           2           2                 2           1  0.172004908803966     
           2           2                 2           2  0.172004908803966     
Saving potential parameters for atom 1 into  1
pr_proc=363  tot-k=726
 ------------------------------------------------------------------------------


   =====>>> CPU TIME SUMMARY

            TOTAL       :      3.1
 OMP_NUM_THREADS= 2
 GUTZ_SOLVER VO.1.5 BUILT ON Jan 19 2014 AT22:25:59
 NT=  1 SEC_N%DIM=   10 WITH ID:
           1       2      16     107     471    1472    3474    6477    9909   12912
       14914
 MEAN U/J:  0.2940  0.0265
 NEL_FIX_VDC1=      5.21
 ATOM DEPENDENT NELF1:
      5.2131
 DCMIX_A=  0.200000
 SYMMETRICALLY NON-EQUIVALENT ATOMS:
          1
 VARIATIONAL-SETUP-NON-EQUIVALENT ATOMS:
          1
 COMPLEMENTARY VARIATIONAL-SETUP-EQUIVALENT ATOMS:

 GYZ%SYM%IDSUM:
  1
 DIM(X_Gutz)=  4
 CALC SET: GAPJ-SHFT FULL       -JH-PROJ SLATER    VAR-FIXDC    Ryd.   
 NT= 1
 LOCAL INTERACTION PART   :
 U              :   0.2940
 J              :   0.0265
 FOCK SPACE PART:
 NA             :  7
 FS%OCC(1) L.B. :  0
 FS%OCC(2) U.B. :  9
 FS%DIM         :     14913
 HL%OCC(1) L.B. :  0
 HL%OCC(2) U.B. :  9
 ISO= 2 ISPIN_IN= 1 ISPIN= 1 ISPO= 2
 BND%NMAX=  78
 BZ INTEGRATION WITH TETRA METHOD, ICOR= 1
 EQUAL OCCUPANCY OF DEGENERATE STATES, TOL= 0.1E-05
 VALENCE ELECTRONS: TOTAL=    16.0
                    CORRELATED PART=     8.0
 SYM%IDI/IDF=  1 16
 BND%NMAXIN=   26
      GUTZ5_INI_CORR_UVEK takes  0 hours  0 minutes and    0.10 seconds (CPU).
                          takes  0 hours  0 minutes and    0.10 seconds (WALL).
                 SETUP_TB takes  0 hours  0 minutes and    3.43 seconds (CPU).
                          takes  0 hours  0 minutes and    2.52 seconds (WALL).
************  EL-  ************
 NI=  1 NI_GLOBAL=  1
   1.0884   1.0871   1.0882   1.0882   1.0871   1.0884   1.1682   1.1668   1.1671   1.1682   1.1682   1.1671   1.1668   1.1682
************  EL=  ************
 NI=  1 NI_GLOBAL=  1
   1.0884   0.0000   0.0000   0.0000  -0.0001   0.0000   0.0000   0.0006   0.0000   0.0000   0.0000  -0.0021   0.0000   0.0000
   0.0000   1.0871   0.0000   0.0000   0.0000  -0.0001   0.0000   0.0000  -0.0002   0.0000   0.0000   0.0000   0.0025   0.0000
   0.0000   0.0000   1.0882   0.0000   0.0000   0.0000   0.0000   0.0000   0.0000  -0.0009   0.0000   0.0000   0.0000  -0.0016
   0.0000   0.0000   0.0000   1.0882   0.0000   0.0000   0.0016   0.0000   0.0000   0.0000   0.0009   0.0000   0.0000   0.0000
  -0.0001   0.0000   0.0000   0.0000   1.0871   0.0000   0.0000  -0.0025   0.0000   0.0000   0.0000   0.0002   0.0000   0.0000
   0.0000  -0.0001   0.0000   0.0000   0.0000   1.0884   0.0000   0.0000   0.0021   0.0000   0.0000   0.0000  -0.0006   0.0000
   0.0000   0.0000   0.0000   0.0016   0.0000   0.0000   1.1682   0.0000   0.0000   0.0000  -0.0010   0.0000   0.0000   0.0000
   0.0006   0.0000   0.0000   0.0000  -0.0025   0.0000   0.0000   1.1668   0.0000   0.0000   0.0000   0.0004   0.0000   0.0000
   0.0000  -0.0002   0.0000   0.0000   0.0000   0.0021   0.0000   0.0000   1.1671   0.0000   0.0000   0.0000   0.0004   0.0000
   0.0000   0.0000  -0.0009   0.0000   0.0000   0.0000   0.0000   0.0000   0.0000   1.1682   0.0000   0.0000   0.0000  -0.0010
   0.0000   0.0000   0.0000   0.0009   0.0000   0.0000  -0.0010   0.0000   0.0000   0.0000   1.1682   0.0000   0.0000   0.0000
  -0.0021   0.0000   0.0000   0.0000   0.0002   0.0000   0.0000   0.0004   0.0000   0.0000   0.0000   1.1671   0.0000   0.0000
   0.0000   0.0025   0.0000   0.0000   0.0000  -0.0006   0.0000   0.0000   0.0004   0.0000   0.0000   0.0000   1.1668   0.0000
   0.0000   0.0000  -0.0016   0.0000   0.0000   0.0000   0.0000   0.0000   0.0000  -0.0010   0.0000   0.0000   0.0000   1.1682
 NI=  1 LOCAL ORBITAL LEVEL CENTER(ELC)=   1.133
************  EL0  ************
 NI=  1 NI_GLOBAL=  1
   1.0879   1.0879   1.0879   1.0879   1.0879   1.0879   1.1676   1.1676   1.1676   1.1676   1.1676   1.1676   1.1676   1.1676
************  ELL  ************
 NI=  1 NI_GLOBAL=  1
   1.0879   0.0000   0.0000   0.0000   0.0000   0.0000   0.0000   0.0000   0.0000   0.0000   0.0000   0.0000   0.0000   0.0000
   0.0000   1.0879   0.0000   0.0000   0.0000   0.0000   0.0000   0.0000   0.0000   0.0000   0.0000   0.0000   0.0000   0.0000
   0.0000   0.0000   1.0879   0.0000   0.0000   0.0000   0.0000   0.0000   0.0000   0.0000   0.0000   0.0000   0.0000   0.0000
   0.0000   0.0000   0.0000   1.0879   0.0000   0.0000   0.0000   0.0000   0.0000   0.0000   0.0000   0.0000   0.0000   0.0000
   0.0000   0.0000   0.0000   0.0000   1.0879   0.0000   0.0000   0.0000   0.0000   0.0000   0.0000   0.0000   0.0000   0.0000
   0.0000   0.0000   0.0000   0.0000   0.0000   1.0879   0.0000   0.0000   0.0000   0.0000   0.0000   0.0000   0.0000   0.0000
   0.0000   0.0000   0.0000   0.0000   0.0000   0.0000   1.1676   0.0000   0.0000   0.0000   0.0000   0.0000   0.0000   0.0000
   0.0000   0.0000   0.0000   0.0000   0.0000   0.0000   0.0000   1.1676   0.0000   0.0000   0.0000   0.0000   0.0000   0.0000
   0.0000   0.0000   0.0000   0.0000   0.0000   0.0000   0.0000   0.0000   1.1676   0.0000   0.0000   0.0000   0.0000   0.0000
   0.0000   0.0000   0.0000   0.0000   0.0000   0.0000   0.0000   0.0000   0.0000   1.1676   0.0000   0.0000   0.0000   0.0000
   0.0000   0.0000   0.0000   0.0000   0.0000   0.0000   0.0000   0.0000   0.0000   0.0000   1.1676   0.0000   0.0000   0.0000
   0.0000   0.0000   0.0000   0.0000   0.0000   0.0000   0.0000   0.0000   0.0000   0.0000   0.0000   1.1676   0.0000   0.0000
   0.0000   0.0000   0.0000   0.0000   0.0000   0.0000   0.0000   0.0000   0.0000   0.0000   0.0000   0.0000   1.1676   0.0000
   0.0000   0.0000   0.0000   0.0000   0.0000   0.0000   0.0000   0.0000   0.0000   0.0000   0.0000   0.0000   0.0000   1.1676
                  GET_EL0 takes  0 hours  0 minutes and    0.01 seconds (CPU).
                          takes  0 hours  0 minutes and    0.01 seconds (WALL).
 There are  4 blocks of bands, with band energy windows:
  -2.323  -2.300 |   -0.778  -0.709 |   -0.224  -0.043 |    0.675   4.498 | 
 Band window indices:
         1      2 |          3      4 |          5      8 |          9     79 | 
 Band width
       0.023   |         0.069   |         0.181   |         3.824   |  
 Band gap
       1.522   |         0.485   |         0.718   |  
 CORRELATED BLOCK: EMIN/EMIX=    0.6747    1.5268
 CORRELATED BAND WIDTH=   0.852
         GUTZ_RED_PRJ_NEQ takes  0 hours  1 minutes and    3.27 seconds (CPU).
                          takes  0 hours  1 minutes and    3.20 seconds (WALL).
 NI=  1 DIM_PHIK=   41227 HL%DIM=  14913
       ID_PHIK_N=
      1      2      4     33    264   1639   6153  15546  27321  36714
  41228
       ID_PHIK_J=
      1      2      3      4      8      9     18     19     28     29
     33     37     73    122    171    220    245    254    263    264
    300    349    638    807   1168   1364   1533   1582   1631   1635
   1639   1739   2180   2964   3864   4705   5381   5781   6037   6118
   6143   6152   6153   6349   6710   8079   9448  11564  12933  14377
  14953  15353  15474  15538  15542  15546  15835  16796  18560  21060
  23176  24940  26165  26841  27165  27286  27311  27320  27321  27517
  27878  29247  30616  32732  34101  35545  36121  36521  36642  36706
  36710  36714  36814  37255  38039  38939  39780  40456  40856  41112
  41193  41218  41227  41228
          GUTZ_SET_PRJ_EQ takes  0 hours  0 minutes and    0.00 seconds (CPU).
                          takes  0 hours  0 minutes and    0.00 seconds (WALL).
************   WH%X  ************
    0.88155779    0.90728264
    1.04179390    1.20712750
************  RIN  ************
 NI=  1 NI_GLOBAL=  1
   0.8816   0.8816   0.8816   0.8816   0.8816   0.8816   0.9073   0.9073   0.9073   0.9073   0.9073   0.9073   0.9073   0.9073
************  LA1  ************
 NI=  1 NI_GLOBAL=  1
   1.0418   1.0418   1.0418   1.0418   1.0418   1.0418   1.2071   1.2071   1.2071   1.2071   1.2071   1.2071   1.2071   1.2071
             CALC_BAND_AL takes  0 hours  0 minutes and    1.51 seconds (CPU).
                          takes  0 hours  0 minutes and    0.76 seconds (WALL).
 ILOOP            1
 ILOOP            2
   FERMI ENERGY AT    1.05166431343490     
   SUM RULE OF TETRAHEDRON INTEGRATION CHECKED 
   number of occupied bands:          18
   highest energy:   1.07986925752958     
************  NK-  ************
 NI=  1 NI_GLOBAL=  1
   0.8412   0.8186   0.8397   0.8397   0.8186   0.8412   0.0258   0.0300   0.0264   0.0257   0.0257   0.0264   0.0300   0.0258
************  NNK  ************
 NI=  1 NI_GLOBAL=  1
   0.8412   0.0000   0.0000   0.0000  -0.0058   0.0000   0.0000  -0.0057   0.0000   0.0000   0.0000  -0.0025   0.0000   0.0000
   0.0000   0.8186   0.0000   0.0000   0.0000  -0.0058   0.0000   0.0000   0.0073   0.0000   0.0000   0.0000   0.0019   0.0000
   0.0000   0.0000   0.8397   0.0000   0.0000   0.0000   0.0000   0.0000   0.0000   0.0027   0.0000   0.0000   0.0000   0.0006
   0.0000   0.0000   0.0000   0.8397   0.0000   0.0000  -0.0006   0.0000   0.0000   0.0000  -0.0027   0.0000   0.0000   0.0000
  -0.0058   0.0000   0.0000   0.0000   0.8186   0.0000   0.0000  -0.0019   0.0000   0.0000   0.0000  -0.0073   0.0000   0.0000
   0.0000  -0.0058   0.0000   0.0000   0.0000   0.8412   0.0000   0.0000   0.0025   0.0000   0.0000   0.0000   0.0057   0.0000
   0.0000   0.0000   0.0000  -0.0006   0.0000   0.0000   0.0258   0.0000   0.0000   0.0000  -0.0003   0.0000   0.0000   0.0000
  -0.0057   0.0000   0.0000   0.0000  -0.0019   0.0000   0.0000   0.0300   0.0000   0.0000   0.0000   0.0011   0.0000   0.0000
   0.0000   0.0073   0.0000   0.0000   0.0000   0.0025   0.0000   0.0000   0.0264   0.0000   0.0000   0.0000   0.0011   0.0000
   0.0000   0.0000   0.0027   0.0000   0.0000   0.0000   0.0000   0.0000   0.0000   0.0257   0.0000   0.0000   0.0000  -0.0003
   0.0000   0.0000   0.0000  -0.0027   0.0000   0.0000  -0.0003   0.0000   0.0000   0.0000   0.0257   0.0000   0.0000   0.0000
  -0.0025   0.0000   0.0000   0.0000  -0.0073   0.0000   0.0000   0.0011   0.0000   0.0000   0.0000   0.0264   0.0000   0.0000
   0.0000   0.0019   0.0000   0.0000   0.0000   0.0057   0.0000   0.0000   0.0011   0.0000   0.0000   0.0000   0.0300   0.0000
   0.0000   0.0000   0.0006   0.0000   0.0000   0.0000   0.0000   0.0000   0.0000  -0.0003   0.0000   0.0000   0.0000   0.0258
************  NKS  ************
 NI=  1 NI_GLOBAL=  1
   0.8332   0.8332   0.8332   0.8332   0.8332   0.8332   0.0270   0.0270   0.0270   0.0270   0.0270   0.0270   0.0270   0.0270
 NELE_LOC TOTAL:
           5.2150496827758639
              CALC_DA_BND takes  0 hours  0 minutes and    0.25 seconds (CPU).
                          takes  0 hours  0 minutes and    0.24 seconds (WALL).
************  DA-  ************
 NI=  1 NI_GLOBAL=  1
  -0.0165  -0.0185  -0.0169  -0.0169  -0.0185  -0.0165  -0.0057  -0.0067  -0.0058  -0.0058  -0.0058  -0.0058  -0.0067  -0.0057
************  DAA  ************
 NI=  1 NI_GLOBAL=  1
  -0.0173  -0.0173  -0.0173  -0.0173  -0.0173  -0.0173  -0.0060  -0.0060  -0.0060  -0.0060  -0.0060  -0.0060  -0.0060  -0.0060
 NI=  1 VDC=    1.3299
************  LA2  ************
 NI=  1 NI_GLOBAL=  1
  -2.4448  -2.4448  -2.4448  -2.4448  -2.4448  -2.4448  -2.3417  -2.3417  -2.3417  -2.3417  -2.3417  -2.3417  -2.3417  -2.3417
 NI=  1 PHI-step gap=  0.14E+00
************  RAA  ************
 NI=  1 NI_GLOBAL=  1
   0.8813   0.8813   0.8813   0.8813   0.8813   0.8813   0.9073   0.9073   0.9073   0.9073   0.9073   0.9073   0.9073   0.9073
************  NC0  ************
 NI=  1 NI_GLOBAL=  1
   0.8333   0.8333   0.8333   0.8333   0.8333   0.8333   0.0270   0.0270   0.0270   0.0270   0.0270   0.0270   0.0270   0.0270
                  CALC_LC takes  0 hours  9 minutes and    8.90 seconds (CPU).
                          takes  0 hours  9 minutes and    8.90 seconds (WALL).
                GUTZ_FCN1 takes  0 hours  9 minutes and   10.97 seconds (CPU).
                          takes  0 hours  9 minutes and   10.20 seconds (WALL).
************  DIF_X  ************
   -0.000231501360    0.000054574466
    0.000134740115    0.000003891031
 ITER1=  1 MAXERR=    0.00023150
************   WH%X  ************
    0.88164744    0.90731154
    1.04170909    1.20711357
************  RIN  ************
 NI=  1 NI_GLOBAL=  1
   0.8816   0.8816   0.8816   0.8816   0.8816   0.8816   0.9073   0.9073   0.9073   0.9073   0.9073   0.9073   0.9073   0.9073
************  LA1  ************
 NI=  1 NI_GLOBAL=  1
   1.0417   1.0417   1.0417   1.0417   1.0417   1.0417   1.2071   1.2071   1.2071   1.2071   1.2071   1.2071   1.2071   1.2071
             CALC_BAND_AL takes  0 hours  0 minutes and    1.52 seconds (CPU).
                          takes  0 hours  0 minutes and    0.77 seconds (WALL).
 ILOOP            1
 ILOOP            2
   FERMI ENERGY AT    1.05160481218614     
   SUM RULE OF TETRAHEDRON INTEGRATION CHECKED 
   number of occupied bands:          18
   highest energy:   1.07984793543529     
************  NK-  ************
 NI=  1 NI_GLOBAL=  1
   0.8414   0.8187   0.8399   0.8399   0.8187   0.8414   0.0258   0.0300   0.0264   0.0257   0.0257   0.0264   0.0300   0.0258
************  NNK  ************
 NI=  1 NI_GLOBAL=  1
   0.8414   0.0000   0.0000   0.0000  -0.0058   0.0000   0.0000  -0.0057   0.0000   0.0000   0.0000  -0.0025   0.0000   0.0000
   0.0000   0.8187   0.0000   0.0000   0.0000  -0.0058   0.0000   0.0000   0.0073   0.0000   0.0000   0.0000   0.0019   0.0000
   0.0000   0.0000   0.8399   0.0000   0.0000   0.0000   0.0000   0.0000   0.0000   0.0027   0.0000   0.0000   0.0000   0.0006
   0.0000   0.0000   0.0000   0.8399   0.0000   0.0000  -0.0006   0.0000   0.0000   0.0000  -0.0027   0.0000   0.0000   0.0000
  -0.0058   0.0000   0.0000   0.0000   0.8187   0.0000   0.0000  -0.0019   0.0000   0.0000   0.0000  -0.0073   0.0000   0.0000
   0.0000  -0.0058   0.0000   0.0000   0.0000   0.8414   0.0000   0.0000   0.0025   0.0000   0.0000   0.0000   0.0057   0.0000
   0.0000   0.0000   0.0000  -0.0006   0.0000   0.0000   0.0258   0.0000   0.0000   0.0000  -0.0003   0.0000   0.0000   0.0000
  -0.0057   0.0000   0.0000   0.0000  -0.0019   0.0000   0.0000   0.0300   0.0000   0.0000   0.0000   0.0011   0.0000   0.0000
   0.0000   0.0073   0.0000   0.0000   0.0000   0.0025   0.0000   0.0000   0.0264   0.0000   0.0000   0.0000   0.0011   0.0000
   0.0000   0.0000   0.0027   0.0000   0.0000   0.0000   0.0000   0.0000   0.0000   0.0257   0.0000   0.0000   0.0000  -0.0003
   0.0000   0.0000   0.0000  -0.0027   0.0000   0.0000  -0.0003   0.0000   0.0000   0.0000   0.0257   0.0000   0.0000   0.0000
  -0.0025   0.0000   0.0000   0.0000  -0.0073   0.0000   0.0000   0.0011   0.0000   0.0000   0.0000   0.0264   0.0000   0.0000
   0.0000   0.0019   0.0000   0.0000   0.0000   0.0057   0.0000   0.0000   0.0011   0.0000   0.0000   0.0000   0.0300   0.0000
   0.0000   0.0000   0.0006   0.0000   0.0000   0.0000   0.0000   0.0000   0.0000  -0.0003   0.0000   0.0000   0.0000   0.0258
************  NKS  ************
 NI=  1 NI_GLOBAL=  1
   0.8333   0.8333   0.8333   0.8333   0.8333   0.8333   0.0270   0.0270   0.0270   0.0270   0.0270   0.0270   0.0270   0.0270
 NELE_LOC TOTAL:
           5.2158236325585845
              CALC_DA_BND takes  0 hours  0 minutes and    0.26 seconds (CPU).
                          takes  0 hours  0 minutes and    0.26 seconds (WALL).
************  DA-  ************
 NI=  1 NI_GLOBAL=  1
  -0.0164  -0.0185  -0.0169  -0.0169  -0.0185  -0.0164  -0.0057  -0.0067  -0.0058  -0.0058  -0.0058  -0.0058  -0.0067  -0.0057
************  DAA  ************
 NI=  1 NI_GLOBAL=  1
  -0.0173  -0.0173  -0.0173  -0.0173  -0.0173  -0.0173  -0.0060  -0.0060  -0.0060  -0.0060  -0.0060  -0.0060  -0.0060  -0.0060
 NI=  1 VDC=    1.3299
************  LA2  ************
 NI=  1 NI_GLOBAL=  1
  -2.4448  -2.4448  -2.4448  -2.4448  -2.4448  -2.4448  -2.3416  -2.3416  -2.3416  -2.3416  -2.3416  -2.3416  -2.3416  -2.3416
 NI=  1 PHI-step gap=  0.14E+00
************  RAA  ************
 NI=  1 NI_GLOBAL=  1
   0.8816   0.8816   0.8816   0.8816   0.8816   0.8816   0.9073   0.9073   0.9073   0.9073   0.9073   0.9073   0.9073   0.9073
************  NC0  ************
 NI=  1 NI_GLOBAL=  1
   0.8333   0.8333   0.8333   0.8333   0.8333   0.8333   0.0270   0.0270   0.0270   0.0270   0.0270   0.0270   0.0270   0.0270
                  CALC_LC takes  0 hours  7 minutes and    7.24 seconds (CPU).
                          takes  0 hours  7 minutes and    7.23 seconds (WALL).
                GUTZ_FCN1 takes  0 hours  7 minutes and    9.38 seconds (CPU).
                          takes  0 hours  7 minutes and    8.56 seconds (WALL).
************  DIF_X  ************
   -0.000006831381   -0.000001123221
    0.000001134050    0.000000670989
 ITER1=  2 MAXERR=    0.00000683
************   WH%X  ************
    0.88164265    0.90729883
    1.04170846    1.20710734
************  RIN  ************
 NI=  1 NI_GLOBAL=  1
   0.8816   0.8816   0.8816   0.8816   0.8816   0.8816   0.9073   0.9073   0.9073   0.9073   0.9073   0.9073   0.9073   0.9073
************  LA1  ************
 NI=  1 NI_GLOBAL=  1
   1.0417   1.0417   1.0417   1.0417   1.0417   1.0417   1.2071   1.2071   1.2071   1.2071   1.2071   1.2071   1.2071   1.2071
             CALC_BAND_AL takes  0 hours  0 minutes and    1.48 seconds (CPU).
                          takes  0 hours  0 minutes and    0.74 seconds (WALL).
 ILOOP            1
 ILOOP            2
   FERMI ENERGY AT    1.05160421752468     
   SUM RULE OF TETRAHEDRON INTEGRATION CHECKED 
   number of occupied bands:          18
   highest energy:   1.07984742855299     
************  NK-  ************
 NI=  1 NI_GLOBAL=  1
   0.8414   0.8187   0.8399   0.8399   0.8187   0.8414   0.0258   0.0300   0.0264   0.0257   0.0257   0.0264   0.0300   0.0258
************  NNK  ************
 NI=  1 NI_GLOBAL=  1
   0.8414   0.0000   0.0000   0.0000  -0.0058   0.0000   0.0000  -0.0057   0.0000   0.0000   0.0000  -0.0025   0.0000   0.0000
   0.0000   0.8187   0.0000   0.0000   0.0000  -0.0058   0.0000   0.0000   0.0073   0.0000   0.0000   0.0000   0.0019   0.0000
   0.0000   0.0000   0.8399   0.0000   0.0000   0.0000   0.0000   0.0000   0.0000   0.0027   0.0000   0.0000   0.0000   0.0006
   0.0000   0.0000   0.0000   0.8399   0.0000   0.0000  -0.0006   0.0000   0.0000   0.0000  -0.0027   0.0000   0.0000   0.0000
  -0.0058   0.0000   0.0000   0.0000   0.8187   0.0000   0.0000  -0.0019   0.0000   0.0000   0.0000  -0.0073   0.0000   0.0000
   0.0000  -0.0058   0.0000   0.0000   0.0000   0.8414   0.0000   0.0000   0.0025   0.0000   0.0000   0.0000   0.0057   0.0000
   0.0000   0.0000   0.0000  -0.0006   0.0000   0.0000   0.0258   0.0000   0.0000   0.0000  -0.0003   0.0000   0.0000   0.0000
  -0.0057   0.0000   0.0000   0.0000  -0.0019   0.0000   0.0000   0.0300   0.0000   0.0000   0.0000   0.0011   0.0000   0.0000
   0.0000   0.0073   0.0000   0.0000   0.0000   0.0025   0.0000   0.0000   0.0264   0.0000   0.0000   0.0000   0.0011   0.0000
   0.0000   0.0000   0.0027   0.0000   0.0000   0.0000   0.0000   0.0000   0.0000   0.0257   0.0000   0.0000   0.0000  -0.0003
   0.0000   0.0000   0.0000  -0.0027   0.0000   0.0000  -0.0003   0.0000   0.0000   0.0000   0.0257   0.0000   0.0000   0.0000
  -0.0025   0.0000   0.0000   0.0000  -0.0073   0.0000   0.0000   0.0011   0.0000   0.0000   0.0000   0.0264   0.0000   0.0000
   0.0000   0.0019   0.0000   0.0000   0.0000   0.0057   0.0000   0.0000   0.0011   0.0000   0.0000   0.0000   0.0300   0.0000
   0.0000   0.0000   0.0006   0.0000   0.0000   0.0000   0.0000   0.0000   0.0000  -0.0003   0.0000   0.0000   0.0000   0.0258
************  NKS  ************
 NI=  1 NI_GLOBAL=  1
   0.8333   0.8333   0.8333   0.8333   0.8333   0.8333   0.0270   0.0270   0.0270   0.0270   0.0270   0.0270   0.0270   0.0270
 NELE_LOC TOTAL:
           5.2158327317557633
              CALC_DA_BND takes  0 hours  0 minutes and    0.26 seconds (CPU).
                          takes  0 hours  0 minutes and    0.26 seconds (WALL).
************  DA-  ************
 NI=  1 NI_GLOBAL=  1
  -0.0164  -0.0185  -0.0169  -0.0169  -0.0185  -0.0164  -0.0057  -0.0067  -0.0058  -0.0058  -0.0058  -0.0058  -0.0067  -0.0057
************  DAA  ************
 NI=  1 NI_GLOBAL=  1
  -0.0173  -0.0173  -0.0173  -0.0173  -0.0173  -0.0173  -0.0060  -0.0060  -0.0060  -0.0060  -0.0060  -0.0060  -0.0060  -0.0060
 NI=  1 VDC=    1.3299
************  LA2  ************
 NI=  1 NI_GLOBAL=  1
  -2.4448  -2.4448  -2.4448  -2.4448  -2.4448  -2.4448  -2.3416  -2.3416  -2.3416  -2.3416  -2.3416  -2.3416  -2.3416  -2.3416
 NI=  1 PHI-step gap=  0.14E+00
************  RAA  ************
 NI=  1 NI_GLOBAL=  1
   0.8816   0.8816   0.8816   0.8816   0.8816   0.8816   0.9073   0.9073   0.9073   0.9073   0.9073   0.9073   0.9073   0.9073
************  NC0  ************
 NI=  1 NI_GLOBAL=  1
   0.8333   0.8333   0.8333   0.8333   0.8333   0.8333   0.0270   0.0270   0.0270   0.0270   0.0270   0.0270   0.0270   0.0270
                  CALC_LC takes  0 hours  7 minutes and   55.69 seconds (CPU).
                          takes  0 hours  7 minutes and   55.70 seconds (WALL).
                GUTZ_FCN1 takes  0 hours  7 minutes and   57.73 seconds (CPU).
                          takes  0 hours  7 minutes and   57.00 seconds (WALL).
************  DIF_X  ************
   -0.000000411853   -0.000000020758
    0.000000096067   -0.000000017703
 ITER1=  3 MAXERR=    0.00000041
************   WH%X  ************
    0.88164246    0.90729914
    1.04170842    1.20710748
************  RIN  ************
 NI=  1 NI_GLOBAL=  1
   0.8816   0.8816   0.8816   0.8816   0.8816   0.8816   0.9073   0.9073   0.9073   0.9073   0.9073   0.9073   0.9073   0.9073
************  LA1  ************
 NI=  1 NI_GLOBAL=  1
   1.0417   1.0417   1.0417   1.0417   1.0417   1.0417   1.2071   1.2071   1.2071   1.2071   1.2071   1.2071   1.2071   1.2071
             CALC_BAND_AL takes  0 hours  0 minutes and    1.49 seconds (CPU).
                          takes  0 hours  0 minutes and    0.74 seconds (WALL).
 ILOOP            1
 ILOOP            2
   FERMI ENERGY AT    1.05160419019984     
   SUM RULE OF TETRAHEDRON INTEGRATION CHECKED 
   number of occupied bands:          18
   highest energy:   1.07984742001894     
************  NK-  ************
 NI=  1 NI_GLOBAL=  1
   0.8414   0.8187   0.8399   0.8399   0.8187   0.8414   0.0258   0.0300   0.0264   0.0257   0.0257   0.0264   0.0300   0.0258
************  NNK  ************
 NI=  1 NI_GLOBAL=  1
   0.8414   0.0000   0.0000   0.0000  -0.0058   0.0000   0.0000  -0.0057   0.0000   0.0000   0.0000  -0.0025   0.0000   0.0000
   0.0000   0.8187   0.0000   0.0000   0.0000  -0.0058   0.0000   0.0000   0.0073   0.0000   0.0000   0.0000   0.0019   0.0000
   0.0000   0.0000   0.8399   0.0000   0.0000   0.0000   0.0000   0.0000   0.0000   0.0027   0.0000   0.0000   0.0000   0.0006
   0.0000   0.0000   0.0000   0.8399   0.0000   0.0000  -0.0006   0.0000   0.0000   0.0000  -0.0027   0.0000   0.0000   0.0000
  -0.0058   0.0000   0.0000   0.0000   0.8187   0.0000   0.0000  -0.0019   0.0000   0.0000   0.0000  -0.0073   0.0000   0.0000
   0.0000  -0.0058   0.0000   0.0000   0.0000   0.8414   0.0000   0.0000   0.0025   0.0000   0.0000   0.0000   0.0057   0.0000
   0.0000   0.0000   0.0000  -0.0006   0.0000   0.0000   0.0258   0.0000   0.0000   0.0000  -0.0003   0.0000   0.0000   0.0000
  -0.0057   0.0000   0.0000   0.0000  -0.0019   0.0000   0.0000   0.0300   0.0000   0.0000   0.0000   0.0011   0.0000   0.0000
   0.0000   0.0073   0.0000   0.0000   0.0000   0.0025   0.0000   0.0000   0.0264   0.0000   0.0000   0.0000   0.0011   0.0000
   0.0000   0.0000   0.0027   0.0000   0.0000   0.0000   0.0000   0.0000   0.0000   0.0257   0.0000   0.0000   0.0000  -0.0003
   0.0000   0.0000   0.0000  -0.0027   0.0000   0.0000  -0.0003   0.0000   0.0000   0.0000   0.0257   0.0000   0.0000   0.0000
  -0.0025   0.0000   0.0000   0.0000  -0.0073   0.0000   0.0000   0.0011   0.0000   0.0000   0.0000   0.0264   0.0000   0.0000
   0.0000   0.0019   0.0000   0.0000   0.0000   0.0057   0.0000   0.0000   0.0011   0.0000   0.0000   0.0000   0.0300   0.0000
   0.0000   0.0000   0.0006   0.0000   0.0000   0.0000   0.0000   0.0000   0.0000  -0.0003   0.0000   0.0000   0.0000   0.0258
************  NKS  ************
 NI=  1 NI_GLOBAL=  1
   0.8333   0.8333   0.8333   0.8333   0.8333   0.8333   0.0270   0.0270   0.0270   0.0270   0.0270   0.0270   0.0270   0.0270
 NELE_LOC TOTAL:
           5.2158331076054507
              CALC_DA_BND takes  0 hours  0 minutes and    0.26 seconds (CPU).
                          takes  0 hours  0 minutes and    0.25 seconds (WALL).
************  DA-  ************
 NI=  1 NI_GLOBAL=  1
  -0.0164  -0.0185  -0.0169  -0.0169  -0.0185  -0.0164  -0.0057  -0.0067  -0.0058  -0.0058  -0.0058  -0.0058  -0.0067  -0.0057
************  DAA  ************
 NI=  1 NI_GLOBAL=  1
  -0.0173  -0.0173  -0.0173  -0.0173  -0.0173  -0.0173  -0.0060  -0.0060  -0.0060  -0.0060  -0.0060  -0.0060  -0.0060  -0.0060
 NI=  1 VDC=    1.3299
************  LA2  ************
 NI=  1 NI_GLOBAL=  1
  -2.4448  -2.4448  -2.4448  -2.4448  -2.4448  -2.4448  -2.3416  -2.3416  -2.3416  -2.3416  -2.3416  -2.3416  -2.3416  -2.3416
 NI=  1 PHI-step gap=  0.14E+00
************  RAA  ************
 NI=  1 NI_GLOBAL=  1
   0.8816   0.8816   0.8816   0.8816   0.8816   0.8816   0.9073   0.9073   0.9073   0.9073   0.9073   0.9073   0.9073   0.9073
************  NC0  ************
 NI=  1 NI_GLOBAL=  1
   0.8333   0.8333   0.8333   0.8333   0.8333   0.8333   0.0270   0.0270   0.0270   0.0270   0.0270   0.0270   0.0270   0.0270
                  CALC_LC takes  0 hours 11 minutes and   46.12 seconds (CPU).
                          takes  0 hours 11 minutes and   46.02 seconds (WALL).
                GUTZ_FCN1 takes  0 hours 11 minutes and   48.30 seconds (CPU).
                          takes  0 hours 11 minutes and   47.32 seconds (WALL).
************  DIF_X  ************
   -0.000000010605   -0.000000005405
    0.000000001652    0.000000001722
 ITER1=  4 MAXERR=    0.00000001
************   WH%X  ************
    0.88164245    0.90729911
    1.04170842    1.20710746
************  RIN  ************
 NI=  1 NI_GLOBAL=  1
   0.8816   0.8816   0.8816   0.8816   0.8816   0.8816   0.9073   0.9073   0.9073   0.9073   0.9073   0.9073   0.9073   0.9073
************  LA1  ************
 NI=  1 NI_GLOBAL=  1
   1.0417   1.0417   1.0417   1.0417   1.0417   1.0417   1.2071   1.2071   1.2071   1.2071   1.2071   1.2071   1.2071   1.2071
             CALC_BAND_AL takes  0 hours  0 minutes and    1.49 seconds (CPU).
                          takes  0 hours  0 minutes and    0.74 seconds (WALL).
 ILOOP            1
 ILOOP            2
   FERMI ENERGY AT    1.05160418913524     
   SUM RULE OF TETRAHEDRON INTEGRATION CHECKED 
   number of occupied bands:          18
   highest energy:   1.07984741903219     
************  NK-  ************
 NI=  1 NI_GLOBAL=  1
   0.8414   0.8187   0.8399   0.8399   0.8187   0.8414   0.0258   0.0300   0.0264   0.0257   0.0257   0.0264   0.0300   0.0258
************  NNK  ************
 NI=  1 NI_GLOBAL=  1
   0.8414   0.0000   0.0000   0.0000  -0.0058   0.0000   0.0000  -0.0057   0.0000   0.0000   0.0000  -0.0025   0.0000   0.0000
   0.0000   0.8187   0.0000   0.0000   0.0000  -0.0058   0.0000   0.0000   0.0073   0.0000   0.0000   0.0000   0.0019   0.0000
   0.0000   0.0000   0.8399   0.0000   0.0000   0.0000   0.0000   0.0000   0.0000   0.0027   0.0000   0.0000   0.0000   0.0006
   0.0000   0.0000   0.0000   0.8399   0.0000   0.0000  -0.0006   0.0000   0.0000   0.0000  -0.0027   0.0000   0.0000   0.0000
  -0.0058   0.0000   0.0000   0.0000   0.8187   0.0000   0.0000  -0.0019   0.0000   0.0000   0.0000  -0.0073   0.0000   0.0000
   0.0000  -0.0058   0.0000   0.0000   0.0000   0.8414   0.0000   0.0000   0.0025   0.0000   0.0000   0.0000   0.0057   0.0000
   0.0000   0.0000   0.0000  -0.0006   0.0000   0.0000   0.0258   0.0000   0.0000   0.0000  -0.0003   0.0000   0.0000   0.0000
  -0.0057   0.0000   0.0000   0.0000  -0.0019   0.0000   0.0000   0.0300   0.0000   0.0000   0.0000   0.0011   0.0000   0.0000
   0.0000   0.0073   0.0000   0.0000   0.0000   0.0025   0.0000   0.0000   0.0264   0.0000   0.0000   0.0000   0.0011   0.0000
   0.0000   0.0000   0.0027   0.0000   0.0000   0.0000   0.0000   0.0000   0.0000   0.0257   0.0000   0.0000   0.0000  -0.0003
   0.0000   0.0000   0.0000  -0.0027   0.0000   0.0000  -0.0003   0.0000   0.0000   0.0000   0.0257   0.0000   0.0000   0.0000
  -0.0025   0.0000   0.0000   0.0000  -0.0073   0.0000   0.0000   0.0011   0.0000   0.0000   0.0000   0.0264   0.0000   0.0000
   0.0000   0.0019   0.0000   0.0000   0.0000   0.0057   0.0000   0.0000   0.0011   0.0000   0.0000   0.0000   0.0300   0.0000
   0.0000   0.0000   0.0006   0.0000   0.0000   0.0000   0.0000   0.0000   0.0000  -0.0003   0.0000   0.0000   0.0000   0.0258
************  NKS  ************
 NI=  1 NI_GLOBAL=  1
   0.8333   0.8333   0.8333   0.8333   0.8333   0.8333   0.0270   0.0270   0.0270   0.0270   0.0270   0.0270   0.0270   0.0270
 NELE_LOC TOTAL:
           5.2158331247943099
              CALC_DA_BND takes  0 hours  0 minutes and    0.26 seconds (CPU).
                          takes  0 hours  0 minutes and    0.26 seconds (WALL).
************  DA-  ************
 NI=  1 NI_GLOBAL=  1
  -0.0164  -0.0185  -0.0169  -0.0169  -0.0185  -0.0164  -0.0057  -0.0067  -0.0058  -0.0058  -0.0058  -0.0058  -0.0067  -0.0057
************  DAA  ************
 NI=  1 NI_GLOBAL=  1
  -0.0173  -0.0173  -0.0173  -0.0173  -0.0173  -0.0173  -0.0060  -0.0060  -0.0060  -0.0060  -0.0060  -0.0060  -0.0060  -0.0060
 NI=  1 VDC=    1.3299
************  LA2  ************
 NI=  1 NI_GLOBAL=  1
  -2.4448  -2.4448  -2.4448  -2.4448  -2.4448  -2.4448  -2.3416  -2.3416  -2.3416  -2.3416  -2.3416  -2.3416  -2.3416  -2.3416
 NI=  1 PHI-step gap=  0.14E+00
************  RAA  ************
 NI=  1 NI_GLOBAL=  1
   0.8816   0.8816   0.8816   0.8816   0.8816   0.8816   0.9073   0.9073   0.9073   0.9073   0.9073   0.9073   0.9073   0.9073
************  NC0  ************
 NI=  1 NI_GLOBAL=  1
   0.8333   0.8333   0.8333   0.8333   0.8333   0.8333   0.0270   0.0270   0.0270   0.0270   0.0270   0.0270   0.0270   0.0270
                  CALC_LC takes  0 hours 10 minutes and   58.61 seconds (CPU).
                          takes  0 hours 10 minutes and   58.56 seconds (WALL).
                GUTZ_FCN1 takes  0 hours 11 minutes and    0.71 seconds (CPU).
                          takes  0 hours 10 minutes and   59.87 seconds (WALL).
************  DIF_X  ************
   -0.000000000591   -0.000000000374
    0.000000000088    0.000000000106
 ITER1=  5 MAXERR=    0.00000000
 NFJAC=   0
 SOLVE1 FINISHED WITH       5 ITERATIONS.
               GUTZ_SOLVE takes  0 hours 47 minutes and    7.09 seconds (CPU).
                          takes  0 hours 47 minutes and    2.95 seconds (WALL).
 MAX. NELF1 DIFF=    0.00274720
               CALC_PJRHO takes  0 hours  0 minutes and    0.45 seconds (CPU).
                          takes  0 hours  0 minutes and    0.38 seconds (WALL).
 NI=  1 SUM_PHY-SUM_KS=      0.00000000 WOULD BE RENORMALIZED
************  NC1  ************
 NI=  1 NI_GLOBAL=  1
   0.8168   0.8168   0.8168   0.8168   0.8168   0.8168   0.0394   0.0394   0.0394   0.0394   0.0394   0.0394   0.0394   0.0394
               CALC_NCPHY takes  0 hours  0 minutes and   50.75 seconds (CPU).
                          takes  0 hours  0 minutes and   50.66 seconds (WALL).
 GYZ%PJ%EGAMM:
     8.77265
 ENG%GAMM:     8.77265
 ENG%POT2:     3.07334
 EDCLA1(NI) ARRAY:
    -5.469
 EDCUJ(NI) ARRAY:
    -3.121
 EDCUJV(NI) ARRAY:
    -6.936
 EDC(NI) ARRAY:
    -8.590
 ENG%DBLC:    -8.59046
 ENG%DC1 :    -5.46907
 ENG%DC2 :    -3.12138
 ENG%DC2V:    -6.93645
 DC_E_STD_TO_E_V:    -3.81507
 ENG%BAND:     1.22494
 ENG%DL(DEEP LEVEL):    -6.73707
 ENG%TB=     1.40713
 ENG%TB-DC2=     4.52851
 NI=  1 OCC_CONFIG_WEIGHT:
        OCC= 0 WEIGHT=   0.00000
        OCC= 1 WEIGHT=   0.00000
        OCC= 2 WEIGHT=   0.00004
        OCC= 3 WEIGHT=   0.00413
        OCC= 4 WEIGHT=   0.10974
        OCC= 5 WEIGHT=   0.56873
        OCC= 6 WEIGHT=   0.30101
        OCC= 7 WEIGHT=   0.01611
        OCC= 8 WEIGHT=   0.00024
        OCC= 9 WEIGHT=   0.00000
                 CALC_RCW takes  0 hours  0 minutes and    0.00 seconds (CPU).
                          takes  0 hours  0 minutes and    0.00 seconds (WALL).
 NI=  1 J2=   11.2824
                 CALC_SLJ takes  0 hours  0 minutes and    0.00 seconds (CPU).
                          takes  0 hours  0 minutes and    0.00 seconds (WALL).
 NI=  1 ENTANGLEMENT ENTROPY=      3.5282
           CALC_ENTANGLES takes  0 hours  0 minutes and    1.11 seconds (CPU).
                          takes  0 hours  0 minutes and    0.94 seconds (WALL).
 CORRELATED SUBSPACE, SUM_FERWT=      8.0000000 SUM_KSWT=      8.0000000
 MAX OFF DIAGONAL KS.WT=    0.000650
 MAX/MIN R=    0.907299    0.881642
                CALC_KSWT takes  0 hours  0 minutes and    0.05 seconds (CPU).
                          takes  0 hours  0 minutes and    0.02 seconds (WALL).
                    TOTAL takes  0 hours 49 minutes and    6.83 seconds (CPU).
                          takes  0 hours 49 minutes and    1.21 seconds (WALL).
