******Program DMFT: Computes Gloc and Delta for Dynamical Mean Field Theory calculation ******
 CALCULATION WITH COMPLEX VECTORS
 CALCULATION WITH SOC VECTORS REQUIRED
 Running DMFT in mpi mode
  
 numkpt=         286
   0.00000   0.00000   0.00000   1.00000
   0.04762   0.04762  -0.04762   8.00000
   0.09524   0.09524  -0.09524   8.00000
   0.14286   0.14286  -0.14286   8.00000
   0.19048   0.19048  -0.19048   8.00000
   0.23810   0.23810  -0.23810   8.00000
   0.28571   0.28571  -0.28571   8.00000
   0.33333   0.33333  -0.33333   8.00000
   0.38095   0.38095  -0.38095   8.00000
   0.42857   0.42857  -0.42857   8.00000
   0.47619   0.47619  -0.47619   8.00000
   0.09524   0.00000   0.00000   6.00000
   0.14286   0.04762  -0.04762  24.00000
   0.19048   0.09524  -0.09524  24.00000
   0.23810   0.14286  -0.14286  24.00000
   0.28571   0.19048  -0.19048  24.00000
   0.33333   0.23810  -0.23810  24.00000
   0.38095   0.28571  -0.28571  24.00000
   0.42857   0.33333  -0.33333  24.00000
   0.47619   0.38095  -0.38095  24.00000
   0.52381   0.42857  -0.42857  24.00000
   0.57143   0.47619  -0.47619  24.00000
   0.61905   0.52381  -0.52381  24.00000
   0.66667   0.57143  -0.57143  24.00000
   0.71429   0.61905  -0.61905  24.00000
   0.76190   0.66667  -0.66667  24.00000
   0.80952   0.71429  -0.71429  24.00000
   0.85714   0.76190  -0.76190  24.00000
   0.90476   0.80952  -0.80952  24.00000
   0.95238   0.85714  -0.85714  24.00000
   1.00000   0.90476  -0.90476  12.00000
   0.19048   0.00000   0.00000   6.00000
   0.23810   0.04762  -0.04762  24.00000
   0.28571   0.09524  -0.09524  24.00000
   0.33333   0.14286  -0.14286  24.00000
   0.38095   0.19048  -0.19048  24.00000
   0.42857   0.23810  -0.23810  24.00000
   0.47619   0.28571  -0.28571  24.00000
   0.52381   0.33333  -0.33333  24.00000
   0.57143   0.38095  -0.38095  24.00000
   0.61905   0.42857  -0.42857  24.00000
   0.66667   0.47619  -0.47619  24.00000
   0.71429   0.52381  -0.52381  24.00000
   0.76190   0.57143  -0.57143  24.00000
   0.80952   0.61905  -0.61905  24.00000
   0.85714   0.66667  -0.66667  24.00000
   0.90476   0.71429  -0.71429  24.00000
   0.95238   0.76190  -0.76190  24.00000
   1.00000   0.80952  -0.80952  12.00000
   0.28571   0.00000   0.00000   6.00000
   0.33333   0.04762  -0.04762  24.00000
   0.38095   0.09524  -0.09524  24.00000
   0.42857   0.14286  -0.14286  24.00000
   0.47619   0.19048  -0.19048  24.00000
   0.52381   0.23810  -0.23810  24.00000
   0.57143   0.28571  -0.28571  24.00000
   0.61905   0.33333  -0.33333  24.00000
   0.66667   0.38095  -0.38095  24.00000
   0.71429   0.42857  -0.42857  24.00000
   0.76190   0.47619  -0.47619  24.00000
   0.80952   0.52381  -0.52381  24.00000
   0.85714   0.57143  -0.57143  24.00000
   0.90476   0.61905  -0.61905  24.00000
   0.95238   0.66667  -0.66667  24.00000
   1.00000   0.71429  -0.71429  12.00000
   0.38095   0.00000   0.00000   6.00000
   0.42857   0.04762  -0.04762  24.00000
   0.47619   0.09524  -0.09524  24.00000
   0.52381   0.14286  -0.14286  24.00000
   0.57143   0.19048  -0.19048  24.00000
   0.61905   0.23810  -0.23810  24.00000
   0.66667   0.28571  -0.28571  24.00000
   0.71429   0.33333  -0.33333  24.00000
   0.76190   0.38095  -0.38095  24.00000
   0.80952   0.42857  -0.42857  24.00000
   0.85714   0.47619  -0.47619  24.00000
   0.90476   0.52381  -0.52381  24.00000
   0.95238   0.57143  -0.57143  24.00000
   1.00000   0.61905  -0.61905  12.00000
   0.47619   0.00000   0.00000   6.00000
   0.52381   0.04762  -0.04762  24.00000
   0.57143   0.09524  -0.09524  24.00000
   0.61905   0.14286  -0.14286  24.00000
   0.66667   0.19048  -0.19048  24.00000
   0.71429   0.23810  -0.23810  24.00000
   0.76190   0.28571  -0.28571  24.00000
   0.80952   0.33333  -0.33333  24.00000
   0.85714   0.38095  -0.38095  24.00000
   0.90476   0.42857  -0.42857  24.00000
   0.95238   0.47619  -0.47619  24.00000
   1.00000   0.52381  -0.52381  12.00000
   0.57143   0.00000   0.00000   6.00000
   0.61905   0.04762  -0.04762  24.00000
   0.66667   0.09524  -0.09524  24.00000
   0.71429   0.14286  -0.14286  24.00000
   0.76190   0.19048  -0.19048  24.00000
   0.80952   0.23810  -0.23810  24.00000
   0.85714   0.28571  -0.28571  24.00000
   0.90476   0.33333  -0.33333  24.00000
   0.95238   0.38095  -0.38095  24.00000
   1.00000   0.42857  -0.42857  12.00000
   0.66667   0.00000   0.00000   6.00000
   0.71429   0.04762  -0.04762  24.00000
   0.76190   0.09524  -0.09524  24.00000
   0.80952   0.14286  -0.14286  24.00000
   0.85714   0.19048  -0.19048  24.00000
   0.90476   0.23810  -0.23810  24.00000
   0.95238   0.28571  -0.28571  24.00000
   1.00000   0.33333  -0.33333  12.00000
   0.76190   0.00000   0.00000   6.00000
   0.80952   0.04762  -0.04762  24.00000
   0.85714   0.09524  -0.09524  24.00000
   0.90476   0.14286  -0.14286  24.00000
   0.95238   0.19048  -0.19048  24.00000
   1.00000   0.23810  -0.23810  12.00000
   0.85714   0.00000   0.00000   6.00000
   0.90476   0.04762  -0.04762  24.00000
   0.95238   0.09524  -0.09524  24.00000
   1.00000   0.14286  -0.14286  12.00000
   0.95238   0.00000   0.00000   6.00000
   1.00000   0.04762  -0.04762  12.00000
   0.19048   0.09524   0.00000  24.00000
   0.23810   0.14286  -0.04762  48.00000
   0.28571   0.19048  -0.09524  48.00000
   0.33333   0.23810  -0.14286  48.00000
   0.38095   0.28571  -0.19048  48.00000
   0.42857   0.33333  -0.23810  48.00000
   0.47619   0.38095  -0.28571  48.00000
   0.52381   0.42857  -0.33333  48.00000
   0.57143   0.47619  -0.38095  48.00000
   0.28571   0.09524   0.00000  24.00000
   0.33333   0.14286  -0.04762  48.00000
   0.38095   0.19048  -0.09524  48.00000
   0.42857   0.23810  -0.14286  48.00000
   0.47619   0.28571  -0.19048  48.00000
   0.52381   0.33333  -0.23810  48.00000
   0.57143   0.38095  -0.28571  48.00000
   0.61905   0.42857  -0.33333  48.00000
   0.66667   0.47619  -0.38095  48.00000
   0.71429   0.52381  -0.42857  48.00000
   0.76190   0.57143  -0.47619  48.00000
   0.80952   0.61905  -0.52381  48.00000
   0.85714   0.66667  -0.57143  48.00000
   0.90476   0.71429  -0.61905  48.00000
   0.95238   0.76190  -0.66667  48.00000
   1.00000   0.80952  -0.71429  24.00000
   0.38095   0.09524   0.00000  24.00000
   0.42857   0.14286  -0.04762  48.00000
   0.47619   0.19048  -0.09524  48.00000
   0.52381   0.23810  -0.14286  48.00000
   0.57143   0.28571  -0.19048  48.00000
   0.61905   0.33333  -0.23810  48.00000
   0.66667   0.38095  -0.28571  48.00000
   0.71429   0.42857  -0.33333  48.00000
   0.76190   0.47619  -0.38095  48.00000
   0.80952   0.52381  -0.42857  48.00000
   0.85714   0.57143  -0.47619  48.00000
   0.90476   0.61905  -0.52381  48.00000
   0.95238   0.66667  -0.57143  48.00000
   1.00000   0.71429  -0.61905  24.00000
   0.47619   0.09524   0.00000  24.00000
   0.52381   0.14286  -0.04762  48.00000
   0.57143   0.19048  -0.09524  48.00000
   0.61905   0.23810  -0.14286  48.00000
   0.66667   0.28571  -0.19048  48.00000
   0.71429   0.33333  -0.23810  48.00000
   0.76190   0.38095  -0.28571  48.00000
   0.80952   0.42857  -0.33333  48.00000
   0.85714   0.47619  -0.38095  48.00000
   0.90476   0.52381  -0.42857  48.00000
   0.95238   0.57143  -0.47619  48.00000
   1.00000   0.61905  -0.52381  24.00000
   0.57143   0.09524   0.00000  24.00000
   0.61905   0.14286  -0.04762  48.00000
   0.66667   0.19048  -0.09524  48.00000
   0.71429   0.23810  -0.14286  48.00000
   0.76190   0.28571  -0.19048  48.00000
   0.80952   0.33333  -0.23810  48.00000
   0.85714   0.38095  -0.28571  48.00000
   0.90476   0.42857  -0.33333  48.00000
   0.95238   0.47619  -0.38095  48.00000
   1.00000   0.52381  -0.42857  24.00000
   0.66667   0.09524   0.00000  24.00000
   0.71429   0.14286  -0.04762  48.00000
   0.76190   0.19048  -0.09524  48.00000
   0.80952   0.23810  -0.14286  48.00000
   0.85714   0.28571  -0.19048  48.00000
   0.90476   0.33333  -0.23810  48.00000
   0.95238   0.38095  -0.28571  48.00000
   1.00000   0.42857  -0.33333  24.00000
   0.76190   0.09524   0.00000  24.00000
   0.80952   0.14286  -0.04762  48.00000
   0.85714   0.19048  -0.09524  48.00000
   0.90476   0.23810  -0.14286  48.00000
   0.95238   0.28571  -0.19048  48.00000
   1.00000   0.33333  -0.23810  24.00000
   0.85714   0.09524   0.00000  24.00000
   0.90476   0.14286  -0.04762  48.00000
   0.95238   0.19048  -0.09524  48.00000
   1.00000   0.23810  -0.14286  24.00000
   0.95238   0.09524   0.00000  24.00000
   1.00000   0.14286  -0.04762  24.00000
   0.38095   0.19048   0.00000  24.00000
   0.42857   0.23810  -0.04762  48.00000
   0.47619   0.28571  -0.09524  48.00000
   0.52381   0.33333  -0.14286  48.00000
   0.57143   0.38095  -0.19048  48.00000
   0.61905   0.42857  -0.23810  48.00000
   0.66667   0.47619  -0.28571  48.00000
   0.47619   0.19048   0.00000  24.00000
   0.52381   0.23810  -0.04762  48.00000
   0.57143   0.28571  -0.09524  48.00000
   0.61905   0.33333  -0.14286  48.00000
   0.66667   0.38095  -0.19048  48.00000
   0.71429   0.42857  -0.23810  48.00000
   0.76190   0.47619  -0.28571  48.00000
   0.80952   0.52381  -0.33333  48.00000
   0.85714   0.57143  -0.38095  48.00000
   0.90476   0.61905  -0.42857  48.00000
   0.95238   0.66667  -0.47619  48.00000
   1.00000   0.71429  -0.52381  24.00000
   0.57143   0.19048   0.00000  24.00000
   0.61905   0.23810  -0.04762  48.00000
   0.66667   0.28571  -0.09524  48.00000
   0.71429   0.33333  -0.14286  48.00000
   0.76190   0.38095  -0.19048  48.00000
   0.80952   0.42857  -0.23810  48.00000
   0.85714   0.47619  -0.28571  48.00000
   0.90476   0.52381  -0.33333  48.00000
   0.95238   0.57143  -0.38095  48.00000
   1.00000   0.61905  -0.42857  24.00000
   0.66667   0.19048   0.00000  24.00000
   0.71429   0.23810  -0.04762  48.00000
   0.76190   0.28571  -0.09524  48.00000
   0.80952   0.33333  -0.14286  48.00000
   0.85714   0.38095  -0.19048  48.00000
   0.90476   0.42857  -0.23810  48.00000
   0.95238   0.47619  -0.28571  48.00000
   1.00000   0.52381  -0.33333  24.00000
   0.76190   0.19048   0.00000  24.00000
   0.80952   0.23810  -0.04762  48.00000
   0.85714   0.28571  -0.09524  48.00000
   0.90476   0.33333  -0.14286  48.00000
   0.95238   0.38095  -0.19048  48.00000
   1.00000   0.42857  -0.23810  24.00000
   0.85714   0.19048   0.00000  24.00000
   0.90476   0.23810  -0.04762  48.00000
   0.95238   0.28571  -0.09524  48.00000
   1.00000   0.33333  -0.14286  24.00000
   0.95238   0.19048   0.00000  24.00000
   1.00000   0.23810  -0.04762  24.00000
   0.57143   0.28571   0.00000  24.00000
   0.61905   0.33333  -0.04762  48.00000
   0.66667   0.38095  -0.09524  48.00000
   0.71429   0.42857  -0.14286  48.00000
   0.76190   0.47619  -0.19048  48.00000
   0.66667   0.28571   0.00000  24.00000
   0.71429   0.33333  -0.04762  48.00000
   0.76190   0.38095  -0.09524  48.00000
   0.80952   0.42857  -0.14286  48.00000
   0.85714   0.47619  -0.19048  48.00000
   0.90476   0.52381  -0.23810  48.00000
   0.95238   0.57143  -0.28571  48.00000
   1.00000   0.61905  -0.33333  24.00000
   0.76190   0.28571   0.00000  24.00000
   0.80952   0.33333  -0.04762  48.00000
   0.85714   0.38095  -0.09524  48.00000
   0.90476   0.42857  -0.14286  48.00000
   0.95238   0.47619  -0.19048  48.00000
   1.00000   0.52381  -0.23810  24.00000
   0.85714   0.28571   0.00000  24.00000
   0.90476   0.33333  -0.04762  48.00000
   0.95238   0.38095  -0.09524  48.00000
   1.00000   0.42857  -0.14286  24.00000
   0.95238   0.28571   0.00000  24.00000
   1.00000   0.33333  -0.04762  24.00000
   0.76190   0.38095   0.00000  24.00000
   0.80952   0.42857  -0.04762  48.00000
   0.85714   0.47619  -0.09524  48.00000
   0.85714   0.38095   0.00000  24.00000
   0.90476   0.42857  -0.04762  48.00000
   0.95238   0.47619  -0.09524  48.00000
   1.00000   0.52381  -0.14286  24.00000
   0.95238   0.38095   0.00000  24.00000
   1.00000   0.42857  -0.04762  24.00000
   0.95238   0.47619   0.00000  24.00000




                              --------------------------------------------------
                                 S T R U C T U R A L   I N F O R M A T I O N
                              --------------------------------------------------


   SUBSTANCE                    = cubic fcc  (delta)                                                              

   LATTICE                      = F   
   LATTICE CONSTANTS ARE        =    8.2098800   8.2098800   8.2098800
   NUMBER OF ATOMS IN UNITCELL  =   1
   MODE OF CALCULATION IS       = RELA
 IORD=          48
 FNAMES=
 ./delta_Pu_6.vectorso_1                                                        
                                                                                
                                           
 ./delta_Pu_6.vectorsodn_1                                                      
                                                                                
                                           
 delta_Pu_6.energyso_1                                                          
                                                                                
                                           
 delta_Pu_6.energysodn_1                                                        
                                                                                
                                           
  BR1,  BR2
   0.76532   0.00000   0.00000     -0.76532   0.76532   0.76532
   0.00000   0.76532   0.00000      0.76532  -0.76532   0.76532
   0.00000   0.00000   0.76532      0.76532   0.76532  -0.76532
 projector corrected--must be 1,2, or 3! Now projector= 2
 Energy window:   -0.4410 < E <      0.441
 Projected density of states calculation for  1 atoms
--------- atom  1 -------------
l=  3  qsplit=  4
 Symmetrization over eq. k-points is performed
 ********** Start Reading Cix file *************
  Correlated block number           1
  Correlated index=
  1  0  0  0  0  0  0  0  0  0  0  0  0  0
  0  1  0  0  0  0  0  0  0  0  0  0  0  0
  0  0  1  0  0  0  0  0  0  0  0  0  0  0
  0  0  0  1  0  0  0  0  0  0  0  0  0  0
  0  0  0  0  1  0  0  0  0  0  0  0  0  0
  0  0  0  0  0  1  0  0  0  0  0  0  0  0
  0  0  0  0  0  0  2  0  0  0  0  0  0  0
  0  0  0  0  0  0  0  2  0  0  0  0  0  0
  0  0  0  0  0  0  0  0  2  0  0  0  0  0
  0  0  0  0  0  0  0  0  0  2  0  0  0  0
  0  0  0  0  0  0  0  0  0  0  2  0  0  0
  0  0  0  0  0  0  0  0  0  0  0  2  0  0
  0  0  0  0  0  0  0  0  0  0  0  0  2  0
  0  0  0  0  0  0  0  0  0  0  0  0  0  2
  Real part of unitary matrix=
  0.9258  0.0000  0.0000  0.0000  0.0000  0.0000  0.0000  0.0000 -0.3780  0.0000  0.0000  0.0000  0.0000  0.0000
  0.0000  0.8452  0.0000  0.0000  0.0000  0.0000  0.0000  0.0000  0.0000 -0.5345  0.0000  0.0000  0.0000  0.0000
  0.0000  0.0000  0.7559  0.0000  0.0000  0.0000  0.0000  0.0000  0.0000  0.0000 -0.6547  0.0000  0.0000  0.0000
  0.0000  0.0000  0.0000  0.6547  0.0000  0.0000  0.0000  0.0000  0.0000  0.0000  0.0000 -0.7559  0.0000  0.0000
  0.0000  0.0000  0.0000  0.0000  0.5345  0.0000  0.0000  0.0000  0.0000  0.0000  0.0000  0.0000 -0.8452  0.0000
  0.0000  0.0000  0.0000  0.0000  0.0000  0.3780  0.0000  0.0000  0.0000  0.0000  0.0000  0.0000  0.0000 -0.9258
  0.0000  0.0000  0.0000  0.0000  0.0000  0.0000  0.0000  1.0000  0.0000  0.0000  0.0000  0.0000  0.0000  0.0000
  0.3780  0.0000  0.0000  0.0000  0.0000  0.0000  0.0000  0.0000  0.9258  0.0000  0.0000  0.0000  0.0000  0.0000
  0.0000  0.5345  0.0000  0.0000  0.0000  0.0000  0.0000  0.0000  0.0000  0.8452  0.0000  0.0000  0.0000  0.0000
  0.0000  0.0000  0.6547  0.0000  0.0000  0.0000  0.0000  0.0000  0.0000  0.0000  0.7559  0.0000  0.0000  0.0000
  0.0000  0.0000  0.0000  0.7559  0.0000  0.0000  0.0000  0.0000  0.0000  0.0000  0.0000  0.6547  0.0000  0.0000
  0.0000  0.0000  0.0000  0.0000  0.8452  0.0000  0.0000  0.0000  0.0000  0.0000  0.0000  0.0000  0.5345  0.0000
  0.0000  0.0000  0.0000  0.0000  0.0000  0.9258  0.0000  0.0000  0.0000  0.0000  0.0000  0.0000  0.0000  0.3780
  0.0000  0.0000  0.0000  0.0000  0.0000  0.0000  1.0000  0.0000  0.0000  0.0000  0.0000  0.0000  0.0000  0.0000
  Imaginary part of unitary matrix=
  0.0000  0.0000  0.0000  0.0000  0.0000  0.0000  0.0000  0.0000  0.0000  0.0000  0.0000  0.0000  0.0000  0.0000
  0.0000  0.0000  0.0000  0.0000  0.0000  0.0000  0.0000  0.0000  0.0000  0.0000  0.0000  0.0000  0.0000  0.0000
  0.0000  0.0000  0.0000  0.0000  0.0000  0.0000  0.0000  0.0000  0.0000  0.0000  0.0000  0.0000  0.0000  0.0000
  0.0000  0.0000  0.0000  0.0000  0.0000  0.0000  0.0000  0.0000  0.0000  0.0000  0.0000  0.0000  0.0000  0.0000
  0.0000  0.0000  0.0000  0.0000  0.0000  0.0000  0.0000  0.0000  0.0000  0.0000  0.0000  0.0000  0.0000  0.0000
  0.0000  0.0000  0.0000  0.0000  0.0000  0.0000  0.0000  0.0000  0.0000  0.0000  0.0000  0.0000  0.0000  0.0000
  0.0000  0.0000  0.0000  0.0000  0.0000  0.0000  0.0000  0.0000  0.0000  0.0000  0.0000  0.0000  0.0000  0.0000
  0.0000  0.0000  0.0000  0.0000  0.0000  0.0000  0.0000  0.0000  0.0000  0.0000  0.0000  0.0000  0.0000  0.0000
  0.0000  0.0000  0.0000  0.0000  0.0000  0.0000  0.0000  0.0000  0.0000  0.0000  0.0000  0.0000  0.0000  0.0000
  0.0000  0.0000  0.0000  0.0000  0.0000  0.0000  0.0000  0.0000  0.0000  0.0000  0.0000  0.0000  0.0000  0.0000
  0.0000  0.0000  0.0000  0.0000  0.0000  0.0000  0.0000  0.0000  0.0000  0.0000  0.0000  0.0000  0.0000  0.0000
  0.0000  0.0000  0.0000  0.0000  0.0000  0.0000  0.0000  0.0000  0.0000  0.0000  0.0000  0.0000  0.0000  0.0000
  0.0000  0.0000  0.0000  0.0000  0.0000  0.0000  0.0000  0.0000  0.0000  0.0000  0.0000  0.0000  0.0000  0.0000
  0.0000  0.0000  0.0000  0.0000  0.0000  0.0000  0.0000  0.0000  0.0000  0.0000  0.0000  0.0000  0.0000  0.0000
  At least one transformation matrix is not Identity
 Magnetic system with s-o coupling; M theta, phi:  0.0000  0.0000
 Inside ROTDEF
Operation  1 transforms atom   1 from first atom   1
Actual position of atom  1 is:  0.000000    0.000000    0.000000
 
Combined transformation (acting on k-point) for correlated atoms
including users rotation and internal local rotation
catom  1 atom   1
   0.76532   0.00000   0.00000
   0.00000  -0.76532   0.00000
   0.00000   0.00000  -0.76532
 
 
 SPIN COORD SYSTEM:
    1.000000    0.000000    0.000000
    0.000000    1.000000    0.000000
    0.000000    0.000000    1.000000
 
 in global cartezian coordinates:
    1.000000    0.000000    0.000000
    0.000000   -1.000000    0.000000
    0.000000    0.000000   -1.000000
 ____________________________
 in spin coordinates:
    1.000000    0.000000    0.000000
    0.000000   -1.000000    0.000000
    0.000000    0.000000   -1.000000
           1   3.14159265358979       -1.00000000000000     
 
 in global cartezian coordinates:
    1.000000    0.000000    0.000000
    0.000000    0.000000   -1.000000
    0.000000   -1.000000    0.000000
 ____________________________
 in spin coordinates:
    1.000000    0.000000    0.000000
    0.000000    0.000000   -1.000000
    0.000000   -1.000000    0.000000
           2   1.57079632679490       0.000000000000000E+000
 
 symm. operation            2  removed !!!! so-det=  0.000000000000000E+000
 in global cartezian coordinates:
   -1.000000    0.000000    0.000000
    0.000000   -1.000000    0.000000
    0.000000    0.000000   -1.000000
 ____________________________
 in spin coordinates:
   -1.000000    0.000000    0.000000
    0.000000   -1.000000    0.000000
    0.000000    0.000000   -1.000000
           3  0.000000000000000E+000   1.00000000000000     
 
 in global cartezian coordinates:
   -1.000000    0.000000    0.000000
    0.000000    0.000000   -1.000000
    0.000000   -1.000000    0.000000
 ____________________________
 in spin coordinates:
   -1.000000    0.000000    0.000000
    0.000000    0.000000   -1.000000
    0.000000   -1.000000    0.000000
           4   1.57079632679490       0.000000000000000E+000
 
 symm. operation            4  removed !!!! so-det=  0.000000000000000E+000
 in global cartezian coordinates:
    0.000000   -1.000000    0.000000
    1.000000    0.000000    0.000000
    0.000000    0.000000   -1.000000
 ____________________________
 in spin coordinates:
    0.000000   -1.000000    0.000000
    1.000000    0.000000    0.000000
    0.000000    0.000000   -1.000000
           5  -1.57079632679490        1.00000000000000     
 
 in global cartezian coordinates:
    0.000000   -1.000000    0.000000
    0.000000    0.000000   -1.000000
    1.000000    0.000000    0.000000
 ____________________________
 in spin coordinates:
    0.000000   -1.000000    0.000000
    0.000000    0.000000   -1.000000
    1.000000    0.000000    0.000000
           6 NaN                      0.000000000000000E+000
 
 symm. operation            6  removed !!!! so-det=  0.000000000000000E+000
 in global cartezian coordinates:
    0.000000    1.000000    0.000000
    1.000000    0.000000    0.000000
    0.000000    0.000000   -1.000000
 ____________________________
 in spin coordinates:
    0.000000    1.000000    0.000000
    1.000000    0.000000    0.000000
    0.000000    0.000000   -1.000000
           7   1.57079632679490       -1.00000000000000     
 
 in global cartezian coordinates:
    0.000000    1.000000    0.000000
    0.000000    0.000000   -1.000000
    1.000000    0.000000    0.000000
 ____________________________
 in spin coordinates:
    0.000000    1.000000    0.000000
    0.000000    0.000000   -1.000000
    1.000000    0.000000    0.000000
           8 NaN                      0.000000000000000E+000
 
 symm. operation            8  removed !!!! so-det=  0.000000000000000E+000
 in global cartezian coordinates:
    0.000000    0.000000   -1.000000
    1.000000    0.000000    0.000000
    0.000000   -1.000000    0.000000
 ____________________________
 in spin coordinates:
    0.000000    0.000000   -1.000000
    1.000000    0.000000    0.000000
    0.000000   -1.000000    0.000000
           9   1.57079632679490       0.000000000000000E+000
 
 symm. operation            9  removed !!!! so-det=  0.000000000000000E+000
 in global cartezian coordinates:
    0.000000    0.000000   -1.000000
    0.000000   -1.000000    0.000000
    1.000000    0.000000    0.000000
 ____________________________
 in spin coordinates:
    0.000000    0.000000   -1.000000
    0.000000   -1.000000    0.000000
    1.000000    0.000000    0.000000
          10   1.57079632679490       0.000000000000000E+000
 
 symm. operation           10  removed !!!! so-det=  0.000000000000000E+000
 in global cartezian coordinates:
    0.000000    0.000000    1.000000
    1.000000    0.000000    0.000000
    0.000000   -1.000000    0.000000
 ____________________________
 in spin coordinates:
    0.000000    0.000000    1.000000
    1.000000    0.000000    0.000000
    0.000000   -1.000000    0.000000
          11   1.57079632679490       0.000000000000000E+000
 
 symm. operation           11  removed !!!! so-det=  0.000000000000000E+000
 in global cartezian coordinates:
    0.000000    0.000000    1.000000
    0.000000   -1.000000    0.000000
    1.000000    0.000000    0.000000
 ____________________________
 in spin coordinates:
    0.000000    0.000000    1.000000
    0.000000   -1.000000    0.000000
    1.000000    0.000000    0.000000
          12   1.57079632679490       0.000000000000000E+000
 
 symm. operation           12  removed !!!! so-det=  0.000000000000000E+000
 in global cartezian coordinates:
    0.000000   -1.000000    0.000000
   -1.000000    0.000000    0.000000
    0.000000    0.000000   -1.000000
 ____________________________
 in spin coordinates:
    0.000000   -1.000000    0.000000
   -1.000000    0.000000    0.000000
    0.000000    0.000000   -1.000000
          13   4.71238898038469       -1.00000000000000     
 
 in global cartezian coordinates:
    0.000000    1.000000    0.000000
   -1.000000    0.000000    0.000000
    0.000000    0.000000   -1.000000
 ____________________________
 in spin coordinates:
    0.000000    1.000000    0.000000
   -1.000000    0.000000    0.000000
    0.000000    0.000000   -1.000000
          14   1.57079632679490        1.00000000000000     
 
 in global cartezian coordinates:
    0.000000   -1.000000    0.000000
    0.000000    0.000000   -1.000000
   -1.000000    0.000000    0.000000
 ____________________________
 in spin coordinates:
    0.000000   -1.000000    0.000000
    0.000000    0.000000   -1.000000
   -1.000000    0.000000    0.000000
          15 NaN                      0.000000000000000E+000
 
 symm. operation           15  removed !!!! so-det=  0.000000000000000E+000
 in global cartezian coordinates:
    0.000000    1.000000    0.000000
    0.000000    0.000000   -1.000000
   -1.000000    0.000000    0.000000
 ____________________________
 in spin coordinates:
    0.000000    1.000000    0.000000
    0.000000    0.000000   -1.000000
   -1.000000    0.000000    0.000000
          16 NaN                      0.000000000000000E+000
 
 symm. operation           16  removed !!!! so-det=  0.000000000000000E+000
 in global cartezian coordinates:
    1.000000    0.000000    0.000000
    0.000000    1.000000    0.000000
    0.000000    0.000000   -1.000000
 ____________________________
 in spin coordinates:
    1.000000    0.000000    0.000000
    0.000000    1.000000    0.000000
    0.000000    0.000000   -1.000000
          17   3.14159274101257        1.00000000000000     
 
 in global cartezian coordinates:
   -1.000000    0.000000    0.000000
    0.000000    1.000000    0.000000
    0.000000    0.000000   -1.000000
 ____________________________
 in spin coordinates:
   -1.000000    0.000000    0.000000
    0.000000    1.000000    0.000000
    0.000000    0.000000   -1.000000
          18   6.28318539460237       -1.00000000000000     
 
 in global cartezian coordinates:
    1.000000    0.000000    0.000000
    0.000000    0.000000   -1.000000
    0.000000    1.000000    0.000000
 ____________________________
 in spin coordinates:
    1.000000    0.000000    0.000000
    0.000000    0.000000   -1.000000
    0.000000    1.000000    0.000000
          19   1.57079632679490       0.000000000000000E+000
 
 symm. operation           19  removed !!!! so-det=  0.000000000000000E+000
 in global cartezian coordinates:
   -1.000000    0.000000    0.000000
    0.000000    0.000000   -1.000000
    0.000000    1.000000    0.000000
 ____________________________
 in spin coordinates:
   -1.000000    0.000000    0.000000
    0.000000    0.000000   -1.000000
    0.000000    1.000000    0.000000
          20   1.57079632679490       0.000000000000000E+000
 
 symm. operation           20  removed !!!! so-det=  0.000000000000000E+000
 in global cartezian coordinates:
    0.000000    0.000000   -1.000000
   -1.000000    0.000000    0.000000
    0.000000   -1.000000    0.000000
 ____________________________
 in spin coordinates:
    0.000000    0.000000   -1.000000
   -1.000000    0.000000    0.000000
    0.000000   -1.000000    0.000000
          21   1.57079632679490       0.000000000000000E+000
 
 symm. operation           21  removed !!!! so-det=  0.000000000000000E+000
 in global cartezian coordinates:
    0.000000    0.000000   -1.000000
    0.000000   -1.000000    0.000000
   -1.000000    0.000000    0.000000
 ____________________________
 in spin coordinates:
    0.000000    0.000000   -1.000000
    0.000000   -1.000000    0.000000
   -1.000000    0.000000    0.000000
          22   1.57079632679490       0.000000000000000E+000
 
 symm. operation           22  removed !!!! so-det=  0.000000000000000E+000
 in global cartezian coordinates:
    0.000000    0.000000    1.000000
   -1.000000    0.000000    0.000000
    0.000000   -1.000000    0.000000
 ____________________________
 in spin coordinates:
    0.000000    0.000000    1.000000
   -1.000000    0.000000    0.000000
    0.000000   -1.000000    0.000000
          23   1.57079632679490       0.000000000000000E+000
 
 symm. operation           23  removed !!!! so-det=  0.000000000000000E+000
 in global cartezian coordinates:
    0.000000    0.000000    1.000000
    0.000000   -1.000000    0.000000
   -1.000000    0.000000    0.000000
 ____________________________
 in spin coordinates:
    0.000000    0.000000    1.000000
    0.000000   -1.000000    0.000000
   -1.000000    0.000000    0.000000
          24   1.57079632679490       0.000000000000000E+000
 
 symm. operation           24  removed !!!! so-det=  0.000000000000000E+000
 in global cartezian coordinates:
    0.000000    0.000000   -1.000000
    0.000000    1.000000    0.000000
    1.000000    0.000000    0.000000
 ____________________________
 in spin coordinates:
    0.000000    0.000000   -1.000000
    0.000000    1.000000    0.000000
    1.000000    0.000000    0.000000
          25   1.57079632679490       0.000000000000000E+000
 
 symm. operation           25  removed !!!! so-det=  0.000000000000000E+000
 in global cartezian coordinates:
    0.000000    0.000000   -1.000000
    1.000000    0.000000    0.000000
    0.000000    1.000000    0.000000
 ____________________________
 in spin coordinates:
    0.000000    0.000000   -1.000000
    1.000000    0.000000    0.000000
    0.000000    1.000000    0.000000
          26   1.57079632679490       0.000000000000000E+000
 
 symm. operation           26  removed !!!! so-det=  0.000000000000000E+000
 in global cartezian coordinates:
    0.000000    0.000000    1.000000
    0.000000    1.000000    0.000000
    1.000000    0.000000    0.000000
 ____________________________
 in spin coordinates:
    0.000000    0.000000    1.000000
    0.000000    1.000000    0.000000
    1.000000    0.000000    0.000000
          27   1.57079632679490       0.000000000000000E+000
 
 symm. operation           27  removed !!!! so-det=  0.000000000000000E+000
 in global cartezian coordinates:
    0.000000    0.000000    1.000000
    1.000000    0.000000    0.000000
    0.000000    1.000000    0.000000
 ____________________________
 in spin coordinates:
    0.000000    0.000000    1.000000
    1.000000    0.000000    0.000000
    0.000000    1.000000    0.000000
          28   1.57079632679490       0.000000000000000E+000
 
 symm. operation           28  removed !!!! so-det=  0.000000000000000E+000
 in global cartezian coordinates:
    1.000000    0.000000    0.000000
    0.000000    0.000000    1.000000
    0.000000   -1.000000    0.000000
 ____________________________
 in spin coordinates:
    1.000000    0.000000    0.000000
    0.000000    0.000000    1.000000
    0.000000   -1.000000    0.000000
          29   1.57079632679490       0.000000000000000E+000
 
 symm. operation           29  removed !!!! so-det=  0.000000000000000E+000
 in global cartezian coordinates:
   -1.000000    0.000000    0.000000
    0.000000    0.000000    1.000000
    0.000000   -1.000000    0.000000
 ____________________________
 in spin coordinates:
   -1.000000    0.000000    0.000000
    0.000000    0.000000    1.000000
    0.000000   -1.000000    0.000000
          30   1.57079632679490       0.000000000000000E+000
 
 symm. operation           30  removed !!!! so-det=  0.000000000000000E+000
 in global cartezian coordinates:
    1.000000    0.000000    0.000000
    0.000000   -1.000000    0.000000
    0.000000    0.000000    1.000000
 ____________________________
 in spin coordinates:
    1.000000    0.000000    0.000000
    0.000000   -1.000000    0.000000
    0.000000    0.000000    1.000000
          31   6.28318539460237       -1.00000000000000     
 
 in global cartezian coordinates:
   -1.000000    0.000000    0.000000
    0.000000   -1.000000    0.000000
    0.000000    0.000000    1.000000
 ____________________________
 in spin coordinates:
   -1.000000    0.000000    0.000000
    0.000000   -1.000000    0.000000
    0.000000    0.000000    1.000000
          32   3.14159274101257        1.00000000000000     
 
 in global cartezian coordinates:
    0.000000   -1.000000    0.000000
    0.000000    0.000000    1.000000
    1.000000    0.000000    0.000000
 ____________________________
 in spin coordinates:
    0.000000   -1.000000    0.000000
    0.000000    0.000000    1.000000
    1.000000    0.000000    0.000000
          33 NaN                      0.000000000000000E+000
 
 symm. operation           33  removed !!!! so-det=  0.000000000000000E+000
 in global cartezian coordinates:
    0.000000    1.000000    0.000000
    0.000000    0.000000    1.000000
    1.000000    0.000000    0.000000
 ____________________________
 in spin coordinates:
    0.000000    1.000000    0.000000
    0.000000    0.000000    1.000000
    1.000000    0.000000    0.000000
          34 NaN                      0.000000000000000E+000
 
 symm. operation           34  removed !!!! so-det=  0.000000000000000E+000
 in global cartezian coordinates:
    0.000000   -1.000000    0.000000
    1.000000    0.000000    0.000000
    0.000000    0.000000    1.000000
 ____________________________
 in spin coordinates:
    0.000000   -1.000000    0.000000
    1.000000    0.000000    0.000000
    0.000000    0.000000    1.000000
          35   1.57079632679490        1.00000000000000     
 
 in global cartezian coordinates:
    0.000000    1.000000    0.000000
    1.000000    0.000000    0.000000
    0.000000    0.000000    1.000000
 ____________________________
 in spin coordinates:
    0.000000    1.000000    0.000000
    1.000000    0.000000    0.000000
    0.000000    0.000000    1.000000
          36   4.71238898038469       -1.00000000000000     
 
 in global cartezian coordinates:
    0.000000    0.000000   -1.000000
    0.000000    1.000000    0.000000
   -1.000000    0.000000    0.000000
 ____________________________
 in spin coordinates:
    0.000000    0.000000   -1.000000
    0.000000    1.000000    0.000000
   -1.000000    0.000000    0.000000
          37   1.57079632679490       0.000000000000000E+000
 
 symm. operation           37  removed !!!! so-det=  0.000000000000000E+000
 in global cartezian coordinates:
    0.000000    0.000000   -1.000000
   -1.000000    0.000000    0.000000
    0.000000    1.000000    0.000000
 ____________________________
 in spin coordinates:
    0.000000    0.000000   -1.000000
   -1.000000    0.000000    0.000000
    0.000000    1.000000    0.000000
          38   1.57079632679490       0.000000000000000E+000
 
 symm. operation           38  removed !!!! so-det=  0.000000000000000E+000
 in global cartezian coordinates:
    0.000000    0.000000    1.000000
    0.000000    1.000000    0.000000
   -1.000000    0.000000    0.000000
 ____________________________
 in spin coordinates:
    0.000000    0.000000    1.000000
    0.000000    1.000000    0.000000
   -1.000000    0.000000    0.000000
          39   1.57079632679490       0.000000000000000E+000
 
 symm. operation           39  removed !!!! so-det=  0.000000000000000E+000
 in global cartezian coordinates:
    0.000000    0.000000    1.000000
   -1.000000    0.000000    0.000000
    0.000000    1.000000    0.000000
 ____________________________
 in spin coordinates:
    0.000000    0.000000    1.000000
   -1.000000    0.000000    0.000000
    0.000000    1.000000    0.000000
          40   1.57079632679490       0.000000000000000E+000
 
 symm. operation           40  removed !!!! so-det=  0.000000000000000E+000
 in global cartezian coordinates:
    0.000000   -1.000000    0.000000
    0.000000    0.000000    1.000000
   -1.000000    0.000000    0.000000
 ____________________________
 in spin coordinates:
    0.000000   -1.000000    0.000000
    0.000000    0.000000    1.000000
   -1.000000    0.000000    0.000000
          41 NaN                      0.000000000000000E+000
 
 symm. operation           41  removed !!!! so-det=  0.000000000000000E+000
 in global cartezian coordinates:
    0.000000   -1.000000    0.000000
   -1.000000    0.000000    0.000000
    0.000000    0.000000    1.000000
 ____________________________
 in spin coordinates:
    0.000000   -1.000000    0.000000
   -1.000000    0.000000    0.000000
    0.000000    0.000000    1.000000
          42   1.57079632679490       -1.00000000000000     
 
 in global cartezian coordinates:
    0.000000    1.000000    0.000000
    0.000000    0.000000    1.000000
   -1.000000    0.000000    0.000000
 ____________________________
 in spin coordinates:
    0.000000    1.000000    0.000000
    0.000000    0.000000    1.000000
   -1.000000    0.000000    0.000000
          43 NaN                      0.000000000000000E+000
 
 symm. operation           43  removed !!!! so-det=  0.000000000000000E+000
 in global cartezian coordinates:
    0.000000    1.000000    0.000000
   -1.000000    0.000000    0.000000
    0.000000    0.000000    1.000000
 ____________________________
 in spin coordinates:
    0.000000    1.000000    0.000000
   -1.000000    0.000000    0.000000
    0.000000    0.000000    1.000000
          44  -1.57079632679490        1.00000000000000     
 
 in global cartezian coordinates:
    1.000000    0.000000    0.000000
    0.000000    0.000000    1.000000
    0.000000    1.000000    0.000000
 ____________________________
 in spin coordinates:
    1.000000    0.000000    0.000000
    0.000000    0.000000    1.000000
    0.000000    1.000000    0.000000
          45   1.57079632679490       0.000000000000000E+000
 
 symm. operation           45  removed !!!! so-det=  0.000000000000000E+000
 in global cartezian coordinates:
    1.000000    0.000000    0.000000
    0.000000    1.000000    0.000000
    0.000000    0.000000    1.000000
 ____________________________
 in spin coordinates:
    1.000000    0.000000    0.000000
    0.000000    1.000000    0.000000
    0.000000    0.000000    1.000000
          46  0.000000000000000E+000   1.00000000000000     
 
 in global cartezian coordinates:
   -1.000000    0.000000    0.000000
    0.000000    0.000000    1.000000
    0.000000    1.000000    0.000000
 ____________________________
 in spin coordinates:
   -1.000000    0.000000    0.000000
    0.000000    0.000000    1.000000
    0.000000    1.000000    0.000000
          47   1.57079632679490       0.000000000000000E+000
 
 symm. operation           47  removed !!!! so-det=  0.000000000000000E+000
 in global cartezian coordinates:
   -1.000000    0.000000    0.000000
    0.000000    1.000000    0.000000
    0.000000    0.000000    1.000000
 ____________________________
 in spin coordinates:
   -1.000000    0.000000    0.000000
    0.000000    1.000000    0.000000
    0.000000    0.000000    1.000000
          48   3.14159265358979       -1.00000000000000     
 
 Original and SO-compatible symops changed:          48          16
 FNAME=
 delta_Pu_6.energyso_1                                                          
                                                                                
                                                     60
 FNAME=
 delta_Pu_6.energysodn_1                                                        
                                                                                
                                                     59
 BZ-integration with TETRA-program.   icor=: 1
 Equal occupancy of degenerate states, tol=: 0.1E-05
 call eord...
 call dos...
 ILOOP            1
   FERMI ENERGY AT    1.43071365172183     
 RESULT OF INTEGRATION:      16.000005526120; SHOULD BE:      15.999999999900
 call eweigh...
   number of occupied bands:          18
   highest energy:   1.43298125238385     
 FERMI-LDA=   1.431 Ryd,  19.466 eV.
 ABSOLUTE EMIN=   0.990 Ryd.  13.466 eV.
 ABSOLUTE EMAX=   1.872 Ryd.  25.466 eV.


:NLDA  : NUMBER OF ELECTRONS          =  16.000

:FLDA  : F E R M I - ENERGY           =   1.43071
 
 ********** Information about the atomic index arrays ************
 iatom=           1
 isort=           1
 csort=           1
 maxucase=           1
icase, iucase, jatom, latom=     1     1     1     1
 
 *****  Arrays for correlated blocks ******
 norbitals=           1
 maxdim2=          14
iorbital( 1, 1)=   1
cix( 1, 1)=   1
icase,lcase,icix,iorb,nind1,ip1,iSx=    1    1    1    1   14    1    1
icase,lcase,icix,iorb,nind1,ip1,iSx=    1    1    1    1   14    2    2
icase,lcase,icix,iorb,nind1,ip1,iSx=    1    1    1    1   14    3    3
icase,lcase,icix,iorb,nind1,ip1,iSx=    1    1    1    1   14    4    4
icase,lcase,icix,iorb,nind1,ip1,iSx=    1    1    1    1   14    5    5
icase,lcase,icix,iorb,nind1,ip1,iSx=    1    1    1    1   14    6    6
icase,lcase,icix,iorb,nind1,ip1,iSx=    1    1    1    1   14    7    7
icase,lcase,icix,iorb,nind1,ip1,iSx=    1    1    1    1   14    8    8
icase,lcase,icix,iorb,nind1,ip1,iSx=    1    1    1    1   14    9    9
icase,lcase,icix,iorb,nind1,ip1,iSx=    1    1    1    1   14   10   10
icase,lcase,icix,iorb,nind1,ip1,iSx=    1    1    1    1   14   11   11
icase,lcase,icix,iorb,nind1,ip1,iSx=    1    1    1    1   14   12   12
icase,lcase,icix,iorb,nind1,ip1,iSx=    1    1    1    1   14   13   13
icase,lcase,icix,iorb,nind1,ip1,iSx=    1    1    1    1   14   14   14
cixdim( 1)=14
noccur( 1, 1)=   6
noccur( 2, 1)=   8
iSx( 1, 1)=  1
iSx( 2, 1)=  2
iSx( 3, 1)=  3
iSx( 4, 1)=  4
iSx( 5, 1)=  5
iSx( 6, 1)=  6
iSx( 7, 1)=  7
iSx( 8, 1)=  8
iSx( 9, 1)=  9
iSx(10, 1)= 10
iSx(11, 1)= 11
iSx(12, 1)= 12
iSx(13, 1)= 13
iSx(14, 1)= 14
nindo( 1)= 14
CF for iorb1= 1 iorb2= 1
    0.92582010     0.00000000       0.00000000     0.00000000       0.00000000     0.00000000       0.00000000     0.00000000       0.00000000     0.00000000       0.00000000     0.00000000       0.00000000     0.00000000       0.00000000     0.00000000      -0.37796447     0.00000000       0.00000000     0.00000000       0.00000000     0.00000000       0.00000000     0.00000000       0.00000000     0.00000000       0.00000000     0.00000000   
    0.00000000     0.00000000       0.84515425     0.00000000       0.00000000     0.00000000       0.00000000     0.00000000       0.00000000     0.00000000       0.00000000     0.00000000       0.00000000     0.00000000       0.00000000     0.00000000       0.00000000     0.00000000      -0.53452248     0.00000000       0.00000000     0.00000000       0.00000000     0.00000000       0.00000000     0.00000000       0.00000000     0.00000000   
    0.00000000     0.00000000       0.00000000     0.00000000       0.75592895     0.00000000       0.00000000     0.00000000       0.00000000     0.00000000       0.00000000     0.00000000       0.00000000     0.00000000       0.00000000     0.00000000       0.00000000     0.00000000       0.00000000     0.00000000      -0.65465367     0.00000000       0.00000000     0.00000000       0.00000000     0.00000000       0.00000000     0.00000000   
    0.00000000     0.00000000       0.00000000     0.00000000       0.00000000     0.00000000       0.65465367     0.00000000       0.00000000     0.00000000       0.00000000     0.00000000       0.00000000     0.00000000       0.00000000     0.00000000       0.00000000     0.00000000       0.00000000     0.00000000       0.00000000     0.00000000      -0.75592895     0.00000000       0.00000000     0.00000000       0.00000000     0.00000000   
    0.00000000     0.00000000       0.00000000     0.00000000       0.00000000     0.00000000       0.00000000     0.00000000       0.53452248     0.00000000       0.00000000     0.00000000       0.00000000     0.00000000       0.00000000     0.00000000       0.00000000     0.00000000       0.00000000     0.00000000       0.00000000     0.00000000       0.00000000     0.00000000      -0.84515425     0.00000000       0.00000000     0.00000000   
    0.00000000     0.00000000       0.00000000     0.00000000       0.00000000     0.00000000       0.00000000     0.00000000       0.00000000     0.00000000       0.37796447     0.00000000       0.00000000     0.00000000       0.00000000     0.00000000       0.00000000     0.00000000       0.00000000     0.00000000       0.00000000     0.00000000       0.00000000     0.00000000       0.00000000     0.00000000      -0.92582010     0.00000000   
    0.00000000     0.00000000       0.00000000     0.00000000       0.00000000     0.00000000       0.00000000     0.00000000       0.00000000     0.00000000       0.00000000     0.00000000       0.00000000     0.00000000       1.00000000     0.00000000       0.00000000     0.00000000       0.00000000     0.00000000       0.00000000     0.00000000       0.00000000     0.00000000       0.00000000     0.00000000       0.00000000     0.00000000   
    0.37796447     0.00000000       0.00000000     0.00000000       0.00000000     0.00000000       0.00000000     0.00000000       0.00000000     0.00000000       0.00000000     0.00000000       0.00000000     0.00000000       0.00000000     0.00000000       0.92582010     0.00000000       0.00000000     0.00000000       0.00000000     0.00000000       0.00000000     0.00000000       0.00000000     0.00000000       0.00000000     0.00000000   
    0.00000000     0.00000000       0.53452248     0.00000000       0.00000000     0.00000000       0.00000000     0.00000000       0.00000000     0.00000000       0.00000000     0.00000000       0.00000000     0.00000000       0.00000000     0.00000000       0.00000000     0.00000000       0.84515425     0.00000000       0.00000000     0.00000000       0.00000000     0.00000000       0.00000000     0.00000000       0.00000000     0.00000000   
    0.00000000     0.00000000       0.00000000     0.00000000       0.65465367     0.00000000       0.00000000     0.00000000       0.00000000     0.00000000       0.00000000     0.00000000       0.00000000     0.00000000       0.00000000     0.00000000       0.00000000     0.00000000       0.00000000     0.00000000       0.75592895     0.00000000       0.00000000     0.00000000       0.00000000     0.00000000       0.00000000     0.00000000   
    0.00000000     0.00000000       0.00000000     0.00000000       0.00000000     0.00000000       0.75592895     0.00000000       0.00000000     0.00000000       0.00000000     0.00000000       0.00000000     0.00000000       0.00000000     0.00000000       0.00000000     0.00000000       0.00000000     0.00000000       0.00000000     0.00000000       0.65465367     0.00000000       0.00000000     0.00000000       0.00000000     0.00000000   
    0.00000000     0.00000000       0.00000000     0.00000000       0.00000000     0.00000000       0.00000000     0.00000000       0.84515425     0.00000000       0.00000000     0.00000000       0.00000000     0.00000000       0.00000000     0.00000000       0.00000000     0.00000000       0.00000000     0.00000000       0.00000000     0.00000000       0.00000000     0.00000000       0.53452248     0.00000000       0.00000000     0.00000000   
    0.00000000     0.00000000       0.00000000     0.00000000       0.00000000     0.00000000       0.00000000     0.00000000       0.00000000     0.00000000       0.92582010     0.00000000       0.00000000     0.00000000       0.00000000     0.00000000       0.00000000     0.00000000       0.00000000     0.00000000       0.00000000     0.00000000       0.00000000     0.00000000       0.00000000     0.00000000       0.37796447     0.00000000   
    0.00000000     0.00000000       0.00000000     0.00000000       0.00000000     0.00000000       0.00000000     0.00000000       0.00000000     0.00000000       0.00000000     0.00000000       1.00000000     0.00000000       0.00000000     0.00000000       0.00000000     0.00000000       0.00000000     0.00000000       0.00000000     0.00000000       0.00000000     0.00000000       0.00000000     0.00000000       0.00000000     0.00000000   
Rspin for iorb=  1
 angles=  0.000000000000000E+000   3.14159265358979       0.000000000000000E+000
  0.000000000000000E+000  0.000000000000000E+000  0.000000000000000E+000
 Rspin=
    0.000000    0.000000      0.000000    1.000000
    0.000000    1.000000      0.000000    0.000000
 Calculation for atom  1 which has iucase=  1
 ATPAR for spin up

          ATOMIC PARAMETERS FOR Pu  0+    

           ENERGY PARAMETERS ARE   1.20  -1.08   1.20   1.20

           L     U(R)          U'(R)         DU/DE        DU'/DE      NORM-U'
           0  0.552376E+00  0.811386E+00  0.111624E+00 -0.227673E+00
           1  0.537468E+00 -0.237803E-03 -0.144127E+00 -0.402457E+00
           2 -0.617071E+00  0.274707E-01  0.986345E-01  0.346236E+00
           3 -0.312913E+00  0.132000E+00  0.365990E+00  0.537163E+00
LO COEFFICIENT: l,A,B,C   0          0.65133    -3.22312     0.00000     0.00000
 
LO COEFFICIENT: l,A,B,C   0          0.32141     0.00000     0.78061     0.00000
 
LO COEFFICIENT: l,A,B,C   1          0.87932     3.27911     0.00000     0.00000
 
LO COEFFICIENT: l,A,B,C   1          0.26488     0.00000    -1.23495     0.00000
 
LO COEFFICIENT: l,A,B,C   2          0.85324     5.33801     0.00000     0.00000
 
LO COEFFICIENT: l,A,B,C   3          0.94161     0.80505     0.00000     0.00000
 
 ATPAR for spin down

          ATOMIC PARAMETERS FOR Pu  0+    

           ENERGY PARAMETERS ARE   1.20  -1.08   1.20   1.20

           L     U(R)          U'(R)         DU/DE        DU'/DE      NORM-U'
           0  0.552376E+00  0.811386E+00  0.111624E+00 -0.227673E+00
           1  0.537468E+00 -0.237803E-03 -0.144127E+00 -0.402457E+00
           2 -0.617071E+00  0.274707E-01  0.986345E-01  0.346236E+00
           3 -0.312913E+00  0.132000E+00  0.365990E+00  0.537163E+00
LO COEFFICIENT: l,A,B,C   0          0.65133    -3.22312     0.00000     0.00000
 
LO COEFFICIENT: l,A,B,C   0          0.32141     0.00000     0.78061     0.00000
 
LO COEFFICIENT: l,A,B,C   1          0.87932     3.27911     0.00000     0.00000
 
LO COEFFICIENT: l,A,B,C   1          0.26488     0.00000    -1.23495     0.00000
 
LO COEFFICIENT: l,A,B,C   2          0.85324     5.33801     0.00000     0.00000
 
LO COEFFICIENT: l,A,B,C   3          0.94161     0.80505     0.00000     0.00000
 
 L1=           0  L2=           0
 RADIAL INTEGRALS:
           1           1                 1           1   1.00000000000000     
           1           3                 1           1  0.572630585459537     
           1           1                 1           2   1.00000000000000     
           1           3                 1           2  0.572630585459537     
           1           1                 2           1   1.00000000000000     
           1           3                 2           1  0.572630585459537     
           1           1                 2           2   1.00000000000000     
           1           3                 2           2  0.572630585459537     
           2           2                 1           1  5.542376742260460E-002
           2           3                 1           1 -0.190711837393934     
           2           2                 1           2  5.542376742260460E-002
           2           3                 1           2 -0.190711837393934     
           2           2                 2           1  5.542376742260460E-002
           2           3                 2           1 -0.190711837393934     
           2           2                 2           2  5.542376742260460E-002
           2           3                 2           2 -0.190711837393934     
           3           1                 1           1  0.572630585459537     
           3           2                 1           1 -0.190711837393934     
           3           3                 1           1   1.00000000000000     
           3           1                 1           2  0.572630585459537     
           3           2                 1           2 -0.190711837393934     
           3           3                 1           2   1.00000000000000     
           3           1                 2           1  0.572630585459537     
           3           2                 2           1 -0.190711837393934     
           3           3                 2           1   1.00000000000000     
           3           1                 2           2  0.572630585459537     
           3           2                 2           2 -0.190711837393934     
           3           3                 2           2   1.00000000000000     
 L1=           1  L2=           1
 RADIAL INTEGRALS:
           1           1                 1           1   1.00000000000000     
           1           3                 1           1  0.909880191309832     
           1           1                 1           2   1.00000000000000     
           1           3                 1           2  0.909880191309832     
           1           1                 2           1   1.00000000000000     
           1           3                 2           1  0.909880191309832     
           1           1                 2           2   1.00000000000000     
           1           3                 2           2  0.909880191309832     
           2           2                 1           1  2.109162887558827E-002
           2           3                 1           1  6.008397939886923E-002
           2           2                 1           2  2.109162887558827E-002
           2           3                 1           2  6.008397939886923E-002
           2           2                 2           1  2.109162887558827E-002
           2           3                 2           1  6.008397939886923E-002
           2           2                 2           2  2.109162887558827E-002
           2           3                 2           2  6.008397939886923E-002
           3           1                 1           1  0.909880191309832     
           3           2                 1           1  6.008397939886923E-002
           3           3                 1           1   1.00000000000000     
           3           1                 1           2  0.909880191309832     
           3           2                 1           2  6.008397939886923E-002
           3           3                 1           2   1.00000000000000     
           3           1                 2           1  0.909880191309832     
           3           2                 2           1  6.008397939886923E-002
           3           3                 2           1   1.00000000000000     
           3           1                 2           2  0.909880191309832     
           3           2                 2           2  6.008397939886923E-002
           3           3                 2           2   1.00000000000000     
 L1=           2  L2=           2
 RADIAL INTEGRALS:
           1           1                 1           1   1.00000000000000     
           1           1                 1           2   1.00000000000000     
           1           1                 2           1   1.00000000000000     
           1           1                 2           2   1.00000000000000     
           2           2                 1           1  9.544889959737686E-003
           2           2                 1           2  9.544889959737686E-003
           2           2                 2           1  9.544889959737686E-003
           2           2                 2           2  9.544889959737686E-003
 L1=           3  L2=           3
 RADIAL INTEGRALS:
           1           1                 1           1   1.00000000000000     
           1           1                 1           2   1.00000000000000     
           1           1                 2           1   1.00000000000000     
           1           1                 2           2   1.00000000000000     
           2           2                 1           1  0.174939223734406     
           2           2                 1           2  0.174939223734406     
           2           2                 2           1  0.174939223734406     
           2           2                 2           2  0.174939223734406     
Saving potential parameters for atom 1 into  1
pr_proc=143  tot-k=286
 ------------------------------------------------------------------------------


   =====>>> CPU TIME SUMMARY

            TOTAL       :      0.9
 OMP_NUM_THREADS= 2
 GUTZ_SOLVER VO.1.5 BUILT ON Jan 19 2014 AT22:25:59
 NT=  1 SEC_N%DIM=   10 WITH ID:
           1       2      16     107     471    1472    3474    6477    9909   12912
       14914
 MEAN U/J:  0.2940  0.0265
 NEL_FIX_VDC1=      5.19
 ATOM DEPENDENT NELF1:
      5.1940
 DCMIX_A=  0.200000
 SYMMETRICALLY NON-EQUIVALENT ATOMS:
          1
 VARIATIONAL-SETUP-NON-EQUIVALENT ATOMS:
          1
 COMPLEMENTARY VARIATIONAL-SETUP-EQUIVALENT ATOMS:

 GYZ%SYM%IDSUM:
  1
 DIM(X_Gutz)=  4
 CALC SET: GAPJ-SHFT FULL       -JH-PROJ SLATER    VAR-FIXDC    Ryd.   
 NT= 1
 LOCAL INTERACTION PART   :
 U              :   0.2940
 J              :   0.0265
 FOCK SPACE PART:
 NA             :  7
 FS%OCC(1) L.B. :  0
 FS%OCC(2) U.B. :  9
 FS%DIM         :     14913
 HL%OCC(1) L.B. :  0
 HL%OCC(2) U.B. :  9
 ISO= 2 ISPIN_IN= 1 ISPIN= 1 ISPO= 2
 BND%NMAX=  64
 BZ INTEGRATION WITH TETRA METHOD, ICOR= 1
 EQUAL OCCUPANCY OF DEGENERATE STATES, TOL= 0.1E-05
 VALENCE ELECTRONS: TOTAL=    16.0
                    CORRELATED PART=     8.0
 SYM%IDI/IDF=  1 16
 BND%NMAXIN=   24
      GUTZ5_INI_CORR_UVEK takes  0 hours  0 minutes and    0.03 seconds (CPU).
                          takes  0 hours  0 minutes and    0.03 seconds (WALL).
                 SETUP_TB takes  0 hours  0 minutes and    1.16 seconds (CPU).
                          takes  0 hours  0 minutes and    0.59 seconds (WALL).
************  EL-  ************
 NI=  1 NI_GLOBAL=  1
   1.4259   1.4248   1.4238   1.4238   1.4248   1.4259   1.5073   1.5068   1.5008   1.5041   1.5041   1.5008   1.5068   1.5073
************  EL=  ************
 NI=  1 NI_GLOBAL=  1
   1.4259   0.0000   0.0000   0.0000   0.0012   0.0000   0.0000   0.0005   0.0000   0.0000   0.0000   0.0057   0.0000   0.0000
   0.0000   1.4248   0.0000   0.0000   0.0000   0.0012   0.0000   0.0000   0.0028   0.0000   0.0000   0.0000  -0.0039   0.0000
   0.0000   0.0000   1.4238   0.0000   0.0000   0.0000   0.0000   0.0000   0.0000  -0.0042   0.0000   0.0000   0.0000   0.0030
   0.0000   0.0000   0.0000   1.4238   0.0000   0.0000  -0.0030   0.0000   0.0000   0.0000   0.0042   0.0000   0.0000   0.0000
   0.0012   0.0000   0.0000   0.0000   1.4248   0.0000   0.0000   0.0039   0.0000   0.0000   0.0000  -0.0028   0.0000   0.0000
   0.0000   0.0012   0.0000   0.0000   0.0000   1.4259   0.0000   0.0000  -0.0057   0.0000   0.0000   0.0000  -0.0005   0.0000
   0.0000   0.0000   0.0000  -0.0030   0.0000   0.0000   1.5073   0.0000   0.0000   0.0000   0.0026   0.0000   0.0000   0.0000
   0.0005   0.0000   0.0000   0.0000   0.0039   0.0000   0.0000   1.5068   0.0000   0.0000   0.0000  -0.0008   0.0000   0.0000
   0.0000   0.0028   0.0000   0.0000   0.0000  -0.0057   0.0000   0.0000   1.5008   0.0000   0.0000   0.0000  -0.0008   0.0000
   0.0000   0.0000  -0.0042   0.0000   0.0000   0.0000   0.0000   0.0000   0.0000   1.5041   0.0000   0.0000   0.0000   0.0026
   0.0000   0.0000   0.0000   0.0042   0.0000   0.0000   0.0026   0.0000   0.0000   0.0000   1.5041   0.0000   0.0000   0.0000
   0.0057   0.0000   0.0000   0.0000  -0.0028   0.0000   0.0000  -0.0008   0.0000   0.0000   0.0000   1.5008   0.0000   0.0000
   0.0000  -0.0039   0.0000   0.0000   0.0000  -0.0005   0.0000   0.0000  -0.0008   0.0000   0.0000   0.0000   1.5068   0.0000
   0.0000   0.0000   0.0030   0.0000   0.0000   0.0000   0.0000   0.0000   0.0000   0.0026   0.0000   0.0000   0.0000   1.5073
 NI=  1 LOCAL ORBITAL LEVEL CENTER(ELC)=   1.471
************  EL0  ************
 NI=  1 NI_GLOBAL=  1
   1.4249   1.4249   1.4249   1.4249   1.4249   1.4249   1.5047   1.5047   1.5047   1.5047   1.5047   1.5047   1.5047   1.5047
************  ELL  ************
 NI=  1 NI_GLOBAL=  1
   1.4249   0.0000   0.0000   0.0000   0.0000   0.0000   0.0000   0.0000   0.0000   0.0000   0.0000   0.0000   0.0000   0.0000
   0.0000   1.4249   0.0000   0.0000   0.0000   0.0000   0.0000   0.0000   0.0000   0.0000   0.0000   0.0000   0.0000   0.0000
   0.0000   0.0000   1.4249   0.0000   0.0000   0.0000   0.0000   0.0000   0.0000   0.0000   0.0000   0.0000   0.0000   0.0000
   0.0000   0.0000   0.0000   1.4249   0.0000   0.0000   0.0000   0.0000   0.0000   0.0000   0.0000   0.0000   0.0000   0.0000
   0.0000   0.0000   0.0000   0.0000   1.4249   0.0000   0.0000   0.0000   0.0000   0.0000   0.0000   0.0000   0.0000   0.0000
   0.0000   0.0000   0.0000   0.0000   0.0000   1.4249   0.0000   0.0000   0.0000   0.0000   0.0000   0.0000   0.0000   0.0000
   0.0000   0.0000   0.0000   0.0000   0.0000   0.0000   1.5047   0.0000   0.0000   0.0000   0.0000   0.0000   0.0000   0.0000
   0.0000   0.0000   0.0000   0.0000   0.0000   0.0000   0.0000   1.5047   0.0000   0.0000   0.0000   0.0000   0.0000   0.0000
   0.0000   0.0000   0.0000   0.0000   0.0000   0.0000   0.0000   0.0000   1.5047   0.0000   0.0000   0.0000   0.0000   0.0000
   0.0000   0.0000   0.0000   0.0000   0.0000   0.0000   0.0000   0.0000   0.0000   1.5047   0.0000   0.0000   0.0000   0.0000
   0.0000   0.0000   0.0000   0.0000   0.0000   0.0000   0.0000   0.0000   0.0000   0.0000   1.5047   0.0000   0.0000   0.0000
   0.0000   0.0000   0.0000   0.0000   0.0000   0.0000   0.0000   0.0000   0.0000   0.0000   0.0000   1.5047   0.0000   0.0000
   0.0000   0.0000   0.0000   0.0000   0.0000   0.0000   0.0000   0.0000   0.0000   0.0000   0.0000   0.0000   1.5047   0.0000
   0.0000   0.0000   0.0000   0.0000   0.0000   0.0000   0.0000   0.0000   0.0000   0.0000   0.0000   0.0000   0.0000   1.5047
                  GET_EL0 takes  0 hours  0 minutes and    0.01 seconds (CPU).
                          takes  0 hours  0 minutes and    0.00 seconds (WALL).
 There are  4 blocks of bands, with band energy windows:
  -2.007  -1.953 |   -0.454  -0.329 |    0.064   0.375 |    1.034   4.499 | 
 Band window indices:
         1      2 |          3      4 |          5      8 |          9     65 | 
 Band width
       0.054   |         0.125   |         0.310   |         3.465   |  
 Band gap
       1.499   |         0.394   |         0.659   |  
 CORRELATED BLOCK: EMIN/EMIX=    1.0340    1.8701
 CORRELATED BAND WIDTH=   0.836
         GUTZ_RED_PRJ_NEQ takes  0 hours  1 minutes and    1.06 seconds (CPU).
                          takes  0 hours  1 minutes and    1.06 seconds (WALL).
 NI=  1 DIM_PHIK=   41227 HL%DIM=  14913
       ID_PHIK_N=
      1      2      4     33    264   1639   6153  15546  27321  36714
  41228
       ID_PHIK_J=
      1      2      3      4      8      9     18     19     28     29
     33     37     73    122    171    220    245    254    263    264
    300    349    638    807   1168   1364   1533   1582   1631   1635
   1639   1739   2180   2964   3864   4705   5381   5781   6037   6118
   6143   6152   6153   6349   6710   8079   9448  11564  12933  14377
  14953  15353  15474  15538  15542  15546  15835  16796  18560  21060
  23176  24940  26165  26841  27165  27286  27311  27320  27321  27517
  27878  29247  30616  32732  34101  35545  36121  36521  36642  36706
  36710  36714  36814  37255  38039  38939  39780  40456  40856  41112
  41193  41218  41227  41228
          GUTZ_SET_PRJ_EQ takes  0 hours  0 minutes and    0.00 seconds (CPU).
                          takes  0 hours  0 minutes and    0.00 seconds (WALL).
************   WH%X  ************
    0.90093600    0.91860344
    1.38577942    1.53723288
************  RIN  ************
 NI=  1 NI_GLOBAL=  1
   0.9009   0.9009   0.9009   0.9009   0.9009   0.9009   0.9186   0.9186   0.9186   0.9186   0.9186   0.9186   0.9186   0.9186
************  LA1  ************
 NI=  1 NI_GLOBAL=  1
   1.3858   1.3858   1.3858   1.3858   1.3858   1.3858   1.5372   1.5372   1.5372   1.5372   1.5372   1.5372   1.5372   1.5372
             CALC_BAND_AL takes  0 hours  0 minutes and    0.52 seconds (CPU).
                          takes  0 hours  0 minutes and    0.25 seconds (WALL).
 ILOOP            1
 ILOOP            2
   FERMI ENERGY AT    1.40092083546307     
   SUM RULE OF TETRAHEDRON INTEGRATION CHECKED 
   number of occupied bands:          18
   highest energy:   1.41521032942438     
************  NK-  ************
 NI=  1 NI_GLOBAL=  1
   0.7638   0.7509   0.8193   0.8193   0.7509   0.7638   0.0742   0.0656   0.0651   0.0586   0.0586   0.0651   0.0656   0.0742
************  NNK  ************
 NI=  1 NI_GLOBAL=  1
   0.7638   0.0000   0.0000   0.0000  -0.0281   0.0000   0.0000   0.0160   0.0000   0.0000   0.0000  -0.0176   0.0000   0.0000
   0.0000   0.7509   0.0000   0.0000   0.0000  -0.0281   0.0000   0.0000  -0.0222   0.0000   0.0000   0.0000   0.0183   0.0000
   0.0000   0.0000   0.8193   0.0000   0.0000   0.0000   0.0000   0.0000   0.0000   0.0431   0.0000   0.0000   0.0000  -0.0246
   0.0000   0.0000   0.0000   0.8193   0.0000   0.0000   0.0246   0.0000   0.0000   0.0000  -0.0431   0.0000   0.0000   0.0000
  -0.0281   0.0000   0.0000   0.0000   0.7509   0.0000   0.0000  -0.0183   0.0000   0.0000   0.0000   0.0222   0.0000   0.0000
   0.0000  -0.0281   0.0000   0.0000   0.0000   0.7638   0.0000   0.0000   0.0176   0.0000   0.0000   0.0000  -0.0160   0.0000
   0.0000   0.0000   0.0000   0.0246   0.0000   0.0000   0.0742   0.0000   0.0000   0.0000  -0.0085   0.0000   0.0000   0.0000
   0.0160   0.0000   0.0000   0.0000  -0.0183   0.0000   0.0000   0.0656   0.0000   0.0000   0.0000  -0.0068   0.0000   0.0000
   0.0000  -0.0222   0.0000   0.0000   0.0000   0.0176   0.0000   0.0000   0.0651   0.0000   0.0000   0.0000  -0.0068   0.0000
   0.0000   0.0000   0.0431   0.0000   0.0000   0.0000   0.0000   0.0000   0.0000   0.0586   0.0000   0.0000   0.0000  -0.0085
   0.0000   0.0000   0.0000  -0.0431   0.0000   0.0000  -0.0085   0.0000   0.0000   0.0000   0.0586   0.0000   0.0000   0.0000
  -0.0176   0.0000   0.0000   0.0000   0.0222   0.0000   0.0000  -0.0068   0.0000   0.0000   0.0000   0.0651   0.0000   0.0000
   0.0000   0.0183   0.0000   0.0000   0.0000  -0.0160   0.0000   0.0000  -0.0068   0.0000   0.0000   0.0000   0.0656   0.0000
   0.0000   0.0000  -0.0246   0.0000   0.0000   0.0000   0.0000   0.0000   0.0000  -0.0085   0.0000   0.0000   0.0000   0.0742
************  NKS  ************
 NI=  1 NI_GLOBAL=  1
   0.7780   0.7780   0.7780   0.7780   0.7780   0.7780   0.0659   0.0659   0.0659   0.0659   0.0659   0.0659   0.0659   0.0659
 NELE_LOC TOTAL:
           5.1947892829307456
              CALC_DA_BND takes  0 hours  0 minutes and    0.13 seconds (CPU).
                          takes  0 hours  0 minutes and    0.08 seconds (WALL).
************  DA-  ************
 NI=  1 NI_GLOBAL=  1
  -0.0254  -0.0251  -0.0236  -0.0236  -0.0251  -0.0254  -0.0163  -0.0150  -0.0135  -0.0131  -0.0131  -0.0135  -0.0150  -0.0163
************  DAA  ************
 NI=  1 NI_GLOBAL=  1
  -0.0247  -0.0247  -0.0247  -0.0247  -0.0247  -0.0247  -0.0145  -0.0145  -0.0145  -0.0145  -0.0145  -0.0145  -0.0145  -0.0145
 NI=  1 VDC=    1.3245
************  LA2  ************
 NI=  1 NI_GLOBAL=  1
  -2.7819  -2.7819  -2.7819  -2.7819  -2.7819  -2.7819  -2.6743  -2.6743  -2.6743  -2.6743  -2.6743  -2.6743  -2.6743  -2.6743
 NI=  1 PHI-step gap=  0.15E+00
************  RAA  ************
 NI=  1 NI_GLOBAL=  1
   0.9009   0.9009   0.9009   0.9009   0.9009   0.9009   0.9186   0.9186   0.9186   0.9186   0.9186   0.9186   0.9186   0.9186
************  NC0  ************
 NI=  1 NI_GLOBAL=  1
   0.7780   0.7780   0.7780   0.7780   0.7780   0.7780   0.0659   0.0659   0.0659   0.0659   0.0659   0.0659   0.0659   0.0659
                  CALC_LC takes  0 hours  7 minutes and   53.43 seconds (CPU).
                          takes  0 hours  7 minutes and   53.31 seconds (WALL).
                GUTZ_FCN1 takes  0 hours  7 minutes and   54.19 seconds (CPU).
                          takes  0 hours  7 minutes and   53.70 seconds (WALL).
************  DIF_X  ************
   -0.000025930004    0.000030480863
    0.000020143192    0.000004931753
 ITER1=  1 MAXERR=    0.00003048
************   WH%X  ************
    0.90094181    0.91860193
    1.38576149    1.53721489
************  RIN  ************
 NI=  1 NI_GLOBAL=  1
   0.9009   0.9009   0.9009   0.9009   0.9009   0.9009   0.9186   0.9186   0.9186   0.9186   0.9186   0.9186   0.9186   0.9186
************  LA1  ************
 NI=  1 NI_GLOBAL=  1
   1.3858   1.3858   1.3858   1.3858   1.3858   1.3858   1.5372   1.5372   1.5372   1.5372   1.5372   1.5372   1.5372   1.5372
             CALC_BAND_AL takes  0 hours  0 minutes and    0.54 seconds (CPU).
                          takes  0 hours  0 minutes and    0.27 seconds (WALL).
 ILOOP            1
 ILOOP            2
   FERMI ENERGY AT    1.40090599073130     
   SUM RULE OF TETRAHEDRON INTEGRATION CHECKED 
   number of occupied bands:          18
   highest energy:   1.41519855037959     
************  NK-  ************
 NI=  1 NI_GLOBAL=  1
   0.7638   0.7509   0.8193   0.8193   0.7509   0.7638   0.0742   0.0656   0.0651   0.0586   0.0586   0.0651   0.0656   0.0742
************  NNK  ************
 NI=  1 NI_GLOBAL=  1
   0.7638   0.0000   0.0000   0.0000  -0.0281   0.0000   0.0000   0.0160   0.0000   0.0000   0.0000  -0.0176   0.0000   0.0000
   0.0000   0.7509   0.0000   0.0000   0.0000  -0.0281   0.0000   0.0000  -0.0222   0.0000   0.0000   0.0000   0.0183   0.0000
   0.0000   0.0000   0.8193   0.0000   0.0000   0.0000   0.0000   0.0000   0.0000   0.0431   0.0000   0.0000   0.0000  -0.0246
   0.0000   0.0000   0.0000   0.8193   0.0000   0.0000   0.0246   0.0000   0.0000   0.0000  -0.0431   0.0000   0.0000   0.0000
  -0.0281   0.0000   0.0000   0.0000   0.7509   0.0000   0.0000  -0.0183   0.0000   0.0000   0.0000   0.0222   0.0000   0.0000
   0.0000  -0.0281   0.0000   0.0000   0.0000   0.7638   0.0000   0.0000   0.0176   0.0000   0.0000   0.0000  -0.0160   0.0000
   0.0000   0.0000   0.0000   0.0246   0.0000   0.0000   0.0742   0.0000   0.0000   0.0000  -0.0085   0.0000   0.0000   0.0000
   0.0160   0.0000   0.0000   0.0000  -0.0183   0.0000   0.0000   0.0656   0.0000   0.0000   0.0000  -0.0068   0.0000   0.0000
   0.0000  -0.0222   0.0000   0.0000   0.0000   0.0176   0.0000   0.0000   0.0651   0.0000   0.0000   0.0000  -0.0068   0.0000
   0.0000   0.0000   0.0431   0.0000   0.0000   0.0000   0.0000   0.0000   0.0000   0.0586   0.0000   0.0000   0.0000  -0.0085
   0.0000   0.0000   0.0000  -0.0431   0.0000   0.0000  -0.0085   0.0000   0.0000   0.0000   0.0586   0.0000   0.0000   0.0000
  -0.0176   0.0000   0.0000   0.0000   0.0222   0.0000   0.0000  -0.0068   0.0000   0.0000   0.0000   0.0651   0.0000   0.0000
   0.0000   0.0183   0.0000   0.0000   0.0000  -0.0160   0.0000   0.0000  -0.0068   0.0000   0.0000   0.0000   0.0656   0.0000
   0.0000   0.0000  -0.0246   0.0000   0.0000   0.0000   0.0000   0.0000   0.0000  -0.0085   0.0000   0.0000   0.0000   0.0742
************  NKS  ************
 NI=  1 NI_GLOBAL=  1
   0.7780   0.7780   0.7780   0.7780   0.7780   0.7780   0.0659   0.0659   0.0659   0.0659   0.0659   0.0659   0.0659   0.0659
 NELE_LOC TOTAL:
           5.1949157617845820
              CALC_DA_BND takes  0 hours  0 minutes and    0.15 seconds (CPU).
                          takes  0 hours  0 minutes and    0.11 seconds (WALL).
************  DA-  ************
 NI=  1 NI_GLOBAL=  1
  -0.0254  -0.0251  -0.0236  -0.0236  -0.0251  -0.0254  -0.0163  -0.0150  -0.0135  -0.0131  -0.0131  -0.0135  -0.0150  -0.0163
************  DAA  ************
 NI=  1 NI_GLOBAL=  1
  -0.0247  -0.0247  -0.0247  -0.0247  -0.0247  -0.0247  -0.0145  -0.0145  -0.0145  -0.0145  -0.0145  -0.0145  -0.0145  -0.0145
 NI=  1 VDC=    1.3245
************  LA2  ************
 NI=  1 NI_GLOBAL=  1
  -2.7819  -2.7819  -2.7819  -2.7819  -2.7819  -2.7819  -2.6743  -2.6743  -2.6743  -2.6743  -2.6743  -2.6743  -2.6743  -2.6743
 NI=  1 PHI-step gap=  0.15E+00
************  RAA  ************
 NI=  1 NI_GLOBAL=  1
   0.9009   0.9009   0.9009   0.9009   0.9009   0.9009   0.9186   0.9186   0.9186   0.9186   0.9186   0.9186   0.9186   0.9186
************  NC0  ************
 NI=  1 NI_GLOBAL=  1
   0.7780   0.7780   0.7780   0.7780   0.7780   0.7780   0.0659   0.0659   0.0659   0.0659   0.0659   0.0659   0.0659   0.0659
                  CALC_LC takes  0 hours 11 minutes and    4.30 seconds (CPU).
                          takes  0 hours 11 minutes and    4.17 seconds (WALL).
                GUTZ_FCN1 takes  0 hours 11 minutes and    5.10 seconds (CPU).
                          takes  0 hours 11 minutes and    4.59 seconds (WALL).
************  DIF_X  ************
   -0.000001171994    0.000000795835
    0.000000098652   -0.000000061605
 ITER1=  2 MAXERR=    0.00000117
************   WH%X  ************
    0.90094080    0.91860313
    1.38576149    1.53721521
************  RIN  ************
 NI=  1 NI_GLOBAL=  1
   0.9009   0.9009   0.9009   0.9009   0.9009   0.9009   0.9186   0.9186   0.9186   0.9186   0.9186   0.9186   0.9186   0.9186
************  LA1  ************
 NI=  1 NI_GLOBAL=  1
   1.3858   1.3858   1.3858   1.3858   1.3858   1.3858   1.5372   1.5372   1.5372   1.5372   1.5372   1.5372   1.5372   1.5372
             CALC_BAND_AL takes  0 hours  0 minutes and    0.53 seconds (CPU).
                          takes  0 hours  0 minutes and    0.28 seconds (WALL).
 ILOOP            1
 ILOOP            2
   FERMI ENERGY AT    1.40090596293978     
   SUM RULE OF TETRAHEDRON INTEGRATION CHECKED 
   number of occupied bands:          18
   highest energy:   1.41519851870522     
************  NK-  ************
 NI=  1 NI_GLOBAL=  1
   0.7638   0.7509   0.8193   0.8193   0.7509   0.7638   0.0742   0.0656   0.0651   0.0586   0.0586   0.0651   0.0656   0.0742
************  NNK  ************
 NI=  1 NI_GLOBAL=  1
   0.7638   0.0000   0.0000   0.0000  -0.0281   0.0000   0.0000   0.0160   0.0000   0.0000   0.0000  -0.0176   0.0000   0.0000
   0.0000   0.7509   0.0000   0.0000   0.0000  -0.0281   0.0000   0.0000  -0.0222   0.0000   0.0000   0.0000   0.0183   0.0000
   0.0000   0.0000   0.8193   0.0000   0.0000   0.0000   0.0000   0.0000   0.0000   0.0431   0.0000   0.0000   0.0000  -0.0246
   0.0000   0.0000   0.0000   0.8193   0.0000   0.0000   0.0246   0.0000   0.0000   0.0000  -0.0431   0.0000   0.0000   0.0000
  -0.0281   0.0000   0.0000   0.0000   0.7509   0.0000   0.0000  -0.0183   0.0000   0.0000   0.0000   0.0222   0.0000   0.0000
   0.0000  -0.0281   0.0000   0.0000   0.0000   0.7638   0.0000   0.0000   0.0176   0.0000   0.0000   0.0000  -0.0160   0.0000
   0.0000   0.0000   0.0000   0.0246   0.0000   0.0000   0.0742   0.0000   0.0000   0.0000  -0.0085   0.0000   0.0000   0.0000
   0.0160   0.0000   0.0000   0.0000  -0.0183   0.0000   0.0000   0.0656   0.0000   0.0000   0.0000  -0.0068   0.0000   0.0000
   0.0000  -0.0222   0.0000   0.0000   0.0000   0.0176   0.0000   0.0000   0.0651   0.0000   0.0000   0.0000  -0.0068   0.0000
   0.0000   0.0000   0.0431   0.0000   0.0000   0.0000   0.0000   0.0000   0.0000   0.0586   0.0000   0.0000   0.0000  -0.0085
   0.0000   0.0000   0.0000  -0.0431   0.0000   0.0000  -0.0085   0.0000   0.0000   0.0000   0.0586   0.0000   0.0000   0.0000
  -0.0176   0.0000   0.0000   0.0000   0.0222   0.0000   0.0000  -0.0068   0.0000   0.0000   0.0000   0.0651   0.0000   0.0000
   0.0000   0.0183   0.0000   0.0000   0.0000  -0.0160   0.0000   0.0000  -0.0068   0.0000   0.0000   0.0000   0.0656   0.0000
   0.0000   0.0000  -0.0246   0.0000   0.0000   0.0000   0.0000   0.0000   0.0000  -0.0085   0.0000   0.0000   0.0000   0.0742
************  NKS  ************
 NI=  1 NI_GLOBAL=  1
   0.7780   0.7780   0.7780   0.7780   0.7780   0.7780   0.0659   0.0659   0.0659   0.0659   0.0659   0.0659   0.0659   0.0659
 NELE_LOC TOTAL:
           5.1949156836691470
              CALC_DA_BND takes  0 hours  0 minutes and    0.16 seconds (CPU).
                          takes  0 hours  0 minutes and    0.09 seconds (WALL).
************  DA-  ************
 NI=  1 NI_GLOBAL=  1
  -0.0254  -0.0251  -0.0236  -0.0236  -0.0251  -0.0254  -0.0163  -0.0150  -0.0135  -0.0131  -0.0131  -0.0135  -0.0150  -0.0163
************  DAA  ************
 NI=  1 NI_GLOBAL=  1
  -0.0247  -0.0247  -0.0247  -0.0247  -0.0247  -0.0247  -0.0145  -0.0145  -0.0145  -0.0145  -0.0145  -0.0145  -0.0145  -0.0145
 NI=  1 VDC=    1.3245
************  LA2  ************
 NI=  1 NI_GLOBAL=  1
  -2.7819  -2.7819  -2.7819  -2.7819  -2.7819  -2.7819  -2.6743  -2.6743  -2.6743  -2.6743  -2.6743  -2.6743  -2.6743  -2.6743
 NI=  1 PHI-step gap=  0.15E+00
************  RAA  ************
 NI=  1 NI_GLOBAL=  1
   0.9009   0.9009   0.9009   0.9009   0.9009   0.9009   0.9186   0.9186   0.9186   0.9186   0.9186   0.9186   0.9186   0.9186
************  NC0  ************
 NI=  1 NI_GLOBAL=  1
   0.7780   0.7780   0.7780   0.7780   0.7780   0.7780   0.0659   0.0659   0.0659   0.0659   0.0659   0.0659   0.0659   0.0659
                  CALC_LC takes  0 hours 11 minutes and   17.05 seconds (CPU).
                          takes  0 hours 11 minutes and   16.91 seconds (WALL).
                GUTZ_FCN1 takes  0 hours 11 minutes and   17.86 seconds (CPU).
                          takes  0 hours 11 minutes and   17.34 seconds (WALL).
************  DIF_X  ************
   -0.000000021886    0.000000019225
   -0.000000000522    0.000000003881
 ITER1=  3 MAXERR=    0.00000002
************   WH%X  ************
    0.90094077    0.91860312
    1.38576149    1.53721519
************  RIN  ************
 NI=  1 NI_GLOBAL=  1
   0.9009   0.9009   0.9009   0.9009   0.9009   0.9009   0.9186   0.9186   0.9186   0.9186   0.9186   0.9186   0.9186   0.9186
************  LA1  ************
 NI=  1 NI_GLOBAL=  1
   1.3858   1.3858   1.3858   1.3858   1.3858   1.3858   1.5372   1.5372   1.5372   1.5372   1.5372   1.5372   1.5372   1.5372
             CALC_BAND_AL takes  0 hours  0 minutes and    0.54 seconds (CPU).
                          takes  0 hours  0 minutes and    0.27 seconds (WALL).
 ILOOP            1
 ILOOP            2
   FERMI ENERGY AT    1.40090596091532     
   SUM RULE OF TETRAHEDRON INTEGRATION CHECKED 
   number of occupied bands:          18
   highest energy:   1.41519851559216     
************  NK-  ************
 NI=  1 NI_GLOBAL=  1
   0.7638   0.7509   0.8193   0.8193   0.7509   0.7638   0.0742   0.0656   0.0651   0.0586   0.0586   0.0651   0.0656   0.0742
************  NNK  ************
 NI=  1 NI_GLOBAL=  1
   0.7638   0.0000   0.0000   0.0000  -0.0281   0.0000   0.0000   0.0160   0.0000   0.0000   0.0000  -0.0176   0.0000   0.0000
   0.0000   0.7509   0.0000   0.0000   0.0000  -0.0281   0.0000   0.0000  -0.0222   0.0000   0.0000   0.0000   0.0183   0.0000
   0.0000   0.0000   0.8193   0.0000   0.0000   0.0000   0.0000   0.0000   0.0000   0.0431   0.0000   0.0000   0.0000  -0.0246
   0.0000   0.0000   0.0000   0.8193   0.0000   0.0000   0.0246   0.0000   0.0000   0.0000  -0.0431   0.0000   0.0000   0.0000
  -0.0281   0.0000   0.0000   0.0000   0.7509   0.0000   0.0000  -0.0183   0.0000   0.0000   0.0000   0.0222   0.0000   0.0000
   0.0000  -0.0281   0.0000   0.0000   0.0000   0.7638   0.0000   0.0000   0.0176   0.0000   0.0000   0.0000  -0.0160   0.0000
   0.0000   0.0000   0.0000   0.0246   0.0000   0.0000   0.0742   0.0000   0.0000   0.0000  -0.0085   0.0000   0.0000   0.0000
   0.0160   0.0000   0.0000   0.0000  -0.0183   0.0000   0.0000   0.0656   0.0000   0.0000   0.0000  -0.0068   0.0000   0.0000
   0.0000  -0.0222   0.0000   0.0000   0.0000   0.0176   0.0000   0.0000   0.0651   0.0000   0.0000   0.0000  -0.0068   0.0000
   0.0000   0.0000   0.0431   0.0000   0.0000   0.0000   0.0000   0.0000   0.0000   0.0586   0.0000   0.0000   0.0000  -0.0085
   0.0000   0.0000   0.0000  -0.0431   0.0000   0.0000  -0.0085   0.0000   0.0000   0.0000   0.0586   0.0000   0.0000   0.0000
  -0.0176   0.0000   0.0000   0.0000   0.0222   0.0000   0.0000  -0.0068   0.0000   0.0000   0.0000   0.0651   0.0000   0.0000
   0.0000   0.0183   0.0000   0.0000   0.0000  -0.0160   0.0000   0.0000  -0.0068   0.0000   0.0000   0.0000   0.0656   0.0000
   0.0000   0.0000  -0.0246   0.0000   0.0000   0.0000   0.0000   0.0000   0.0000  -0.0085   0.0000   0.0000   0.0000   0.0742
************  NKS  ************
 NI=  1 NI_GLOBAL=  1
   0.7780   0.7780   0.7780   0.7780   0.7780   0.7780   0.0659   0.0659   0.0659   0.0659   0.0659   0.0659   0.0659   0.0659
 NELE_LOC TOTAL:
           5.1949156993066312
              CALC_DA_BND takes  0 hours  0 minutes and    0.17 seconds (CPU).
                          takes  0 hours  0 minutes and    0.09 seconds (WALL).
************  DA-  ************
 NI=  1 NI_GLOBAL=  1
  -0.0254  -0.0251  -0.0236  -0.0236  -0.0251  -0.0254  -0.0163  -0.0150  -0.0135  -0.0131  -0.0131  -0.0135  -0.0150  -0.0163
************  DAA  ************
 NI=  1 NI_GLOBAL=  1
  -0.0247  -0.0247  -0.0247  -0.0247  -0.0247  -0.0247  -0.0145  -0.0145  -0.0145  -0.0145  -0.0145  -0.0145  -0.0145  -0.0145
 NI=  1 VDC=    1.3245
************  LA2  ************
 NI=  1 NI_GLOBAL=  1
  -2.7819  -2.7819  -2.7819  -2.7819  -2.7819  -2.7819  -2.6743  -2.6743  -2.6743  -2.6743  -2.6743  -2.6743  -2.6743  -2.6743
 NI=  1 PHI-step gap=  0.15E+00
************  RAA  ************
 NI=  1 NI_GLOBAL=  1
   0.9009   0.9009   0.9009   0.9009   0.9009   0.9009   0.9186   0.9186   0.9186   0.9186   0.9186   0.9186   0.9186   0.9186
************  NC0  ************
 NI=  1 NI_GLOBAL=  1
   0.7780   0.7780   0.7780   0.7780   0.7780   0.7780   0.0659   0.0659   0.0659   0.0659   0.0659   0.0659   0.0659   0.0659
                  CALC_LC takes  0 hours  7 minutes and   49.25 seconds (CPU).
                          takes  0 hours  7 minutes and   49.09 seconds (WALL).
                GUTZ_FCN1 takes  0 hours  7 minutes and   50.08 seconds (CPU).
                          takes  0 hours  7 minutes and   49.52 seconds (WALL).
************  DIF_X  ************
    0.000000000102    0.000000000281
    0.000000000220   -0.000000000271
 ITER1=  4 MAXERR=    0.00000000
 NFJAC=   0
 SOLVE1 FINISHED WITH       4 ITERATIONS.
               GUTZ_SOLVE takes  0 hours 38 minutes and    7.24 seconds (CPU).
                          takes  0 hours 38 minutes and    5.16 seconds (WALL).
 MAX. NELF1 DIFF=    0.00091328
               CALC_PJRHO takes  0 hours  0 minutes and    0.55 seconds (CPU).
                          takes  0 hours  0 minutes and    0.38 seconds (WALL).
 NI=  1 SUM_PHY-SUM_KS=      0.00000000 WOULD BE RENORMALIZED
************  NC1  ************
 NI=  1 NI_GLOBAL=  1
   0.7674   0.7674   0.7674   0.7674   0.7674   0.7674   0.0738   0.0738   0.0738   0.0738   0.0738   0.0738   0.0738   0.0738
               CALC_NCPHY takes  0 hours  0 minutes and   49.75 seconds (CPU).
                          takes  0 hours  0 minutes and   49.56 seconds (WALL).
 GYZ%PJ%EGAMM:
    10.52950
 ENG%GAMM:    10.52950
 ENG%POT2:     3.08031
 EDCLA1(NI) ARRAY:
    -7.279
 EDCUJ(NI) ARRAY:
    -3.094
 EDCUJV(NI) ARRAY:
    -6.881
 EDC(NI) ARRAY:
   -10.372
 ENG%DBLC:   -10.37233
 ENG%DC1 :    -7.27872
 ENG%DC2 :    -3.09361
 ENG%DC2V:    -6.88080
 DC_E_STD_TO_E_V:    -3.78719
 ENG%BAND:     6.53559
 ENG%DL(DEEP LEVEL):    -4.06099
 ENG%TB=     6.69276
 ENG%TB-DC2=     9.78637
 NI=  1 OCC_CONFIG_WEIGHT:
        OCC= 0 WEIGHT=   0.00000
        OCC= 1 WEIGHT=   0.00000
        OCC= 2 WEIGHT=   0.00019
        OCC= 3 WEIGHT=   0.01007
        OCC= 4 WEIGHT=   0.15057
        OCC= 5 WEIGHT=   0.50955
        OCC= 6 WEIGHT=   0.29431
        OCC= 7 WEIGHT=   0.03405
        OCC= 8 WEIGHT=   0.00124
        OCC= 9 WEIGHT=   0.00002
                 CALC_RCW takes  0 hours  0 minutes and    0.00 seconds (CPU).
                          takes  0 hours  0 minutes and    0.00 seconds (WALL).
 NI=  1 J2=   17.7409
                 CALC_SLJ takes  0 hours  0 minutes and    0.00 seconds (CPU).
                          takes  0 hours  0 minutes and    0.00 seconds (WALL).
 NI=  1 ENTANGLEMENT ENTROPY=      4.9146
           CALC_ENTANGLES takes  0 hours  0 minutes and    0.94 seconds (CPU).
                          takes  0 hours  0 minutes and    0.92 seconds (WALL).
 CORRELATED SUBSPACE, SUM_FERWT=      8.0000000 SUM_KSWT=      8.0000000
 MAX OFF DIAGONAL KS.WT=    0.001796
 MAX/MIN R=    0.918603    0.900941
                CALC_KSWT takes  0 hours  0 minutes and    0.02 seconds (CPU).
                          takes  0 hours  0 minutes and    0.00 seconds (WALL).
                    TOTAL takes  0 hours 40 minutes and    1.24 seconds (CPU).
                          takes  0 hours 39 minutes and   58.05 seconds (WALL).
