******Program DMFT: Computes Gloc and Delta for Dynamical Mean Field Theory calculation ******
 CALCULATION WITH COMPLEX VECTORS
 CALCULATION WITH SOC VECTORS REQUIRED
 Running DMFT in mpi mode
  
 numkpt=         726
   0.00000   0.00000   0.00000   1.00000
   0.04762   0.04762   0.00000   4.00000
   0.09524   0.09524   0.00000   4.00000
   0.14286   0.14286   0.00000   4.00000
   0.19048   0.19048   0.00000   4.00000
   0.23810   0.23810   0.00000   4.00000
   0.28571   0.28571   0.00000   4.00000
   0.33333   0.33333   0.00000   4.00000
   0.38095   0.38095   0.00000   4.00000
   0.42857   0.42857   0.00000   4.00000
   0.47619   0.47619   0.00000   4.00000
   0.04762   0.00000   0.04762   8.00000
   0.09524   0.04762   0.04762  16.00000
   0.14286   0.09524   0.04762  16.00000
   0.19048   0.14286   0.04762  16.00000
   0.23810   0.19048   0.04762  16.00000
   0.28571   0.23810   0.04762  16.00000
   0.33333   0.28571   0.04762  16.00000
   0.38095   0.33333   0.04762  16.00000
   0.42857   0.38095   0.04762  16.00000
   0.47619   0.42857   0.04762  16.00000
   0.52381   0.47619   0.04762   8.00000
   0.09524   0.00000   0.09524   8.00000
   0.14286   0.04762   0.09524  16.00000
   0.19048   0.09524   0.09524  16.00000
   0.23810   0.14286   0.09524  16.00000
   0.28571   0.19048   0.09524  16.00000
   0.33333   0.23810   0.09524  16.00000
   0.38095   0.28571   0.09524  16.00000
   0.42857   0.33333   0.09524  16.00000
   0.47619   0.38095   0.09524  16.00000
   0.52381   0.42857   0.09524  16.00000
   1.04762   0.95238   0.09524   8.00000
   0.14286   0.00000   0.14286   8.00000
   0.19048   0.04762   0.14286  16.00000
   0.23810   0.09524   0.14286  16.00000
   0.28571   0.14286   0.14286  16.00000
   0.33333   0.19048   0.14286  16.00000
   0.38095   0.23810   0.14286  16.00000
   0.42857   0.28571   0.14286  16.00000
   0.47619   0.33333   0.14286  16.00000
   0.52381   0.38095   0.14286  16.00000
   0.57143   0.42857   0.14286   8.00000
   1.04762   0.90476   0.14286  16.00000
   0.19048   0.00000   0.19048   8.00000
   0.23810   0.04762   0.19048  16.00000
   0.28571   0.09524   0.19048  16.00000
   0.33333   0.14286   0.19048  16.00000
   0.38095   0.19048   0.19048  16.00000
   0.42857   0.23810   0.19048  16.00000
   0.47619   0.28571   0.19048  16.00000
   0.52381   0.33333   0.19048  16.00000
   0.57143   0.38095   0.19048  16.00000
   1.04762   0.85714   0.19048  16.00000
   1.09524   0.90476   0.19048   8.00000
   0.23810   0.00000   0.23810   8.00000
   0.28571   0.04762   0.23810  16.00000
   0.33333   0.09524   0.23810  16.00000
   0.38095   0.14286   0.23810  16.00000
   0.42857   0.19048   0.23810  16.00000
   0.47619   0.23810   0.23810  16.00000
   0.52381   0.28571   0.23810  16.00000
   0.57143   0.33333   0.23810  16.00000
   0.61905   0.38095   0.23810   8.00000
   1.04762   0.80952   0.23810  16.00000
   1.09524   0.85714   0.23810  16.00000
   0.28571   0.00000   0.28571   8.00000
   0.33333   0.04762   0.28571  16.00000
   0.38095   0.09524   0.28571  16.00000
   0.42857   0.14286   0.28571  16.00000
   0.47619   0.19048   0.28571  16.00000
   0.52381   0.23810   0.28571  16.00000
   0.57143   0.28571   0.28571  16.00000
   0.61905   0.33333   0.28571  16.00000
   1.04762   0.76190   0.28571  16.00000
   1.09524   0.80952   0.28571  16.00000
   1.14286   0.85714   0.28571   8.00000
   0.33333   0.00000   0.33333   8.00000
   0.38095   0.04762   0.33333  16.00000
   0.42857   0.09524   0.33333  16.00000
   0.47619   0.14286   0.33333  16.00000
   0.52381   0.19048   0.33333  16.00000
   0.57143   0.23810   0.33333  16.00000
   0.61905   0.28571   0.33333  16.00000
   0.66667   0.33333   0.33333   8.00000
   1.04762   0.71429   0.33333  16.00000
   1.09524   0.76190   0.33333  16.00000
   1.14286   0.80952   0.33333  16.00000
   0.38095   0.00000   0.38095   8.00000
   0.42857   0.04762   0.38095  16.00000
   0.47619   0.09524   0.38095  16.00000
   0.52381   0.14286   0.38095  16.00000
   0.57143   0.19048   0.38095  16.00000
   0.61905   0.23810   0.38095  16.00000
   0.66667   0.28571   0.38095  16.00000
   1.04762   0.66667   0.38095  16.00000
   1.09524   0.71429   0.38095  16.00000
   1.14286   0.76190   0.38095  16.00000
   1.19048   0.80952   0.38095   8.00000
   0.42857   0.00000   0.42857   8.00000
   0.47619   0.04762   0.42857  16.00000
   0.52381   0.09524   0.42857  16.00000
   0.57143   0.14286   0.42857  16.00000
   0.61905   0.19048   0.42857  16.00000
   0.66667   0.23810   0.42857  16.00000
   0.71429   0.28571   0.42857   8.00000
   1.04762   0.61905   0.42857  16.00000
   1.09524   0.66667   0.42857  16.00000
   1.14286   0.71429   0.42857  16.00000
   1.19048   0.76190   0.42857  16.00000
   0.47619   0.00000   0.47619   8.00000
   0.52381   0.04762   0.47619  16.00000
   0.57143   0.09524   0.47619  16.00000
   0.61905   0.14286   0.47619  16.00000
   0.66667   0.19048   0.47619  16.00000
   0.71429   0.23810   0.47619  16.00000
   1.04762   0.57143   0.47619  16.00000
   1.09524   0.61905   0.47619  16.00000
   1.14286   0.66667   0.47619  16.00000
   1.19048   0.71429   0.47619  16.00000
   1.23810   0.76190   0.47619   8.00000
   0.09524   0.09524   0.09524   8.00000
   0.14286   0.14286   0.09524   8.00000
   0.19048   0.19048   0.09524   8.00000
   0.23810   0.23810   0.09524   8.00000
   0.28571   0.28571   0.09524   8.00000
   0.33333   0.33333   0.09524   8.00000
   0.38095   0.38095   0.09524   8.00000
   0.42857   0.42857   0.09524   8.00000
   0.47619   0.47619   0.09524   8.00000
   1.00000   1.00000   0.09524   2.00000
   0.14286   0.09524   0.14286  16.00000
   0.19048   0.14286   0.14286  16.00000
   0.23810   0.19048   0.14286  16.00000
   0.28571   0.23810   0.14286  16.00000
   0.33333   0.28571   0.14286  16.00000
   0.38095   0.33333   0.14286  16.00000
   0.42857   0.38095   0.14286  16.00000
   0.47619   0.42857   0.14286  16.00000
   0.52381   0.47619   0.14286   8.00000
   1.00000   0.95238   0.14286   8.00000
   0.19048   0.09524   0.19048  16.00000
   0.23810   0.14286   0.19048  16.00000
   0.28571   0.19048   0.19048  16.00000
   0.33333   0.23810   0.19048  16.00000
   0.38095   0.28571   0.19048  16.00000
   0.42857   0.33333   0.19048  16.00000
   0.47619   0.38095   0.19048  16.00000
   0.52381   0.42857   0.19048  16.00000
   1.00000   0.90476   0.19048   8.00000
   1.04762   0.95238   0.19048   8.00000
   0.23810   0.09524   0.23810  16.00000
   0.28571   0.14286   0.23810  16.00000
   0.33333   0.19048   0.23810  16.00000
   0.38095   0.23810   0.23810  16.00000
   0.42857   0.28571   0.23810  16.00000
   0.47619   0.33333   0.23810  16.00000
   0.52381   0.38095   0.23810  16.00000
   0.57143   0.42857   0.23810   8.00000
   1.00000   0.85714   0.23810   8.00000
   1.04762   0.90476   0.23810  16.00000
   0.28571   0.09524   0.28571  16.00000
   0.33333   0.14286   0.28571  16.00000
   0.38095   0.19048   0.28571  16.00000
   0.42857   0.23810   0.28571  16.00000
   0.47619   0.28571   0.28571  16.00000
   0.52381   0.33333   0.28571  16.00000
   0.57143   0.38095   0.28571  16.00000
   1.00000   0.80952   0.28571   8.00000
   1.04762   0.85714   0.28571  16.00000
   1.09524   0.90476   0.28571   8.00000
   0.33333   0.09524   0.33333  16.00000
   0.38095   0.14286   0.33333  16.00000
   0.42857   0.19048   0.33333  16.00000
   0.47619   0.23810   0.33333  16.00000
   0.52381   0.28571   0.33333  16.00000
   0.57143   0.33333   0.33333  16.00000
   0.61905   0.38095   0.33333   8.00000
   1.00000   0.76190   0.33333   8.00000
   1.04762   0.80952   0.33333  16.00000
   1.09524   0.85714   0.33333  16.00000
   0.38095   0.09524   0.38095  16.00000
   0.42857   0.14286   0.38095  16.00000
   0.47619   0.19048   0.38095  16.00000
   0.52381   0.23810   0.38095  16.00000
   0.57143   0.28571   0.38095  16.00000
   0.61905   0.33333   0.38095  16.00000
   1.00000   0.71429   0.38095   8.00000
   1.04762   0.76190   0.38095  16.00000
   1.09524   0.80952   0.38095  16.00000
   1.14286   0.85714   0.38095   8.00000
   0.42857   0.09524   0.42857  16.00000
   0.47619   0.14286   0.42857  16.00000
   0.52381   0.19048   0.42857  16.00000
   0.57143   0.23810   0.42857  16.00000
   0.61905   0.28571   0.42857  16.00000
   0.66667   0.33333   0.42857   8.00000
   1.00000   0.66667   0.42857   8.00000
   1.04762   0.71429   0.42857  16.00000
   1.09524   0.76190   0.42857  16.00000
   1.14286   0.80952   0.42857  16.00000
   0.47619   0.09524   0.47619  16.00000
   0.52381   0.14286   0.47619  16.00000
   0.57143   0.19048   0.47619  16.00000
   0.61905   0.23810   0.47619  16.00000
   0.66667   0.28571   0.47619  16.00000
   1.00000   0.61905   0.47619   8.00000
   1.04762   0.66667   0.47619  16.00000
   1.09524   0.71429   0.47619  16.00000
   1.14286   0.76190   0.47619  16.00000
   1.19048   0.80952   0.47619   8.00000
   0.57143   0.14286   0.52381  16.00000
   0.61905   0.19048   0.52381  16.00000
   0.66667   0.23810   0.52381  16.00000
   0.71429   0.28571   0.52381   8.00000
   1.00000   0.57143   0.52381   8.00000
   1.04762   0.61905   0.52381  16.00000
   1.09524   0.66667   0.52381  16.00000
   1.14286   0.71429   0.52381  16.00000
   1.19048   0.76190   0.52381  16.00000
   0.61905   0.14286   0.57143  16.00000
   0.66667   0.19048   0.57143  16.00000
   0.71429   0.23810   0.57143  16.00000
   1.00000   0.52381   0.57143   8.00000
   1.04762   0.57143   0.57143  16.00000
   1.09524   0.61905   0.57143  16.00000
   1.14286   0.66667   0.57143  16.00000
   1.19048   0.71429   0.57143  16.00000
   1.23810   0.76190   0.57143   8.00000
   0.66667   0.14286   0.61905  16.00000
   0.71429   0.19048   0.61905  16.00000
   0.76190   0.23810   0.61905   8.00000
   1.00000   0.47619   0.61905   8.00000
   1.04762   0.52381   0.61905  16.00000
   1.09524   0.57143   0.61905  16.00000
   1.14286   0.61905   0.61905  16.00000
   1.19048   0.66667   0.61905  16.00000
   1.23810   0.71429   0.61905  16.00000
   0.71429   0.14286   0.66667  16.00000
   0.76190   0.19048   0.66667  16.00000
   1.00000   0.42857   0.66667   8.00000
   1.04762   0.47619   0.66667  16.00000
   1.09524   0.52381   0.66667  16.00000
   1.14286   0.57143   0.66667  16.00000
   1.19048   0.61905   0.66667  16.00000
   1.23810   0.66667   0.66667  16.00000
   1.28571   0.71429   0.66667   8.00000
   0.76190   0.14286   0.71429  16.00000
   0.80952   0.19048   0.71429   8.00000
   1.00000   0.38095   0.71429   8.00000
   1.04762   0.42857   0.71429  16.00000
   1.09524   0.47619   0.71429  16.00000
   1.14286   0.52381   0.71429  16.00000
   1.19048   0.57143   0.71429  16.00000
   1.23810   0.61905   0.71429  16.00000
   1.28571   0.66667   0.71429  16.00000
   0.80952   0.14286   0.76190  16.00000
   1.00000   0.33333   0.76190   8.00000
   1.04762   0.38095   0.76190  16.00000
   1.09524   0.42857   0.76190  16.00000
   1.14286   0.47619   0.76190  16.00000
   1.19048   0.52381   0.76190  16.00000
   1.23810   0.57143   0.76190  16.00000
   1.28571   0.61905   0.76190  16.00000
   1.33333   0.66667   0.76190   8.00000
   0.85714   0.14286   0.80952   8.00000
   1.00000   0.28571   0.80952   8.00000
   1.04762   0.33333   0.80952  16.00000
   1.09524   0.38095   0.80952  16.00000
   1.14286   0.42857   0.80952  16.00000
   1.19048   0.47619   0.80952  16.00000
   1.23810   0.52381   0.80952  16.00000
   1.28571   0.57143   0.80952  16.00000
   1.33333   0.61905   0.80952  16.00000
   1.00000   0.23810   0.85714   8.00000
   1.04762   0.28571   0.85714  16.00000
   1.09524   0.33333   0.85714  16.00000
   1.14286   0.38095   0.85714  16.00000
   1.19048   0.42857   0.85714  16.00000
   1.23810   0.47619   0.85714  16.00000
   1.28571   0.52381   0.85714  16.00000
   1.33333   0.57143   0.85714  16.00000
   1.38095   0.61905   0.85714   8.00000
   1.00000   0.19048   0.90476   8.00000
   1.04762   0.23810   0.90476  16.00000
   1.09524   0.28571   0.90476  16.00000
   1.14286   0.33333   0.90476  16.00000
   1.19048   0.38095   0.90476  16.00000
   1.23810   0.42857   0.90476  16.00000
   1.28571   0.47619   0.90476  16.00000
   1.33333   0.52381   0.90476  16.00000
   1.38095   0.57143   0.90476  16.00000
   1.00000   0.14286   0.95238   8.00000
   1.04762   0.19048   0.95238  16.00000
   1.09524   0.23810   0.95238  16.00000
   1.14286   0.28571   0.95238  16.00000
   1.19048   0.33333   0.95238  16.00000
   1.23810   0.38095   0.95238  16.00000
   1.28571   0.42857   0.95238  16.00000
   1.33333   0.47619   0.95238  16.00000
   1.38095   0.52381   0.95238  16.00000
   1.42857   0.57143   0.95238   8.00000
   1.00000   0.09524   1.00000   4.00000
   1.04762   0.14286   1.00000   8.00000
   1.09524   0.19048   1.00000   8.00000
   1.14286   0.23810   1.00000   8.00000
   1.19048   0.28571   1.00000   8.00000
   1.23810   0.33333   1.00000   8.00000
   1.28571   0.38095   1.00000   8.00000
   1.33333   0.42857   1.00000   8.00000
   1.38095   0.47619   1.00000   8.00000
   1.42857   0.52381   1.00000   8.00000
   0.19048   0.19048   0.19048   8.00000
   0.23810   0.23810   0.19048   8.00000
   0.28571   0.28571   0.19048   8.00000
   0.33333   0.33333   0.19048   8.00000
   0.38095   0.38095   0.19048   8.00000
   0.42857   0.42857   0.19048   8.00000
   0.47619   0.47619   0.19048   8.00000
   1.00000   1.00000   0.19048   2.00000
   0.23810   0.19048   0.23810  16.00000
   0.28571   0.23810   0.23810  16.00000
   0.33333   0.28571   0.23810  16.00000
   0.38095   0.33333   0.23810  16.00000
   0.42857   0.38095   0.23810  16.00000
   0.47619   0.42857   0.23810  16.00000
   0.52381   0.47619   0.23810   8.00000
   1.00000   0.95238   0.23810   8.00000
   0.28571   0.19048   0.28571  16.00000
   0.33333   0.23810   0.28571  16.00000
   0.38095   0.28571   0.28571  16.00000
   0.42857   0.33333   0.28571  16.00000
   0.47619   0.38095   0.28571  16.00000
   0.52381   0.42857   0.28571  16.00000
   1.00000   0.90476   0.28571   8.00000
   1.04762   0.95238   0.28571   8.00000
   0.33333   0.19048   0.33333  16.00000
   0.38095   0.23810   0.33333  16.00000
   0.42857   0.28571   0.33333  16.00000
   0.47619   0.33333   0.33333  16.00000
   0.52381   0.38095   0.33333  16.00000
   0.57143   0.42857   0.33333   8.00000
   1.00000   0.85714   0.33333   8.00000
   1.04762   0.90476   0.33333  16.00000
   0.38095   0.19048   0.38095  16.00000
   0.42857   0.23810   0.38095  16.00000
   0.47619   0.28571   0.38095  16.00000
   0.52381   0.33333   0.38095  16.00000
   0.57143   0.38095   0.38095  16.00000
   1.00000   0.80952   0.38095   8.00000
   1.04762   0.85714   0.38095  16.00000
   1.09524   0.90476   0.38095   8.00000
   0.42857   0.19048   0.42857  16.00000
   0.47619   0.23810   0.42857  16.00000
   0.52381   0.28571   0.42857  16.00000
   0.57143   0.33333   0.42857  16.00000
   0.61905   0.38095   0.42857   8.00000
   1.00000   0.76190   0.42857   8.00000
   1.04762   0.80952   0.42857  16.00000
   1.09524   0.85714   0.42857  16.00000
   0.47619   0.19048   0.47619  16.00000
   0.52381   0.23810   0.47619  16.00000
   0.57143   0.28571   0.47619  16.00000
   0.61905   0.33333   0.47619  16.00000
   1.00000   0.71429   0.47619   8.00000
   1.04762   0.76190   0.47619  16.00000
   1.09524   0.80952   0.47619  16.00000
   1.14286   0.85714   0.47619   8.00000
   0.57143   0.23810   0.52381  16.00000
   0.61905   0.28571   0.52381  16.00000
   0.66667   0.33333   0.52381   8.00000
   1.00000   0.66667   0.52381   8.00000
   1.04762   0.71429   0.52381  16.00000
   1.09524   0.76190   0.52381  16.00000
   1.14286   0.80952   0.52381  16.00000
   0.61905   0.23810   0.57143  16.00000
   0.66667   0.28571   0.57143  16.00000
   1.00000   0.61905   0.57143   8.00000
   1.04762   0.66667   0.57143  16.00000
   1.09524   0.71429   0.57143  16.00000
   1.14286   0.76190   0.57143  16.00000
   1.19048   0.80952   0.57143   8.00000
   0.66667   0.23810   0.61905  16.00000
   0.71429   0.28571   0.61905   8.00000
   1.00000   0.57143   0.61905   8.00000
   1.04762   0.61905   0.61905  16.00000
   1.09524   0.66667   0.61905  16.00000
   1.14286   0.71429   0.61905  16.00000
   1.19048   0.76190   0.61905  16.00000
   0.71429   0.23810   0.66667  16.00000
   1.00000   0.52381   0.66667   8.00000
   1.04762   0.57143   0.66667  16.00000
   1.09524   0.61905   0.66667  16.00000
   1.14286   0.66667   0.66667  16.00000
   1.19048   0.71429   0.66667  16.00000
   1.23810   0.76190   0.66667   8.00000
   0.76190   0.23810   0.71429   8.00000
   1.00000   0.47619   0.71429   8.00000
   1.04762   0.52381   0.71429  16.00000
   1.09524   0.57143   0.71429  16.00000
   1.14286   0.61905   0.71429  16.00000
   1.19048   0.66667   0.71429  16.00000
   1.23810   0.71429   0.71429  16.00000
   1.00000   0.42857   0.76190   8.00000
   1.04762   0.47619   0.76190  16.00000
   1.09524   0.52381   0.76190  16.00000
   1.14286   0.57143   0.76190  16.00000
   1.19048   0.61905   0.76190  16.00000
   1.23810   0.66667   0.76190  16.00000
   1.28571   0.71429   0.76190   8.00000
   1.00000   0.38095   0.80952   8.00000
   1.04762   0.42857   0.80952  16.00000
   1.09524   0.47619   0.80952  16.00000
   1.14286   0.52381   0.80952  16.00000
   1.19048   0.57143   0.80952  16.00000
   1.23810   0.61905   0.80952  16.00000
   1.28571   0.66667   0.80952  16.00000
   1.00000   0.33333   0.85714   8.00000
   1.04762   0.38095   0.85714  16.00000
   1.09524   0.42857   0.85714  16.00000
   1.14286   0.47619   0.85714  16.00000
   1.19048   0.52381   0.85714  16.00000
   1.23810   0.57143   0.85714  16.00000
   1.28571   0.61905   0.85714  16.00000
   1.33333   0.66667   0.85714   8.00000
   1.00000   0.28571   0.90476   8.00000
   1.04762   0.33333   0.90476  16.00000
   1.09524   0.38095   0.90476  16.00000
   1.14286   0.42857   0.90476  16.00000
   1.19048   0.47619   0.90476  16.00000
   1.23810   0.52381   0.90476  16.00000
   1.28571   0.57143   0.90476  16.00000
   1.33333   0.61905   0.90476  16.00000
   1.00000   0.23810   0.95238   8.00000
   1.04762   0.28571   0.95238  16.00000
   1.09524   0.33333   0.95238  16.00000
   1.14286   0.38095   0.95238  16.00000
   1.19048   0.42857   0.95238  16.00000
   1.23810   0.47619   0.95238  16.00000
   1.28571   0.52381   0.95238  16.00000
   1.33333   0.57143   0.95238  16.00000
   1.38095   0.61905   0.95238   8.00000
   1.00000   0.19048   1.00000   4.00000
   1.04762   0.23810   1.00000   8.00000
   1.09524   0.28571   1.00000   8.00000
   1.14286   0.33333   1.00000   8.00000
   1.19048   0.38095   1.00000   8.00000
   1.23810   0.42857   1.00000   8.00000
   1.28571   0.47619   1.00000   8.00000
   1.33333   0.52381   1.00000   8.00000
   1.38095   0.57143   1.00000   8.00000
   0.28571   0.28571   0.28571   8.00000
   0.33333   0.33333   0.28571   8.00000
   0.38095   0.38095   0.28571   8.00000
   0.42857   0.42857   0.28571   8.00000
   0.47619   0.47619   0.28571   8.00000
   1.00000   1.00000   0.28571   2.00000
   0.33333   0.28571   0.33333  16.00000
   0.38095   0.33333   0.33333  16.00000
   0.42857   0.38095   0.33333  16.00000
   0.47619   0.42857   0.33333  16.00000
   0.52381   0.47619   0.33333   8.00000
   1.00000   0.95238   0.33333   8.00000
   0.38095   0.28571   0.38095  16.00000
   0.42857   0.33333   0.38095  16.00000
   0.47619   0.38095   0.38095  16.00000
   0.52381   0.42857   0.38095  16.00000
   1.00000   0.90476   0.38095   8.00000
   1.04762   0.95238   0.38095   8.00000
   0.42857   0.28571   0.42857  16.00000
   0.47619   0.33333   0.42857  16.00000
   0.52381   0.38095   0.42857  16.00000
   0.57143   0.42857   0.42857   8.00000
   1.00000   0.85714   0.42857   8.00000
   1.04762   0.90476   0.42857  16.00000
   0.47619   0.28571   0.47619  16.00000
   0.52381   0.33333   0.47619  16.00000
   0.57143   0.38095   0.47619  16.00000
   1.00000   0.80952   0.47619   8.00000
   1.04762   0.85714   0.47619  16.00000
   1.09524   0.90476   0.47619   8.00000
   0.57143   0.33333   0.52381  16.00000
   0.61905   0.38095   0.52381   8.00000
   1.00000   0.76190   0.52381   8.00000
   1.04762   0.80952   0.52381  16.00000
   1.09524   0.85714   0.52381  16.00000
   0.61905   0.33333   0.57143  16.00000
   1.00000   0.71429   0.57143   8.00000
   1.04762   0.76190   0.57143  16.00000
   1.09524   0.80952   0.57143  16.00000
   1.14286   0.85714   0.57143   8.00000
   0.66667   0.33333   0.61905   8.00000
   1.00000   0.66667   0.61905   8.00000
   1.04762   0.71429   0.61905  16.00000
   1.09524   0.76190   0.61905  16.00000
   1.14286   0.80952   0.61905  16.00000
   1.00000   0.61905   0.66667   8.00000
   1.04762   0.66667   0.66667  16.00000
   1.09524   0.71429   0.66667  16.00000
   1.14286   0.76190   0.66667  16.00000
   1.19048   0.80952   0.66667   8.00000
   1.00000   0.57143   0.71429   8.00000
   1.04762   0.61905   0.71429  16.00000
   1.09524   0.66667   0.71429  16.00000
   1.14286   0.71429   0.71429  16.00000
   1.19048   0.76190   0.71429  16.00000
   1.00000   0.52381   0.76190   8.00000
   1.04762   0.57143   0.76190  16.00000
   1.09524   0.61905   0.76190  16.00000
   1.14286   0.66667   0.76190  16.00000
   1.19048   0.71429   0.76190  16.00000
   1.23810   0.76190   0.76190   8.00000
   1.00000   0.47619   0.80952   8.00000
   1.04762   0.52381   0.80952  16.00000
   1.09524   0.57143   0.80952  16.00000
   1.14286   0.61905   0.80952  16.00000
   1.19048   0.66667   0.80952  16.00000
   1.23810   0.71429   0.80952  16.00000
   1.00000   0.42857   0.85714   8.00000
   1.04762   0.47619   0.85714  16.00000
   1.09524   0.52381   0.85714  16.00000
   1.14286   0.57143   0.85714  16.00000
   1.19048   0.61905   0.85714  16.00000
   1.23810   0.66667   0.85714  16.00000
   1.28571   0.71429   0.85714   8.00000
   1.00000   0.38095   0.90476   8.00000
   1.04762   0.42857   0.90476  16.00000
   1.09524   0.47619   0.90476  16.00000
   1.14286   0.52381   0.90476  16.00000
   1.19048   0.57143   0.90476  16.00000
   1.23810   0.61905   0.90476  16.00000
   1.28571   0.66667   0.90476  16.00000
   1.00000   0.33333   0.95238   8.00000
   1.04762   0.38095   0.95238  16.00000
   1.09524   0.42857   0.95238  16.00000
   1.14286   0.47619   0.95238  16.00000
   1.19048   0.52381   0.95238  16.00000
   1.23810   0.57143   0.95238  16.00000
   1.28571   0.61905   0.95238  16.00000
   1.33333   0.66667   0.95238   8.00000
   1.00000   0.28571   1.00000   4.00000
   1.04762   0.33333   1.00000   8.00000
   1.09524   0.38095   1.00000   8.00000
   1.14286   0.42857   1.00000   8.00000
   1.19048   0.47619   1.00000   8.00000
   1.23810   0.52381   1.00000   8.00000
   1.28571   0.57143   1.00000   8.00000
   1.33333   0.61905   1.00000   8.00000
   0.38095   0.38095   0.38095   8.00000
   0.42857   0.42857   0.38095   8.00000
   0.47619   0.47619   0.38095   8.00000
   1.00000   1.00000   0.38095   2.00000
   0.42857   0.38095   0.42857  16.00000
   0.47619   0.42857   0.42857  16.00000
   0.52381   0.47619   0.42857   8.00000
   1.00000   0.95238   0.42857   8.00000
   0.47619   0.38095   0.47619  16.00000
   0.52381   0.42857   0.47619  16.00000
   1.00000   0.90476   0.47619   8.00000
   1.04762   0.95238   0.47619   8.00000
   0.57143   0.42857   0.52381   8.00000
   1.00000   0.85714   0.52381   8.00000
   1.04762   0.90476   0.52381  16.00000
   1.00000   0.80952   0.57143   8.00000
   1.04762   0.85714   0.57143  16.00000
   1.09524   0.90476   0.57143   8.00000
   1.00000   0.76190   0.61905   8.00000
   1.04762   0.80952   0.61905  16.00000
   1.09524   0.85714   0.61905  16.00000
   1.00000   0.71429   0.66667   8.00000
   1.04762   0.76190   0.66667  16.00000
   1.09524   0.80952   0.66667  16.00000
   1.14286   0.85714   0.66667   8.00000
   1.00000   0.66667   0.71429   8.00000
   1.04762   0.71429   0.71429  16.00000
   1.09524   0.76190   0.71429  16.00000
   1.14286   0.80952   0.71429  16.00000
   1.00000   0.61905   0.76190   8.00000
   1.04762   0.66667   0.76190  16.00000
   1.09524   0.71429   0.76190  16.00000
   1.14286   0.76190   0.76190  16.00000
   1.19048   0.80952   0.76190   8.00000
   1.00000   0.57143   0.80952   8.00000
   1.04762   0.61905   0.80952  16.00000
   1.09524   0.66667   0.80952  16.00000
   1.14286   0.71429   0.80952  16.00000
   1.19048   0.76190   0.80952  16.00000
   1.00000   0.52381   0.85714   8.00000
   1.04762   0.57143   0.85714  16.00000
   1.09524   0.61905   0.85714  16.00000
   1.14286   0.66667   0.85714  16.00000
   1.19048   0.71429   0.85714  16.00000
   1.23810   0.76190   0.85714   8.00000
   1.00000   0.47619   0.90476   8.00000
   1.04762   0.52381   0.90476  16.00000
   1.09524   0.57143   0.90476  16.00000
   1.14286   0.61905   0.90476  16.00000
   1.19048   0.66667   0.90476  16.00000
   1.23810   0.71429   0.90476  16.00000
   1.00000   0.42857   0.95238   8.00000
   1.04762   0.47619   0.95238  16.00000
   1.09524   0.52381   0.95238  16.00000
   1.14286   0.57143   0.95238  16.00000
   1.19048   0.61905   0.95238  16.00000
   1.23810   0.66667   0.95238  16.00000
   1.28571   0.71429   0.95238   8.00000
   1.00000   0.38095   1.00000   4.00000
   1.04762   0.42857   1.00000   8.00000
   1.09524   0.47619   1.00000   8.00000
   1.14286   0.52381   1.00000   8.00000
   1.19048   0.57143   1.00000   8.00000
   1.23810   0.61905   1.00000   8.00000
   1.28571   0.66667   1.00000   8.00000
   0.47619   0.47619   0.47619   8.00000
   1.00000   1.00000   0.47619   2.00000
   1.00000   0.95238   0.52381   8.00000
   1.00000   0.90476   0.57143   8.00000
   1.04762   0.95238   0.57143   8.00000
   1.00000   0.85714   0.61905   8.00000
   1.04762   0.90476   0.61905  16.00000
   1.00000   0.80952   0.66667   8.00000
   1.04762   0.85714   0.66667  16.00000
   1.09524   0.90476   0.66667   8.00000
   1.00000   0.76190   0.71429   8.00000
   1.04762   0.80952   0.71429  16.00000
   1.09524   0.85714   0.71429  16.00000
   1.00000   0.71429   0.76190   8.00000
   1.04762   0.76190   0.76190  16.00000
   1.09524   0.80952   0.76190  16.00000
   1.14286   0.85714   0.76190   8.00000
   1.00000   0.66667   0.80952   8.00000
   1.04762   0.71429   0.80952  16.00000
   1.09524   0.76190   0.80952  16.00000
   1.14286   0.80952   0.80952  16.00000
   1.00000   0.61905   0.85714   8.00000
   1.04762   0.66667   0.85714  16.00000
   1.09524   0.71429   0.85714  16.00000
   1.14286   0.76190   0.85714  16.00000
   1.19048   0.80952   0.85714   8.00000
   1.00000   0.57143   0.90476   8.00000
   1.04762   0.61905   0.90476  16.00000
   1.09524   0.66667   0.90476  16.00000
   1.14286   0.71429   0.90476  16.00000
   1.19048   0.76190   0.90476  16.00000
   1.00000   0.52381   0.95238   8.00000
   1.04762   0.57143   0.95238  16.00000
   1.09524   0.61905   0.95238  16.00000
   1.14286   0.66667   0.95238  16.00000
   1.19048   0.71429   0.95238  16.00000
   1.23810   0.76190   0.95238   8.00000
   1.00000   0.47619   1.00000   4.00000
   1.04762   0.52381   1.00000   8.00000
   1.09524   0.57143   1.00000   8.00000
   1.14286   0.61905   1.00000   8.00000
   1.19048   0.66667   1.00000   8.00000
   1.23810   0.71429   1.00000   8.00000
   1.00000   1.00000   0.57143   2.00000
   1.00000   0.95238   0.61905   8.00000
   1.00000   0.90476   0.66667   8.00000
   1.04762   0.95238   0.66667   8.00000
   1.00000   0.85714   0.71429   8.00000
   1.04762   0.90476   0.71429  16.00000
   1.00000   0.80952   0.76190   8.00000
   1.04762   0.85714   0.76190  16.00000
   1.09524   0.90476   0.76190   8.00000
   1.00000   0.76190   0.80952   8.00000
   1.04762   0.80952   0.80952  16.00000
   1.09524   0.85714   0.80952  16.00000
   1.00000   0.71429   0.85714   8.00000
   1.04762   0.76190   0.85714  16.00000
   1.09524   0.80952   0.85714  16.00000
   1.14286   0.85714   0.85714   8.00000
   1.00000   0.66667   0.90476   8.00000
   1.04762   0.71429   0.90476  16.00000
   1.09524   0.76190   0.90476  16.00000
   1.14286   0.80952   0.90476  16.00000
   1.00000   0.61905   0.95238   8.00000
   1.04762   0.66667   0.95238  16.00000
   1.09524   0.71429   0.95238  16.00000
   1.14286   0.76190   0.95238  16.00000
   1.19048   0.80952   0.95238   8.00000
   1.00000   0.57143   1.00000   4.00000
   1.04762   0.61905   1.00000   8.00000
   1.09524   0.66667   1.00000   8.00000
   1.14286   0.71429   1.00000   8.00000
   1.19048   0.76190   1.00000   8.00000
   1.00000   1.00000   0.66667   2.00000
   1.00000   0.95238   0.71429   8.00000
   1.00000   0.90476   0.76190   8.00000
   1.04762   0.95238   0.76190   8.00000
   1.00000   0.85714   0.80952   8.00000
   1.04762   0.90476   0.80952  16.00000
   1.00000   0.80952   0.85714   8.00000
   1.04762   0.85714   0.85714  16.00000
   1.09524   0.90476   0.85714   8.00000
   1.00000   0.76190   0.90476   8.00000
   1.04762   0.80952   0.90476  16.00000
   1.09524   0.85714   0.90476  16.00000
   1.00000   0.71429   0.95238   8.00000
   1.04762   0.76190   0.95238  16.00000
   1.09524   0.80952   0.95238  16.00000
   1.14286   0.85714   0.95238   8.00000
   1.00000   0.66667   1.00000   4.00000
   1.04762   0.71429   1.00000   8.00000
   1.09524   0.76190   1.00000   8.00000
   1.14286   0.80952   1.00000   8.00000
   1.00000   1.00000   0.76190   2.00000
   1.00000   0.95238   0.80952   8.00000
   1.00000   0.90476   0.85714   8.00000
   1.04762   0.95238   0.85714   8.00000
   1.00000   0.85714   0.90476   8.00000
   1.04762   0.90476   0.90476  16.00000
   1.00000   0.80952   0.95238   8.00000
   1.04762   0.85714   0.95238  16.00000
   1.09524   0.90476   0.95238   8.00000
   1.00000   0.76190   1.00000   4.00000
   1.04762   0.80952   1.00000   8.00000
   1.09524   0.85714   1.00000   8.00000
   1.00000   1.00000   0.85714   2.00000
   1.00000   0.95238   0.90476   8.00000
   1.00000   0.90476   0.95238   8.00000
   1.04762   0.95238   0.95238   8.00000
   1.00000   0.85714   1.00000   4.00000
   1.04762   0.90476   1.00000   8.00000
   1.00000   1.00000   0.95238   2.00000
   1.00000   0.95238   1.00000   4.00000




                              --------------------------------------------------
                                 S T R U C T U R A L   I N F O R M A T I O N
                              --------------------------------------------------


   SUBSTANCE                    = tetragonal body-centered  (delta')                                              

   LATTICE                      = B   
   LATTICE CONSTANTS ARE        =    6.9064090   6.9064090   9.1961340
   NUMBER OF ATOMS IN UNITCELL  =   1
   MODE OF CALCULATION IS       = RELA
 IORD=          16
 FNAMES=
 ./deltaprime_Pu_18.vectorso_1                                                  
                                                                                
                                           
 ./deltaprime_Pu_18.vectorsodn_1                                                
                                                                                
                                           
 deltaprime_Pu_18.energyso_1                                                    
                                                                                
                                           
 deltaprime_Pu_18.energysodn_1                                                  
                                                                                
                                           
  BR1,  BR2
   0.90976   0.00000   0.00000      0.00000   0.90976   0.90976
   0.00000   0.90976   0.00000      0.90976   0.00000   0.90976
   0.00000   0.00000   0.68324      0.68324   0.68324   0.00000
 projector corrected--must be 1,2, or 3! Now projector= 2
 Energy window:   -0.4410 < E <      0.441
 Projected density of states calculation for  1 atoms
--------- atom  1 -------------
l=  3  qsplit=  4
 Symmetrization over eq. k-points is performed
 ********** Start Reading Cix file *************
  Correlated block number           1
  Correlated index=
  1  0  0  0  0  0  0  0  0  0  0  0  0  0
  0  1  0  0  0  0  0  0  0  0  0  0  0  0
  0  0  1  0  0  0  0  0  0  0  0  0  0  0
  0  0  0  1  0  0  0  0  0  0  0  0  0  0
  0  0  0  0  1  0  0  0  0  0  0  0  0  0
  0  0  0  0  0  1  0  0  0  0  0  0  0  0
  0  0  0  0  0  0  2  0  0  0  0  0  0  0
  0  0  0  0  0  0  0  2  0  0  0  0  0  0
  0  0  0  0  0  0  0  0  2  0  0  0  0  0
  0  0  0  0  0  0  0  0  0  2  0  0  0  0
  0  0  0  0  0  0  0  0  0  0  2  0  0  0
  0  0  0  0  0  0  0  0  0  0  0  2  0  0
  0  0  0  0  0  0  0  0  0  0  0  0  2  0
  0  0  0  0  0  0  0  0  0  0  0  0  0  2
  Real part of unitary matrix=
  0.9258  0.0000  0.0000  0.0000  0.0000  0.0000  0.0000  0.0000 -0.3780  0.0000  0.0000  0.0000  0.0000  0.0000
  0.0000  0.8452  0.0000  0.0000  0.0000  0.0000  0.0000  0.0000  0.0000 -0.5345  0.0000  0.0000  0.0000  0.0000
  0.0000  0.0000  0.7559  0.0000  0.0000  0.0000  0.0000  0.0000  0.0000  0.0000 -0.6547  0.0000  0.0000  0.0000
  0.0000  0.0000  0.0000  0.6547  0.0000  0.0000  0.0000  0.0000  0.0000  0.0000  0.0000 -0.7559  0.0000  0.0000
  0.0000  0.0000  0.0000  0.0000  0.5345  0.0000  0.0000  0.0000  0.0000  0.0000  0.0000  0.0000 -0.8452  0.0000
  0.0000  0.0000  0.0000  0.0000  0.0000  0.3780  0.0000  0.0000  0.0000  0.0000  0.0000  0.0000  0.0000 -0.9258
  0.0000  0.0000  0.0000  0.0000  0.0000  0.0000  0.0000  1.0000  0.0000  0.0000  0.0000  0.0000  0.0000  0.0000
  0.3780  0.0000  0.0000  0.0000  0.0000  0.0000  0.0000  0.0000  0.9258  0.0000  0.0000  0.0000  0.0000  0.0000
  0.0000  0.5345  0.0000  0.0000  0.0000  0.0000  0.0000  0.0000  0.0000  0.8452  0.0000  0.0000  0.0000  0.0000
  0.0000  0.0000  0.6547  0.0000  0.0000  0.0000  0.0000  0.0000  0.0000  0.0000  0.7559  0.0000  0.0000  0.0000
  0.0000  0.0000  0.0000  0.7559  0.0000  0.0000  0.0000  0.0000  0.0000  0.0000  0.0000  0.6547  0.0000  0.0000
  0.0000  0.0000  0.0000  0.0000  0.8452  0.0000  0.0000  0.0000  0.0000  0.0000  0.0000  0.0000  0.5345  0.0000
  0.0000  0.0000  0.0000  0.0000  0.0000  0.9258  0.0000  0.0000  0.0000  0.0000  0.0000  0.0000  0.0000  0.3780
  0.0000  0.0000  0.0000  0.0000  0.0000  0.0000  1.0000  0.0000  0.0000  0.0000  0.0000  0.0000  0.0000  0.0000
  Imaginary part of unitary matrix=
  0.0000  0.0000  0.0000  0.0000  0.0000  0.0000  0.0000  0.0000  0.0000  0.0000  0.0000  0.0000  0.0000  0.0000
  0.0000  0.0000  0.0000  0.0000  0.0000  0.0000  0.0000  0.0000  0.0000  0.0000  0.0000  0.0000  0.0000  0.0000
  0.0000  0.0000  0.0000  0.0000  0.0000  0.0000  0.0000  0.0000  0.0000  0.0000  0.0000  0.0000  0.0000  0.0000
  0.0000  0.0000  0.0000  0.0000  0.0000  0.0000  0.0000  0.0000  0.0000  0.0000  0.0000  0.0000  0.0000  0.0000
  0.0000  0.0000  0.0000  0.0000  0.0000  0.0000  0.0000  0.0000  0.0000  0.0000  0.0000  0.0000  0.0000  0.0000
  0.0000  0.0000  0.0000  0.0000  0.0000  0.0000  0.0000  0.0000  0.0000  0.0000  0.0000  0.0000  0.0000  0.0000
  0.0000  0.0000  0.0000  0.0000  0.0000  0.0000  0.0000  0.0000  0.0000  0.0000  0.0000  0.0000  0.0000  0.0000
  0.0000  0.0000  0.0000  0.0000  0.0000  0.0000  0.0000  0.0000  0.0000  0.0000  0.0000  0.0000  0.0000  0.0000
  0.0000  0.0000  0.0000  0.0000  0.0000  0.0000  0.0000  0.0000  0.0000  0.0000  0.0000  0.0000  0.0000  0.0000
  0.0000  0.0000  0.0000  0.0000  0.0000  0.0000  0.0000  0.0000  0.0000  0.0000  0.0000  0.0000  0.0000  0.0000
  0.0000  0.0000  0.0000  0.0000  0.0000  0.0000  0.0000  0.0000  0.0000  0.0000  0.0000  0.0000  0.0000  0.0000
  0.0000  0.0000  0.0000  0.0000  0.0000  0.0000  0.0000  0.0000  0.0000  0.0000  0.0000  0.0000  0.0000  0.0000
  0.0000  0.0000  0.0000  0.0000  0.0000  0.0000  0.0000  0.0000  0.0000  0.0000  0.0000  0.0000  0.0000  0.0000
  0.0000  0.0000  0.0000  0.0000  0.0000  0.0000  0.0000  0.0000  0.0000  0.0000  0.0000  0.0000  0.0000  0.0000
  At least one transformation matrix is not Identity
 Magnetic system with s-o coupling; M theta, phi:  0.0000  0.0000
 Inside ROTDEF
Operation  1 transforms atom   1 from first atom   1
Actual position of atom  1 is:  0.000000    0.000000    0.000000
 
Combined transformation (acting on k-point) for correlated atoms
including users rotation and internal local rotation
catom  1 atom   1
   0.90976   0.00000   0.00000
   0.00000  -0.90976   0.00000
   0.00000   0.00000  -0.68324
 
 
 SPIN COORD SYSTEM:
    1.000000    0.000000    0.000000
    0.000000    1.000000    0.000000
    0.000000    0.000000    1.000000
 
 in global cartezian coordinates:
    1.000000    0.000000    0.000000
    0.000000   -1.000000    0.000000
    0.000000    0.000000   -1.000000
 ____________________________
 in spin coordinates:
    1.000000    0.000000    0.000000
    0.000000   -1.000000    0.000000
    0.000000    0.000000   -1.000000
           1   3.14159265358979       -1.00000000000000     
 
 in global cartezian coordinates:
    0.000000    1.000000    0.000000
   -1.000000    0.000000    0.000000
    0.000000    0.000000   -1.000000
 ____________________________
 in spin coordinates:
    0.000000    1.000000    0.000000
   -1.000000    0.000000    0.000000
    0.000000    0.000000   -1.000000
           2   1.57079632679490        1.00000000000000     
 
 in global cartezian coordinates:
   -1.000000    0.000000    0.000000
    0.000000   -1.000000    0.000000
    0.000000    0.000000   -1.000000
 ____________________________
 in spin coordinates:
   -1.000000    0.000000    0.000000
    0.000000   -1.000000    0.000000
    0.000000    0.000000   -1.000000
           3  0.000000000000000E+000   1.00000000000000     
 
 in global cartezian coordinates:
    0.000000    1.000000    0.000000
    1.000000    0.000000    0.000000
    0.000000    0.000000   -1.000000
 ____________________________
 in spin coordinates:
    0.000000    1.000000    0.000000
    1.000000    0.000000    0.000000
    0.000000    0.000000   -1.000000
           4   1.57079632679490       -1.00000000000000     
 
 in global cartezian coordinates:
    0.000000   -1.000000    0.000000
   -1.000000    0.000000    0.000000
    0.000000    0.000000   -1.000000
 ____________________________
 in spin coordinates:
    0.000000   -1.000000    0.000000
   -1.000000    0.000000    0.000000
    0.000000    0.000000   -1.000000
           5   4.71238898038469       -1.00000000000000     
 
 in global cartezian coordinates:
    1.000000    0.000000    0.000000
    0.000000    1.000000    0.000000
    0.000000    0.000000   -1.000000
 ____________________________
 in spin coordinates:
    1.000000    0.000000    0.000000
    0.000000    1.000000    0.000000
    0.000000    0.000000   -1.000000
           6   3.14159274101257        1.00000000000000     
 
 in global cartezian coordinates:
    1.000000    0.000000    0.000000
    0.000000   -1.000000    0.000000
    0.000000    0.000000    1.000000
 ____________________________
 in spin coordinates:
    1.000000    0.000000    0.000000
    0.000000   -1.000000    0.000000
    0.000000    0.000000    1.000000
           7   6.28318539460237       -1.00000000000000     
 
 in global cartezian coordinates:
    0.000000    1.000000    0.000000
   -1.000000    0.000000    0.000000
    0.000000    0.000000    1.000000
 ____________________________
 in spin coordinates:
    0.000000    1.000000    0.000000
   -1.000000    0.000000    0.000000
    0.000000    0.000000    1.000000
           8  -1.57079632679490        1.00000000000000     
 
 in global cartezian coordinates:
    0.000000   -1.000000    0.000000
    1.000000    0.000000    0.000000
    0.000000    0.000000   -1.000000
 ____________________________
 in spin coordinates:
    0.000000   -1.000000    0.000000
    1.000000    0.000000    0.000000
    0.000000    0.000000   -1.000000
           9  -1.57079632679490        1.00000000000000     
 
 in global cartezian coordinates:
   -1.000000    0.000000    0.000000
    0.000000    1.000000    0.000000
    0.000000    0.000000   -1.000000
 ____________________________
 in spin coordinates:
   -1.000000    0.000000    0.000000
    0.000000    1.000000    0.000000
    0.000000    0.000000   -1.000000
          10   6.28318539460237       -1.00000000000000     
 
 in global cartezian coordinates:
   -1.000000    0.000000    0.000000
    0.000000   -1.000000    0.000000
    0.000000    0.000000    1.000000
 ____________________________
 in spin coordinates:
   -1.000000    0.000000    0.000000
    0.000000   -1.000000    0.000000
    0.000000    0.000000    1.000000
          11   3.14159274101257        1.00000000000000     
 
 in global cartezian coordinates:
    0.000000    1.000000    0.000000
    1.000000    0.000000    0.000000
    0.000000    0.000000    1.000000
 ____________________________
 in spin coordinates:
    0.000000    1.000000    0.000000
    1.000000    0.000000    0.000000
    0.000000    0.000000    1.000000
          12   4.71238898038469       -1.00000000000000     
 
 in global cartezian coordinates:
    0.000000   -1.000000    0.000000
   -1.000000    0.000000    0.000000
    0.000000    0.000000    1.000000
 ____________________________
 in spin coordinates:
    0.000000   -1.000000    0.000000
   -1.000000    0.000000    0.000000
    0.000000    0.000000    1.000000
          13   1.57079632679490       -1.00000000000000     
 
 in global cartezian coordinates:
    1.000000    0.000000    0.000000
    0.000000    1.000000    0.000000
    0.000000    0.000000    1.000000
 ____________________________
 in spin coordinates:
    1.000000    0.000000    0.000000
    0.000000    1.000000    0.000000
    0.000000    0.000000    1.000000
          14  0.000000000000000E+000   1.00000000000000     
 
 in global cartezian coordinates:
    0.000000   -1.000000    0.000000
    1.000000    0.000000    0.000000
    0.000000    0.000000    1.000000
 ____________________________
 in spin coordinates:
    0.000000   -1.000000    0.000000
    1.000000    0.000000    0.000000
    0.000000    0.000000    1.000000
          15   1.57079632679490        1.00000000000000     
 
 in global cartezian coordinates:
   -1.000000    0.000000    0.000000
    0.000000    1.000000    0.000000
    0.000000    0.000000    1.000000
 ____________________________
 in spin coordinates:
   -1.000000    0.000000    0.000000
    0.000000    1.000000    0.000000
    0.000000    0.000000    1.000000
          16   3.14159265358979       -1.00000000000000     
 
 FNAME=
 deltaprime_Pu_18.energyso_1                                                    
                                                                                
                                                     60
 FNAME=
 deltaprime_Pu_18.energysodn_1                                                  
                                                                                
                                                     59
 BZ-integration with TETRA-program.   icor=: 1
 Equal occupancy of degenerate states, tol=: 0.1E-05
 call eord...
 call dos...
 ILOOP            1
 ILOOP            2
   FERMI ENERGY AT   0.869564184902541     
 RESULT OF INTEGRATION:      15.999999999382; SHOULD BE:      15.999999999900
   SUM RULE OF TETRAHEDRON INTEGRATION CHECKED 
 call eweigh...
   number of occupied bands:          18
   highest energy:  0.874248118737414     
 FERMI-LDA=   0.870 Ryd,  11.831 eV.
 ABSOLUTE EMIN=   0.429 Ryd.   5.831 eV.
 ABSOLUTE EMAX=   1.311 Ryd.  17.831 eV.


:NLDA  : NUMBER OF ELECTRONS          =  16.000

:FLDA  : F E R M I - ENERGY           =   0.86956
 
 ********** Information about the atomic index arrays ************
 iatom=           1
 isort=           1
 csort=           1
 maxucase=           1
icase, iucase, jatom, latom=     1     1     1     1
 
 *****  Arrays for correlated blocks ******
 norbitals=           1
 maxdim2=          14
iorbital( 1, 1)=   1
cix( 1, 1)=   1
icase,lcase,icix,iorb,nind1,ip1,iSx=    1    1    1    1   14    1    1
icase,lcase,icix,iorb,nind1,ip1,iSx=    1    1    1    1   14    2    2
icase,lcase,icix,iorb,nind1,ip1,iSx=    1    1    1    1   14    3    3
icase,lcase,icix,iorb,nind1,ip1,iSx=    1    1    1    1   14    4    4
icase,lcase,icix,iorb,nind1,ip1,iSx=    1    1    1    1   14    5    5
icase,lcase,icix,iorb,nind1,ip1,iSx=    1    1    1    1   14    6    6
icase,lcase,icix,iorb,nind1,ip1,iSx=    1    1    1    1   14    7    7
icase,lcase,icix,iorb,nind1,ip1,iSx=    1    1    1    1   14    8    8
icase,lcase,icix,iorb,nind1,ip1,iSx=    1    1    1    1   14    9    9
icase,lcase,icix,iorb,nind1,ip1,iSx=    1    1    1    1   14   10   10
icase,lcase,icix,iorb,nind1,ip1,iSx=    1    1    1    1   14   11   11
icase,lcase,icix,iorb,nind1,ip1,iSx=    1    1    1    1   14   12   12
icase,lcase,icix,iorb,nind1,ip1,iSx=    1    1    1    1   14   13   13
icase,lcase,icix,iorb,nind1,ip1,iSx=    1    1    1    1   14   14   14
cixdim( 1)=14
noccur( 1, 1)=   6
noccur( 2, 1)=   8
iSx( 1, 1)=  1
iSx( 2, 1)=  2
iSx( 3, 1)=  3
iSx( 4, 1)=  4
iSx( 5, 1)=  5
iSx( 6, 1)=  6
iSx( 7, 1)=  7
iSx( 8, 1)=  8
iSx( 9, 1)=  9
iSx(10, 1)= 10
iSx(11, 1)= 11
iSx(12, 1)= 12
iSx(13, 1)= 13
iSx(14, 1)= 14
nindo( 1)= 14
CF for iorb1= 1 iorb2= 1
    0.92582010     0.00000000       0.00000000     0.00000000       0.00000000     0.00000000       0.00000000     0.00000000       0.00000000     0.00000000       0.00000000     0.00000000       0.00000000     0.00000000       0.00000000     0.00000000      -0.37796447     0.00000000       0.00000000     0.00000000       0.00000000     0.00000000       0.00000000     0.00000000       0.00000000     0.00000000       0.00000000     0.00000000   
    0.00000000     0.00000000       0.84515425     0.00000000       0.00000000     0.00000000       0.00000000     0.00000000       0.00000000     0.00000000       0.00000000     0.00000000       0.00000000     0.00000000       0.00000000     0.00000000       0.00000000     0.00000000      -0.53452248     0.00000000       0.00000000     0.00000000       0.00000000     0.00000000       0.00000000     0.00000000       0.00000000     0.00000000   
    0.00000000     0.00000000       0.00000000     0.00000000       0.75592895     0.00000000       0.00000000     0.00000000       0.00000000     0.00000000       0.00000000     0.00000000       0.00000000     0.00000000       0.00000000     0.00000000       0.00000000     0.00000000       0.00000000     0.00000000      -0.65465367     0.00000000       0.00000000     0.00000000       0.00000000     0.00000000       0.00000000     0.00000000   
    0.00000000     0.00000000       0.00000000     0.00000000       0.00000000     0.00000000       0.65465367     0.00000000       0.00000000     0.00000000       0.00000000     0.00000000       0.00000000     0.00000000       0.00000000     0.00000000       0.00000000     0.00000000       0.00000000     0.00000000       0.00000000     0.00000000      -0.75592895     0.00000000       0.00000000     0.00000000       0.00000000     0.00000000   
    0.00000000     0.00000000       0.00000000     0.00000000       0.00000000     0.00000000       0.00000000     0.00000000       0.53452248     0.00000000       0.00000000     0.00000000       0.00000000     0.00000000       0.00000000     0.00000000       0.00000000     0.00000000       0.00000000     0.00000000       0.00000000     0.00000000       0.00000000     0.00000000      -0.84515425     0.00000000       0.00000000     0.00000000   
    0.00000000     0.00000000       0.00000000     0.00000000       0.00000000     0.00000000       0.00000000     0.00000000       0.00000000     0.00000000       0.37796447     0.00000000       0.00000000     0.00000000       0.00000000     0.00000000       0.00000000     0.00000000       0.00000000     0.00000000       0.00000000     0.00000000       0.00000000     0.00000000       0.00000000     0.00000000      -0.92582010     0.00000000   
    0.00000000     0.00000000       0.00000000     0.00000000       0.00000000     0.00000000       0.00000000     0.00000000       0.00000000     0.00000000       0.00000000     0.00000000       0.00000000     0.00000000       1.00000000     0.00000000       0.00000000     0.00000000       0.00000000     0.00000000       0.00000000     0.00000000       0.00000000     0.00000000       0.00000000     0.00000000       0.00000000     0.00000000   
    0.37796447     0.00000000       0.00000000     0.00000000       0.00000000     0.00000000       0.00000000     0.00000000       0.00000000     0.00000000       0.00000000     0.00000000       0.00000000     0.00000000       0.00000000     0.00000000       0.92582010     0.00000000       0.00000000     0.00000000       0.00000000     0.00000000       0.00000000     0.00000000       0.00000000     0.00000000       0.00000000     0.00000000   
    0.00000000     0.00000000       0.53452248     0.00000000       0.00000000     0.00000000       0.00000000     0.00000000       0.00000000     0.00000000       0.00000000     0.00000000       0.00000000     0.00000000       0.00000000     0.00000000       0.00000000     0.00000000       0.84515425     0.00000000       0.00000000     0.00000000       0.00000000     0.00000000       0.00000000     0.00000000       0.00000000     0.00000000   
    0.00000000     0.00000000       0.00000000     0.00000000       0.65465367     0.00000000       0.00000000     0.00000000       0.00000000     0.00000000       0.00000000     0.00000000       0.00000000     0.00000000       0.00000000     0.00000000       0.00000000     0.00000000       0.00000000     0.00000000       0.75592895     0.00000000       0.00000000     0.00000000       0.00000000     0.00000000       0.00000000     0.00000000   
    0.00000000     0.00000000       0.00000000     0.00000000       0.00000000     0.00000000       0.75592895     0.00000000       0.00000000     0.00000000       0.00000000     0.00000000       0.00000000     0.00000000       0.00000000     0.00000000       0.00000000     0.00000000       0.00000000     0.00000000       0.00000000     0.00000000       0.65465367     0.00000000       0.00000000     0.00000000       0.00000000     0.00000000   
    0.00000000     0.00000000       0.00000000     0.00000000       0.00000000     0.00000000       0.00000000     0.00000000       0.84515425     0.00000000       0.00000000     0.00000000       0.00000000     0.00000000       0.00000000     0.00000000       0.00000000     0.00000000       0.00000000     0.00000000       0.00000000     0.00000000       0.00000000     0.00000000       0.53452248     0.00000000       0.00000000     0.00000000   
    0.00000000     0.00000000       0.00000000     0.00000000       0.00000000     0.00000000       0.00000000     0.00000000       0.00000000     0.00000000       0.92582010     0.00000000       0.00000000     0.00000000       0.00000000     0.00000000       0.00000000     0.00000000       0.00000000     0.00000000       0.00000000     0.00000000       0.00000000     0.00000000       0.00000000     0.00000000       0.37796447     0.00000000   
    0.00000000     0.00000000       0.00000000     0.00000000       0.00000000     0.00000000       0.00000000     0.00000000       0.00000000     0.00000000       0.00000000     0.00000000       1.00000000     0.00000000       0.00000000     0.00000000       0.00000000     0.00000000       0.00000000     0.00000000       0.00000000     0.00000000       0.00000000     0.00000000       0.00000000     0.00000000       0.00000000     0.00000000   
Rspin for iorb=  1
 angles=  0.000000000000000E+000   3.14159265358979       0.000000000000000E+000
  0.000000000000000E+000  0.000000000000000E+000  0.000000000000000E+000
 Rspin=
    0.000000    0.000000      0.000000    1.000000
    0.000000    1.000000      0.000000    0.000000
 Calculation for atom  1 which has iucase=  1
 ATPAR for spin up

          ATOMIC PARAMETERS FOR Pu  0+    

           ENERGY PARAMETERS ARE   0.63  -1.38   0.63   0.63

           L     U(R)          U'(R)         DU/DE        DU'/DE      NORM-U'
           0  0.549540E+00  0.815707E+00  0.113260E+00 -0.225542E+00
           1  0.496938E+00 -0.110967E+00 -0.153330E+00 -0.401116E+00
           2 -0.617513E+00  0.261131E-01  0.984236E-01  0.346214E+00
           3 -0.321803E+00  0.122769E+00  0.359732E+00  0.535207E+00
LO COEFFICIENT: l,A,B,C   0          0.65710    -3.18827     0.00000     0.00000
 
LO COEFFICIENT: l,A,B,C   0          0.32283     0.00000     0.77850     0.00000
 
LO COEFFICIENT: l,A,B,C   1          0.89443     2.89881     0.00000     0.00000
 
LO COEFFICIENT: l,A,B,C   1          0.30145     0.00000    -1.27303     0.00000
 
LO COEFFICIENT: l,A,B,C   2          0.85298     5.35165     0.00000     0.00000
 
LO COEFFICIENT: l,A,B,C   3          0.93841     0.83946     0.00000     0.00000
 
 ATPAR for spin down

          ATOMIC PARAMETERS FOR Pu  0+    

           ENERGY PARAMETERS ARE   0.63  -1.38   0.63   0.63

           L     U(R)          U'(R)         DU/DE        DU'/DE      NORM-U'
           0  0.549540E+00  0.815707E+00  0.113260E+00 -0.225542E+00
           1  0.496938E+00 -0.110967E+00 -0.153330E+00 -0.401116E+00
           2 -0.617513E+00  0.261131E-01  0.984236E-01  0.346214E+00
           3 -0.321803E+00  0.122769E+00  0.359732E+00  0.535207E+00
LO COEFFICIENT: l,A,B,C   0          0.65710    -3.18827     0.00000     0.00000
 
LO COEFFICIENT: l,A,B,C   0          0.32283     0.00000     0.77850     0.00000
 
LO COEFFICIENT: l,A,B,C   1          0.89443     2.89881     0.00000     0.00000
 
LO COEFFICIENT: l,A,B,C   1          0.30145     0.00000    -1.27303     0.00000
 
LO COEFFICIENT: l,A,B,C   2          0.85298     5.35165     0.00000     0.00000
 
LO COEFFICIENT: l,A,B,C   3          0.93841     0.83946     0.00000     0.00000
 
 L1=           0  L2=           0
 RADIAL INTEGRALS:
           1           1                 1           1   1.00000000000000     
           1           3                 1           1  0.576403631631425     
           1           1                 1           2   1.00000000000000     
           1           3                 1           2  0.576403631631425     
           1           1                 2           1   1.00000000000000     
           1           3                 2           1  0.576403631631425     
           1           1                 2           2   1.00000000000000     
           1           3                 2           2  0.576403631631425     
           2           2                 1           1  5.589903911173422E-002
           2           3                 1           1 -0.190949126685867     
           2           2                 1           2  5.589903911173422E-002
           2           3                 1           2 -0.190949126685867     
           2           2                 2           1  5.589903911173422E-002
           2           3                 2           1 -0.190949126685867     
           2           2                 2           2  5.589903911173422E-002
           2           3                 2           2 -0.190949126685867     
           3           1                 1           1  0.576403631631425     
           3           2                 1           1 -0.190949126685867     
           3           3                 1           1  0.999999999999999     
           3           1                 1           2  0.576403631631425     
           3           2                 1           2 -0.190949126685867     
           3           3                 1           2  0.999999999999999     
           3           1                 2           1  0.576403631631425     
           3           2                 2           1 -0.190949126685867     
           3           3                 2           1  0.999999999999999     
           3           1                 2           2  0.576403631631425     
           3           2                 2           2 -0.190949126685867     
           3           3                 2           2  0.999999999999999     
 L1=           1  L2=           1
 RADIAL INTEGRALS:
           1           1                 1           1   1.00000000000000     
           1           3                 1           1  0.926983354159544     
           1           1                 1           2   1.00000000000000     
           1           3                 1           2  0.926983354159544     
           1           1                 2           1   1.00000000000000     
           1           3                 2           1  0.926983354159544     
           1           1                 2           2   1.00000000000000     
           1           3                 2           2  0.926983354159544     
           2           2                 1           1  2.380075989485746E-002
           2           3                 1           1  5.774766454567256E-002
           2           2                 1           2  2.380075989485746E-002
           2           3                 1           2  5.774766454567256E-002
           2           2                 2           1  2.380075989485746E-002
           2           3                 2           1  5.774766454567256E-002
           2           2                 2           2  2.380075989485746E-002
           2           3                 2           2  5.774766454567256E-002
           3           1                 1           1  0.926983354159544     
           3           2                 1           1  5.774766454567256E-002
           3           3                 1           1   1.00000000000000     
           3           1                 1           2  0.926983354159544     
           3           2                 1           2  5.774766454567256E-002
           3           3                 1           2   1.00000000000000     
           3           1                 2           1  0.926983354159544     
           3           2                 2           1  5.774766454567256E-002
           3           3                 2           1   1.00000000000000     
           3           1                 2           2  0.926983354159544     
           3           2                 2           2  5.774766454567256E-002
           3           3                 2           2   1.00000000000000     
 L1=           2  L2=           2
 RADIAL INTEGRALS:
           1           1                 1           1   1.00000000000000     
           1           1                 1           2   1.00000000000000     
           1           1                 2           1   1.00000000000000     
           1           1                 2           2   1.00000000000000     
           2           2                 1           1  9.511736732231614E-003
           2           2                 1           2  9.511736732231614E-003
           2           2                 2           1  9.511736732231614E-003
           2           2                 2           2  9.511736732231614E-003
 L1=           3  L2=           3
 RADIAL INTEGRALS:
           1           1                 1           1  0.999999999999999     
           1           1                 1           2  0.999999999999999     
           1           1                 2           1  0.999999999999999     
           1           1                 2           2  0.999999999999999     
           2           2                 1           1  0.169424575775251     
           2           2                 1           2  0.169424575775251     
           2           2                 2           1  0.169424575775251     
           2           2                 2           2  0.169424575775251     
Saving potential parameters for atom 1 into  1
pr_proc=363  tot-k=726
 ------------------------------------------------------------------------------


   =====>>> CPU TIME SUMMARY

            TOTAL       :      3.9
 OMP_NUM_THREADS= 2
 GUTZ_SOLVER VO.1.5 BUILT ON Jan 19 2014 AT22:25:59
 NT=  1 SEC_N%DIM=   10 WITH ID:
           1       2      16     107     471    1472    3474    6477    9909   12912
       14914
 MEAN U/J:  0.2940  0.0265
 NEL_FIX_VDC1=      5.31
 ATOM DEPENDENT NELF1:
      5.3130
 DCMIX_A=  0.200000
 SYMMETRICALLY NON-EQUIVALENT ATOMS:
          1
 VARIATIONAL-SETUP-NON-EQUIVALENT ATOMS:
          1
 COMPLEMENTARY VARIATIONAL-SETUP-EQUIVALENT ATOMS:

 GYZ%SYM%IDSUM:
  1
 DIM(X_Gutz)=  4
 CALC SET: GAPJ-SHFT FULL       -JH-PROJ SLATER    VAR-FIXDC    Ryd.   
 NT= 1
 LOCAL INTERACTION PART   :
 U              :   0.2940
 J              :   0.0265
 FOCK SPACE PART:
 NA             :  7
 FS%OCC(1) L.B. :  0
 FS%OCC(2) U.B. :  9
 FS%DIM         :     14913
 HL%OCC(1) L.B. :  0
 HL%OCC(2) U.B. :  9
 ISO= 2 ISPIN_IN= 1 ISPIN= 1 ISPO= 2
 BND%NMAX=  98
 BZ INTEGRATION WITH TETRA METHOD, ICOR= 1
 EQUAL OCCUPANCY OF DEGENERATE STATES, TOL= 0.1E-05
 VALENCE ELECTRONS: TOTAL=    16.0
                    CORRELATED PART=     8.0
 SYM%IDI/IDF=  1 16
 BND%NMAXIN=   26
      GUTZ5_INI_CORR_UVEK takes  0 hours  0 minutes and    0.09 seconds (CPU).
                          takes  0 hours  0 minutes and    0.10 seconds (WALL).
                 SETUP_TB takes  0 hours  0 minutes and    4.57 seconds (CPU).
                          takes  0 hours  0 minutes and    2.91 seconds (WALL).
************  EL-  ************
 NI=  1 NI_GLOBAL=  1
   0.8747   0.8735   0.8742   0.8742   0.8735   0.8747   0.9535   0.9519   0.9523   0.9530   0.9530   0.9523   0.9519   0.9535
************  EL=  ************
 NI=  1 NI_GLOBAL=  1
   0.8747   0.0000   0.0000   0.0000   0.0001   0.0000   0.0000   0.0006   0.0000   0.0000   0.0000  -0.0005   0.0000   0.0000
   0.0000   0.8735   0.0000   0.0000   0.0000   0.0001   0.0000   0.0000  -0.0003   0.0000   0.0000   0.0000   0.0008   0.0000
   0.0000   0.0000   0.8742   0.0000   0.0000   0.0000   0.0000   0.0000   0.0000  -0.0001   0.0000   0.0000   0.0000  -0.0003
   0.0000   0.0000   0.0000   0.8742   0.0000   0.0000   0.0003   0.0000   0.0000   0.0000   0.0001   0.0000   0.0000   0.0000
   0.0001   0.0000   0.0000   0.0000   0.8735   0.0000   0.0000  -0.0008   0.0000   0.0000   0.0000   0.0003   0.0000   0.0000
   0.0000   0.0001   0.0000   0.0000   0.0000   0.8747   0.0000   0.0000   0.0005   0.0000   0.0000   0.0000  -0.0006   0.0000
   0.0000   0.0000   0.0000   0.0003   0.0000   0.0000   0.9535   0.0000   0.0000   0.0000  -0.0003   0.0000   0.0000   0.0000
   0.0006   0.0000   0.0000   0.0000  -0.0008   0.0000   0.0000   0.9519   0.0000   0.0000   0.0000   0.0001   0.0000   0.0000
   0.0000  -0.0003   0.0000   0.0000   0.0000   0.0005   0.0000   0.0000   0.9523   0.0000   0.0000   0.0000   0.0001   0.0000
   0.0000   0.0000  -0.0001   0.0000   0.0000   0.0000   0.0000   0.0000   0.0000   0.9530   0.0000   0.0000   0.0000  -0.0003
   0.0000   0.0000   0.0000   0.0001   0.0000   0.0000  -0.0003   0.0000   0.0000   0.0000   0.9530   0.0000   0.0000   0.0000
  -0.0005   0.0000   0.0000   0.0000   0.0003   0.0000   0.0000   0.0001   0.0000   0.0000   0.0000   0.9523   0.0000   0.0000
   0.0000   0.0008   0.0000   0.0000   0.0000  -0.0006   0.0000   0.0000   0.0001   0.0000   0.0000   0.0000   0.9519   0.0000
   0.0000   0.0000  -0.0003   0.0000   0.0000   0.0000   0.0000   0.0000   0.0000  -0.0003   0.0000   0.0000   0.0000   0.9535
 NI=  1 LOCAL ORBITAL LEVEL CENTER(ELC)=   0.919
************  EL0  ************
 NI=  1 NI_GLOBAL=  1
   0.8741   0.8741   0.8741   0.8741   0.8741   0.8741   0.9527   0.9527   0.9527   0.9527   0.9527   0.9527   0.9527   0.9527
************  ELL  ************
 NI=  1 NI_GLOBAL=  1
   0.8741   0.0000   0.0000   0.0000   0.0000   0.0000   0.0000   0.0000   0.0000   0.0000   0.0000   0.0000   0.0000   0.0000
   0.0000   0.8741   0.0000   0.0000   0.0000   0.0000   0.0000   0.0000   0.0000   0.0000   0.0000   0.0000   0.0000   0.0000
   0.0000   0.0000   0.8741   0.0000   0.0000   0.0000   0.0000   0.0000   0.0000   0.0000   0.0000   0.0000   0.0000   0.0000
   0.0000   0.0000   0.0000   0.8741   0.0000   0.0000   0.0000   0.0000   0.0000   0.0000   0.0000   0.0000   0.0000   0.0000
   0.0000   0.0000   0.0000   0.0000   0.8741   0.0000   0.0000   0.0000   0.0000   0.0000   0.0000   0.0000   0.0000   0.0000
   0.0000   0.0000   0.0000   0.0000   0.0000   0.8741   0.0000   0.0000   0.0000   0.0000   0.0000   0.0000   0.0000   0.0000
   0.0000   0.0000   0.0000   0.0000   0.0000   0.0000   0.9527   0.0000   0.0000   0.0000   0.0000   0.0000   0.0000   0.0000
   0.0000   0.0000   0.0000   0.0000   0.0000   0.0000   0.0000   0.9527   0.0000   0.0000   0.0000   0.0000   0.0000   0.0000
   0.0000   0.0000   0.0000   0.0000   0.0000   0.0000   0.0000   0.0000   0.9527   0.0000   0.0000   0.0000   0.0000   0.0000
   0.0000   0.0000   0.0000   0.0000   0.0000   0.0000   0.0000   0.0000   0.0000   0.9527   0.0000   0.0000   0.0000   0.0000
   0.0000   0.0000   0.0000   0.0000   0.0000   0.0000   0.0000   0.0000   0.0000   0.0000   0.9527   0.0000   0.0000   0.0000
   0.0000   0.0000   0.0000   0.0000   0.0000   0.0000   0.0000   0.0000   0.0000   0.0000   0.0000   0.9527   0.0000   0.0000
   0.0000   0.0000   0.0000   0.0000   0.0000   0.0000   0.0000   0.0000   0.0000   0.0000   0.0000   0.0000   0.9527   0.0000
   0.0000   0.0000   0.0000   0.0000   0.0000   0.0000   0.0000   0.0000   0.0000   0.0000   0.0000   0.0000   0.0000   0.9527
                  GET_EL0 takes  0 hours  0 minutes and    0.02 seconds (CPU).
                          takes  0 hours  0 minutes and    0.02 seconds (WALL).
 There are  4 blocks of bands, with band energy windows:
  -2.532  -2.523 |   -0.989  -0.946 |   -0.415  -0.303 |    0.466   4.499 | 
 Band window indices:
         1      2 |          3      4 |          5      8 |          9     99 | 
 Band width
       0.010   |         0.043   |         0.112   |         4.032   |  
 Band gap
       1.534   |         0.531   |         0.769   |  
 CORRELATED BLOCK: EMIN/EMIX=    0.4662    1.3106
 CORRELATED BAND WIDTH=   0.844
         GUTZ_RED_PRJ_NEQ takes  0 hours  1 minutes and    0.70 seconds (CPU).
                          takes  0 hours  1 minutes and    4.38 seconds (WALL).
 NI=  1 DIM_PHIK=   41227 HL%DIM=  14913
       ID_PHIK_N=
      1      2      4     33    264   1639   6153  15546  27321  36714
  41228
       ID_PHIK_J=
      1      2      3      4      8      9     18     19     28     29
     33     37     73    122    171    220    245    254    263    264
    300    349    638    807   1168   1364   1533   1582   1631   1635
   1639   1739   2180   2964   3864   4705   5381   5781   6037   6118
   6143   6152   6153   6349   6710   8079   9448  11564  12933  14377
  14953  15353  15474  15538  15542  15546  15835  16796  18560  21060
  23176  24940  26165  26841  27165  27286  27311  27320  27321  27517
  27878  29247  30616  32732  34101  35545  36121  36521  36642  36706
  36710  36714  36814  37255  38039  38939  39780  40456  40856  41112
  41193  41218  41227  41228
          GUTZ_SET_PRJ_EQ takes  0 hours  0 minutes and    0.00 seconds (CPU).
                          takes  0 hours  0 minutes and    0.00 seconds (WALL).
************   WH%X  ************
    0.87312672    0.89978704
    0.82184168    0.99573049
************  RIN  ************
 NI=  1 NI_GLOBAL=  1
   0.8731   0.8731   0.8731   0.8731   0.8731   0.8731   0.8998   0.8998   0.8998   0.8998   0.8998   0.8998   0.8998   0.8998
************  LA1  ************
 NI=  1 NI_GLOBAL=  1
   0.8218   0.8218   0.8218   0.8218   0.8218   0.8218   0.9957   0.9957   0.9957   0.9957   0.9957   0.9957   0.9957   0.9957
             CALC_BAND_AL takes  0 hours  0 minutes and    1.60 seconds (CPU).
                          takes  0 hours  0 minutes and    0.80 seconds (WALL).
 ILOOP            1
 ILOOP            2
   FERMI ENERGY AT   0.829046542156190     
   SUM RULE OF TETRAHEDRON INTEGRATION CHECKED 
   number of occupied bands:          18
   highest energy:  0.858502086266457     
************  NK-  ************
 NI=  1 NI_GLOBAL=  1
   0.8778   0.8527   0.8781   0.8781   0.8527   0.8778   0.0117   0.0138   0.0121   0.0121   0.0121   0.0121   0.0138   0.0117
************  NNK  ************
 NI=  1 NI_GLOBAL=  1
   0.8778   0.0000   0.0000   0.0000  -0.0079   0.0000   0.0000  -0.0062   0.0000   0.0000   0.0000  -0.0074   0.0000   0.0000
   0.0000   0.8527   0.0000   0.0000   0.0000  -0.0079   0.0000   0.0000   0.0077   0.0000   0.0000   0.0000   0.0116   0.0000
   0.0000   0.0000   0.8781   0.0000   0.0000   0.0000   0.0000   0.0000   0.0000  -0.0018   0.0000   0.0000   0.0000  -0.0040
   0.0000   0.0000   0.0000   0.8781   0.0000   0.0000   0.0040   0.0000   0.0000   0.0000   0.0018   0.0000   0.0000   0.0000
  -0.0079   0.0000   0.0000   0.0000   0.8527   0.0000   0.0000  -0.0116   0.0000   0.0000   0.0000  -0.0077   0.0000   0.0000
   0.0000  -0.0079   0.0000   0.0000   0.0000   0.8778   0.0000   0.0000   0.0074   0.0000   0.0000   0.0000   0.0062   0.0000
   0.0000   0.0000   0.0000   0.0040   0.0000   0.0000   0.0117   0.0000   0.0000   0.0000  -0.0006   0.0000   0.0000   0.0000
  -0.0062   0.0000   0.0000   0.0000  -0.0116   0.0000   0.0000   0.0138   0.0000   0.0000   0.0000   0.0007   0.0000   0.0000
   0.0000   0.0077   0.0000   0.0000   0.0000   0.0074   0.0000   0.0000   0.0121   0.0000   0.0000   0.0000   0.0007   0.0000
   0.0000   0.0000  -0.0018   0.0000   0.0000   0.0000   0.0000   0.0000   0.0000   0.0121   0.0000   0.0000   0.0000  -0.0006
   0.0000   0.0000   0.0000   0.0018   0.0000   0.0000  -0.0006   0.0000   0.0000   0.0000   0.0121   0.0000   0.0000   0.0000
  -0.0074   0.0000   0.0000   0.0000  -0.0077   0.0000   0.0000   0.0007   0.0000   0.0000   0.0000   0.0121   0.0000   0.0000
   0.0000   0.0116   0.0000   0.0000   0.0000   0.0062   0.0000   0.0000   0.0007   0.0000   0.0000   0.0000   0.0138   0.0000
   0.0000   0.0000  -0.0040   0.0000   0.0000   0.0000   0.0000   0.0000   0.0000  -0.0006   0.0000   0.0000   0.0000   0.0117
************  NKS  ************
 NI=  1 NI_GLOBAL=  1
   0.8695   0.8695   0.8695   0.8695   0.8695   0.8695   0.0124   0.0124   0.0124   0.0124   0.0124   0.0124   0.0124   0.0124
 NELE_LOC TOTAL:
           5.3167012171080046
              CALC_DA_BND takes  0 hours  0 minutes and    0.26 seconds (CPU).
                          takes  0 hours  0 minutes and    0.25 seconds (WALL).
************  DA-  ************
 NI=  1 NI_GLOBAL=  1
  -0.0119  -0.0140  -0.0124  -0.0124  -0.0140  -0.0119  -0.0026  -0.0031  -0.0027  -0.0027  -0.0027  -0.0027  -0.0031  -0.0026
************  DAA  ************
 NI=  1 NI_GLOBAL=  1
  -0.0128  -0.0128  -0.0128  -0.0128  -0.0128  -0.0128  -0.0028  -0.0028  -0.0028  -0.0028  -0.0028  -0.0028  -0.0028  -0.0028
 NI=  1 VDC=    1.3579
************  LA2  ************
 NI=  1 NI_GLOBAL=  1
  -2.2524  -2.2524  -2.2524  -2.2524  -2.2524  -2.2524  -2.1557  -2.1557  -2.1557  -2.1557  -2.1557  -2.1557  -2.1557  -2.1557
 NI=  1 PHI-step gap=  0.13E+00
************  RAA  ************
 NI=  1 NI_GLOBAL=  1
   0.8728   0.8728   0.8728   0.8728   0.8728   0.8728   0.8998   0.8998   0.8998   0.8998   0.8998   0.8998   0.8998   0.8998
************  NC0  ************
 NI=  1 NI_GLOBAL=  1
   0.8697   0.8697   0.8697   0.8697   0.8697   0.8697   0.0124   0.0124   0.0124   0.0124   0.0124   0.0124   0.0124   0.0124
                  CALC_LC takes  0 hours  8 minutes and    5.47 seconds (CPU).
                          takes  0 hours  8 minutes and    5.34 seconds (WALL).
                GUTZ_FCN1 takes  0 hours  8 minutes and    7.81 seconds (CPU).
                          takes  0 hours  8 minutes and    6.73 seconds (WALL).
************  DIF_X  ************
   -0.000290207970    0.000026025377
    0.000156648111    0.000001403295
 ITER1=  1 MAXERR=    0.00029021
************   WH%X  ************
    0.87336600    0.89983834
    0.82174874    0.99576016
************  RIN  ************
 NI=  1 NI_GLOBAL=  1
   0.8734   0.8734   0.8734   0.8734   0.8734   0.8734   0.8998   0.8998   0.8998   0.8998   0.8998   0.8998   0.8998   0.8998
************  LA1  ************
 NI=  1 NI_GLOBAL=  1
   0.8217   0.8217   0.8217   0.8217   0.8217   0.8217   0.9958   0.9958   0.9958   0.9958   0.9958   0.9958   0.9958   0.9958
             CALC_BAND_AL takes  0 hours  0 minutes and    1.63 seconds (CPU).
                          takes  0 hours  0 minutes and    0.80 seconds (WALL).
 ILOOP            1
 ILOOP            2
   FERMI ENERGY AT   0.828987044822471     
   SUM RULE OF TETRAHEDRON INTEGRATION CHECKED 
   number of occupied bands:          18
   highest energy:  0.858499645548401     
************  NK-  ************
 NI=  1 NI_GLOBAL=  1
   0.8779   0.8529   0.8783   0.8783   0.8529   0.8779   0.0117   0.0138   0.0121   0.0121   0.0121   0.0121   0.0138   0.0117
************  NNK  ************
 NI=  1 NI_GLOBAL=  1
   0.8779   0.0000   0.0000   0.0000  -0.0079   0.0000   0.0000  -0.0062   0.0000   0.0000   0.0000  -0.0073   0.0000   0.0000
   0.0000   0.8529   0.0000   0.0000   0.0000  -0.0079   0.0000   0.0000   0.0077   0.0000   0.0000   0.0000   0.0116   0.0000
   0.0000   0.0000   0.8783   0.0000   0.0000   0.0000   0.0000   0.0000   0.0000  -0.0018   0.0000   0.0000   0.0000  -0.0040
   0.0000   0.0000   0.0000   0.8783   0.0000   0.0000   0.0040   0.0000   0.0000   0.0000   0.0018   0.0000   0.0000   0.0000
  -0.0079   0.0000   0.0000   0.0000   0.8529   0.0000   0.0000  -0.0116   0.0000   0.0000   0.0000  -0.0077   0.0000   0.0000
   0.0000  -0.0079   0.0000   0.0000   0.0000   0.8779   0.0000   0.0000   0.0073   0.0000   0.0000   0.0000   0.0062   0.0000
   0.0000   0.0000   0.0000   0.0040   0.0000   0.0000   0.0117   0.0000   0.0000   0.0000  -0.0006   0.0000   0.0000   0.0000
  -0.0062   0.0000   0.0000   0.0000  -0.0116   0.0000   0.0000   0.0138   0.0000   0.0000   0.0000   0.0007   0.0000   0.0000
   0.0000   0.0077   0.0000   0.0000   0.0000   0.0073   0.0000   0.0000   0.0121   0.0000   0.0000   0.0000   0.0007   0.0000
   0.0000   0.0000  -0.0018   0.0000   0.0000   0.0000   0.0000   0.0000   0.0000   0.0121   0.0000   0.0000   0.0000  -0.0006
   0.0000   0.0000   0.0000   0.0018   0.0000   0.0000  -0.0006   0.0000   0.0000   0.0000   0.0121   0.0000   0.0000   0.0000
  -0.0073   0.0000   0.0000   0.0000  -0.0077   0.0000   0.0000   0.0007   0.0000   0.0000   0.0000   0.0121   0.0000   0.0000
   0.0000   0.0116   0.0000   0.0000   0.0000   0.0062   0.0000   0.0000   0.0007   0.0000   0.0000   0.0000   0.0138   0.0000
   0.0000   0.0000  -0.0040   0.0000   0.0000   0.0000   0.0000   0.0000   0.0000  -0.0006   0.0000   0.0000   0.0000   0.0117
************  NKS  ************
 NI=  1 NI_GLOBAL=  1
   0.8697   0.8697   0.8697   0.8697   0.8697   0.8697   0.0124   0.0124   0.0124   0.0124   0.0124   0.0124   0.0124   0.0124
 NELE_LOC TOTAL:
           5.3176864131434067
              CALC_DA_BND takes  0 hours  0 minutes and    0.27 seconds (CPU).
                          takes  0 hours  0 minutes and    0.27 seconds (WALL).
************  DA-  ************
 NI=  1 NI_GLOBAL=  1
  -0.0119  -0.0140  -0.0123  -0.0123  -0.0140  -0.0119  -0.0026  -0.0031  -0.0027  -0.0027  -0.0027  -0.0027  -0.0031  -0.0026
************  DAA  ************
 NI=  1 NI_GLOBAL=  1
  -0.0128  -0.0128  -0.0128  -0.0128  -0.0128  -0.0128  -0.0028  -0.0028  -0.0028  -0.0028  -0.0028  -0.0028  -0.0028  -0.0028
 NI=  1 VDC=    1.3579
************  LA2  ************
 NI=  1 NI_GLOBAL=  1
  -2.2525  -2.2525  -2.2525  -2.2525  -2.2525  -2.2525  -2.1556  -2.1556  -2.1556  -2.1556  -2.1556  -2.1556  -2.1556  -2.1556
 NI=  1 PHI-step gap=  0.13E+00
************  RAA  ************
 NI=  1 NI_GLOBAL=  1
   0.8734   0.8734   0.8734   0.8734   0.8734   0.8734   0.8998   0.8998   0.8998   0.8998   0.8998   0.8998   0.8998   0.8998
************  NC0  ************
 NI=  1 NI_GLOBAL=  1
   0.8697   0.8697   0.8697   0.8697   0.8697   0.8697   0.0124   0.0124   0.0124   0.0124   0.0124   0.0124   0.0124   0.0124
                  CALC_LC takes  0 hours  8 minutes and   27.06 seconds (CPU).
                          takes  0 hours  8 minutes and   27.03 seconds (WALL).
                GUTZ_FCN1 takes  0 hours  8 minutes and   29.39 seconds (CPU).
                          takes  0 hours  8 minutes and   28.45 seconds (WALL).
************  DIF_X  ************
   -0.000012098572   -0.000003857634
    0.000003812740    0.000000574050
 ITER1=  2 MAXERR=    0.00001210
************   WH%X  ************
    0.87336549    0.89981410
    0.82174670    0.99574979
************  RIN  ************
 NI=  1 NI_GLOBAL=  1
   0.8734   0.8734   0.8734   0.8734   0.8734   0.8734   0.8998   0.8998   0.8998   0.8998   0.8998   0.8998   0.8998   0.8998
************  LA1  ************
 NI=  1 NI_GLOBAL=  1
   0.8217   0.8217   0.8217   0.8217   0.8217   0.8217   0.9957   0.9957   0.9957   0.9957   0.9957   0.9957   0.9957   0.9957
             CALC_BAND_AL takes  0 hours  0 minutes and    1.63 seconds (CPU).
                          takes  0 hours  0 minutes and    0.80 seconds (WALL).
 ILOOP            1
 ILOOP            2
   FERMI ENERGY AT   0.828985644614375     
   SUM RULE OF TETRAHEDRON INTEGRATION CHECKED 
   number of occupied bands:          18
   highest energy:  0.858499538771202     
************  NK-  ************
 NI=  1 NI_GLOBAL=  1
   0.8779   0.8530   0.8783   0.8783   0.8530   0.8779   0.0117   0.0138   0.0121   0.0121   0.0121   0.0121   0.0138   0.0117
************  NNK  ************
 NI=  1 NI_GLOBAL=  1
   0.8779   0.0000   0.0000   0.0000  -0.0079   0.0000   0.0000  -0.0062   0.0000   0.0000   0.0000  -0.0073   0.0000   0.0000
   0.0000   0.8530   0.0000   0.0000   0.0000  -0.0079   0.0000   0.0000   0.0077   0.0000   0.0000   0.0000   0.0116   0.0000
   0.0000   0.0000   0.8783   0.0000   0.0000   0.0000   0.0000   0.0000   0.0000  -0.0018   0.0000   0.0000   0.0000  -0.0040
   0.0000   0.0000   0.0000   0.8783   0.0000   0.0000   0.0040   0.0000   0.0000   0.0000   0.0018   0.0000   0.0000   0.0000
  -0.0079   0.0000   0.0000   0.0000   0.8530   0.0000   0.0000  -0.0116   0.0000   0.0000   0.0000  -0.0077   0.0000   0.0000
   0.0000  -0.0079   0.0000   0.0000   0.0000   0.8779   0.0000   0.0000   0.0073   0.0000   0.0000   0.0000   0.0062   0.0000
   0.0000   0.0000   0.0000   0.0040   0.0000   0.0000   0.0117   0.0000   0.0000   0.0000  -0.0006   0.0000   0.0000   0.0000
  -0.0062   0.0000   0.0000   0.0000  -0.0116   0.0000   0.0000   0.0138   0.0000   0.0000   0.0000   0.0007   0.0000   0.0000
   0.0000   0.0077   0.0000   0.0000   0.0000   0.0073   0.0000   0.0000   0.0121   0.0000   0.0000   0.0000   0.0007   0.0000
   0.0000   0.0000  -0.0018   0.0000   0.0000   0.0000   0.0000   0.0000   0.0000   0.0121   0.0000   0.0000   0.0000  -0.0006
   0.0000   0.0000   0.0000   0.0018   0.0000   0.0000  -0.0006   0.0000   0.0000   0.0000   0.0121   0.0000   0.0000   0.0000
  -0.0073   0.0000   0.0000   0.0000  -0.0077   0.0000   0.0000   0.0007   0.0000   0.0000   0.0000   0.0121   0.0000   0.0000
   0.0000   0.0116   0.0000   0.0000   0.0000   0.0062   0.0000   0.0000   0.0007   0.0000   0.0000   0.0000   0.0138   0.0000
   0.0000   0.0000  -0.0040   0.0000   0.0000   0.0000   0.0000   0.0000   0.0000  -0.0006   0.0000   0.0000   0.0000   0.0117
************  NKS  ************
 NI=  1 NI_GLOBAL=  1
   0.8697   0.8697   0.8697   0.8697   0.8697   0.8697   0.0124   0.0124   0.0124   0.0124   0.0124   0.0124   0.0124   0.0124
 NELE_LOC TOTAL:
           5.3177117074994156
              CALC_DA_BND takes  0 hours  0 minutes and    0.27 seconds (CPU).
                          takes  0 hours  0 minutes and    0.27 seconds (WALL).
************  DA-  ************
 NI=  1 NI_GLOBAL=  1
  -0.0119  -0.0140  -0.0123  -0.0123  -0.0140  -0.0119  -0.0026  -0.0031  -0.0027  -0.0027  -0.0027  -0.0027  -0.0031  -0.0026
************  DAA  ************
 NI=  1 NI_GLOBAL=  1
  -0.0128  -0.0128  -0.0128  -0.0128  -0.0128  -0.0128  -0.0028  -0.0028  -0.0028  -0.0028  -0.0028  -0.0028  -0.0028  -0.0028
 NI=  1 VDC=    1.3579
************  LA2  ************
 NI=  1 NI_GLOBAL=  1
  -2.2525  -2.2525  -2.2525  -2.2525  -2.2525  -2.2525  -2.1556  -2.1556  -2.1556  -2.1556  -2.1556  -2.1556  -2.1556  -2.1556
 NI=  1 PHI-step gap=  0.13E+00
************  RAA  ************
 NI=  1 NI_GLOBAL=  1
   0.8734   0.8734   0.8734   0.8734   0.8734   0.8734   0.8998   0.8998   0.8998   0.8998   0.8998   0.8998   0.8998   0.8998
************  NC0  ************
 NI=  1 NI_GLOBAL=  1
   0.8697   0.8697   0.8697   0.8697   0.8697   0.8697   0.0124   0.0124   0.0124   0.0124   0.0124   0.0124   0.0124   0.0124
                  CALC_LC takes  0 hours  7 minutes and   58.68 seconds (CPU).
                          takes  0 hours  7 minutes and   58.62 seconds (WALL).
                GUTZ_FCN1 takes  0 hours  8 minutes and    1.02 seconds (CPU).
                          takes  0 hours  8 minutes and    0.05 seconds (WALL).
************  DIF_X  ************
   -0.000000603407   -0.000000079367
    0.000000196501   -0.000000012919
 ITER1=  3 MAXERR=    0.00000060
************   WH%X  ************
    0.87336552    0.89981457
    0.82174661    0.99575003
************  RIN  ************
 NI=  1 NI_GLOBAL=  1
   0.8734   0.8734   0.8734   0.8734   0.8734   0.8734   0.8998   0.8998   0.8998   0.8998   0.8998   0.8998   0.8998   0.8998
************  LA1  ************
 NI=  1 NI_GLOBAL=  1
   0.8217   0.8217   0.8217   0.8217   0.8217   0.8217   0.9958   0.9958   0.9958   0.9958   0.9958   0.9958   0.9958   0.9958
             CALC_BAND_AL takes  0 hours  0 minutes and    1.63 seconds (CPU).
                          takes  0 hours  0 minutes and    0.81 seconds (WALL).
 ILOOP            1
 ILOOP            2
   FERMI ENERGY AT   0.828985582015018     
   SUM RULE OF TETRAHEDRON INTEGRATION CHECKED 
   number of occupied bands:          18
   highest energy:  0.858499536530702     
************  NK-  ************
 NI=  1 NI_GLOBAL=  1
   0.8779   0.8530   0.8783   0.8783   0.8530   0.8779   0.0117   0.0138   0.0121   0.0121   0.0121   0.0121   0.0138   0.0117
************  NNK  ************
 NI=  1 NI_GLOBAL=  1
   0.8779   0.0000   0.0000   0.0000  -0.0079   0.0000   0.0000  -0.0062   0.0000   0.0000   0.0000  -0.0073   0.0000   0.0000
   0.0000   0.8530   0.0000   0.0000   0.0000  -0.0079   0.0000   0.0000   0.0077   0.0000   0.0000   0.0000   0.0116   0.0000
   0.0000   0.0000   0.8783   0.0000   0.0000   0.0000   0.0000   0.0000   0.0000  -0.0018   0.0000   0.0000   0.0000  -0.0040
   0.0000   0.0000   0.0000   0.8783   0.0000   0.0000   0.0040   0.0000   0.0000   0.0000   0.0018   0.0000   0.0000   0.0000
  -0.0079   0.0000   0.0000   0.0000   0.8530   0.0000   0.0000  -0.0116   0.0000   0.0000   0.0000  -0.0077   0.0000   0.0000
   0.0000  -0.0079   0.0000   0.0000   0.0000   0.8779   0.0000   0.0000   0.0073   0.0000   0.0000   0.0000   0.0062   0.0000
   0.0000   0.0000   0.0000   0.0040   0.0000   0.0000   0.0117   0.0000   0.0000   0.0000  -0.0006   0.0000   0.0000   0.0000
  -0.0062   0.0000   0.0000   0.0000  -0.0116   0.0000   0.0000   0.0138   0.0000   0.0000   0.0000   0.0007   0.0000   0.0000
   0.0000   0.0077   0.0000   0.0000   0.0000   0.0073   0.0000   0.0000   0.0121   0.0000   0.0000   0.0000   0.0007   0.0000
   0.0000   0.0000  -0.0018   0.0000   0.0000   0.0000   0.0000   0.0000   0.0000   0.0121   0.0000   0.0000   0.0000  -0.0006
   0.0000   0.0000   0.0000   0.0018   0.0000   0.0000  -0.0006   0.0000   0.0000   0.0000   0.0121   0.0000   0.0000   0.0000
  -0.0073   0.0000   0.0000   0.0000  -0.0077   0.0000   0.0000   0.0007   0.0000   0.0000   0.0000   0.0121   0.0000   0.0000
   0.0000   0.0116   0.0000   0.0000   0.0000   0.0062   0.0000   0.0000   0.0007   0.0000   0.0000   0.0000   0.0138   0.0000
   0.0000   0.0000  -0.0040   0.0000   0.0000   0.0000   0.0000   0.0000   0.0000  -0.0006   0.0000   0.0000   0.0000   0.0117
************  NKS  ************
 NI=  1 NI_GLOBAL=  1
   0.8697   0.8697   0.8697   0.8697   0.8697   0.8697   0.0124   0.0124   0.0124   0.0124   0.0124   0.0124   0.0124   0.0124
 NELE_LOC TOTAL:
           5.3177127993426740
              CALC_DA_BND takes  0 hours  0 minutes and    0.27 seconds (CPU).
                          takes  0 hours  0 minutes and    0.27 seconds (WALL).
************  DA-  ************
 NI=  1 NI_GLOBAL=  1
  -0.0119  -0.0140  -0.0123  -0.0123  -0.0140  -0.0119  -0.0026  -0.0031  -0.0027  -0.0027  -0.0027  -0.0027  -0.0031  -0.0026
************  DAA  ************
 NI=  1 NI_GLOBAL=  1
  -0.0128  -0.0128  -0.0128  -0.0128  -0.0128  -0.0128  -0.0028  -0.0028  -0.0028  -0.0028  -0.0028  -0.0028  -0.0028  -0.0028
 NI=  1 VDC=    1.3579
************  LA2  ************
 NI=  1 NI_GLOBAL=  1
  -2.2525  -2.2525  -2.2525  -2.2525  -2.2525  -2.2525  -2.1556  -2.1556  -2.1556  -2.1556  -2.1556  -2.1556  -2.1556  -2.1556
 NI=  1 PHI-step gap=  0.13E+00
************  RAA  ************
 NI=  1 NI_GLOBAL=  1
   0.8734   0.8734   0.8734   0.8734   0.8734   0.8734   0.8998   0.8998   0.8998   0.8998   0.8998   0.8998   0.8998   0.8998
************  NC0  ************
 NI=  1 NI_GLOBAL=  1
   0.8697   0.8697   0.8697   0.8697   0.8697   0.8697   0.0124   0.0124   0.0124   0.0124   0.0124   0.0124   0.0124   0.0124
                  CALC_LC takes  0 hours  8 minutes and   27.12 seconds (CPU).
                          takes  0 hours  8 minutes and   27.14 seconds (WALL).
                GUTZ_FCN1 takes  0 hours  8 minutes and   29.41 seconds (CPU).
                          takes  0 hours  8 minutes and   28.56 seconds (WALL).
************  DIF_X  ************
   -0.000000012309   -0.000000009835
    0.000000004765    0.000000000871
 ITER1=  4 MAXERR=    0.00000001
************   WH%X  ************
    0.87336553    0.89981454
    0.82174660    0.99575001
************  RIN  ************
 NI=  1 NI_GLOBAL=  1
   0.8734   0.8734   0.8734   0.8734   0.8734   0.8734   0.8998   0.8998   0.8998   0.8998   0.8998   0.8998   0.8998   0.8998
************  LA1  ************
 NI=  1 NI_GLOBAL=  1
   0.8217   0.8217   0.8217   0.8217   0.8217   0.8217   0.9958   0.9958   0.9958   0.9958   0.9958   0.9958   0.9958   0.9958
             CALC_BAND_AL takes  0 hours  0 minutes and    1.63 seconds (CPU).
                          takes  0 hours  0 minutes and    0.80 seconds (WALL).
 ILOOP            1
 ILOOP            2
   FERMI ENERGY AT   0.828985580217815     
   SUM RULE OF TETRAHEDRON INTEGRATION CHECKED 
   number of occupied bands:          18
   highest energy:  0.858499536402464     
************  NK-  ************
 NI=  1 NI_GLOBAL=  1
   0.8779   0.8530   0.8783   0.8783   0.8530   0.8779   0.0117   0.0138   0.0121   0.0121   0.0121   0.0121   0.0138   0.0117
************  NNK  ************
 NI=  1 NI_GLOBAL=  1
   0.8779   0.0000   0.0000   0.0000  -0.0079   0.0000   0.0000  -0.0062   0.0000   0.0000   0.0000  -0.0073   0.0000   0.0000
   0.0000   0.8530   0.0000   0.0000   0.0000  -0.0079   0.0000   0.0000   0.0077   0.0000   0.0000   0.0000   0.0116   0.0000
   0.0000   0.0000   0.8783   0.0000   0.0000   0.0000   0.0000   0.0000   0.0000  -0.0018   0.0000   0.0000   0.0000  -0.0040
   0.0000   0.0000   0.0000   0.8783   0.0000   0.0000   0.0040   0.0000   0.0000   0.0000   0.0018   0.0000   0.0000   0.0000
  -0.0079   0.0000   0.0000   0.0000   0.8530   0.0000   0.0000  -0.0116   0.0000   0.0000   0.0000  -0.0077   0.0000   0.0000
   0.0000  -0.0079   0.0000   0.0000   0.0000   0.8779   0.0000   0.0000   0.0073   0.0000   0.0000   0.0000   0.0062   0.0000
   0.0000   0.0000   0.0000   0.0040   0.0000   0.0000   0.0117   0.0000   0.0000   0.0000  -0.0006   0.0000   0.0000   0.0000
  -0.0062   0.0000   0.0000   0.0000  -0.0116   0.0000   0.0000   0.0138   0.0000   0.0000   0.0000   0.0007   0.0000   0.0000
   0.0000   0.0077   0.0000   0.0000   0.0000   0.0073   0.0000   0.0000   0.0121   0.0000   0.0000   0.0000   0.0007   0.0000
   0.0000   0.0000  -0.0018   0.0000   0.0000   0.0000   0.0000   0.0000   0.0000   0.0121   0.0000   0.0000   0.0000  -0.0006
   0.0000   0.0000   0.0000   0.0018   0.0000   0.0000  -0.0006   0.0000   0.0000   0.0000   0.0121   0.0000   0.0000   0.0000
  -0.0073   0.0000   0.0000   0.0000  -0.0077   0.0000   0.0000   0.0007   0.0000   0.0000   0.0000   0.0121   0.0000   0.0000
   0.0000   0.0116   0.0000   0.0000   0.0000   0.0062   0.0000   0.0000   0.0007   0.0000   0.0000   0.0000   0.0138   0.0000
   0.0000   0.0000  -0.0040   0.0000   0.0000   0.0000   0.0000   0.0000   0.0000  -0.0006   0.0000   0.0000   0.0000   0.0117
************  NKS  ************
 NI=  1 NI_GLOBAL=  1
   0.8697   0.8697   0.8697   0.8697   0.8697   0.8697   0.0124   0.0124   0.0124   0.0124   0.0124   0.0124   0.0124   0.0124
 NELE_LOC TOTAL:
           5.3177128319755793
              CALC_DA_BND takes  0 hours  0 minutes and    0.27 seconds (CPU).
                          takes  0 hours  0 minutes and    0.27 seconds (WALL).
************  DA-  ************
 NI=  1 NI_GLOBAL=  1
  -0.0119  -0.0140  -0.0123  -0.0123  -0.0140  -0.0119  -0.0026  -0.0031  -0.0027  -0.0027  -0.0027  -0.0027  -0.0031  -0.0026
************  DAA  ************
 NI=  1 NI_GLOBAL=  1
  -0.0128  -0.0128  -0.0128  -0.0128  -0.0128  -0.0128  -0.0028  -0.0028  -0.0028  -0.0028  -0.0028  -0.0028  -0.0028  -0.0028
 NI=  1 VDC=    1.3579
************  LA2  ************
 NI=  1 NI_GLOBAL=  1
  -2.2525  -2.2525  -2.2525  -2.2525  -2.2525  -2.2525  -2.1556  -2.1556  -2.1556  -2.1556  -2.1556  -2.1556  -2.1556  -2.1556
 NI=  1 PHI-step gap=  0.13E+00
************  RAA  ************
 NI=  1 NI_GLOBAL=  1
   0.8734   0.8734   0.8734   0.8734   0.8734   0.8734   0.8998   0.8998   0.8998   0.8998   0.8998   0.8998   0.8998   0.8998
************  NC0  ************
 NI=  1 NI_GLOBAL=  1
   0.8697   0.8697   0.8697   0.8697   0.8697   0.8697   0.0124   0.0124   0.0124   0.0124   0.0124   0.0124   0.0124   0.0124
                  CALC_LC takes  0 hours  8 minutes and   26.71 seconds (CPU).
                          takes  0 hours  8 minutes and   26.60 seconds (WALL).
                GUTZ_FCN1 takes  0 hours  8 minutes and   29.11 seconds (CPU).
                          takes  0 hours  8 minutes and   28.02 seconds (WALL).
************  DIF_X  ************
   -0.000000000714   -0.000000000704
    0.000000000281    0.000000000058
 ITER1=  5 MAXERR=    0.00000000
 NFJAC=   0
 SOLVE1 FINISHED WITH       5 ITERATIONS.
               GUTZ_SOLVE takes  0 hours 41 minutes and   36.74 seconds (CPU).
                          takes  0 hours 41 minutes and   31.80 seconds (WALL).
 MAX. NELF1 DIFF=    0.00470315
               CALC_PJRHO takes  0 hours  0 minutes and    0.42 seconds (CPU).
                          takes  0 hours  0 minutes and    0.40 seconds (WALL).
 NI=  1 SUM_PHY-SUM_KS=      0.00000000 WOULD BE RENORMALIZED
************  NC1  ************
 NI=  1 NI_GLOBAL=  1
   0.8482   0.8482   0.8482   0.8482   0.8482   0.8482   0.0286   0.0286   0.0286   0.0286   0.0286   0.0286   0.0286   0.0286
               CALC_NCPHY takes  0 hours  0 minutes and   50.04 seconds (CPU).
                          takes  0 hours  0 minutes and   49.99 seconds (WALL).
 GYZ%PJ%EGAMM:
     7.85656
 ENG%GAMM:     7.85656
 ENG%POT2:     3.19032
 EDCLA1(NI) ARRAY:
    -4.387
 EDCUJ(NI) ARRAY:
    -3.258
 EDCUJV(NI) ARRAY:
    -7.221
 EDC(NI) ARRAY:
    -7.645
 ENG%DBLC:    -7.64550
 ENG%DC1 :    -4.38709
 ENG%DC2 :    -3.25840
 ENG%DC2V:    -7.22113
 DC_E_STD_TO_E_V:    -3.96273
 ENG%BAND:    -2.21792
 ENG%DL(DEEP LEVEL):    -8.47866
 ENG%TB=    -2.00685
 ENG%TB-DC2=     1.25155
 NI=  1 OCC_CONFIG_WEIGHT:
        OCC= 0 WEIGHT=   0.00000
        OCC= 1 WEIGHT=   0.00000
        OCC= 2 WEIGHT=   0.00001
        OCC= 3 WEIGHT=   0.00139
        OCC= 4 WEIGHT=   0.06411
        OCC= 5 WEIGHT=   0.56008
        OCC= 6 WEIGHT=   0.36428
        OCC= 7 WEIGHT=   0.01006
        OCC= 8 WEIGHT=   0.00007
        OCC= 9 WEIGHT=   0.00000
                 CALC_RCW takes  0 hours  0 minutes and    0.00 seconds (CPU).
                          takes  0 hours  0 minutes and    0.00 seconds (WALL).
 NI=  1 J2=    8.0071
                 CALC_SLJ takes  0 hours  0 minutes and    0.00 seconds (CPU).
                          takes  0 hours  0 minutes and    0.00 seconds (WALL).
 NI=  1 ENTANGLEMENT ENTROPY=      2.7226
           CALC_ENTANGLES takes  0 hours  0 minutes and    0.95 seconds (CPU).
                          takes  0 hours  0 minutes and    0.92 seconds (WALL).
 CORRELATED SUBSPACE, SUM_FERWT=      8.0000000 SUM_KSWT=      8.0000000
 MAX OFF DIAGONAL KS.WT=    0.000685
 MAX/MIN R=    0.899815    0.873366
                CALC_KSWT takes  0 hours  0 minutes and    0.05 seconds (CPU).
                          takes  0 hours  0 minutes and    0.02 seconds (WALL).
                    TOTAL takes  0 hours 43 minutes and   34.16 seconds (CPU).
                          takes  0 hours 43 minutes and   31.52 seconds (WALL).
