******Program DMFT: Computes Gloc and Delta for Dynamical Mean Field Theory calculation ******
 CALCULATION WITH COMPLEX VECTORS
 CALCULATION WITH SOC VECTORS REQUIRED
 Running DMFT in mpi mode
  
 numkpt=         286
   0.00000   0.00000   0.00000   1.00000
   0.04762   0.04762   0.00000  12.00000
   0.09524   0.09524   0.00000  12.00000
   0.14286   0.14286   0.00000  12.00000
   0.19048   0.19048   0.00000  12.00000
   0.23810   0.23810   0.00000  12.00000
   0.28571   0.28571   0.00000  12.00000
   0.33333   0.33333   0.00000  12.00000
   0.38095   0.38095   0.00000  12.00000
   0.42857   0.42857   0.00000  12.00000
   0.47619   0.47619   0.00000  12.00000
   0.09524   0.04762   0.04762  24.00000
   0.14286   0.09524   0.04762  48.00000
   0.19048   0.14286   0.04762  48.00000
   0.23810   0.19048   0.04762  48.00000
   0.28571   0.23810   0.04762  48.00000
   0.33333   0.28571   0.04762  48.00000
   0.38095   0.33333   0.04762  48.00000
   0.42857   0.38095   0.04762  48.00000
   0.47619   0.42857   0.04762  48.00000
   0.52381   0.47619   0.04762  24.00000
   0.19048   0.09524   0.09524  24.00000
   0.23810   0.14286   0.09524  48.00000
   0.28571   0.19048   0.09524  48.00000
   0.33333   0.23810   0.09524  48.00000
   0.38095   0.28571   0.09524  48.00000
   0.42857   0.33333   0.09524  48.00000
   0.47619   0.38095   0.09524  48.00000
   0.52381   0.42857   0.09524  48.00000
   0.28571   0.14286   0.14286  24.00000
   0.33333   0.19048   0.14286  48.00000
   0.38095   0.23810   0.14286  48.00000
   0.42857   0.28571   0.14286  48.00000
   0.47619   0.33333   0.14286  48.00000
   0.52381   0.38095   0.14286  48.00000
   0.57143   0.42857   0.14286  24.00000
   0.38095   0.19048   0.19048  24.00000
   0.42857   0.23810   0.19048  48.00000
   0.47619   0.28571   0.19048  48.00000
   0.52381   0.33333   0.19048  48.00000
   0.57143   0.38095   0.19048  48.00000
   0.47619   0.23810   0.23810  24.00000
   0.52381   0.28571   0.23810  48.00000
   0.57143   0.33333   0.23810  48.00000
   0.61905   0.38095   0.23810  24.00000
   0.57143   0.28571   0.28571  24.00000
   0.61905   0.33333   0.28571  48.00000
   0.66667   0.33333   0.33333   8.00000
   0.09524   0.09524   0.09524   8.00000
   0.14286   0.14286   0.09524  24.00000
   0.19048   0.19048   0.09524  24.00000
   0.23810   0.23810   0.09524  24.00000
   0.28571   0.28571   0.09524  24.00000
   0.33333   0.33333   0.09524  24.00000
   0.38095   0.38095   0.09524  24.00000
   0.42857   0.42857   0.09524  24.00000
   0.47619   0.47619   0.09524  24.00000
   1.00000   1.00000   0.09524   6.00000
   0.19048   0.14286   0.14286  24.00000
   0.23810   0.19048   0.14286  48.00000
   0.28571   0.23810   0.14286  48.00000
   0.33333   0.28571   0.14286  48.00000
   0.38095   0.33333   0.14286  48.00000
   0.42857   0.38095   0.14286  48.00000
   0.47619   0.42857   0.14286  48.00000
   0.52381   0.47619   0.14286  24.00000
   1.00000   0.95238   0.14286  24.00000
   0.28571   0.19048   0.19048  24.00000
   0.33333   0.23810   0.19048  48.00000
   0.38095   0.28571   0.19048  48.00000
   0.42857   0.33333   0.19048  48.00000
   0.47619   0.38095   0.19048  48.00000
   0.52381   0.42857   0.19048  48.00000
   1.00000   0.90476   0.19048  24.00000
   1.04762   0.95238   0.19048  24.00000
   0.38095   0.23810   0.23810  24.00000
   0.42857   0.28571   0.23810  48.00000
   0.47619   0.33333   0.23810  48.00000
   0.52381   0.38095   0.23810  48.00000
   0.57143   0.42857   0.23810  24.00000
   1.00000   0.85714   0.23810  24.00000
   1.04762   0.90476   0.23810  48.00000
   0.47619   0.28571   0.28571  24.00000
   0.52381   0.33333   0.28571  48.00000
   0.57143   0.38095   0.28571  48.00000
   1.00000   0.80952   0.28571  24.00000
   1.04762   0.85714   0.28571  48.00000
   1.09524   0.90476   0.28571  24.00000
   0.57143   0.33333   0.33333  24.00000
   0.61905   0.38095   0.33333  24.00000
   1.00000   0.76190   0.33333  24.00000
   1.04762   0.80952   0.33333  48.00000
   1.09524   0.85714   0.33333  48.00000
   1.00000   0.71429   0.38095  24.00000
   1.04762   0.76190   0.38095  48.00000
   1.09524   0.80952   0.38095  48.00000
   1.14286   0.85714   0.38095  24.00000
   1.00000   0.66667   0.42857  24.00000
   1.04762   0.71429   0.42857  48.00000
   1.09524   0.76190   0.42857  48.00000
   1.14286   0.80952   0.42857  48.00000
   1.00000   0.61905   0.47619  24.00000
   1.04762   0.66667   0.47619  48.00000
   1.09524   0.71429   0.47619  48.00000
   1.14286   0.76190   0.47619  48.00000
   1.19048   0.80952   0.47619  24.00000
   1.00000   0.57143   0.52381  24.00000
   1.04762   0.61905   0.52381  48.00000
   1.09524   0.66667   0.52381  48.00000
   1.14286   0.71429   0.52381  48.00000
   1.19048   0.76190   0.52381  48.00000
   1.04762   0.57143   0.57143  24.00000
   1.09524   0.61905   0.57143  48.00000
   1.14286   0.66667   0.57143  48.00000
   1.19048   0.71429   0.57143  48.00000
   1.23810   0.76190   0.57143  24.00000
   1.14286   0.61905   0.61905  24.00000
   1.19048   0.66667   0.61905  48.00000
   1.23810   0.71429   0.61905  48.00000
   1.23810   0.66667   0.66667  24.00000
   1.28571   0.71429   0.66667  24.00000
   0.19048   0.19048   0.19048   8.00000
   0.23810   0.23810   0.19048  24.00000
   0.28571   0.28571   0.19048  24.00000
   0.33333   0.33333   0.19048  24.00000
   0.38095   0.38095   0.19048  24.00000
   0.42857   0.42857   0.19048  24.00000
   0.47619   0.47619   0.19048  24.00000
   1.00000   1.00000   0.19048   6.00000
   0.28571   0.23810   0.23810  24.00000
   0.33333   0.28571   0.23810  48.00000
   0.38095   0.33333   0.23810  48.00000
   0.42857   0.38095   0.23810  48.00000
   0.47619   0.42857   0.23810  48.00000
   0.52381   0.47619   0.23810  24.00000
   1.00000   0.95238   0.23810  24.00000
   0.38095   0.28571   0.28571  24.00000
   0.42857   0.33333   0.28571  48.00000
   0.47619   0.38095   0.28571  48.00000
   0.52381   0.42857   0.28571  48.00000
   1.00000   0.90476   0.28571  24.00000
   1.04762   0.95238   0.28571  24.00000
   0.47619   0.33333   0.33333  24.00000
   0.52381   0.38095   0.33333  48.00000
   0.57143   0.42857   0.33333  24.00000
   1.00000   0.85714   0.33333  24.00000
   1.04762   0.90476   0.33333  48.00000
   0.57143   0.38095   0.38095  24.00000
   1.00000   0.80952   0.38095  24.00000
   1.04762   0.85714   0.38095  48.00000
   1.09524   0.90476   0.38095  24.00000
   1.00000   0.76190   0.42857  24.00000
   1.04762   0.80952   0.42857  48.00000
   1.09524   0.85714   0.42857  48.00000
   1.00000   0.71429   0.47619  24.00000
   1.04762   0.76190   0.47619  48.00000
   1.09524   0.80952   0.47619  48.00000
   1.14286   0.85714   0.47619  24.00000
   1.00000   0.66667   0.52381  24.00000
   1.04762   0.71429   0.52381  48.00000
   1.09524   0.76190   0.52381  48.00000
   1.14286   0.80952   0.52381  48.00000
   1.00000   0.61905   0.57143  24.00000
   1.04762   0.66667   0.57143  48.00000
   1.09524   0.71429   0.57143  48.00000
   1.14286   0.76190   0.57143  48.00000
   1.19048   0.80952   0.57143  24.00000
   1.04762   0.61905   0.61905  24.00000
   1.09524   0.66667   0.61905  48.00000
   1.14286   0.71429   0.61905  48.00000
   1.19048   0.76190   0.61905  48.00000
   1.14286   0.66667   0.66667  24.00000
   1.19048   0.71429   0.66667  48.00000
   1.23810   0.76190   0.66667  24.00000
   1.23810   0.71429   0.71429  24.00000
   0.28571   0.28571   0.28571   8.00000
   0.33333   0.33333   0.28571  24.00000
   0.38095   0.38095   0.28571  24.00000
   0.42857   0.42857   0.28571  24.00000
   0.47619   0.47619   0.28571  24.00000
   1.00000   1.00000   0.28571   6.00000
   0.38095   0.33333   0.33333  24.00000
   0.42857   0.38095   0.33333  48.00000
   0.47619   0.42857   0.33333  48.00000
   0.52381   0.47619   0.33333  24.00000
   1.00000   0.95238   0.33333  24.00000
   0.47619   0.38095   0.38095  24.00000
   0.52381   0.42857   0.38095  48.00000
   1.00000   0.90476   0.38095  24.00000
   1.04762   0.95238   0.38095  24.00000
   0.57143   0.42857   0.42857   8.00000
   1.00000   0.85714   0.42857  24.00000
   1.04762   0.90476   0.42857  48.00000
   1.00000   0.80952   0.47619  24.00000
   1.04762   0.85714   0.47619  48.00000
   1.09524   0.90476   0.47619  24.00000
   1.00000   0.76190   0.52381  24.00000
   1.04762   0.80952   0.52381  48.00000
   1.09524   0.85714   0.52381  48.00000
   1.00000   0.71429   0.57143  24.00000
   1.04762   0.76190   0.57143  48.00000
   1.09524   0.80952   0.57143  48.00000
   1.14286   0.85714   0.57143  24.00000
   1.00000   0.66667   0.61905  24.00000
   1.04762   0.71429   0.61905  48.00000
   1.09524   0.76190   0.61905  48.00000
   1.14286   0.80952   0.61905  48.00000
   1.04762   0.66667   0.66667  24.00000
   1.09524   0.71429   0.66667  48.00000
   1.14286   0.76190   0.66667  48.00000
   1.19048   0.80952   0.66667  24.00000
   1.14286   0.71429   0.71429  24.00000
   1.19048   0.76190   0.71429  48.00000
   1.23810   0.76190   0.76190   8.00000
   0.38095   0.38095   0.38095   8.00000
   0.42857   0.42857   0.38095  24.00000
   0.47619   0.47619   0.38095  24.00000
   1.00000   1.00000   0.38095   6.00000
   0.47619   0.42857   0.42857  24.00000
   0.52381   0.47619   0.42857  24.00000
   1.00000   0.95238   0.42857  24.00000
   1.00000   0.90476   0.47619  24.00000
   1.04762   0.95238   0.47619  24.00000
   1.00000   0.85714   0.52381  24.00000
   1.04762   0.90476   0.52381  48.00000
   1.00000   0.80952   0.57143  24.00000
   1.04762   0.85714   0.57143  48.00000
   1.09524   0.90476   0.57143  24.00000
   1.00000   0.76190   0.61905  24.00000
   1.04762   0.80952   0.61905  48.00000
   1.09524   0.85714   0.61905  48.00000
   1.00000   0.71429   0.66667  24.00000
   1.04762   0.76190   0.66667  48.00000
   1.09524   0.80952   0.66667  48.00000
   1.14286   0.85714   0.66667  24.00000
   1.04762   0.71429   0.71429  24.00000
   1.09524   0.76190   0.71429  48.00000
   1.14286   0.80952   0.71429  48.00000
   1.14286   0.76190   0.76190  24.00000
   1.19048   0.80952   0.76190  24.00000
   0.47619   0.47619   0.47619   8.00000
   1.00000   1.00000   0.47619   6.00000
   1.00000   0.95238   0.52381  24.00000
   1.00000   0.90476   0.57143  24.00000
   1.04762   0.95238   0.57143  24.00000
   1.00000   0.85714   0.61905  24.00000
   1.04762   0.90476   0.61905  48.00000
   1.00000   0.80952   0.66667  24.00000
   1.04762   0.85714   0.66667  48.00000
   1.09524   0.90476   0.66667  24.00000
   1.00000   0.76190   0.71429  24.00000
   1.04762   0.80952   0.71429  48.00000
   1.09524   0.85714   0.71429  48.00000
   1.04762   0.76190   0.76190  24.00000
   1.09524   0.80952   0.76190  48.00000
   1.14286   0.85714   0.76190  24.00000
   1.14286   0.80952   0.80952  24.00000
   1.00000   1.00000   0.57143   6.00000
   1.00000   0.95238   0.61905  24.00000
   1.00000   0.90476   0.66667  24.00000
   1.04762   0.95238   0.66667  24.00000
   1.00000   0.85714   0.71429  24.00000
   1.04762   0.90476   0.71429  48.00000
   1.00000   0.80952   0.76190  24.00000
   1.04762   0.85714   0.76190  48.00000
   1.09524   0.90476   0.76190  24.00000
   1.04762   0.80952   0.80952  24.00000
   1.09524   0.85714   0.80952  48.00000
   1.14286   0.85714   0.85714   8.00000
   1.00000   1.00000   0.66667   6.00000
   1.00000   0.95238   0.71429  24.00000
   1.00000   0.90476   0.76190  24.00000
   1.04762   0.95238   0.76190  24.00000
   1.00000   0.85714   0.80952  24.00000
   1.04762   0.90476   0.80952  48.00000
   1.04762   0.85714   0.85714  24.00000
   1.09524   0.90476   0.85714  24.00000
   1.00000   1.00000   0.76190   6.00000
   1.00000   0.95238   0.80952  24.00000
   1.00000   0.90476   0.85714  24.00000
   1.04762   0.95238   0.85714  24.00000
   1.04762   0.90476   0.90476  24.00000
   1.00000   1.00000   0.85714   6.00000
   1.00000   0.95238   0.90476  24.00000
   1.04762   0.95238   0.95238   8.00000
   1.00000   1.00000   0.95238   6.00000




                              --------------------------------------------------
                                 S T R U C T U R A L   I N F O R M A T I O N
                              --------------------------------------------------


   SUBSTANCE                    = cubic body-centered  (epsilon Pu)                                               

   LATTICE                      = B   
   LATTICE CONSTANTS ARE        =    5.9363500   5.9363500   5.9363500
   NUMBER OF ATOMS IN UNITCELL  =   1
   MODE OF CALCULATION IS       = RELA
 IORD=          48
 FNAMES=
 ./epsilon_Pu_1.vectorso_1                                                      
                                                                                
                                           
 ./epsilon_Pu_1.vectorsodn_1                                                    
                                                                                
                                           
 epsilon_Pu_1.energyso_1                                                        
                                                                                
                                           
 epsilon_Pu_1.energysodn_1                                                      
                                                                                
                                           
  BR1,  BR2
   1.05843   0.00000   0.00000      0.00000   1.05843   1.05843
   0.00000   1.05843   0.00000      1.05843   0.00000   1.05843
   0.00000   0.00000   1.05843      1.05843   1.05843   0.00000
 projector corrected--must be 1,2, or 3! Now projector= 2
 Energy window:   -0.4410 < E <      0.441
 Projected density of states calculation for  1 atoms
--------- atom  1 -------------
l=  3  qsplit=  4
 Symmetrization over eq. k-points is performed
 ********** Start Reading Cix file *************
  Correlated block number           1
  Correlated index=
  1  0  0  0  0  0  0  0  0  0  0  0  0  0
  0  1  0  0  0  0  0  0  0  0  0  0  0  0
  0  0  1  0  0  0  0  0  0  0  0  0  0  0
  0  0  0  1  0  0  0  0  0  0  0  0  0  0
  0  0  0  0  1  0  0  0  0  0  0  0  0  0
  0  0  0  0  0  1  0  0  0  0  0  0  0  0
  0  0  0  0  0  0  2  0  0  0  0  0  0  0
  0  0  0  0  0  0  0  2  0  0  0  0  0  0
  0  0  0  0  0  0  0  0  2  0  0  0  0  0
  0  0  0  0  0  0  0  0  0  2  0  0  0  0
  0  0  0  0  0  0  0  0  0  0  2  0  0  0
  0  0  0  0  0  0  0  0  0  0  0  2  0  0
  0  0  0  0  0  0  0  0  0  0  0  0  2  0
  0  0  0  0  0  0  0  0  0  0  0  0  0  2
  Real part of unitary matrix=
  0.9258  0.0000  0.0000  0.0000  0.0000  0.0000  0.0000  0.0000 -0.3780  0.0000  0.0000  0.0000  0.0000  0.0000
  0.0000  0.8452  0.0000  0.0000  0.0000  0.0000  0.0000  0.0000  0.0000 -0.5345  0.0000  0.0000  0.0000  0.0000
  0.0000  0.0000  0.7559  0.0000  0.0000  0.0000  0.0000  0.0000  0.0000  0.0000 -0.6547  0.0000  0.0000  0.0000
  0.0000  0.0000  0.0000  0.6547  0.0000  0.0000  0.0000  0.0000  0.0000  0.0000  0.0000 -0.7559  0.0000  0.0000
  0.0000  0.0000  0.0000  0.0000  0.5345  0.0000  0.0000  0.0000  0.0000  0.0000  0.0000  0.0000 -0.8452  0.0000
  0.0000  0.0000  0.0000  0.0000  0.0000  0.3780  0.0000  0.0000  0.0000  0.0000  0.0000  0.0000  0.0000 -0.9258
  0.0000  0.0000  0.0000  0.0000  0.0000  0.0000  0.0000  1.0000  0.0000  0.0000  0.0000  0.0000  0.0000  0.0000
  0.3780  0.0000  0.0000  0.0000  0.0000  0.0000  0.0000  0.0000  0.9258  0.0000  0.0000  0.0000  0.0000  0.0000
  0.0000  0.5345  0.0000  0.0000  0.0000  0.0000  0.0000  0.0000  0.0000  0.8452  0.0000  0.0000  0.0000  0.0000
  0.0000  0.0000  0.6547  0.0000  0.0000  0.0000  0.0000  0.0000  0.0000  0.0000  0.7559  0.0000  0.0000  0.0000
  0.0000  0.0000  0.0000  0.7559  0.0000  0.0000  0.0000  0.0000  0.0000  0.0000  0.0000  0.6547  0.0000  0.0000
  0.0000  0.0000  0.0000  0.0000  0.8452  0.0000  0.0000  0.0000  0.0000  0.0000  0.0000  0.0000  0.5345  0.0000
  0.0000  0.0000  0.0000  0.0000  0.0000  0.9258  0.0000  0.0000  0.0000  0.0000  0.0000  0.0000  0.0000  0.3780
  0.0000  0.0000  0.0000  0.0000  0.0000  0.0000  1.0000  0.0000  0.0000  0.0000  0.0000  0.0000  0.0000  0.0000
  Imaginary part of unitary matrix=
  0.0000  0.0000  0.0000  0.0000  0.0000  0.0000  0.0000  0.0000  0.0000  0.0000  0.0000  0.0000  0.0000  0.0000
  0.0000  0.0000  0.0000  0.0000  0.0000  0.0000  0.0000  0.0000  0.0000  0.0000  0.0000  0.0000  0.0000  0.0000
  0.0000  0.0000  0.0000  0.0000  0.0000  0.0000  0.0000  0.0000  0.0000  0.0000  0.0000  0.0000  0.0000  0.0000
  0.0000  0.0000  0.0000  0.0000  0.0000  0.0000  0.0000  0.0000  0.0000  0.0000  0.0000  0.0000  0.0000  0.0000
  0.0000  0.0000  0.0000  0.0000  0.0000  0.0000  0.0000  0.0000  0.0000  0.0000  0.0000  0.0000  0.0000  0.0000
  0.0000  0.0000  0.0000  0.0000  0.0000  0.0000  0.0000  0.0000  0.0000  0.0000  0.0000  0.0000  0.0000  0.0000
  0.0000  0.0000  0.0000  0.0000  0.0000  0.0000  0.0000  0.0000  0.0000  0.0000  0.0000  0.0000  0.0000  0.0000
  0.0000  0.0000  0.0000  0.0000  0.0000  0.0000  0.0000  0.0000  0.0000  0.0000  0.0000  0.0000  0.0000  0.0000
  0.0000  0.0000  0.0000  0.0000  0.0000  0.0000  0.0000  0.0000  0.0000  0.0000  0.0000  0.0000  0.0000  0.0000
  0.0000  0.0000  0.0000  0.0000  0.0000  0.0000  0.0000  0.0000  0.0000  0.0000  0.0000  0.0000  0.0000  0.0000
  0.0000  0.0000  0.0000  0.0000  0.0000  0.0000  0.0000  0.0000  0.0000  0.0000  0.0000  0.0000  0.0000  0.0000
  0.0000  0.0000  0.0000  0.0000  0.0000  0.0000  0.0000  0.0000  0.0000  0.0000  0.0000  0.0000  0.0000  0.0000
  0.0000  0.0000  0.0000  0.0000  0.0000  0.0000  0.0000  0.0000  0.0000  0.0000  0.0000  0.0000  0.0000  0.0000
  0.0000  0.0000  0.0000  0.0000  0.0000  0.0000  0.0000  0.0000  0.0000  0.0000  0.0000  0.0000  0.0000  0.0000
  At least one transformation matrix is not Identity
 Magnetic system with s-o coupling; M theta, phi:  0.0000  0.0000
 Inside ROTDEF
Operation  1 transforms atom   1 from first atom   1
Actual position of atom  1 is:  0.000000    0.000000    0.000000
 
Combined transformation (acting on k-point) for correlated atoms
including users rotation and internal local rotation
catom  1 atom   1
   1.05843   0.00000   0.00000
   0.00000  -1.05843   0.00000
   0.00000   0.00000  -1.05843
 
 
 SPIN COORD SYSTEM:
    1.000000    0.000000    0.000000
    0.000000    1.000000    0.000000
    0.000000    0.000000    1.000000
 
 in global cartezian coordinates:
    1.000000    0.000000    0.000000
    0.000000   -1.000000    0.000000
    0.000000    0.000000   -1.000000
 ____________________________
 in spin coordinates:
    1.000000    0.000000    0.000000
    0.000000   -1.000000    0.000000
    0.000000    0.000000   -1.000000
           1   3.14159265358979       -1.00000000000000     
 
 in global cartezian coordinates:
    0.000000    1.000000    0.000000
   -1.000000    0.000000    0.000000
    0.000000    0.000000   -1.000000
 ____________________________
 in spin coordinates:
    0.000000    1.000000    0.000000
   -1.000000    0.000000    0.000000
    0.000000    0.000000   -1.000000
           2   1.57079632679490        1.00000000000000     
 
 in global cartezian coordinates:
    1.000000    0.000000    0.000000
    0.000000    0.000000   -1.000000
    0.000000   -1.000000    0.000000
 ____________________________
 in spin coordinates:
    1.000000    0.000000    0.000000
    0.000000    0.000000   -1.000000
    0.000000   -1.000000    0.000000
           3   1.57079632679490       0.000000000000000E+000
 
 symm. operation            3  removed !!!! so-det=  0.000000000000000E+000
 in global cartezian coordinates:
    0.000000    0.000000    1.000000
   -1.000000    0.000000    0.000000
    0.000000   -1.000000    0.000000
 ____________________________
 in spin coordinates:
    0.000000    0.000000    1.000000
   -1.000000    0.000000    0.000000
    0.000000   -1.000000    0.000000
           4   1.57079632679490       0.000000000000000E+000
 
 symm. operation            4  removed !!!! so-det=  0.000000000000000E+000
 in global cartezian coordinates:
    0.000000    1.000000    0.000000
    0.000000    0.000000   -1.000000
   -1.000000    0.000000    0.000000
 ____________________________
 in spin coordinates:
    0.000000    1.000000    0.000000
    0.000000    0.000000   -1.000000
   -1.000000    0.000000    0.000000
           5 NaN                      0.000000000000000E+000
 
 symm. operation            5  removed !!!! so-det=  0.000000000000000E+000
 in global cartezian coordinates:
    0.000000    0.000000    1.000000
    0.000000   -1.000000    0.000000
   -1.000000    0.000000    0.000000
 ____________________________
 in spin coordinates:
    0.000000    0.000000    1.000000
    0.000000   -1.000000    0.000000
   -1.000000    0.000000    0.000000
           6   1.57079632679490       0.000000000000000E+000
 
 symm. operation            6  removed !!!! so-det=  0.000000000000000E+000
 in global cartezian coordinates:
   -1.000000    0.000000    0.000000
    0.000000   -1.000000    0.000000
    0.000000    0.000000   -1.000000
 ____________________________
 in spin coordinates:
   -1.000000    0.000000    0.000000
    0.000000   -1.000000    0.000000
    0.000000    0.000000   -1.000000
           7  0.000000000000000E+000   1.00000000000000     
 
 in global cartezian coordinates:
    0.000000    1.000000    0.000000
    1.000000    0.000000    0.000000
    0.000000    0.000000   -1.000000
 ____________________________
 in spin coordinates:
    0.000000    1.000000    0.000000
    1.000000    0.000000    0.000000
    0.000000    0.000000   -1.000000
           8   1.57079632679490       -1.00000000000000     
 
 in global cartezian coordinates:
   -1.000000    0.000000    0.000000
    0.000000    0.000000   -1.000000
    0.000000   -1.000000    0.000000
 ____________________________
 in spin coordinates:
   -1.000000    0.000000    0.000000
    0.000000    0.000000   -1.000000
    0.000000   -1.000000    0.000000
           9   1.57079632679490       0.000000000000000E+000
 
 symm. operation            9  removed !!!! so-det=  0.000000000000000E+000
 in global cartezian coordinates:
    0.000000    0.000000    1.000000
    1.000000    0.000000    0.000000
    0.000000   -1.000000    0.000000
 ____________________________
 in spin coordinates:
    0.000000    0.000000    1.000000
    1.000000    0.000000    0.000000
    0.000000   -1.000000    0.000000
          10   1.57079632679490       0.000000000000000E+000
 
 symm. operation           10  removed !!!! so-det=  0.000000000000000E+000
 in global cartezian coordinates:
    0.000000    1.000000    0.000000
    0.000000    0.000000   -1.000000
    1.000000    0.000000    0.000000
 ____________________________
 in spin coordinates:
    0.000000    1.000000    0.000000
    0.000000    0.000000   -1.000000
    1.000000    0.000000    0.000000
          11 NaN                      0.000000000000000E+000
 
 symm. operation           11  removed !!!! so-det=  0.000000000000000E+000
 in global cartezian coordinates:
    0.000000    0.000000    1.000000
    0.000000   -1.000000    0.000000
    1.000000    0.000000    0.000000
 ____________________________
 in spin coordinates:
    0.000000    0.000000    1.000000
    0.000000   -1.000000    0.000000
    1.000000    0.000000    0.000000
          12   1.57079632679490       0.000000000000000E+000
 
 symm. operation           12  removed !!!! so-det=  0.000000000000000E+000
 in global cartezian coordinates:
    0.000000   -1.000000    0.000000
   -1.000000    0.000000    0.000000
    0.000000    0.000000   -1.000000
 ____________________________
 in spin coordinates:
    0.000000   -1.000000    0.000000
   -1.000000    0.000000    0.000000
    0.000000    0.000000   -1.000000
          13   4.71238898038469       -1.00000000000000     
 
 in global cartezian coordinates:
    1.000000    0.000000    0.000000
    0.000000    1.000000    0.000000
    0.000000    0.000000   -1.000000
 ____________________________
 in spin coordinates:
    1.000000    0.000000    0.000000
    0.000000    1.000000    0.000000
    0.000000    0.000000   -1.000000
          14   3.14159274101257        1.00000000000000     
 
 in global cartezian coordinates:
    0.000000   -1.000000    0.000000
    0.000000    0.000000   -1.000000
   -1.000000    0.000000    0.000000
 ____________________________
 in spin coordinates:
    0.000000   -1.000000    0.000000
    0.000000    0.000000   -1.000000
   -1.000000    0.000000    0.000000
          15 NaN                      0.000000000000000E+000
 
 symm. operation           15  removed !!!! so-det=  0.000000000000000E+000
 in global cartezian coordinates:
    0.000000    0.000000    1.000000
    0.000000    1.000000    0.000000
   -1.000000    0.000000    0.000000
 ____________________________
 in spin coordinates:
    0.000000    0.000000    1.000000
    0.000000    1.000000    0.000000
   -1.000000    0.000000    0.000000
          16   1.57079632679490       0.000000000000000E+000
 
 symm. operation           16  removed !!!! so-det=  0.000000000000000E+000
 in global cartezian coordinates:
    1.000000    0.000000    0.000000
    0.000000    0.000000   -1.000000
    0.000000    1.000000    0.000000
 ____________________________
 in spin coordinates:
    1.000000    0.000000    0.000000
    0.000000    0.000000   -1.000000
    0.000000    1.000000    0.000000
          17   1.57079632679490       0.000000000000000E+000
 
 symm. operation           17  removed !!!! so-det=  0.000000000000000E+000
 in global cartezian coordinates:
    0.000000    0.000000    1.000000
   -1.000000    0.000000    0.000000
    0.000000    1.000000    0.000000
 ____________________________
 in spin coordinates:
    0.000000    0.000000    1.000000
   -1.000000    0.000000    0.000000
    0.000000    1.000000    0.000000
          18   1.57079632679490       0.000000000000000E+000
 
 symm. operation           18  removed !!!! so-det=  0.000000000000000E+000
 in global cartezian coordinates:
    0.000000    0.000000   -1.000000
   -1.000000    0.000000    0.000000
    0.000000   -1.000000    0.000000
 ____________________________
 in spin coordinates:
    0.000000    0.000000   -1.000000
   -1.000000    0.000000    0.000000
    0.000000   -1.000000    0.000000
          19   1.57079632679490       0.000000000000000E+000
 
 symm. operation           19  removed !!!! so-det=  0.000000000000000E+000
 in global cartezian coordinates:
    1.000000    0.000000    0.000000
    0.000000    0.000000    1.000000
    0.000000   -1.000000    0.000000
 ____________________________
 in spin coordinates:
    1.000000    0.000000    0.000000
    0.000000    0.000000    1.000000
    0.000000   -1.000000    0.000000
          20   1.57079632679490       0.000000000000000E+000
 
 symm. operation           20  removed !!!! so-det=  0.000000000000000E+000
 in global cartezian coordinates:
    0.000000    0.000000   -1.000000
    0.000000   -1.000000    0.000000
   -1.000000    0.000000    0.000000
 ____________________________
 in spin coordinates:
    0.000000    0.000000   -1.000000
    0.000000   -1.000000    0.000000
   -1.000000    0.000000    0.000000
          21   1.57079632679490       0.000000000000000E+000
 
 symm. operation           21  removed !!!! so-det=  0.000000000000000E+000
 in global cartezian coordinates:
    0.000000    1.000000    0.000000
    0.000000    0.000000    1.000000
   -1.000000    0.000000    0.000000
 ____________________________
 in spin coordinates:
    0.000000    1.000000    0.000000
    0.000000    0.000000    1.000000
   -1.000000    0.000000    0.000000
          22 NaN                      0.000000000000000E+000
 
 symm. operation           22  removed !!!! so-det=  0.000000000000000E+000
 in global cartezian coordinates:
    1.000000    0.000000    0.000000
    0.000000   -1.000000    0.000000
    0.000000    0.000000    1.000000
 ____________________________
 in spin coordinates:
    1.000000    0.000000    0.000000
    0.000000   -1.000000    0.000000
    0.000000    0.000000    1.000000
          23   6.28318539460237       -1.00000000000000     
 
 in global cartezian coordinates:
    0.000000    1.000000    0.000000
   -1.000000    0.000000    0.000000
    0.000000    0.000000    1.000000
 ____________________________
 in spin coordinates:
    0.000000    1.000000    0.000000
   -1.000000    0.000000    0.000000
    0.000000    0.000000    1.000000
          24  -1.57079632679490        1.00000000000000     
 
 in global cartezian coordinates:
    0.000000   -1.000000    0.000000
    1.000000    0.000000    0.000000
    0.000000    0.000000   -1.000000
 ____________________________
 in spin coordinates:
    0.000000   -1.000000    0.000000
    1.000000    0.000000    0.000000
    0.000000    0.000000   -1.000000
          25  -1.57079632679490        1.00000000000000     
 
 in global cartezian coordinates:
   -1.000000    0.000000    0.000000
    0.000000    1.000000    0.000000
    0.000000    0.000000   -1.000000
 ____________________________
 in spin coordinates:
   -1.000000    0.000000    0.000000
    0.000000    1.000000    0.000000
    0.000000    0.000000   -1.000000
          26   6.28318539460237       -1.00000000000000     
 
 in global cartezian coordinates:
    0.000000   -1.000000    0.000000
    0.000000    0.000000   -1.000000
    1.000000    0.000000    0.000000
 ____________________________
 in spin coordinates:
    0.000000   -1.000000    0.000000
    0.000000    0.000000   -1.000000
    1.000000    0.000000    0.000000
          27 NaN                      0.000000000000000E+000
 
 symm. operation           27  removed !!!! so-det=  0.000000000000000E+000
 in global cartezian coordinates:
    0.000000    0.000000    1.000000
    0.000000    1.000000    0.000000
    1.000000    0.000000    0.000000
 ____________________________
 in spin coordinates:
    0.000000    0.000000    1.000000
    0.000000    1.000000    0.000000
    1.000000    0.000000    0.000000
          28   1.57079632679490       0.000000000000000E+000
 
 symm. operation           28  removed !!!! so-det=  0.000000000000000E+000
 in global cartezian coordinates:
   -1.000000    0.000000    0.000000
    0.000000    0.000000   -1.000000
    0.000000    1.000000    0.000000
 ____________________________
 in spin coordinates:
   -1.000000    0.000000    0.000000
    0.000000    0.000000   -1.000000
    0.000000    1.000000    0.000000
          29   1.57079632679490       0.000000000000000E+000
 
 symm. operation           29  removed !!!! so-det=  0.000000000000000E+000
 in global cartezian coordinates:
    0.000000    0.000000    1.000000
    1.000000    0.000000    0.000000
    0.000000    1.000000    0.000000
 ____________________________
 in spin coordinates:
    0.000000    0.000000    1.000000
    1.000000    0.000000    0.000000
    0.000000    1.000000    0.000000
          30   1.57079632679490       0.000000000000000E+000
 
 symm. operation           30  removed !!!! so-det=  0.000000000000000E+000
 in global cartezian coordinates:
    0.000000    0.000000   -1.000000
    1.000000    0.000000    0.000000
    0.000000   -1.000000    0.000000
 ____________________________
 in spin coordinates:
    0.000000    0.000000   -1.000000
    1.000000    0.000000    0.000000
    0.000000   -1.000000    0.000000
          31   1.57079632679490       0.000000000000000E+000
 
 symm. operation           31  removed !!!! so-det=  0.000000000000000E+000
 in global cartezian coordinates:
   -1.000000    0.000000    0.000000
    0.000000    0.000000    1.000000
    0.000000   -1.000000    0.000000
 ____________________________
 in spin coordinates:
   -1.000000    0.000000    0.000000
    0.000000    0.000000    1.000000
    0.000000   -1.000000    0.000000
          32   1.57079632679490       0.000000000000000E+000
 
 symm. operation           32  removed !!!! so-det=  0.000000000000000E+000
 in global cartezian coordinates:
    0.000000    0.000000   -1.000000
    0.000000   -1.000000    0.000000
    1.000000    0.000000    0.000000
 ____________________________
 in spin coordinates:
    0.000000    0.000000   -1.000000
    0.000000   -1.000000    0.000000
    1.000000    0.000000    0.000000
          33   1.57079632679490       0.000000000000000E+000
 
 symm. operation           33  removed !!!! so-det=  0.000000000000000E+000
 in global cartezian coordinates:
    0.000000    1.000000    0.000000
    0.000000    0.000000    1.000000
    1.000000    0.000000    0.000000
 ____________________________
 in spin coordinates:
    0.000000    1.000000    0.000000
    0.000000    0.000000    1.000000
    1.000000    0.000000    0.000000
          34 NaN                      0.000000000000000E+000
 
 symm. operation           34  removed !!!! so-det=  0.000000000000000E+000
 in global cartezian coordinates:
   -1.000000    0.000000    0.000000
    0.000000   -1.000000    0.000000
    0.000000    0.000000    1.000000
 ____________________________
 in spin coordinates:
   -1.000000    0.000000    0.000000
    0.000000   -1.000000    0.000000
    0.000000    0.000000    1.000000
          35   3.14159274101257        1.00000000000000     
 
 in global cartezian coordinates:
    0.000000    1.000000    0.000000
    1.000000    0.000000    0.000000
    0.000000    0.000000    1.000000
 ____________________________
 in spin coordinates:
    0.000000    1.000000    0.000000
    1.000000    0.000000    0.000000
    0.000000    0.000000    1.000000
          36   4.71238898038469       -1.00000000000000     
 
 in global cartezian coordinates:
    0.000000    0.000000   -1.000000
    0.000000    1.000000    0.000000
   -1.000000    0.000000    0.000000
 ____________________________
 in spin coordinates:
    0.000000    0.000000   -1.000000
    0.000000    1.000000    0.000000
   -1.000000    0.000000    0.000000
          37   1.57079632679490       0.000000000000000E+000
 
 symm. operation           37  removed !!!! so-det=  0.000000000000000E+000
 in global cartezian coordinates:
    0.000000   -1.000000    0.000000
    0.000000    0.000000    1.000000
   -1.000000    0.000000    0.000000
 ____________________________
 in spin coordinates:
    0.000000   -1.000000    0.000000
    0.000000    0.000000    1.000000
   -1.000000    0.000000    0.000000
          38 NaN                      0.000000000000000E+000
 
 symm. operation           38  removed !!!! so-det=  0.000000000000000E+000
 in global cartezian coordinates:
    0.000000    0.000000   -1.000000
   -1.000000    0.000000    0.000000
    0.000000    1.000000    0.000000
 ____________________________
 in spin coordinates:
    0.000000    0.000000   -1.000000
   -1.000000    0.000000    0.000000
    0.000000    1.000000    0.000000
          39   1.57079632679490       0.000000000000000E+000
 
 symm. operation           39  removed !!!! so-det=  0.000000000000000E+000
 in global cartezian coordinates:
    1.000000    0.000000    0.000000
    0.000000    0.000000    1.000000
    0.000000    1.000000    0.000000
 ____________________________
 in spin coordinates:
    1.000000    0.000000    0.000000
    0.000000    0.000000    1.000000
    0.000000    1.000000    0.000000
          40   1.57079632679490       0.000000000000000E+000
 
 symm. operation           40  removed !!!! so-det=  0.000000000000000E+000
 in global cartezian coordinates:
    0.000000   -1.000000    0.000000
   -1.000000    0.000000    0.000000
    0.000000    0.000000    1.000000
 ____________________________
 in spin coordinates:
    0.000000   -1.000000    0.000000
   -1.000000    0.000000    0.000000
    0.000000    0.000000    1.000000
          41   1.57079632679490       -1.00000000000000     
 
 in global cartezian coordinates:
    1.000000    0.000000    0.000000
    0.000000    1.000000    0.000000
    0.000000    0.000000    1.000000
 ____________________________
 in spin coordinates:
    1.000000    0.000000    0.000000
    0.000000    1.000000    0.000000
    0.000000    0.000000    1.000000
          42  0.000000000000000E+000   1.00000000000000     
 
 in global cartezian coordinates:
    0.000000    0.000000   -1.000000
    0.000000    1.000000    0.000000
    1.000000    0.000000    0.000000
 ____________________________
 in spin coordinates:
    0.000000    0.000000   -1.000000
    0.000000    1.000000    0.000000
    1.000000    0.000000    0.000000
          43   1.57079632679490       0.000000000000000E+000
 
 symm. operation           43  removed !!!! so-det=  0.000000000000000E+000
 in global cartezian coordinates:
    0.000000   -1.000000    0.000000
    0.000000    0.000000    1.000000
    1.000000    0.000000    0.000000
 ____________________________
 in spin coordinates:
    0.000000   -1.000000    0.000000
    0.000000    0.000000    1.000000
    1.000000    0.000000    0.000000
          44 NaN                      0.000000000000000E+000
 
 symm. operation           44  removed !!!! so-det=  0.000000000000000E+000
 in global cartezian coordinates:
    0.000000    0.000000   -1.000000
    1.000000    0.000000    0.000000
    0.000000    1.000000    0.000000
 ____________________________
 in spin coordinates:
    0.000000    0.000000   -1.000000
    1.000000    0.000000    0.000000
    0.000000    1.000000    0.000000
          45   1.57079632679490       0.000000000000000E+000
 
 symm. operation           45  removed !!!! so-det=  0.000000000000000E+000
 in global cartezian coordinates:
   -1.000000    0.000000    0.000000
    0.000000    0.000000    1.000000
    0.000000    1.000000    0.000000
 ____________________________
 in spin coordinates:
   -1.000000    0.000000    0.000000
    0.000000    0.000000    1.000000
    0.000000    1.000000    0.000000
          46   1.57079632679490       0.000000000000000E+000
 
 symm. operation           46  removed !!!! so-det=  0.000000000000000E+000
 in global cartezian coordinates:
    0.000000   -1.000000    0.000000
    1.000000    0.000000    0.000000
    0.000000    0.000000    1.000000
 ____________________________
 in spin coordinates:
    0.000000   -1.000000    0.000000
    1.000000    0.000000    0.000000
    0.000000    0.000000    1.000000
          47   1.57079632679490        1.00000000000000     
 
 in global cartezian coordinates:
   -1.000000    0.000000    0.000000
    0.000000    1.000000    0.000000
    0.000000    0.000000    1.000000
 ____________________________
 in spin coordinates:
   -1.000000    0.000000    0.000000
    0.000000    1.000000    0.000000
    0.000000    0.000000    1.000000
          48   3.14159265358979       -1.00000000000000     
 
 Original and SO-compatible symops changed:          48          16
 FNAME=
 epsilon_Pu_1.energyso_1                                                        
                                                                                
                                                     60
 FNAME=
 epsilon_Pu_1.energysodn_1                                                      
                                                                                
                                                     59
 BZ-integration with TETRA-program.   icor=: 1
 Equal occupancy of degenerate states, tol=: 0.1E-05
 call eord...
 call dos...
 ILOOP            1
 ILOOP            2
   FERMI ENERGY AT    1.87190182297873     
 RESULT OF INTEGRATION:      15.999999999828; SHOULD BE:      15.999999999900
   SUM RULE OF TETRAHEDRON INTEGRATION CHECKED 
 call eweigh...
   number of occupied bands:          18
   highest energy:   1.92425340599191     
 FERMI-LDA=   1.872 Ryd,  25.469 eV.
 ABSOLUTE EMIN=   1.431 Ryd.  19.469 eV.
 ABSOLUTE EMAX=   2.313 Ryd.  31.469 eV.


:NLDA  : NUMBER OF ELECTRONS          =  16.000

:FLDA  : F E R M I - ENERGY           =   1.87190
 
 ********** Information about the atomic index arrays ************
 iatom=           1
 isort=           1
 csort=           1
 maxucase=           1
icase, iucase, jatom, latom=     1     1     1     1
 
 *****  Arrays for correlated blocks ******
 norbitals=           1
 maxdim2=          14
iorbital( 1, 1)=   1
cix( 1, 1)=   1
icase,lcase,icix,iorb,nind1,ip1,iSx=    1    1    1    1   14    1    1
icase,lcase,icix,iorb,nind1,ip1,iSx=    1    1    1    1   14    2    2
icase,lcase,icix,iorb,nind1,ip1,iSx=    1    1    1    1   14    3    3
icase,lcase,icix,iorb,nind1,ip1,iSx=    1    1    1    1   14    4    4
icase,lcase,icix,iorb,nind1,ip1,iSx=    1    1    1    1   14    5    5
icase,lcase,icix,iorb,nind1,ip1,iSx=    1    1    1    1   14    6    6
icase,lcase,icix,iorb,nind1,ip1,iSx=    1    1    1    1   14    7    7
icase,lcase,icix,iorb,nind1,ip1,iSx=    1    1    1    1   14    8    8
icase,lcase,icix,iorb,nind1,ip1,iSx=    1    1    1    1   14    9    9
icase,lcase,icix,iorb,nind1,ip1,iSx=    1    1    1    1   14   10   10
icase,lcase,icix,iorb,nind1,ip1,iSx=    1    1    1    1   14   11   11
icase,lcase,icix,iorb,nind1,ip1,iSx=    1    1    1    1   14   12   12
icase,lcase,icix,iorb,nind1,ip1,iSx=    1    1    1    1   14   13   13
icase,lcase,icix,iorb,nind1,ip1,iSx=    1    1    1    1   14   14   14
cixdim( 1)=14
noccur( 1, 1)=   6
noccur( 2, 1)=   8
iSx( 1, 1)=  1
iSx( 2, 1)=  2
iSx( 3, 1)=  3
iSx( 4, 1)=  4
iSx( 5, 1)=  5
iSx( 6, 1)=  6
iSx( 7, 1)=  7
iSx( 8, 1)=  8
iSx( 9, 1)=  9
iSx(10, 1)= 10
iSx(11, 1)= 11
iSx(12, 1)= 12
iSx(13, 1)= 13
iSx(14, 1)= 14
nindo( 1)= 14
CF for iorb1= 1 iorb2= 1
    0.92582010     0.00000000       0.00000000     0.00000000       0.00000000     0.00000000       0.00000000     0.00000000       0.00000000     0.00000000       0.00000000     0.00000000       0.00000000     0.00000000       0.00000000     0.00000000      -0.37796447     0.00000000       0.00000000     0.00000000       0.00000000     0.00000000       0.00000000     0.00000000       0.00000000     0.00000000       0.00000000     0.00000000   
    0.00000000     0.00000000       0.84515425     0.00000000       0.00000000     0.00000000       0.00000000     0.00000000       0.00000000     0.00000000       0.00000000     0.00000000       0.00000000     0.00000000       0.00000000     0.00000000       0.00000000     0.00000000      -0.53452248     0.00000000       0.00000000     0.00000000       0.00000000     0.00000000       0.00000000     0.00000000       0.00000000     0.00000000   
    0.00000000     0.00000000       0.00000000     0.00000000       0.75592895     0.00000000       0.00000000     0.00000000       0.00000000     0.00000000       0.00000000     0.00000000       0.00000000     0.00000000       0.00000000     0.00000000       0.00000000     0.00000000       0.00000000     0.00000000      -0.65465367     0.00000000       0.00000000     0.00000000       0.00000000     0.00000000       0.00000000     0.00000000   
    0.00000000     0.00000000       0.00000000     0.00000000       0.00000000     0.00000000       0.65465367     0.00000000       0.00000000     0.00000000       0.00000000     0.00000000       0.00000000     0.00000000       0.00000000     0.00000000       0.00000000     0.00000000       0.00000000     0.00000000       0.00000000     0.00000000      -0.75592895     0.00000000       0.00000000     0.00000000       0.00000000     0.00000000   
    0.00000000     0.00000000       0.00000000     0.00000000       0.00000000     0.00000000       0.00000000     0.00000000       0.53452248     0.00000000       0.00000000     0.00000000       0.00000000     0.00000000       0.00000000     0.00000000       0.00000000     0.00000000       0.00000000     0.00000000       0.00000000     0.00000000       0.00000000     0.00000000      -0.84515425     0.00000000       0.00000000     0.00000000   
    0.00000000     0.00000000       0.00000000     0.00000000       0.00000000     0.00000000       0.00000000     0.00000000       0.00000000     0.00000000       0.37796447     0.00000000       0.00000000     0.00000000       0.00000000     0.00000000       0.00000000     0.00000000       0.00000000     0.00000000       0.00000000     0.00000000       0.00000000     0.00000000       0.00000000     0.00000000      -0.92582010     0.00000000   
    0.00000000     0.00000000       0.00000000     0.00000000       0.00000000     0.00000000       0.00000000     0.00000000       0.00000000     0.00000000       0.00000000     0.00000000       0.00000000     0.00000000       1.00000000     0.00000000       0.00000000     0.00000000       0.00000000     0.00000000       0.00000000     0.00000000       0.00000000     0.00000000       0.00000000     0.00000000       0.00000000     0.00000000   
    0.37796447     0.00000000       0.00000000     0.00000000       0.00000000     0.00000000       0.00000000     0.00000000       0.00000000     0.00000000       0.00000000     0.00000000       0.00000000     0.00000000       0.00000000     0.00000000       0.92582010     0.00000000       0.00000000     0.00000000       0.00000000     0.00000000       0.00000000     0.00000000       0.00000000     0.00000000       0.00000000     0.00000000   
    0.00000000     0.00000000       0.53452248     0.00000000       0.00000000     0.00000000       0.00000000     0.00000000       0.00000000     0.00000000       0.00000000     0.00000000       0.00000000     0.00000000       0.00000000     0.00000000       0.00000000     0.00000000       0.84515425     0.00000000       0.00000000     0.00000000       0.00000000     0.00000000       0.00000000     0.00000000       0.00000000     0.00000000   
    0.00000000     0.00000000       0.00000000     0.00000000       0.65465367     0.00000000       0.00000000     0.00000000       0.00000000     0.00000000       0.00000000     0.00000000       0.00000000     0.00000000       0.00000000     0.00000000       0.00000000     0.00000000       0.00000000     0.00000000       0.75592895     0.00000000       0.00000000     0.00000000       0.00000000     0.00000000       0.00000000     0.00000000   
    0.00000000     0.00000000       0.00000000     0.00000000       0.00000000     0.00000000       0.75592895     0.00000000       0.00000000     0.00000000       0.00000000     0.00000000       0.00000000     0.00000000       0.00000000     0.00000000       0.00000000     0.00000000       0.00000000     0.00000000       0.00000000     0.00000000       0.65465367     0.00000000       0.00000000     0.00000000       0.00000000     0.00000000   
    0.00000000     0.00000000       0.00000000     0.00000000       0.00000000     0.00000000       0.00000000     0.00000000       0.84515425     0.00000000       0.00000000     0.00000000       0.00000000     0.00000000       0.00000000     0.00000000       0.00000000     0.00000000       0.00000000     0.00000000       0.00000000     0.00000000       0.00000000     0.00000000       0.53452248     0.00000000       0.00000000     0.00000000   
    0.00000000     0.00000000       0.00000000     0.00000000       0.00000000     0.00000000       0.00000000     0.00000000       0.00000000     0.00000000       0.92582010     0.00000000       0.00000000     0.00000000       0.00000000     0.00000000       0.00000000     0.00000000       0.00000000     0.00000000       0.00000000     0.00000000       0.00000000     0.00000000       0.00000000     0.00000000       0.37796447     0.00000000   
    0.00000000     0.00000000       0.00000000     0.00000000       0.00000000     0.00000000       0.00000000     0.00000000       0.00000000     0.00000000       0.00000000     0.00000000       1.00000000     0.00000000       0.00000000     0.00000000       0.00000000     0.00000000       0.00000000     0.00000000       0.00000000     0.00000000       0.00000000     0.00000000       0.00000000     0.00000000       0.00000000     0.00000000   
Rspin for iorb=  1
 angles=  0.000000000000000E+000   3.14159265358979       0.000000000000000E+000
  0.000000000000000E+000  0.000000000000000E+000  0.000000000000000E+000
 Rspin=
    0.000000    0.000000      0.000000    1.000000
    0.000000    1.000000      0.000000    0.000000
 Calculation for atom  1 which has iucase=  1
 ATPAR for spin up

          ATOMIC PARAMETERS FOR Pu  0+    

           ENERGY PARAMETERS ARE   1.66  -0.63   1.66   1.66

           L     U(R)          U'(R)         DU/DE        DU'/DE      NORM-U'
           0  0.551906E+00  0.808459E+00  0.111787E+00 -0.228221E+00
           1  0.538390E+00 -0.295035E-03 -0.143819E+00 -0.401753E+00
           2 -0.617168E+00  0.300156E-01  0.985472E-01  0.345779E+00
           3 -0.312253E+00  0.133544E+00  0.366860E+00  0.536118E+00
LO COEFFICIENT: l,A,B,C   0          0.65178    -3.21792     0.00000     0.00000
 
LO COEFFICIENT: l,A,B,C   0          0.32204     0.00000     0.78014     0.00000
 
LO COEFFICIENT: l,A,B,C   1          0.87889     3.29015     0.00000     0.00000
 
LO COEFFICIENT: l,A,B,C   1          0.26696     0.00000    -1.23673     0.00000
 
LO COEFFICIENT: l,A,B,C   2          0.85320     5.34333     0.00000     0.00000
 
LO COEFFICIENT: l,A,B,C   3          0.94179     0.80160     0.00000     0.00000
 
 ATPAR for spin down

          ATOMIC PARAMETERS FOR Pu  0+    

           ENERGY PARAMETERS ARE   1.66  -0.63   1.66   1.66

           L     U(R)          U'(R)         DU/DE        DU'/DE      NORM-U'
           0  0.551906E+00  0.808459E+00  0.111787E+00 -0.228221E+00
           1  0.538390E+00 -0.295035E-03 -0.143819E+00 -0.401753E+00
           2 -0.617168E+00  0.300156E-01  0.985472E-01  0.345779E+00
           3 -0.312253E+00  0.133544E+00  0.366860E+00  0.536118E+00
LO COEFFICIENT: l,A,B,C   0          0.65178    -3.21792     0.00000     0.00000
 
LO COEFFICIENT: l,A,B,C   0          0.32204     0.00000     0.78014     0.00000
 
LO COEFFICIENT: l,A,B,C   1          0.87889     3.29015     0.00000     0.00000
 
LO COEFFICIENT: l,A,B,C   1          0.26696     0.00000    -1.23673     0.00000
 
LO COEFFICIENT: l,A,B,C   2          0.85320     5.34333     0.00000     0.00000
 
LO COEFFICIENT: l,A,B,C   3          0.94179     0.80160     0.00000     0.00000
 
 L1=           0  L2=           0
 RADIAL INTEGRALS:
           1           1                 1           1   1.00000000000000     
           1           3                 1           1  0.572512827715164     
           1           1                 1           2   1.00000000000000     
           1           3                 1           2  0.572512827715164     
           1           1                 2           1   1.00000000000000     
           1           3                 2           1  0.572512827715164     
           1           1                 2           2   1.00000000000000     
           1           3                 2           2  0.572512827715164     
           2           2                 1           1  5.554610952048179E-002
           2           3                 1           1 -0.190945146991167     
           2           2                 1           2  5.554610952048179E-002
           2           3                 1           2 -0.190945146991167     
           2           2                 2           1  5.554610952048179E-002
           2           3                 2           1 -0.190945146991167     
           2           2                 2           2  5.554610952048179E-002
           2           3                 2           2 -0.190945146991167     
           3           1                 1           1  0.572512827715164     
           3           2                 1           1 -0.190945146991167     
           3           3                 1           1   1.00000000000000     
           3           1                 1           2  0.572512827715164     
           3           2                 1           2 -0.190945146991167     
           3           3                 1           2   1.00000000000000     
           3           1                 2           1  0.572512827715164     
           3           2                 2           1 -0.190945146991167     
           3           3                 2           1   1.00000000000000     
           3           1                 2           2  0.572512827715164     
           3           2                 2           2 -0.190945146991167     
           3           3                 2           2   1.00000000000000     
 L1=           1  L2=           1
 RADIAL INTEGRALS:
           1           1                 1           1   1.00000000000000     
           1           3                 1           1  0.909816576524414     
           1           1                 1           2   1.00000000000000     
           1           3                 1           2  0.909816576524414     
           1           1                 2           1   1.00000000000000     
           1           3                 2           1  0.909816576524414     
           1           1                 2           2   1.00000000000000     
           1           3                 2           2  0.909816576524414     
           2           2                 1           1  2.102017495616655E-002
           2           3                 1           1  6.000159628841276E-002
           2           2                 1           2  2.102017495616655E-002
           2           3                 1           2  6.000159628841276E-002
           2           2                 2           1  2.102017495616655E-002
           2           3                 2           1  6.000159628841276E-002
           2           2                 2           2  2.102017495616655E-002
           2           3                 2           2  6.000159628841276E-002
           3           1                 1           1  0.909816576524414     
           3           2                 1           1  6.000159628841276E-002
           3           3                 1           1   1.00000000000000     
           3           1                 1           2  0.909816576524414     
           3           2                 1           2  6.000159628841276E-002
           3           3                 1           2   1.00000000000000     
           3           1                 2           1  0.909816576524414     
           3           2                 2           1  6.000159628841276E-002
           3           3                 2           1   1.00000000000000     
           3           1                 2           2  0.909816576524414     
           3           2                 2           2  6.000159628841276E-002
           3           3                 2           2   1.00000000000000     
 L1=           2  L2=           2
 RADIAL INTEGRALS:
           1           1                 1           1   1.00000000000000     
           1           1                 1           2   1.00000000000000     
           1           1                 2           1   1.00000000000000     
           1           1                 2           2   1.00000000000000     
           2           2                 1           1  9.528257676063410E-003
           2           2                 1           2  9.528257676063410E-003
           2           2                 2           1  9.528257676063410E-003
           2           2                 2           2  9.528257676063410E-003
 L1=           3  L2=           3
 RADIAL INTEGRALS:
           1           1                 1           1   1.00000000000000     
           1           1                 1           2   1.00000000000000     
           1           1                 2           1   1.00000000000000     
           1           1                 2           2   1.00000000000000     
           2           2                 1           1  0.175910292622459     
           2           2                 1           2  0.175910292622459     
           2           2                 2           1  0.175910292622459     
           2           2                 2           2  0.175910292622459     
Saving potential parameters for atom 1 into  1
pr_proc=143  tot-k=286
 ------------------------------------------------------------------------------


   =====>>> CPU TIME SUMMARY

            TOTAL       :      0.8
 OMP_NUM_THREADS= 2
 GUTZ_SOLVER VO.1.5 BUILT ON Jan 19 2014 AT22:25:59
 NT=  1 SEC_N%DIM=   10 WITH ID:
           1       2      16     107     471    1472    3474    6477    9909   12912
       14914
 MEAN U/J:  0.2940  0.0265
 NEL_FIX_VDC1=      5.39
 ATOM DEPENDENT NELF1:
      5.3966
 DCMIX_A=  0.200000
 SYMMETRICALLY NON-EQUIVALENT ATOMS:
          1
 VARIATIONAL-SETUP-NON-EQUIVALENT ATOMS:
          1
 COMPLEMENTARY VARIATIONAL-SETUP-EQUIVALENT ATOMS:

 GYZ%SYM%IDSUM:
  1
 DIM(X_Gutz)=  4
 CALC SET: GAPJ-SHFT FULL       -JH-PROJ SLATER    VAR-FIXDC    Ryd.   
 NT= 1
 LOCAL INTERACTION PART   :
 U              :   0.2940
 J              :   0.0265
 FOCK SPACE PART:
 NA             :  7
 FS%OCC(1) L.B. :  0
 FS%OCC(2) U.B. :  9
 FS%DIM         :     14913
 HL%OCC(1) L.B. :  0
 HL%OCC(2) U.B. :  9
 ISO= 2 ISPIN_IN= 1 ISPIN= 1 ISPO= 2
 BND%NMAX=  48
 BZ INTEGRATION WITH TETRA METHOD, ICOR= 1
 EQUAL OCCUPANCY OF DEGENERATE STATES, TOL= 0.1E-05
 VALENCE ELECTRONS: TOTAL=    16.0
                    CORRELATED PART=     8.0
 SYM%IDI/IDF=  1 16
 BND%NMAXIN=   22
      GUTZ5_INI_CORR_UVEK takes  0 hours  0 minutes and    0.03 seconds (CPU).
                          takes  0 hours  0 minutes and    0.03 seconds (WALL).
                 SETUP_TB takes  0 hours  0 minutes and    1.06 seconds (CPU).
                          takes  0 hours  0 minutes and    0.55 seconds (WALL).
************  EL-  ************
 NI=  1 NI_GLOBAL=  1
   1.8674   1.8772   1.8694   1.8694   1.8772   1.8674   1.9391   1.9524   1.9537   1.9422   1.9422   1.9537   1.9524   1.9391
************  EL=  ************
 NI=  1 NI_GLOBAL=  1
   1.8674   0.0000   0.0000   0.0000   0.0022   0.0000   0.0000  -0.0041   0.0000   0.0000   0.0000   0.0008   0.0000   0.0000
   0.0000   1.8772   0.0000   0.0000   0.0000   0.0022   0.0000   0.0000  -0.0018   0.0000   0.0000   0.0000   0.0052   0.0000
   0.0000   0.0000   1.8694   0.0000   0.0000   0.0000   0.0000   0.0000   0.0000   0.0104   0.0000   0.0000   0.0000   0.0011
   0.0000   0.0000   0.0000   1.8694   0.0000   0.0000  -0.0011   0.0000   0.0000   0.0000  -0.0104   0.0000   0.0000   0.0000
   0.0022   0.0000   0.0000   0.0000   1.8772   0.0000   0.0000  -0.0052   0.0000   0.0000   0.0000   0.0018   0.0000   0.0000
   0.0000   0.0022   0.0000   0.0000   0.0000   1.8674   0.0000   0.0000  -0.0008   0.0000   0.0000   0.0000   0.0041   0.0000
   0.0000   0.0000   0.0000  -0.0011   0.0000   0.0000   1.9391   0.0000   0.0000   0.0000  -0.0003   0.0000   0.0000   0.0000
  -0.0041   0.0000   0.0000   0.0000  -0.0052   0.0000   0.0000   1.9524   0.0000   0.0000   0.0000   0.0067   0.0000   0.0000
   0.0000  -0.0018   0.0000   0.0000   0.0000  -0.0008   0.0000   0.0000   1.9537   0.0000   0.0000   0.0000   0.0067   0.0000
   0.0000   0.0000   0.0104   0.0000   0.0000   0.0000   0.0000   0.0000   0.0000   1.9422   0.0000   0.0000   0.0000  -0.0003
   0.0000   0.0000   0.0000  -0.0104   0.0000   0.0000  -0.0003   0.0000   0.0000   0.0000   1.9422   0.0000   0.0000   0.0000
   0.0008   0.0000   0.0000   0.0000   0.0018   0.0000   0.0000   0.0067   0.0000   0.0000   0.0000   1.9537   0.0000   0.0000
   0.0000   0.0052   0.0000   0.0000   0.0000   0.0041   0.0000   0.0000   0.0067   0.0000   0.0000   0.0000   1.9524   0.0000
   0.0000   0.0000   0.0011   0.0000   0.0000   0.0000   0.0000   0.0000   0.0000  -0.0003   0.0000   0.0000   0.0000   1.9391
 NI=  1 LOCAL ORBITAL LEVEL CENTER(ELC)=   1.914
************  EL0  ************
 NI=  1 NI_GLOBAL=  1
   1.8713   1.8713   1.8713   1.8713   1.8713   1.8713   1.9469   1.9469   1.9469   1.9469   1.9469   1.9469   1.9469   1.9469
************  ELL  ************
 NI=  1 NI_GLOBAL=  1
   1.8713   0.0000   0.0000   0.0000   0.0000   0.0000   0.0000   0.0000   0.0000   0.0000   0.0000   0.0000   0.0000   0.0000
   0.0000   1.8713   0.0000   0.0000   0.0000   0.0000   0.0000   0.0000   0.0000   0.0000   0.0000   0.0000   0.0000   0.0000
   0.0000   0.0000   1.8713   0.0000   0.0000   0.0000   0.0000   0.0000   0.0000   0.0000   0.0000   0.0000   0.0000   0.0000
   0.0000   0.0000   0.0000   1.8713   0.0000   0.0000   0.0000   0.0000   0.0000   0.0000   0.0000   0.0000   0.0000   0.0000
   0.0000   0.0000   0.0000   0.0000   1.8713   0.0000   0.0000   0.0000   0.0000   0.0000   0.0000   0.0000   0.0000   0.0000
   0.0000   0.0000   0.0000   0.0000   0.0000   1.8713   0.0000   0.0000   0.0000   0.0000   0.0000   0.0000   0.0000   0.0000
   0.0000   0.0000   0.0000   0.0000   0.0000   0.0000   1.9469   0.0000   0.0000   0.0000   0.0000   0.0000   0.0000   0.0000
   0.0000   0.0000   0.0000   0.0000   0.0000   0.0000   0.0000   1.9469   0.0000   0.0000   0.0000   0.0000   0.0000   0.0000
   0.0000   0.0000   0.0000   0.0000   0.0000   0.0000   0.0000   0.0000   1.9469   0.0000   0.0000   0.0000   0.0000   0.0000
   0.0000   0.0000   0.0000   0.0000   0.0000   0.0000   0.0000   0.0000   0.0000   1.9469   0.0000   0.0000   0.0000   0.0000
   0.0000   0.0000   0.0000   0.0000   0.0000   0.0000   0.0000   0.0000   0.0000   0.0000   1.9469   0.0000   0.0000   0.0000
   0.0000   0.0000   0.0000   0.0000   0.0000   0.0000   0.0000   0.0000   0.0000   0.0000   0.0000   1.9469   0.0000   0.0000
   0.0000   0.0000   0.0000   0.0000   0.0000   0.0000   0.0000   0.0000   0.0000   0.0000   0.0000   0.0000   1.9469   0.0000
   0.0000   0.0000   0.0000   0.0000   0.0000   0.0000   0.0000   0.0000   0.0000   0.0000   0.0000   0.0000   0.0000   1.9469
                  GET_EL0 takes  0 hours  0 minutes and    0.01 seconds (CPU).
                          takes  0 hours  0 minutes and    0.00 seconds (WALL).
 There are  4 blocks of bands, with band energy windows:
  -1.624  -1.441 |   -0.078   0.212 |    0.399   0.964 |    1.449   4.490 | 
 Band window indices:
         1      2 |          3      4 |          5      8 |          9     49 | 
 Band width
       0.183   |         0.290   |         0.566   |         3.041   |  
 Band gap
       1.363   |         0.186   |         0.485   |  
 CORRELATED BLOCK: EMIN/EMIX=    1.4490    2.3115
 CORRELATED BAND WIDTH=   0.862
         GUTZ_RED_PRJ_NEQ takes  0 hours  1 minutes and    0.75 seconds (CPU).
                          takes  0 hours  1 minutes and    0.70 seconds (WALL).
 NI=  1 DIM_PHIK=   41227 HL%DIM=  14913
       ID_PHIK_N=
      1      2      4     33    264   1639   6153  15546  27321  36714
  41228
       ID_PHIK_J=
      1      2      3      4      8      9     18     19     28     29
     33     37     73    122    171    220    245    254    263    264
    300    349    638    807   1168   1364   1533   1582   1631   1635
   1639   1739   2180   2964   3864   4705   5381   5781   6037   6118
   6143   6152   6153   6349   6710   8079   9448  11564  12933  14377
  14953  15353  15474  15538  15542  15546  15835  16796  18560  21060
  23176  24940  26165  26841  27165  27286  27311  27320  27321  27517
  27878  29247  30616  32732  34101  35545  36121  36521  36642  36706
  36710  36714  36814  37255  38039  38939  39780  40456  40856  41112
  41193  41218  41227  41228
          GUTZ_SET_PRJ_EQ takes  0 hours  0 minutes and    0.00 seconds (CPU).
                          takes  0 hours  0 minutes and    0.00 seconds (WALL).
************   WH%X  ************
    0.92559664    0.93398460
    1.84797520    1.96789417
************  RIN  ************
 NI=  1 NI_GLOBAL=  1
   0.9256   0.9256   0.9256   0.9256   0.9256   0.9256   0.9340   0.9340   0.9340   0.9340   0.9340   0.9340   0.9340   0.9340
************  LA1  ************
 NI=  1 NI_GLOBAL=  1
   1.8480   1.8480   1.8480   1.8480   1.8480   1.8480   1.9679   1.9679   1.9679   1.9679   1.9679   1.9679   1.9679   1.9679
             CALC_BAND_AL takes  0 hours  0 minutes and    0.42 seconds (CPU).
                          takes  0 hours  0 minutes and    0.22 seconds (WALL).
 ILOOP            1
 ILOOP            2
   FERMI ENERGY AT    1.86639338184190     
   SUM RULE OF TETRAHEDRON INTEGRATION CHECKED 
   number of occupied bands:          18
   highest energy:   1.92235577653064     
************  NK-  ************
 NI=  1 NI_GLOBAL=  1
   0.6942   0.6306   0.6645   0.6645   0.6306   0.6942   0.1769   0.2212   0.1586   0.1536   0.1536   0.1586   0.2212   0.1769
************  NNK  ************
 NI=  1 NI_GLOBAL=  1
   0.6942   0.0000   0.0000   0.0000  -0.0265   0.0000   0.0000  -0.0085   0.0000   0.0000   0.0000   0.0162   0.0000   0.0000
   0.0000   0.6306   0.0000   0.0000   0.0000  -0.0265   0.0000   0.0000   0.0356   0.0000   0.0000   0.0000  -0.0491   0.0000
   0.0000   0.0000   0.6645   0.0000   0.0000   0.0000   0.0000   0.0000   0.0000  -0.0427   0.0000   0.0000   0.0000  -0.0160
   0.0000   0.0000   0.0000   0.6645   0.0000   0.0000   0.0160   0.0000   0.0000   0.0000   0.0427   0.0000   0.0000   0.0000
  -0.0265   0.0000   0.0000   0.0000   0.6306   0.0000   0.0000   0.0491   0.0000   0.0000   0.0000  -0.0356   0.0000   0.0000
   0.0000  -0.0265   0.0000   0.0000   0.0000   0.6942   0.0000   0.0000  -0.0162   0.0000   0.0000   0.0000   0.0085   0.0000
   0.0000   0.0000   0.0000   0.0160   0.0000   0.0000   0.1769   0.0000   0.0000   0.0000  -0.0083   0.0000   0.0000   0.0000
  -0.0085   0.0000   0.0000   0.0000   0.0491   0.0000   0.0000   0.2212   0.0000   0.0000   0.0000  -0.0083   0.0000   0.0000
   0.0000   0.0356   0.0000   0.0000   0.0000  -0.0162   0.0000   0.0000   0.1586   0.0000   0.0000   0.0000  -0.0083   0.0000
   0.0000   0.0000  -0.0427   0.0000   0.0000   0.0000   0.0000   0.0000   0.0000   0.1536   0.0000   0.0000   0.0000  -0.0083
   0.0000   0.0000   0.0000   0.0427   0.0000   0.0000  -0.0083   0.0000   0.0000   0.0000   0.1536   0.0000   0.0000   0.0000
   0.0162   0.0000   0.0000   0.0000  -0.0356   0.0000   0.0000  -0.0083   0.0000   0.0000   0.0000   0.1586   0.0000   0.0000
   0.0000  -0.0491   0.0000   0.0000   0.0000   0.0085   0.0000   0.0000  -0.0083   0.0000   0.0000   0.0000   0.2212   0.0000
   0.0000   0.0000  -0.0160   0.0000   0.0000   0.0000   0.0000   0.0000   0.0000  -0.0083   0.0000   0.0000   0.0000   0.1769
************  NKS  ************
 NI=  1 NI_GLOBAL=  1
   0.6631   0.6631   0.6631   0.6631   0.6631   0.6631   0.1776   0.1776   0.1776   0.1776   0.1776   0.1776   0.1776   0.1776
 NELE_LOC TOTAL:
           5.3992799845514847
              CALC_DA_BND takes  0 hours  0 minutes and    0.07 seconds (CPU).
                          takes  0 hours  0 minutes and    0.06 seconds (WALL).
************  DA-  ************
 NI=  1 NI_GLOBAL=  1
  -0.0430  -0.0430  -0.0404  -0.0404  -0.0430  -0.0430  -0.0345  -0.0458  -0.0323  -0.0313  -0.0313  -0.0323  -0.0458  -0.0345
************  DAA  ************
 NI=  1 NI_GLOBAL=  1
  -0.0421  -0.0421  -0.0421  -0.0421  -0.0421  -0.0421  -0.0360  -0.0360  -0.0360  -0.0360  -0.0360  -0.0360  -0.0360  -0.0360
 NI=  1 VDC=    1.3814
************  LA2  ************
 NI=  1 NI_GLOBAL=  1
  -3.2863  -3.2863  -3.2863  -3.2863  -3.2863  -3.2863  -3.2008  -3.2008  -3.2008  -3.2008  -3.2008  -3.2008  -3.2008  -3.2008
 NI=  1 PHI-step gap=  0.17E+00
************  RAA  ************
 NI=  1 NI_GLOBAL=  1
   0.9256   0.9256   0.9256   0.9256   0.9256   0.9256   0.9340   0.9340   0.9340   0.9340   0.9340   0.9340   0.9340   0.9340
************  NC0  ************
 NI=  1 NI_GLOBAL=  1
   0.6631   0.6631   0.6631   0.6631   0.6631   0.6631   0.1776   0.1776   0.1776   0.1776   0.1776   0.1776   0.1776   0.1776
                  CALC_LC takes  0 hours  5 minutes and   53.37 seconds (CPU).
                          takes  0 hours  5 minutes and   53.28 seconds (WALL).
                GUTZ_FCN1 takes  0 hours  5 minutes and   54.16 seconds (CPU).
                          takes  0 hours  5 minutes and   53.72 seconds (WALL).
************  DIF_X  ************
   -0.000018925064    0.000053945981
    0.000038488122    0.000025047394
 ITER1=  1 MAXERR=    0.00005395
************   WH%X  ************
    0.92560594    0.93398523
    1.84792694    1.96784143
************  RIN  ************
 NI=  1 NI_GLOBAL=  1
   0.9256   0.9256   0.9256   0.9256   0.9256   0.9256   0.9340   0.9340   0.9340   0.9340   0.9340   0.9340   0.9340   0.9340
************  LA1  ************
 NI=  1 NI_GLOBAL=  1
   1.8479   1.8479   1.8479   1.8479   1.8479   1.8479   1.9678   1.9678   1.9678   1.9678   1.9678   1.9678   1.9678   1.9678
             CALC_BAND_AL takes  0 hours  0 minutes and    0.42 seconds (CPU).
                          takes  0 hours  0 minutes and    0.22 seconds (WALL).
 ILOOP            1
 ILOOP            2
   FERMI ENERGY AT    1.86635029522682     
   SUM RULE OF TETRAHEDRON INTEGRATION CHECKED 
   number of occupied bands:          18
   highest energy:   1.92232559272195     
************  NK-  ************
 NI=  1 NI_GLOBAL=  1
   0.6942   0.6307   0.6645   0.6645   0.6307   0.6942   0.1769   0.2212   0.1586   0.1536   0.1536   0.1586   0.2212   0.1769
************  NNK  ************
 NI=  1 NI_GLOBAL=  1
   0.6942   0.0000   0.0000   0.0000  -0.0265   0.0000   0.0000  -0.0085   0.0000   0.0000   0.0000   0.0162   0.0000   0.0000
   0.0000   0.6307   0.0000   0.0000   0.0000  -0.0265   0.0000   0.0000   0.0356   0.0000   0.0000   0.0000  -0.0491   0.0000
   0.0000   0.0000   0.6645   0.0000   0.0000   0.0000   0.0000   0.0000   0.0000  -0.0427   0.0000   0.0000   0.0000  -0.0159
   0.0000   0.0000   0.0000   0.6645   0.0000   0.0000   0.0159   0.0000   0.0000   0.0000   0.0427   0.0000   0.0000   0.0000
  -0.0265   0.0000   0.0000   0.0000   0.6307   0.0000   0.0000   0.0491   0.0000   0.0000   0.0000  -0.0356   0.0000   0.0000
   0.0000  -0.0265   0.0000   0.0000   0.0000   0.6942   0.0000   0.0000  -0.0162   0.0000   0.0000   0.0000   0.0085   0.0000
   0.0000   0.0000   0.0000   0.0159   0.0000   0.0000   0.1769   0.0000   0.0000   0.0000  -0.0083   0.0000   0.0000   0.0000
  -0.0085   0.0000   0.0000   0.0000   0.0491   0.0000   0.0000   0.2212   0.0000   0.0000   0.0000  -0.0083   0.0000   0.0000
   0.0000   0.0356   0.0000   0.0000   0.0000  -0.0162   0.0000   0.0000   0.1586   0.0000   0.0000   0.0000  -0.0083   0.0000
   0.0000   0.0000  -0.0427   0.0000   0.0000   0.0000   0.0000   0.0000   0.0000   0.1536   0.0000   0.0000   0.0000  -0.0083
   0.0000   0.0000   0.0000   0.0427   0.0000   0.0000  -0.0083   0.0000   0.0000   0.0000   0.1536   0.0000   0.0000   0.0000
   0.0162   0.0000   0.0000   0.0000  -0.0356   0.0000   0.0000  -0.0083   0.0000   0.0000   0.0000   0.1586   0.0000   0.0000
   0.0000  -0.0491   0.0000   0.0000   0.0000   0.0085   0.0000   0.0000  -0.0083   0.0000   0.0000   0.0000   0.2212   0.0000
   0.0000   0.0000  -0.0159   0.0000   0.0000   0.0000   0.0000   0.0000   0.0000  -0.0083   0.0000   0.0000   0.0000   0.1769
************  NKS  ************
 NI=  1 NI_GLOBAL=  1
   0.6631   0.6631   0.6631   0.6631   0.6631   0.6631   0.1776   0.1776   0.1776   0.1776   0.1776   0.1776   0.1776   0.1776
 NELE_LOC TOTAL:
           5.3995967506505185
              CALC_DA_BND takes  0 hours  0 minutes and    0.07 seconds (CPU).
                          takes  0 hours  0 minutes and    0.06 seconds (WALL).
************  DA-  ************
 NI=  1 NI_GLOBAL=  1
  -0.0430  -0.0430  -0.0404  -0.0404  -0.0430  -0.0430  -0.0345  -0.0458  -0.0323  -0.0313  -0.0313  -0.0323  -0.0458  -0.0345
************  DAA  ************
 NI=  1 NI_GLOBAL=  1
  -0.0421  -0.0421  -0.0421  -0.0421  -0.0421  -0.0421  -0.0360  -0.0360  -0.0360  -0.0360  -0.0360  -0.0360  -0.0360  -0.0360
 NI=  1 VDC=    1.3814
************  LA2  ************
 NI=  1 NI_GLOBAL=  1
  -3.2863  -3.2863  -3.2863  -3.2863  -3.2863  -3.2863  -3.2008  -3.2008  -3.2008  -3.2008  -3.2008  -3.2008  -3.2008  -3.2008
 NI=  1 PHI-step gap=  0.17E+00
************  RAA  ************
 NI=  1 NI_GLOBAL=  1
   0.9256   0.9256   0.9256   0.9256   0.9256   0.9256   0.9340   0.9340   0.9340   0.9340   0.9340   0.9340   0.9340   0.9340
************  NC0  ************
 NI=  1 NI_GLOBAL=  1
   0.6631   0.6631   0.6631   0.6631   0.6631   0.6631   0.1776   0.1776   0.1776   0.1776   0.1776   0.1776   0.1776   0.1776
                  CALC_LC takes  0 hours  7 minutes and   46.66 seconds (CPU).
                          takes  0 hours  7 minutes and   46.59 seconds (WALL).
                GUTZ_FCN1 takes  0 hours  7 minutes and   47.44 seconds (CPU).
                          takes  0 hours  7 minutes and   47.05 seconds (WALL).
************  DIF_X  ************
   -0.000001354434    0.000001151808
    0.000000489210   -0.000000627828
 ITER1=  2 MAXERR=    0.00000135
************   WH%X  ************
    0.92560506    0.93398783
    1.84792687    1.96784261
************  RIN  ************
 NI=  1 NI_GLOBAL=  1
   0.9256   0.9256   0.9256   0.9256   0.9256   0.9256   0.9340   0.9340   0.9340   0.9340   0.9340   0.9340   0.9340   0.9340
************  LA1  ************
 NI=  1 NI_GLOBAL=  1
   1.8479   1.8479   1.8479   1.8479   1.8479   1.8479   1.9678   1.9678   1.9678   1.9678   1.9678   1.9678   1.9678   1.9678
             CALC_BAND_AL takes  0 hours  0 minutes and    0.42 seconds (CPU).
                          takes  0 hours  0 minutes and    0.20 seconds (WALL).
 ILOOP            1
 ILOOP            2
   FERMI ENERGY AT    1.86635040959074     
   SUM RULE OF TETRAHEDRON INTEGRATION CHECKED 
   number of occupied bands:          18
   highest energy:   1.92232589022401     
************  NK-  ************
 NI=  1 NI_GLOBAL=  1
   0.6942   0.6307   0.6645   0.6645   0.6307   0.6942   0.1769   0.2212   0.1586   0.1536   0.1536   0.1586   0.2212   0.1769
************  NNK  ************
 NI=  1 NI_GLOBAL=  1
   0.6942   0.0000   0.0000   0.0000  -0.0265   0.0000   0.0000  -0.0085   0.0000   0.0000   0.0000   0.0162   0.0000   0.0000
   0.0000   0.6307   0.0000   0.0000   0.0000  -0.0265   0.0000   0.0000   0.0356   0.0000   0.0000   0.0000  -0.0491   0.0000
   0.0000   0.0000   0.6645   0.0000   0.0000   0.0000   0.0000   0.0000   0.0000  -0.0427   0.0000   0.0000   0.0000  -0.0159
   0.0000   0.0000   0.0000   0.6645   0.0000   0.0000   0.0159   0.0000   0.0000   0.0000   0.0427   0.0000   0.0000   0.0000
  -0.0265   0.0000   0.0000   0.0000   0.6307   0.0000   0.0000   0.0491   0.0000   0.0000   0.0000  -0.0356   0.0000   0.0000
   0.0000  -0.0265   0.0000   0.0000   0.0000   0.6942   0.0000   0.0000  -0.0162   0.0000   0.0000   0.0000   0.0085   0.0000
   0.0000   0.0000   0.0000   0.0159   0.0000   0.0000   0.1769   0.0000   0.0000   0.0000  -0.0083   0.0000   0.0000   0.0000
  -0.0085   0.0000   0.0000   0.0000   0.0491   0.0000   0.0000   0.2212   0.0000   0.0000   0.0000  -0.0083   0.0000   0.0000
   0.0000   0.0356   0.0000   0.0000   0.0000  -0.0162   0.0000   0.0000   0.1586   0.0000   0.0000   0.0000  -0.0083   0.0000
   0.0000   0.0000  -0.0427   0.0000   0.0000   0.0000   0.0000   0.0000   0.0000   0.1536   0.0000   0.0000   0.0000  -0.0083
   0.0000   0.0000   0.0000   0.0427   0.0000   0.0000  -0.0083   0.0000   0.0000   0.0000   0.1536   0.0000   0.0000   0.0000
   0.0162   0.0000   0.0000   0.0000  -0.0356   0.0000   0.0000  -0.0083   0.0000   0.0000   0.0000   0.1586   0.0000   0.0000
   0.0000  -0.0491   0.0000   0.0000   0.0000   0.0085   0.0000   0.0000  -0.0083   0.0000   0.0000   0.0000   0.2212   0.0000
   0.0000   0.0000  -0.0159   0.0000   0.0000   0.0000   0.0000   0.0000   0.0000  -0.0083   0.0000   0.0000   0.0000   0.1769
************  NKS  ************
 NI=  1 NI_GLOBAL=  1
   0.6631   0.6631   0.6631   0.6631   0.6631   0.6631   0.1776   0.1776   0.1776   0.1776   0.1776   0.1776   0.1776   0.1776
 NELE_LOC TOTAL:
           5.3995952531446507
              CALC_DA_BND takes  0 hours  0 minutes and    0.07 seconds (CPU).
                          takes  0 hours  0 minutes and    0.08 seconds (WALL).
************  DA-  ************
 NI=  1 NI_GLOBAL=  1
  -0.0430  -0.0430  -0.0404  -0.0404  -0.0430  -0.0430  -0.0345  -0.0458  -0.0323  -0.0313  -0.0313  -0.0323  -0.0458  -0.0345
************  DAA  ************
 NI=  1 NI_GLOBAL=  1
  -0.0421  -0.0421  -0.0421  -0.0421  -0.0421  -0.0421  -0.0360  -0.0360  -0.0360  -0.0360  -0.0360  -0.0360  -0.0360  -0.0360
 NI=  1 VDC=    1.3814
************  LA2  ************
 NI=  1 NI_GLOBAL=  1
  -3.2863  -3.2863  -3.2863  -3.2863  -3.2863  -3.2863  -3.2008  -3.2008  -3.2008  -3.2008  -3.2008  -3.2008  -3.2008  -3.2008
 NI=  1 PHI-step gap=  0.17E+00
************  RAA  ************
 NI=  1 NI_GLOBAL=  1
   0.9256   0.9256   0.9256   0.9256   0.9256   0.9256   0.9340   0.9340   0.9340   0.9340   0.9340   0.9340   0.9340   0.9340
************  NC0  ************
 NI=  1 NI_GLOBAL=  1
   0.6631   0.6631   0.6631   0.6631   0.6631   0.6631   0.1776   0.1776   0.1776   0.1776   0.1776   0.1776   0.1776   0.1776
                  CALC_LC takes  0 hours  8 minutes and    2.61 seconds (CPU).
                          takes  0 hours  8 minutes and    2.55 seconds (WALL).
                GUTZ_FCN1 takes  0 hours  8 minutes and    3.41 seconds (CPU).
                          takes  0 hours  8 minutes and    3.00 seconds (WALL).
************  DIF_X  ************
   -0.000000027886   -0.000000031526
   -0.000000020030    0.000000017297
 ITER1=  3 MAXERR=    0.00000003
************   WH%X  ************
    0.92560501    0.93398775
    1.84792688    1.96784257
************  RIN  ************
 NI=  1 NI_GLOBAL=  1
   0.9256   0.9256   0.9256   0.9256   0.9256   0.9256   0.9340   0.9340   0.9340   0.9340   0.9340   0.9340   0.9340   0.9340
************  LA1  ************
 NI=  1 NI_GLOBAL=  1
   1.8479   1.8479   1.8479   1.8479   1.8479   1.8479   1.9678   1.9678   1.9678   1.9678   1.9678   1.9678   1.9678   1.9678
             CALC_BAND_AL takes  0 hours  0 minutes and    0.42 seconds (CPU).
                          takes  0 hours  0 minutes and    0.22 seconds (WALL).
 ILOOP            1
 ILOOP            2
   FERMI ENERGY AT    1.86635040990599     
   SUM RULE OF TETRAHEDRON INTEGRATION CHECKED 
   number of occupied bands:          18
   highest energy:   1.92232588139781     
************  NK-  ************
 NI=  1 NI_GLOBAL=  1
   0.6942   0.6307   0.6645   0.6645   0.6307   0.6942   0.1769   0.2212   0.1586   0.1536   0.1536   0.1586   0.2212   0.1769
************  NNK  ************
 NI=  1 NI_GLOBAL=  1
   0.6942   0.0000   0.0000   0.0000  -0.0265   0.0000   0.0000  -0.0085   0.0000   0.0000   0.0000   0.0162   0.0000   0.0000
   0.0000   0.6307   0.0000   0.0000   0.0000  -0.0265   0.0000   0.0000   0.0356   0.0000   0.0000   0.0000  -0.0491   0.0000
   0.0000   0.0000   0.6645   0.0000   0.0000   0.0000   0.0000   0.0000   0.0000  -0.0427   0.0000   0.0000   0.0000  -0.0159
   0.0000   0.0000   0.0000   0.6645   0.0000   0.0000   0.0159   0.0000   0.0000   0.0000   0.0427   0.0000   0.0000   0.0000
  -0.0265   0.0000   0.0000   0.0000   0.6307   0.0000   0.0000   0.0491   0.0000   0.0000   0.0000  -0.0356   0.0000   0.0000
   0.0000  -0.0265   0.0000   0.0000   0.0000   0.6942   0.0000   0.0000  -0.0162   0.0000   0.0000   0.0000   0.0085   0.0000
   0.0000   0.0000   0.0000   0.0159   0.0000   0.0000   0.1769   0.0000   0.0000   0.0000  -0.0083   0.0000   0.0000   0.0000
  -0.0085   0.0000   0.0000   0.0000   0.0491   0.0000   0.0000   0.2212   0.0000   0.0000   0.0000  -0.0083   0.0000   0.0000
   0.0000   0.0356   0.0000   0.0000   0.0000  -0.0162   0.0000   0.0000   0.1586   0.0000   0.0000   0.0000  -0.0083   0.0000
   0.0000   0.0000  -0.0427   0.0000   0.0000   0.0000   0.0000   0.0000   0.0000   0.1536   0.0000   0.0000   0.0000  -0.0083
   0.0000   0.0000   0.0000   0.0427   0.0000   0.0000  -0.0083   0.0000   0.0000   0.0000   0.1536   0.0000   0.0000   0.0000
   0.0162   0.0000   0.0000   0.0000  -0.0356   0.0000   0.0000  -0.0083   0.0000   0.0000   0.0000   0.1586   0.0000   0.0000
   0.0000  -0.0491   0.0000   0.0000   0.0000   0.0085   0.0000   0.0000  -0.0083   0.0000   0.0000   0.0000   0.2212   0.0000
   0.0000   0.0000  -0.0159   0.0000   0.0000   0.0000   0.0000   0.0000   0.0000  -0.0083   0.0000   0.0000   0.0000   0.1769
************  NKS  ************
 NI=  1 NI_GLOBAL=  1
   0.6631   0.6631   0.6631   0.6631   0.6631   0.6631   0.1776   0.1776   0.1776   0.1776   0.1776   0.1776   0.1776   0.1776
 NELE_LOC TOTAL:
           5.3995952578431030
              CALC_DA_BND takes  0 hours  0 minutes and    0.07 seconds (CPU).
                          takes  0 hours  0 minutes and    0.08 seconds (WALL).
************  DA-  ************
 NI=  1 NI_GLOBAL=  1
  -0.0430  -0.0430  -0.0404  -0.0404  -0.0430  -0.0430  -0.0345  -0.0458  -0.0323  -0.0313  -0.0313  -0.0323  -0.0458  -0.0345
************  DAA  ************
 NI=  1 NI_GLOBAL=  1
  -0.0421  -0.0421  -0.0421  -0.0421  -0.0421  -0.0421  -0.0360  -0.0360  -0.0360  -0.0360  -0.0360  -0.0360  -0.0360  -0.0360
 NI=  1 VDC=    1.3814
************  LA2  ************
 NI=  1 NI_GLOBAL=  1
  -3.2863  -3.2863  -3.2863  -3.2863  -3.2863  -3.2863  -3.2008  -3.2008  -3.2008  -3.2008  -3.2008  -3.2008  -3.2008  -3.2008
 NI=  1 PHI-step gap=  0.17E+00
************  RAA  ************
 NI=  1 NI_GLOBAL=  1
   0.9256   0.9256   0.9256   0.9256   0.9256   0.9256   0.9340   0.9340   0.9340   0.9340   0.9340   0.9340   0.9340   0.9340
************  NC0  ************
 NI=  1 NI_GLOBAL=  1
   0.6631   0.6631   0.6631   0.6631   0.6631   0.6631   0.1776   0.1776   0.1776   0.1776   0.1776   0.1776   0.1776   0.1776
                  CALC_LC takes  0 hours  8 minutes and    2.33 seconds (CPU).
                          takes  0 hours  8 minutes and    2.27 seconds (WALL).
                GUTZ_FCN1 takes  0 hours  8 minutes and    3.13 seconds (CPU).
                          takes  0 hours  8 minutes and    2.72 seconds (WALL).
************  DIF_X  ************
    0.000000000027    0.000000000411
    0.000000000519   -0.000000000379
 ITER1=  4 MAXERR=    0.00000000
 NFJAC=   0
 SOLVE1 FINISHED WITH       4 ITERATIONS.
               GUTZ_SOLVE takes  0 hours 29 minutes and   48.13 seconds (CPU).
                          takes  0 hours 29 minutes and   46.48 seconds (WALL).
 MAX. NELF1 DIFF=    0.00298973
               CALC_PJRHO takes  0 hours  0 minutes and    0.43 seconds (CPU).
                          takes  0 hours  0 minutes and    0.36 seconds (WALL).
 NI=  1 SUM_PHY-SUM_KS=      0.00000000 WOULD BE RENORMALIZED
************  NC1  ************
 NI=  1 NI_GLOBAL=  1
   0.6591   0.6591   0.6591   0.6591   0.6591   0.6591   0.1807   0.1807   0.1807   0.1807   0.1807   0.1807   0.1807   0.1807
               CALC_NCPHY takes  0 hours  0 minutes and   49.67 seconds (CPU).
                          takes  0 hours  0 minutes and   49.58 seconds (WALL).
 GYZ%PJ%EGAMM:
    13.63427
 ENG%GAMM:    13.63427
 ENG%POT2:     3.42067
 EDCLA1(NI) ARRAY:
   -10.148
 EDCUJ(NI) ARRAY:
    -3.371
 EDCUJV(NI) ARRAY:
    -7.459
 EDC(NI) ARRAY:
   -13.519
 ENG%DBLC:   -13.51908
 ENG%DC1 :   -10.14843
 ENG%DC2 :    -3.37065
 ENG%DC2V:    -7.45905
 DC_E_STD_TO_E_V:    -4.08841
 ENG%BAND:    13.52303
 ENG%DL(DEEP LEVEL):    -0.54115
 ENG%TB=    13.63822
 ENG%TB-DC2=    17.00887
 NI=  1 OCC_CONFIG_WEIGHT:
        OCC= 0 WEIGHT=   0.00000
        OCC= 1 WEIGHT=   0.00001
        OCC= 2 WEIGHT=   0.00061
        OCC= 3 WEIGHT=   0.01566
        OCC= 4 WEIGHT=   0.13863
        OCC= 5 WEIGHT=   0.39344
        OCC= 6 WEIGHT=   0.34315
        OCC= 7 WEIGHT=   0.09773
        OCC= 8 WEIGHT=   0.01034
        OCC= 9 WEIGHT=   0.00044
                 CALC_RCW takes  0 hours  0 minutes and    0.00 seconds (CPU).
                          takes  0 hours  0 minutes and    0.00 seconds (WALL).
 NI=  1 J2=   32.0076
                 CALC_SLJ takes  0 hours  0 minutes and    0.00 seconds (CPU).
                          takes  0 hours  0 minutes and    0.00 seconds (WALL).
 NI=  1 ENTANGLEMENT ENTROPY=      7.3185
           CALC_ENTANGLES takes  0 hours  0 minutes and    1.01 seconds (CPU).
                          takes  0 hours  0 minutes and    0.91 seconds (WALL).
 CORRELATED SUBSPACE, SUM_FERWT=      8.0000000 SUM_KSWT=      8.0000000
 MAX OFF DIAGONAL KS.WT=    0.001391
 MAX/MIN R=    0.933988    0.925605
                CALC_KSWT takes  0 hours  0 minutes and    0.01 seconds (CPU).
                          takes  0 hours  0 minutes and    0.00 seconds (WALL).
                    TOTAL takes  0 hours 31 minutes and   41.47 seconds (CPU).
                          takes  0 hours 31 minutes and   38.94 seconds (WALL).
