******Program DMFT: Computes Gloc and Delta for Dynamical Mean Field Theory calculation ******
 CALCULATION WITH COMPLEX VECTORS
 CALCULATION WITH SOC VECTORS REQUIRED
 Running DMFT in mpi mode
  
 numkpt=         726
   0.00000   0.00000   0.00000   1.00000
   0.04762   0.04762   0.00000   4.00000
   0.09524   0.09524   0.00000   4.00000
   0.14286   0.14286   0.00000   4.00000
   0.19048   0.19048   0.00000   4.00000
   0.23810   0.23810   0.00000   4.00000
   0.28571   0.28571   0.00000   4.00000
   0.33333   0.33333   0.00000   4.00000
   0.38095   0.38095   0.00000   4.00000
   0.42857   0.42857   0.00000   4.00000
   0.47619   0.47619   0.00000   4.00000
   0.04762   0.00000   0.04762   8.00000
   0.09524   0.04762   0.04762  16.00000
   0.14286   0.09524   0.04762  16.00000
   0.19048   0.14286   0.04762  16.00000
   0.23810   0.19048   0.04762  16.00000
   0.28571   0.23810   0.04762  16.00000
   0.33333   0.28571   0.04762  16.00000
   0.38095   0.33333   0.04762  16.00000
   0.42857   0.38095   0.04762  16.00000
   0.47619   0.42857   0.04762  16.00000
   0.52381   0.47619   0.04762   8.00000
   0.09524   0.00000   0.09524   8.00000
   0.14286   0.04762   0.09524  16.00000
   0.19048   0.09524   0.09524  16.00000
   0.23810   0.14286   0.09524  16.00000
   0.28571   0.19048   0.09524  16.00000
   0.33333   0.23810   0.09524  16.00000
   0.38095   0.28571   0.09524  16.00000
   0.42857   0.33333   0.09524  16.00000
   0.47619   0.38095   0.09524  16.00000
   0.52381   0.42857   0.09524  16.00000
   1.04762   0.95238   0.09524   8.00000
   0.14286   0.00000   0.14286   8.00000
   0.19048   0.04762   0.14286  16.00000
   0.23810   0.09524   0.14286  16.00000
   0.28571   0.14286   0.14286  16.00000
   0.33333   0.19048   0.14286  16.00000
   0.38095   0.23810   0.14286  16.00000
   0.42857   0.28571   0.14286  16.00000
   0.47619   0.33333   0.14286  16.00000
   0.52381   0.38095   0.14286  16.00000
   0.57143   0.42857   0.14286   8.00000
   1.04762   0.90476   0.14286  16.00000
   0.19048   0.00000   0.19048   8.00000
   0.23810   0.04762   0.19048  16.00000
   0.28571   0.09524   0.19048  16.00000
   0.33333   0.14286   0.19048  16.00000
   0.38095   0.19048   0.19048  16.00000
   0.42857   0.23810   0.19048  16.00000
   0.47619   0.28571   0.19048  16.00000
   0.52381   0.33333   0.19048  16.00000
   0.57143   0.38095   0.19048  16.00000
   1.04762   0.85714   0.19048  16.00000
   1.09524   0.90476   0.19048   8.00000
   0.23810   0.00000   0.23810   8.00000
   0.28571   0.04762   0.23810  16.00000
   0.33333   0.09524   0.23810  16.00000
   0.38095   0.14286   0.23810  16.00000
   0.42857   0.19048   0.23810  16.00000
   0.47619   0.23810   0.23810  16.00000
   0.52381   0.28571   0.23810  16.00000
   0.57143   0.33333   0.23810  16.00000
   0.61905   0.38095   0.23810   8.00000
   1.04762   0.80952   0.23810  16.00000
   1.09524   0.85714   0.23810  16.00000
   0.28571   0.00000   0.28571   8.00000
   0.33333   0.04762   0.28571  16.00000
   0.38095   0.09524   0.28571  16.00000
   0.42857   0.14286   0.28571  16.00000
   0.47619   0.19048   0.28571  16.00000
   0.52381   0.23810   0.28571  16.00000
   0.57143   0.28571   0.28571  16.00000
   0.61905   0.33333   0.28571  16.00000
   1.04762   0.76190   0.28571  16.00000
   1.09524   0.80952   0.28571  16.00000
   1.14286   0.85714   0.28571   8.00000
   0.33333   0.00000   0.33333   8.00000
   0.38095   0.04762   0.33333  16.00000
   0.42857   0.09524   0.33333  16.00000
   0.47619   0.14286   0.33333  16.00000
   0.52381   0.19048   0.33333  16.00000
   0.57143   0.23810   0.33333  16.00000
   0.61905   0.28571   0.33333  16.00000
   0.66667   0.33333   0.33333   8.00000
   1.04762   0.71429   0.33333  16.00000
   1.09524   0.76190   0.33333  16.00000
   1.14286   0.80952   0.33333  16.00000
   0.38095   0.00000   0.38095   8.00000
   0.42857   0.04762   0.38095  16.00000
   0.47619   0.09524   0.38095  16.00000
   0.52381   0.14286   0.38095  16.00000
   0.57143   0.19048   0.38095  16.00000
   0.61905   0.23810   0.38095  16.00000
   0.66667   0.28571   0.38095  16.00000
   1.04762   0.66667   0.38095  16.00000
   1.09524   0.71429   0.38095  16.00000
   1.14286   0.76190   0.38095  16.00000
   1.19048   0.80952   0.38095   8.00000
   0.42857   0.00000   0.42857   8.00000
   0.47619   0.04762   0.42857  16.00000
   0.52381   0.09524   0.42857  16.00000
   0.57143   0.14286   0.42857  16.00000
   0.61905   0.19048   0.42857  16.00000
   0.66667   0.23810   0.42857  16.00000
   0.71429   0.28571   0.42857   8.00000
   1.04762   0.61905   0.42857  16.00000
   1.09524   0.66667   0.42857  16.00000
   1.14286   0.71429   0.42857  16.00000
   1.19048   0.76190   0.42857  16.00000
   0.47619   0.00000   0.47619   8.00000
   0.52381   0.04762   0.47619  16.00000
   0.57143   0.09524   0.47619  16.00000
   0.61905   0.14286   0.47619  16.00000
   0.66667   0.19048   0.47619  16.00000
   0.71429   0.23810   0.47619  16.00000
   1.04762   0.57143   0.47619  16.00000
   1.09524   0.61905   0.47619  16.00000
   1.14286   0.66667   0.47619  16.00000
   1.19048   0.71429   0.47619  16.00000
   1.23810   0.76190   0.47619   8.00000
   0.09524   0.09524   0.09524   8.00000
   0.14286   0.14286   0.09524   8.00000
   0.19048   0.19048   0.09524   8.00000
   0.23810   0.23810   0.09524   8.00000
   0.28571   0.28571   0.09524   8.00000
   0.33333   0.33333   0.09524   8.00000
   0.38095   0.38095   0.09524   8.00000
   0.42857   0.42857   0.09524   8.00000
   0.47619   0.47619   0.09524   8.00000
   1.00000   1.00000   0.09524   2.00000
   0.14286   0.09524   0.14286  16.00000
   0.19048   0.14286   0.14286  16.00000
   0.23810   0.19048   0.14286  16.00000
   0.28571   0.23810   0.14286  16.00000
   0.33333   0.28571   0.14286  16.00000
   0.38095   0.33333   0.14286  16.00000
   0.42857   0.38095   0.14286  16.00000
   0.47619   0.42857   0.14286  16.00000
   0.52381   0.47619   0.14286   8.00000
   1.00000   0.95238   0.14286   8.00000
   0.19048   0.09524   0.19048  16.00000
   0.23810   0.14286   0.19048  16.00000
   0.28571   0.19048   0.19048  16.00000
   0.33333   0.23810   0.19048  16.00000
   0.38095   0.28571   0.19048  16.00000
   0.42857   0.33333   0.19048  16.00000
   0.47619   0.38095   0.19048  16.00000
   0.52381   0.42857   0.19048  16.00000
   1.00000   0.90476   0.19048   8.00000
   1.04762   0.95238   0.19048   8.00000
   0.23810   0.09524   0.23810  16.00000
   0.28571   0.14286   0.23810  16.00000
   0.33333   0.19048   0.23810  16.00000
   0.38095   0.23810   0.23810  16.00000
   0.42857   0.28571   0.23810  16.00000
   0.47619   0.33333   0.23810  16.00000
   0.52381   0.38095   0.23810  16.00000
   0.57143   0.42857   0.23810   8.00000
   1.00000   0.85714   0.23810   8.00000
   1.04762   0.90476   0.23810  16.00000
   0.28571   0.09524   0.28571  16.00000
   0.33333   0.14286   0.28571  16.00000
   0.38095   0.19048   0.28571  16.00000
   0.42857   0.23810   0.28571  16.00000
   0.47619   0.28571   0.28571  16.00000
   0.52381   0.33333   0.28571  16.00000
   0.57143   0.38095   0.28571  16.00000
   1.00000   0.80952   0.28571   8.00000
   1.04762   0.85714   0.28571  16.00000
   1.09524   0.90476   0.28571   8.00000
   0.33333   0.09524   0.33333  16.00000
   0.38095   0.14286   0.33333  16.00000
   0.42857   0.19048   0.33333  16.00000
   0.47619   0.23810   0.33333  16.00000
   0.52381   0.28571   0.33333  16.00000
   0.57143   0.33333   0.33333  16.00000
   0.61905   0.38095   0.33333   8.00000
   1.00000   0.76190   0.33333   8.00000
   1.04762   0.80952   0.33333  16.00000
   1.09524   0.85714   0.33333  16.00000
   0.38095   0.09524   0.38095  16.00000
   0.42857   0.14286   0.38095  16.00000
   0.47619   0.19048   0.38095  16.00000
   0.52381   0.23810   0.38095  16.00000
   0.57143   0.28571   0.38095  16.00000
   0.61905   0.33333   0.38095  16.00000
   1.00000   0.71429   0.38095   8.00000
   1.04762   0.76190   0.38095  16.00000
   1.09524   0.80952   0.38095  16.00000
   1.14286   0.85714   0.38095   8.00000
   0.42857   0.09524   0.42857  16.00000
   0.47619   0.14286   0.42857  16.00000
   0.52381   0.19048   0.42857  16.00000
   0.57143   0.23810   0.42857  16.00000
   0.61905   0.28571   0.42857  16.00000
   0.66667   0.33333   0.42857   8.00000
   1.00000   0.66667   0.42857   8.00000
   1.04762   0.71429   0.42857  16.00000
   1.09524   0.76190   0.42857  16.00000
   1.14286   0.80952   0.42857  16.00000
   0.47619   0.09524   0.47619  16.00000
   0.52381   0.14286   0.47619  16.00000
   0.57143   0.19048   0.47619  16.00000
   0.61905   0.23810   0.47619  16.00000
   0.66667   0.28571   0.47619  16.00000
   1.00000   0.61905   0.47619   8.00000
   1.04762   0.66667   0.47619  16.00000
   1.09524   0.71429   0.47619  16.00000
   1.14286   0.76190   0.47619  16.00000
   1.19048   0.80952   0.47619   8.00000
   0.57143   0.14286   0.52381  16.00000
   0.61905   0.19048   0.52381  16.00000
   0.66667   0.23810   0.52381  16.00000
   0.71429   0.28571   0.52381   8.00000
   1.00000   0.57143   0.52381   8.00000
   1.04762   0.61905   0.52381  16.00000
   1.09524   0.66667   0.52381  16.00000
   1.14286   0.71429   0.52381  16.00000
   1.19048   0.76190   0.52381  16.00000
   0.61905   0.14286   0.57143  16.00000
   0.66667   0.19048   0.57143  16.00000
   0.71429   0.23810   0.57143  16.00000
   1.00000   0.52381   0.57143   8.00000
   1.04762   0.57143   0.57143  16.00000
   1.09524   0.61905   0.57143  16.00000
   1.14286   0.66667   0.57143  16.00000
   1.19048   0.71429   0.57143  16.00000
   1.23810   0.76190   0.57143   8.00000
   0.66667   0.14286   0.61905  16.00000
   0.71429   0.19048   0.61905  16.00000
   0.76190   0.23810   0.61905   8.00000
   1.00000   0.47619   0.61905   8.00000
   1.04762   0.52381   0.61905  16.00000
   1.09524   0.57143   0.61905  16.00000
   1.14286   0.61905   0.61905  16.00000
   1.19048   0.66667   0.61905  16.00000
   1.23810   0.71429   0.61905  16.00000
   0.71429   0.14286   0.66667  16.00000
   0.76190   0.19048   0.66667  16.00000
   1.00000   0.42857   0.66667   8.00000
   1.04762   0.47619   0.66667  16.00000
   1.09524   0.52381   0.66667  16.00000
   1.14286   0.57143   0.66667  16.00000
   1.19048   0.61905   0.66667  16.00000
   1.23810   0.66667   0.66667  16.00000
   1.28571   0.71429   0.66667   8.00000
   0.76190   0.14286   0.71429  16.00000
   0.80952   0.19048   0.71429   8.00000
   1.00000   0.38095   0.71429   8.00000
   1.04762   0.42857   0.71429  16.00000
   1.09524   0.47619   0.71429  16.00000
   1.14286   0.52381   0.71429  16.00000
   1.19048   0.57143   0.71429  16.00000
   1.23810   0.61905   0.71429  16.00000
   1.28571   0.66667   0.71429  16.00000
   0.80952   0.14286   0.76190  16.00000
   1.00000   0.33333   0.76190   8.00000
   1.04762   0.38095   0.76190  16.00000
   1.09524   0.42857   0.76190  16.00000
   1.14286   0.47619   0.76190  16.00000
   1.19048   0.52381   0.76190  16.00000
   1.23810   0.57143   0.76190  16.00000
   1.28571   0.61905   0.76190  16.00000
   1.33333   0.66667   0.76190   8.00000
   0.85714   0.14286   0.80952   8.00000
   1.00000   0.28571   0.80952   8.00000
   1.04762   0.33333   0.80952  16.00000
   1.09524   0.38095   0.80952  16.00000
   1.14286   0.42857   0.80952  16.00000
   1.19048   0.47619   0.80952  16.00000
   1.23810   0.52381   0.80952  16.00000
   1.28571   0.57143   0.80952  16.00000
   1.33333   0.61905   0.80952  16.00000
   1.00000   0.23810   0.85714   8.00000
   1.04762   0.28571   0.85714  16.00000
   1.09524   0.33333   0.85714  16.00000
   1.14286   0.38095   0.85714  16.00000
   1.19048   0.42857   0.85714  16.00000
   1.23810   0.47619   0.85714  16.00000
   1.28571   0.52381   0.85714  16.00000
   1.33333   0.57143   0.85714  16.00000
   1.38095   0.61905   0.85714   8.00000
   1.00000   0.19048   0.90476   8.00000
   1.04762   0.23810   0.90476  16.00000
   1.09524   0.28571   0.90476  16.00000
   1.14286   0.33333   0.90476  16.00000
   1.19048   0.38095   0.90476  16.00000
   1.23810   0.42857   0.90476  16.00000
   1.28571   0.47619   0.90476  16.00000
   1.33333   0.52381   0.90476  16.00000
   1.38095   0.57143   0.90476  16.00000
   1.00000   0.14286   0.95238   8.00000
   1.04762   0.19048   0.95238  16.00000
   1.09524   0.23810   0.95238  16.00000
   1.14286   0.28571   0.95238  16.00000
   1.19048   0.33333   0.95238  16.00000
   1.23810   0.38095   0.95238  16.00000
   1.28571   0.42857   0.95238  16.00000
   1.33333   0.47619   0.95238  16.00000
   1.38095   0.52381   0.95238  16.00000
   1.42857   0.57143   0.95238   8.00000
   1.00000   0.09524   1.00000   4.00000
   1.04762   0.14286   1.00000   8.00000
   1.09524   0.19048   1.00000   8.00000
   1.14286   0.23810   1.00000   8.00000
   1.19048   0.28571   1.00000   8.00000
   1.23810   0.33333   1.00000   8.00000
   1.28571   0.38095   1.00000   8.00000
   1.33333   0.42857   1.00000   8.00000
   1.38095   0.47619   1.00000   8.00000
   1.42857   0.52381   1.00000   8.00000
   0.19048   0.19048   0.19048   8.00000
   0.23810   0.23810   0.19048   8.00000
   0.28571   0.28571   0.19048   8.00000
   0.33333   0.33333   0.19048   8.00000
   0.38095   0.38095   0.19048   8.00000
   0.42857   0.42857   0.19048   8.00000
   0.47619   0.47619   0.19048   8.00000
   1.00000   1.00000   0.19048   2.00000
   0.23810   0.19048   0.23810  16.00000
   0.28571   0.23810   0.23810  16.00000
   0.33333   0.28571   0.23810  16.00000
   0.38095   0.33333   0.23810  16.00000
   0.42857   0.38095   0.23810  16.00000
   0.47619   0.42857   0.23810  16.00000
   0.52381   0.47619   0.23810   8.00000
   1.00000   0.95238   0.23810   8.00000
   0.28571   0.19048   0.28571  16.00000
   0.33333   0.23810   0.28571  16.00000
   0.38095   0.28571   0.28571  16.00000
   0.42857   0.33333   0.28571  16.00000
   0.47619   0.38095   0.28571  16.00000
   0.52381   0.42857   0.28571  16.00000
   1.00000   0.90476   0.28571   8.00000
   1.04762   0.95238   0.28571   8.00000
   0.33333   0.19048   0.33333  16.00000
   0.38095   0.23810   0.33333  16.00000
   0.42857   0.28571   0.33333  16.00000
   0.47619   0.33333   0.33333  16.00000
   0.52381   0.38095   0.33333  16.00000
   0.57143   0.42857   0.33333   8.00000
   1.00000   0.85714   0.33333   8.00000
   1.04762   0.90476   0.33333  16.00000
   0.38095   0.19048   0.38095  16.00000
   0.42857   0.23810   0.38095  16.00000
   0.47619   0.28571   0.38095  16.00000
   0.52381   0.33333   0.38095  16.00000
   0.57143   0.38095   0.38095  16.00000
   1.00000   0.80952   0.38095   8.00000
   1.04762   0.85714   0.38095  16.00000
   1.09524   0.90476   0.38095   8.00000
   0.42857   0.19048   0.42857  16.00000
   0.47619   0.23810   0.42857  16.00000
   0.52381   0.28571   0.42857  16.00000
   0.57143   0.33333   0.42857  16.00000
   0.61905   0.38095   0.42857   8.00000
   1.00000   0.76190   0.42857   8.00000
   1.04762   0.80952   0.42857  16.00000
   1.09524   0.85714   0.42857  16.00000
   0.47619   0.19048   0.47619  16.00000
   0.52381   0.23810   0.47619  16.00000
   0.57143   0.28571   0.47619  16.00000
   0.61905   0.33333   0.47619  16.00000
   1.00000   0.71429   0.47619   8.00000
   1.04762   0.76190   0.47619  16.00000
   1.09524   0.80952   0.47619  16.00000
   1.14286   0.85714   0.47619   8.00000
   0.57143   0.23810   0.52381  16.00000
   0.61905   0.28571   0.52381  16.00000
   0.66667   0.33333   0.52381   8.00000
   1.00000   0.66667   0.52381   8.00000
   1.04762   0.71429   0.52381  16.00000
   1.09524   0.76190   0.52381  16.00000
   1.14286   0.80952   0.52381  16.00000
   0.61905   0.23810   0.57143  16.00000
   0.66667   0.28571   0.57143  16.00000
   1.00000   0.61905   0.57143   8.00000
   1.04762   0.66667   0.57143  16.00000
   1.09524   0.71429   0.57143  16.00000
   1.14286   0.76190   0.57143  16.00000
   1.19048   0.80952   0.57143   8.00000
   0.66667   0.23810   0.61905  16.00000
   0.71429   0.28571   0.61905   8.00000
   1.00000   0.57143   0.61905   8.00000
   1.04762   0.61905   0.61905  16.00000
   1.09524   0.66667   0.61905  16.00000
   1.14286   0.71429   0.61905  16.00000
   1.19048   0.76190   0.61905  16.00000
   0.71429   0.23810   0.66667  16.00000
   1.00000   0.52381   0.66667   8.00000
   1.04762   0.57143   0.66667  16.00000
   1.09524   0.61905   0.66667  16.00000
   1.14286   0.66667   0.66667  16.00000
   1.19048   0.71429   0.66667  16.00000
   1.23810   0.76190   0.66667   8.00000
   0.76190   0.23810   0.71429   8.00000
   1.00000   0.47619   0.71429   8.00000
   1.04762   0.52381   0.71429  16.00000
   1.09524   0.57143   0.71429  16.00000
   1.14286   0.61905   0.71429  16.00000
   1.19048   0.66667   0.71429  16.00000
   1.23810   0.71429   0.71429  16.00000
   1.00000   0.42857   0.76190   8.00000
   1.04762   0.47619   0.76190  16.00000
   1.09524   0.52381   0.76190  16.00000
   1.14286   0.57143   0.76190  16.00000
   1.19048   0.61905   0.76190  16.00000
   1.23810   0.66667   0.76190  16.00000
   1.28571   0.71429   0.76190   8.00000
   1.00000   0.38095   0.80952   8.00000
   1.04762   0.42857   0.80952  16.00000
   1.09524   0.47619   0.80952  16.00000
   1.14286   0.52381   0.80952  16.00000
   1.19048   0.57143   0.80952  16.00000
   1.23810   0.61905   0.80952  16.00000
   1.28571   0.66667   0.80952  16.00000
   1.00000   0.33333   0.85714   8.00000
   1.04762   0.38095   0.85714  16.00000
   1.09524   0.42857   0.85714  16.00000
   1.14286   0.47619   0.85714  16.00000
   1.19048   0.52381   0.85714  16.00000
   1.23810   0.57143   0.85714  16.00000
   1.28571   0.61905   0.85714  16.00000
   1.33333   0.66667   0.85714   8.00000
   1.00000   0.28571   0.90476   8.00000
   1.04762   0.33333   0.90476  16.00000
   1.09524   0.38095   0.90476  16.00000
   1.14286   0.42857   0.90476  16.00000
   1.19048   0.47619   0.90476  16.00000
   1.23810   0.52381   0.90476  16.00000
   1.28571   0.57143   0.90476  16.00000
   1.33333   0.61905   0.90476  16.00000
   1.00000   0.23810   0.95238   8.00000
   1.04762   0.28571   0.95238  16.00000
   1.09524   0.33333   0.95238  16.00000
   1.14286   0.38095   0.95238  16.00000
   1.19048   0.42857   0.95238  16.00000
   1.23810   0.47619   0.95238  16.00000
   1.28571   0.52381   0.95238  16.00000
   1.33333   0.57143   0.95238  16.00000
   1.38095   0.61905   0.95238   8.00000
   1.00000   0.19048   1.00000   4.00000
   1.04762   0.23810   1.00000   8.00000
   1.09524   0.28571   1.00000   8.00000
   1.14286   0.33333   1.00000   8.00000
   1.19048   0.38095   1.00000   8.00000
   1.23810   0.42857   1.00000   8.00000
   1.28571   0.47619   1.00000   8.00000
   1.33333   0.52381   1.00000   8.00000
   1.38095   0.57143   1.00000   8.00000
   0.28571   0.28571   0.28571   8.00000
   0.33333   0.33333   0.28571   8.00000
   0.38095   0.38095   0.28571   8.00000
   0.42857   0.42857   0.28571   8.00000
   0.47619   0.47619   0.28571   8.00000
   1.00000   1.00000   0.28571   2.00000
   0.33333   0.28571   0.33333  16.00000
   0.38095   0.33333   0.33333  16.00000
   0.42857   0.38095   0.33333  16.00000
   0.47619   0.42857   0.33333  16.00000
   0.52381   0.47619   0.33333   8.00000
   1.00000   0.95238   0.33333   8.00000
   0.38095   0.28571   0.38095  16.00000
   0.42857   0.33333   0.38095  16.00000
   0.47619   0.38095   0.38095  16.00000
   0.52381   0.42857   0.38095  16.00000
   1.00000   0.90476   0.38095   8.00000
   1.04762   0.95238   0.38095   8.00000
   0.42857   0.28571   0.42857  16.00000
   0.47619   0.33333   0.42857  16.00000
   0.52381   0.38095   0.42857  16.00000
   0.57143   0.42857   0.42857   8.00000
   1.00000   0.85714   0.42857   8.00000
   1.04762   0.90476   0.42857  16.00000
   0.47619   0.28571   0.47619  16.00000
   0.52381   0.33333   0.47619  16.00000
   0.57143   0.38095   0.47619  16.00000
   1.00000   0.80952   0.47619   8.00000
   1.04762   0.85714   0.47619  16.00000
   1.09524   0.90476   0.47619   8.00000
   0.57143   0.33333   0.52381  16.00000
   0.61905   0.38095   0.52381   8.00000
   1.00000   0.76190   0.52381   8.00000
   1.04762   0.80952   0.52381  16.00000
   1.09524   0.85714   0.52381  16.00000
   0.61905   0.33333   0.57143  16.00000
   1.00000   0.71429   0.57143   8.00000
   1.04762   0.76190   0.57143  16.00000
   1.09524   0.80952   0.57143  16.00000
   1.14286   0.85714   0.57143   8.00000
   0.66667   0.33333   0.61905   8.00000
   1.00000   0.66667   0.61905   8.00000
   1.04762   0.71429   0.61905  16.00000
   1.09524   0.76190   0.61905  16.00000
   1.14286   0.80952   0.61905  16.00000
   1.00000   0.61905   0.66667   8.00000
   1.04762   0.66667   0.66667  16.00000
   1.09524   0.71429   0.66667  16.00000
   1.14286   0.76190   0.66667  16.00000
   1.19048   0.80952   0.66667   8.00000
   1.00000   0.57143   0.71429   8.00000
   1.04762   0.61905   0.71429  16.00000
   1.09524   0.66667   0.71429  16.00000
   1.14286   0.71429   0.71429  16.00000
   1.19048   0.76190   0.71429  16.00000
   1.00000   0.52381   0.76190   8.00000
   1.04762   0.57143   0.76190  16.00000
   1.09524   0.61905   0.76190  16.00000
   1.14286   0.66667   0.76190  16.00000
   1.19048   0.71429   0.76190  16.00000
   1.23810   0.76190   0.76190   8.00000
   1.00000   0.47619   0.80952   8.00000
   1.04762   0.52381   0.80952  16.00000
   1.09524   0.57143   0.80952  16.00000
   1.14286   0.61905   0.80952  16.00000
   1.19048   0.66667   0.80952  16.00000
   1.23810   0.71429   0.80952  16.00000
   1.00000   0.42857   0.85714   8.00000
   1.04762   0.47619   0.85714  16.00000
   1.09524   0.52381   0.85714  16.00000
   1.14286   0.57143   0.85714  16.00000
   1.19048   0.61905   0.85714  16.00000
   1.23810   0.66667   0.85714  16.00000
   1.28571   0.71429   0.85714   8.00000
   1.00000   0.38095   0.90476   8.00000
   1.04762   0.42857   0.90476  16.00000
   1.09524   0.47619   0.90476  16.00000
   1.14286   0.52381   0.90476  16.00000
   1.19048   0.57143   0.90476  16.00000
   1.23810   0.61905   0.90476  16.00000
   1.28571   0.66667   0.90476  16.00000
   1.00000   0.33333   0.95238   8.00000
   1.04762   0.38095   0.95238  16.00000
   1.09524   0.42857   0.95238  16.00000
   1.14286   0.47619   0.95238  16.00000
   1.19048   0.52381   0.95238  16.00000
   1.23810   0.57143   0.95238  16.00000
   1.28571   0.61905   0.95238  16.00000
   1.33333   0.66667   0.95238   8.00000
   1.00000   0.28571   1.00000   4.00000
   1.04762   0.33333   1.00000   8.00000
   1.09524   0.38095   1.00000   8.00000
   1.14286   0.42857   1.00000   8.00000
   1.19048   0.47619   1.00000   8.00000
   1.23810   0.52381   1.00000   8.00000
   1.28571   0.57143   1.00000   8.00000
   1.33333   0.61905   1.00000   8.00000
   0.38095   0.38095   0.38095   8.00000
   0.42857   0.42857   0.38095   8.00000
   0.47619   0.47619   0.38095   8.00000
   1.00000   1.00000   0.38095   2.00000
   0.42857   0.38095   0.42857  16.00000
   0.47619   0.42857   0.42857  16.00000
   0.52381   0.47619   0.42857   8.00000
   1.00000   0.95238   0.42857   8.00000
   0.47619   0.38095   0.47619  16.00000
   0.52381   0.42857   0.47619  16.00000
   1.00000   0.90476   0.47619   8.00000
   1.04762   0.95238   0.47619   8.00000
   0.57143   0.42857   0.52381   8.00000
   1.00000   0.85714   0.52381   8.00000
   1.04762   0.90476   0.52381  16.00000
   1.00000   0.80952   0.57143   8.00000
   1.04762   0.85714   0.57143  16.00000
   1.09524   0.90476   0.57143   8.00000
   1.00000   0.76190   0.61905   8.00000
   1.04762   0.80952   0.61905  16.00000
   1.09524   0.85714   0.61905  16.00000
   1.00000   0.71429   0.66667   8.00000
   1.04762   0.76190   0.66667  16.00000
   1.09524   0.80952   0.66667  16.00000
   1.14286   0.85714   0.66667   8.00000
   1.00000   0.66667   0.71429   8.00000
   1.04762   0.71429   0.71429  16.00000
   1.09524   0.76190   0.71429  16.00000
   1.14286   0.80952   0.71429  16.00000
   1.00000   0.61905   0.76190   8.00000
   1.04762   0.66667   0.76190  16.00000
   1.09524   0.71429   0.76190  16.00000
   1.14286   0.76190   0.76190  16.00000
   1.19048   0.80952   0.76190   8.00000
   1.00000   0.57143   0.80952   8.00000
   1.04762   0.61905   0.80952  16.00000
   1.09524   0.66667   0.80952  16.00000
   1.14286   0.71429   0.80952  16.00000
   1.19048   0.76190   0.80952  16.00000
   1.00000   0.52381   0.85714   8.00000
   1.04762   0.57143   0.85714  16.00000
   1.09524   0.61905   0.85714  16.00000
   1.14286   0.66667   0.85714  16.00000
   1.19048   0.71429   0.85714  16.00000
   1.23810   0.76190   0.85714   8.00000
   1.00000   0.47619   0.90476   8.00000
   1.04762   0.52381   0.90476  16.00000
   1.09524   0.57143   0.90476  16.00000
   1.14286   0.61905   0.90476  16.00000
   1.19048   0.66667   0.90476  16.00000
   1.23810   0.71429   0.90476  16.00000
   1.00000   0.42857   0.95238   8.00000
   1.04762   0.47619   0.95238  16.00000
   1.09524   0.52381   0.95238  16.00000
   1.14286   0.57143   0.95238  16.00000
   1.19048   0.61905   0.95238  16.00000
   1.23810   0.66667   0.95238  16.00000
   1.28571   0.71429   0.95238   8.00000
   1.00000   0.38095   1.00000   4.00000
   1.04762   0.42857   1.00000   8.00000
   1.09524   0.47619   1.00000   8.00000
   1.14286   0.52381   1.00000   8.00000
   1.19048   0.57143   1.00000   8.00000
   1.23810   0.61905   1.00000   8.00000
   1.28571   0.66667   1.00000   8.00000
   0.47619   0.47619   0.47619   8.00000
   1.00000   1.00000   0.47619   2.00000
   1.00000   0.95238   0.52381   8.00000
   1.00000   0.90476   0.57143   8.00000
   1.04762   0.95238   0.57143   8.00000
   1.00000   0.85714   0.61905   8.00000
   1.04762   0.90476   0.61905  16.00000
   1.00000   0.80952   0.66667   8.00000
   1.04762   0.85714   0.66667  16.00000
   1.09524   0.90476   0.66667   8.00000
   1.00000   0.76190   0.71429   8.00000
   1.04762   0.80952   0.71429  16.00000
   1.09524   0.85714   0.71429  16.00000
   1.00000   0.71429   0.76190   8.00000
   1.04762   0.76190   0.76190  16.00000
   1.09524   0.80952   0.76190  16.00000
   1.14286   0.85714   0.76190   8.00000
   1.00000   0.66667   0.80952   8.00000
   1.04762   0.71429   0.80952  16.00000
   1.09524   0.76190   0.80952  16.00000
   1.14286   0.80952   0.80952  16.00000
   1.00000   0.61905   0.85714   8.00000
   1.04762   0.66667   0.85714  16.00000
   1.09524   0.71429   0.85714  16.00000
   1.14286   0.76190   0.85714  16.00000
   1.19048   0.80952   0.85714   8.00000
   1.00000   0.57143   0.90476   8.00000
   1.04762   0.61905   0.90476  16.00000
   1.09524   0.66667   0.90476  16.00000
   1.14286   0.71429   0.90476  16.00000
   1.19048   0.76190   0.90476  16.00000
   1.00000   0.52381   0.95238   8.00000
   1.04762   0.57143   0.95238  16.00000
   1.09524   0.61905   0.95238  16.00000
   1.14286   0.66667   0.95238  16.00000
   1.19048   0.71429   0.95238  16.00000
   1.23810   0.76190   0.95238   8.00000
   1.00000   0.47619   1.00000   4.00000
   1.04762   0.52381   1.00000   8.00000
   1.09524   0.57143   1.00000   8.00000
   1.14286   0.61905   1.00000   8.00000
   1.19048   0.66667   1.00000   8.00000
   1.23810   0.71429   1.00000   8.00000
   1.00000   1.00000   0.57143   2.00000
   1.00000   0.95238   0.61905   8.00000
   1.00000   0.90476   0.66667   8.00000
   1.04762   0.95238   0.66667   8.00000
   1.00000   0.85714   0.71429   8.00000
   1.04762   0.90476   0.71429  16.00000
   1.00000   0.80952   0.76190   8.00000
   1.04762   0.85714   0.76190  16.00000
   1.09524   0.90476   0.76190   8.00000
   1.00000   0.76190   0.80952   8.00000
   1.04762   0.80952   0.80952  16.00000
   1.09524   0.85714   0.80952  16.00000
   1.00000   0.71429   0.85714   8.00000
   1.04762   0.76190   0.85714  16.00000
   1.09524   0.80952   0.85714  16.00000
   1.14286   0.85714   0.85714   8.00000
   1.00000   0.66667   0.90476   8.00000
   1.04762   0.71429   0.90476  16.00000
   1.09524   0.76190   0.90476  16.00000
   1.14286   0.80952   0.90476  16.00000
   1.00000   0.61905   0.95238   8.00000
   1.04762   0.66667   0.95238  16.00000
   1.09524   0.71429   0.95238  16.00000
   1.14286   0.76190   0.95238  16.00000
   1.19048   0.80952   0.95238   8.00000
   1.00000   0.57143   1.00000   4.00000
   1.04762   0.61905   1.00000   8.00000
   1.09524   0.66667   1.00000   8.00000
   1.14286   0.71429   1.00000   8.00000
   1.19048   0.76190   1.00000   8.00000
   1.00000   1.00000   0.66667   2.00000
   1.00000   0.95238   0.71429   8.00000
   1.00000   0.90476   0.76190   8.00000
   1.04762   0.95238   0.76190   8.00000
   1.00000   0.85714   0.80952   8.00000
   1.04762   0.90476   0.80952  16.00000
   1.00000   0.80952   0.85714   8.00000
   1.04762   0.85714   0.85714  16.00000
   1.09524   0.90476   0.85714   8.00000
   1.00000   0.76190   0.90476   8.00000
   1.04762   0.80952   0.90476  16.00000
   1.09524   0.85714   0.90476  16.00000
   1.00000   0.71429   0.95238   8.00000
   1.04762   0.76190   0.95238  16.00000
   1.09524   0.80952   0.95238  16.00000
   1.14286   0.85714   0.95238   8.00000
   1.00000   0.66667   1.00000   4.00000
   1.04762   0.71429   1.00000   8.00000
   1.09524   0.76190   1.00000   8.00000
   1.14286   0.80952   1.00000   8.00000
   1.00000   1.00000   0.76190   2.00000
   1.00000   0.95238   0.80952   8.00000
   1.00000   0.90476   0.85714   8.00000
   1.04762   0.95238   0.85714   8.00000
   1.00000   0.85714   0.90476   8.00000
   1.04762   0.90476   0.90476  16.00000
   1.00000   0.80952   0.95238   8.00000
   1.04762   0.85714   0.95238  16.00000
   1.09524   0.90476   0.95238   8.00000
   1.00000   0.76190   1.00000   4.00000
   1.04762   0.80952   1.00000   8.00000
   1.09524   0.85714   1.00000   8.00000
   1.00000   1.00000   0.85714   2.00000
   1.00000   0.95238   0.90476   8.00000
   1.00000   0.90476   0.95238   8.00000
   1.04762   0.95238   0.95238   8.00000
   1.00000   0.85714   1.00000   4.00000
   1.04762   0.90476   1.00000   8.00000
   1.00000   1.00000   0.95238   2.00000
   1.00000   0.95238   1.00000   4.00000




                              --------------------------------------------------
                                 S T R U C T U R A L   I N F O R M A T I O N
                              --------------------------------------------------


   SUBSTANCE                    = tetragonal body-centered  (delta')                                              

   LATTICE                      = B   
   LATTICE CONSTANTS ARE        =    5.8250910   5.8250910   7.7563200
   NUMBER OF ATOMS IN UNITCELL  =   1
   MODE OF CALCULATION IS       = RELA
 IORD=          16
 FNAMES=
 ./deltaprime_Pu_5.vectorso_1                                                   
                                                                                
                                           
 ./deltaprime_Pu_5.vectorsodn_1                                                 
                                                                                
                                           
 deltaprime_Pu_5.energyso_1                                                     
                                                                                
                                           
 deltaprime_Pu_5.energysodn_1                                                   
                                                                                
                                           
  BR1,  BR2
   1.07864   0.00000   0.00000      0.00000   1.07864   1.07864
   0.00000   1.07864   0.00000      1.07864   0.00000   1.07864
   0.00000   0.00000   0.81007      0.81007   0.81007   0.00000
 projector corrected--must be 1,2, or 3! Now projector= 2
 Energy window:   -0.4410 < E <      0.441
 Projected density of states calculation for  1 atoms
--------- atom  1 -------------
l=  3  qsplit=  4
 Symmetrization over eq. k-points is performed
 ********** Start Reading Cix file *************
  Correlated block number           1
  Correlated index=
  1  0  0  0  0  0  0  0  0  0  0  0  0  0
  0  1  0  0  0  0  0  0  0  0  0  0  0  0
  0  0  1  0  0  0  0  0  0  0  0  0  0  0
  0  0  0  1  0  0  0  0  0  0  0  0  0  0
  0  0  0  0  1  0  0  0  0  0  0  0  0  0
  0  0  0  0  0  1  0  0  0  0  0  0  0  0
  0  0  0  0  0  0  2  0  0  0  0  0  0  0
  0  0  0  0  0  0  0  2  0  0  0  0  0  0
  0  0  0  0  0  0  0  0  2  0  0  0  0  0
  0  0  0  0  0  0  0  0  0  2  0  0  0  0
  0  0  0  0  0  0  0  0  0  0  2  0  0  0
  0  0  0  0  0  0  0  0  0  0  0  2  0  0
  0  0  0  0  0  0  0  0  0  0  0  0  2  0
  0  0  0  0  0  0  0  0  0  0  0  0  0  2
  Real part of unitary matrix=
  0.9258  0.0000  0.0000  0.0000  0.0000  0.0000  0.0000  0.0000 -0.3780  0.0000  0.0000  0.0000  0.0000  0.0000
  0.0000  0.8452  0.0000  0.0000  0.0000  0.0000  0.0000  0.0000  0.0000 -0.5345  0.0000  0.0000  0.0000  0.0000
  0.0000  0.0000  0.7559  0.0000  0.0000  0.0000  0.0000  0.0000  0.0000  0.0000 -0.6547  0.0000  0.0000  0.0000
  0.0000  0.0000  0.0000  0.6547  0.0000  0.0000  0.0000  0.0000  0.0000  0.0000  0.0000 -0.7559  0.0000  0.0000
  0.0000  0.0000  0.0000  0.0000  0.5345  0.0000  0.0000  0.0000  0.0000  0.0000  0.0000  0.0000 -0.8452  0.0000
  0.0000  0.0000  0.0000  0.0000  0.0000  0.3780  0.0000  0.0000  0.0000  0.0000  0.0000  0.0000  0.0000 -0.9258
  0.0000  0.0000  0.0000  0.0000  0.0000  0.0000  0.0000  1.0000  0.0000  0.0000  0.0000  0.0000  0.0000  0.0000
  0.3780  0.0000  0.0000  0.0000  0.0000  0.0000  0.0000  0.0000  0.9258  0.0000  0.0000  0.0000  0.0000  0.0000
  0.0000  0.5345  0.0000  0.0000  0.0000  0.0000  0.0000  0.0000  0.0000  0.8452  0.0000  0.0000  0.0000  0.0000
  0.0000  0.0000  0.6547  0.0000  0.0000  0.0000  0.0000  0.0000  0.0000  0.0000  0.7559  0.0000  0.0000  0.0000
  0.0000  0.0000  0.0000  0.7559  0.0000  0.0000  0.0000  0.0000  0.0000  0.0000  0.0000  0.6547  0.0000  0.0000
  0.0000  0.0000  0.0000  0.0000  0.8452  0.0000  0.0000  0.0000  0.0000  0.0000  0.0000  0.0000  0.5345  0.0000
  0.0000  0.0000  0.0000  0.0000  0.0000  0.9258  0.0000  0.0000  0.0000  0.0000  0.0000  0.0000  0.0000  0.3780
  0.0000  0.0000  0.0000  0.0000  0.0000  0.0000  1.0000  0.0000  0.0000  0.0000  0.0000  0.0000  0.0000  0.0000
  Imaginary part of unitary matrix=
  0.0000  0.0000  0.0000  0.0000  0.0000  0.0000  0.0000  0.0000  0.0000  0.0000  0.0000  0.0000  0.0000  0.0000
  0.0000  0.0000  0.0000  0.0000  0.0000  0.0000  0.0000  0.0000  0.0000  0.0000  0.0000  0.0000  0.0000  0.0000
  0.0000  0.0000  0.0000  0.0000  0.0000  0.0000  0.0000  0.0000  0.0000  0.0000  0.0000  0.0000  0.0000  0.0000
  0.0000  0.0000  0.0000  0.0000  0.0000  0.0000  0.0000  0.0000  0.0000  0.0000  0.0000  0.0000  0.0000  0.0000
  0.0000  0.0000  0.0000  0.0000  0.0000  0.0000  0.0000  0.0000  0.0000  0.0000  0.0000  0.0000  0.0000  0.0000
  0.0000  0.0000  0.0000  0.0000  0.0000  0.0000  0.0000  0.0000  0.0000  0.0000  0.0000  0.0000  0.0000  0.0000
  0.0000  0.0000  0.0000  0.0000  0.0000  0.0000  0.0000  0.0000  0.0000  0.0000  0.0000  0.0000  0.0000  0.0000
  0.0000  0.0000  0.0000  0.0000  0.0000  0.0000  0.0000  0.0000  0.0000  0.0000  0.0000  0.0000  0.0000  0.0000
  0.0000  0.0000  0.0000  0.0000  0.0000  0.0000  0.0000  0.0000  0.0000  0.0000  0.0000  0.0000  0.0000  0.0000
  0.0000  0.0000  0.0000  0.0000  0.0000  0.0000  0.0000  0.0000  0.0000  0.0000  0.0000  0.0000  0.0000  0.0000
  0.0000  0.0000  0.0000  0.0000  0.0000  0.0000  0.0000  0.0000  0.0000  0.0000  0.0000  0.0000  0.0000  0.0000
  0.0000  0.0000  0.0000  0.0000  0.0000  0.0000  0.0000  0.0000  0.0000  0.0000  0.0000  0.0000  0.0000  0.0000
  0.0000  0.0000  0.0000  0.0000  0.0000  0.0000  0.0000  0.0000  0.0000  0.0000  0.0000  0.0000  0.0000  0.0000
  0.0000  0.0000  0.0000  0.0000  0.0000  0.0000  0.0000  0.0000  0.0000  0.0000  0.0000  0.0000  0.0000  0.0000
  At least one transformation matrix is not Identity
 Magnetic system with s-o coupling; M theta, phi:  0.0000  0.0000
 Inside ROTDEF
Operation  1 transforms atom   1 from first atom   1
Actual position of atom  1 is:  0.000000    0.000000    0.000000
 
Combined transformation (acting on k-point) for correlated atoms
including users rotation and internal local rotation
catom  1 atom   1
   1.07864   0.00000   0.00000
   0.00000  -1.07864   0.00000
   0.00000   0.00000  -0.81007
 
 
 SPIN COORD SYSTEM:
    1.000000    0.000000    0.000000
    0.000000    1.000000    0.000000
    0.000000    0.000000    1.000000
 
 in global cartezian coordinates:
    1.000000    0.000000    0.000000
    0.000000   -1.000000    0.000000
    0.000000    0.000000   -1.000000
 ____________________________
 in spin coordinates:
    1.000000    0.000000    0.000000
    0.000000   -1.000000    0.000000
    0.000000    0.000000   -1.000000
           1   3.14159265358979       -1.00000000000000     
 
 in global cartezian coordinates:
    0.000000    1.000000    0.000000
   -1.000000    0.000000    0.000000
    0.000000    0.000000   -1.000000
 ____________________________
 in spin coordinates:
    0.000000    1.000000    0.000000
   -1.000000    0.000000    0.000000
    0.000000    0.000000   -1.000000
           2   1.57079632679490        1.00000000000000     
 
 in global cartezian coordinates:
   -1.000000    0.000000    0.000000
    0.000000   -1.000000    0.000000
    0.000000    0.000000   -1.000000
 ____________________________
 in spin coordinates:
   -1.000000    0.000000    0.000000
    0.000000   -1.000000    0.000000
    0.000000    0.000000   -1.000000
           3  0.000000000000000E+000   1.00000000000000     
 
 in global cartezian coordinates:
    0.000000    1.000000    0.000000
    1.000000    0.000000    0.000000
    0.000000    0.000000   -1.000000
 ____________________________
 in spin coordinates:
    0.000000    1.000000    0.000000
    1.000000    0.000000    0.000000
    0.000000    0.000000   -1.000000
           4   1.57079632679490       -1.00000000000000     
 
 in global cartezian coordinates:
    0.000000   -1.000000    0.000000
   -1.000000    0.000000    0.000000
    0.000000    0.000000   -1.000000
 ____________________________
 in spin coordinates:
    0.000000   -1.000000    0.000000
   -1.000000    0.000000    0.000000
    0.000000    0.000000   -1.000000
           5   4.71238898038469       -1.00000000000000     
 
 in global cartezian coordinates:
    1.000000    0.000000    0.000000
    0.000000    1.000000    0.000000
    0.000000    0.000000   -1.000000
 ____________________________
 in spin coordinates:
    1.000000    0.000000    0.000000
    0.000000    1.000000    0.000000
    0.000000    0.000000   -1.000000
           6   3.14159274101257        1.00000000000000     
 
 in global cartezian coordinates:
    1.000000    0.000000    0.000000
    0.000000   -1.000000    0.000000
    0.000000    0.000000    1.000000
 ____________________________
 in spin coordinates:
    1.000000    0.000000    0.000000
    0.000000   -1.000000    0.000000
    0.000000    0.000000    1.000000
           7   6.28318539460237       -1.00000000000000     
 
 in global cartezian coordinates:
    0.000000    1.000000    0.000000
   -1.000000    0.000000    0.000000
    0.000000    0.000000    1.000000
 ____________________________
 in spin coordinates:
    0.000000    1.000000    0.000000
   -1.000000    0.000000    0.000000
    0.000000    0.000000    1.000000
           8  -1.57079632679490        1.00000000000000     
 
 in global cartezian coordinates:
    0.000000   -1.000000    0.000000
    1.000000    0.000000    0.000000
    0.000000    0.000000   -1.000000
 ____________________________
 in spin coordinates:
    0.000000   -1.000000    0.000000
    1.000000    0.000000    0.000000
    0.000000    0.000000   -1.000000
           9  -1.57079632679490        1.00000000000000     
 
 in global cartezian coordinates:
   -1.000000    0.000000    0.000000
    0.000000    1.000000    0.000000
    0.000000    0.000000   -1.000000
 ____________________________
 in spin coordinates:
   -1.000000    0.000000    0.000000
    0.000000    1.000000    0.000000
    0.000000    0.000000   -1.000000
          10   6.28318539460237       -1.00000000000000     
 
 in global cartezian coordinates:
   -1.000000    0.000000    0.000000
    0.000000   -1.000000    0.000000
    0.000000    0.000000    1.000000
 ____________________________
 in spin coordinates:
   -1.000000    0.000000    0.000000
    0.000000   -1.000000    0.000000
    0.000000    0.000000    1.000000
          11   3.14159274101257        1.00000000000000     
 
 in global cartezian coordinates:
    0.000000    1.000000    0.000000
    1.000000    0.000000    0.000000
    0.000000    0.000000    1.000000
 ____________________________
 in spin coordinates:
    0.000000    1.000000    0.000000
    1.000000    0.000000    0.000000
    0.000000    0.000000    1.000000
          12   4.71238898038469       -1.00000000000000     
 
 in global cartezian coordinates:
    0.000000   -1.000000    0.000000
   -1.000000    0.000000    0.000000
    0.000000    0.000000    1.000000
 ____________________________
 in spin coordinates:
    0.000000   -1.000000    0.000000
   -1.000000    0.000000    0.000000
    0.000000    0.000000    1.000000
          13   1.57079632679490       -1.00000000000000     
 
 in global cartezian coordinates:
    1.000000    0.000000    0.000000
    0.000000    1.000000    0.000000
    0.000000    0.000000    1.000000
 ____________________________
 in spin coordinates:
    1.000000    0.000000    0.000000
    0.000000    1.000000    0.000000
    0.000000    0.000000    1.000000
          14  0.000000000000000E+000   1.00000000000000     
 
 in global cartezian coordinates:
    0.000000   -1.000000    0.000000
    1.000000    0.000000    0.000000
    0.000000    0.000000    1.000000
 ____________________________
 in spin coordinates:
    0.000000   -1.000000    0.000000
    1.000000    0.000000    0.000000
    0.000000    0.000000    1.000000
          15   1.57079632679490        1.00000000000000     
 
 in global cartezian coordinates:
   -1.000000    0.000000    0.000000
    0.000000    1.000000    0.000000
    0.000000    0.000000    1.000000
 ____________________________
 in spin coordinates:
   -1.000000    0.000000    0.000000
    0.000000    1.000000    0.000000
    0.000000    0.000000    1.000000
          16   3.14159265358979       -1.00000000000000     
 
 FNAME=
 deltaprime_Pu_5.energyso_1                                                     
                                                                                
                                                     60
 FNAME=
 deltaprime_Pu_5.energysodn_1                                                   
                                                                                
                                                     59
 BZ-integration with TETRA-program.   icor=: 1
 Equal occupancy of degenerate states, tol=: 0.1E-05
 call eord...
 call dos...
 ILOOP            1
   FERMI ENERGY AT    1.50496160784174     
 RESULT OF INTEGRATION:      15.999992067425; SHOULD BE:      15.999999999900
 call eweigh...
   number of occupied bands:          18
   highest energy:   1.51809868390295     
 FERMI-LDA=   1.505 Ryd,  20.476 eV.
 ABSOLUTE EMIN=   1.064 Ryd.  14.476 eV.
 ABSOLUTE EMAX=   1.946 Ryd.  26.476 eV.


:NLDA  : NUMBER OF ELECTRONS          =  16.000

:FLDA  : F E R M I - ENERGY           =   1.50496
 
 ********** Information about the atomic index arrays ************
 iatom=           1
 isort=           1
 csort=           1
 maxucase=           1
icase, iucase, jatom, latom=     1     1     1     1
 
 *****  Arrays for correlated blocks ******
 norbitals=           1
 maxdim2=          14
iorbital( 1, 1)=   1
cix( 1, 1)=   1
icase,lcase,icix,iorb,nind1,ip1,iSx=    1    1    1    1   14    1    1
icase,lcase,icix,iorb,nind1,ip1,iSx=    1    1    1    1   14    2    2
icase,lcase,icix,iorb,nind1,ip1,iSx=    1    1    1    1   14    3    3
icase,lcase,icix,iorb,nind1,ip1,iSx=    1    1    1    1   14    4    4
icase,lcase,icix,iorb,nind1,ip1,iSx=    1    1    1    1   14    5    5
icase,lcase,icix,iorb,nind1,ip1,iSx=    1    1    1    1   14    6    6
icase,lcase,icix,iorb,nind1,ip1,iSx=    1    1    1    1   14    7    7
icase,lcase,icix,iorb,nind1,ip1,iSx=    1    1    1    1   14    8    8
icase,lcase,icix,iorb,nind1,ip1,iSx=    1    1    1    1   14    9    9
icase,lcase,icix,iorb,nind1,ip1,iSx=    1    1    1    1   14   10   10
icase,lcase,icix,iorb,nind1,ip1,iSx=    1    1    1    1   14   11   11
icase,lcase,icix,iorb,nind1,ip1,iSx=    1    1    1    1   14   12   12
icase,lcase,icix,iorb,nind1,ip1,iSx=    1    1    1    1   14   13   13
icase,lcase,icix,iorb,nind1,ip1,iSx=    1    1    1    1   14   14   14
cixdim( 1)=14
noccur( 1, 1)=   6
noccur( 2, 1)=   8
iSx( 1, 1)=  1
iSx( 2, 1)=  2
iSx( 3, 1)=  3
iSx( 4, 1)=  4
iSx( 5, 1)=  5
iSx( 6, 1)=  6
iSx( 7, 1)=  7
iSx( 8, 1)=  8
iSx( 9, 1)=  9
iSx(10, 1)= 10
iSx(11, 1)= 11
iSx(12, 1)= 12
iSx(13, 1)= 13
iSx(14, 1)= 14
nindo( 1)= 14
CF for iorb1= 1 iorb2= 1
    0.92582010     0.00000000       0.00000000     0.00000000       0.00000000     0.00000000       0.00000000     0.00000000       0.00000000     0.00000000       0.00000000     0.00000000       0.00000000     0.00000000       0.00000000     0.00000000      -0.37796447     0.00000000       0.00000000     0.00000000       0.00000000     0.00000000       0.00000000     0.00000000       0.00000000     0.00000000       0.00000000     0.00000000   
    0.00000000     0.00000000       0.84515425     0.00000000       0.00000000     0.00000000       0.00000000     0.00000000       0.00000000     0.00000000       0.00000000     0.00000000       0.00000000     0.00000000       0.00000000     0.00000000       0.00000000     0.00000000      -0.53452248     0.00000000       0.00000000     0.00000000       0.00000000     0.00000000       0.00000000     0.00000000       0.00000000     0.00000000   
    0.00000000     0.00000000       0.00000000     0.00000000       0.75592895     0.00000000       0.00000000     0.00000000       0.00000000     0.00000000       0.00000000     0.00000000       0.00000000     0.00000000       0.00000000     0.00000000       0.00000000     0.00000000       0.00000000     0.00000000      -0.65465367     0.00000000       0.00000000     0.00000000       0.00000000     0.00000000       0.00000000     0.00000000   
    0.00000000     0.00000000       0.00000000     0.00000000       0.00000000     0.00000000       0.65465367     0.00000000       0.00000000     0.00000000       0.00000000     0.00000000       0.00000000     0.00000000       0.00000000     0.00000000       0.00000000     0.00000000       0.00000000     0.00000000       0.00000000     0.00000000      -0.75592895     0.00000000       0.00000000     0.00000000       0.00000000     0.00000000   
    0.00000000     0.00000000       0.00000000     0.00000000       0.00000000     0.00000000       0.00000000     0.00000000       0.53452248     0.00000000       0.00000000     0.00000000       0.00000000     0.00000000       0.00000000     0.00000000       0.00000000     0.00000000       0.00000000     0.00000000       0.00000000     0.00000000       0.00000000     0.00000000      -0.84515425     0.00000000       0.00000000     0.00000000   
    0.00000000     0.00000000       0.00000000     0.00000000       0.00000000     0.00000000       0.00000000     0.00000000       0.00000000     0.00000000       0.37796447     0.00000000       0.00000000     0.00000000       0.00000000     0.00000000       0.00000000     0.00000000       0.00000000     0.00000000       0.00000000     0.00000000       0.00000000     0.00000000       0.00000000     0.00000000      -0.92582010     0.00000000   
    0.00000000     0.00000000       0.00000000     0.00000000       0.00000000     0.00000000       0.00000000     0.00000000       0.00000000     0.00000000       0.00000000     0.00000000       0.00000000     0.00000000       1.00000000     0.00000000       0.00000000     0.00000000       0.00000000     0.00000000       0.00000000     0.00000000       0.00000000     0.00000000       0.00000000     0.00000000       0.00000000     0.00000000   
    0.37796447     0.00000000       0.00000000     0.00000000       0.00000000     0.00000000       0.00000000     0.00000000       0.00000000     0.00000000       0.00000000     0.00000000       0.00000000     0.00000000       0.00000000     0.00000000       0.92582010     0.00000000       0.00000000     0.00000000       0.00000000     0.00000000       0.00000000     0.00000000       0.00000000     0.00000000       0.00000000     0.00000000   
    0.00000000     0.00000000       0.53452248     0.00000000       0.00000000     0.00000000       0.00000000     0.00000000       0.00000000     0.00000000       0.00000000     0.00000000       0.00000000     0.00000000       0.00000000     0.00000000       0.00000000     0.00000000       0.84515425     0.00000000       0.00000000     0.00000000       0.00000000     0.00000000       0.00000000     0.00000000       0.00000000     0.00000000   
    0.00000000     0.00000000       0.00000000     0.00000000       0.65465367     0.00000000       0.00000000     0.00000000       0.00000000     0.00000000       0.00000000     0.00000000       0.00000000     0.00000000       0.00000000     0.00000000       0.00000000     0.00000000       0.00000000     0.00000000       0.75592895     0.00000000       0.00000000     0.00000000       0.00000000     0.00000000       0.00000000     0.00000000   
    0.00000000     0.00000000       0.00000000     0.00000000       0.00000000     0.00000000       0.75592895     0.00000000       0.00000000     0.00000000       0.00000000     0.00000000       0.00000000     0.00000000       0.00000000     0.00000000       0.00000000     0.00000000       0.00000000     0.00000000       0.00000000     0.00000000       0.65465367     0.00000000       0.00000000     0.00000000       0.00000000     0.00000000   
    0.00000000     0.00000000       0.00000000     0.00000000       0.00000000     0.00000000       0.00000000     0.00000000       0.84515425     0.00000000       0.00000000     0.00000000       0.00000000     0.00000000       0.00000000     0.00000000       0.00000000     0.00000000       0.00000000     0.00000000       0.00000000     0.00000000       0.00000000     0.00000000       0.53452248     0.00000000       0.00000000     0.00000000   
    0.00000000     0.00000000       0.00000000     0.00000000       0.00000000     0.00000000       0.00000000     0.00000000       0.00000000     0.00000000       0.92582010     0.00000000       0.00000000     0.00000000       0.00000000     0.00000000       0.00000000     0.00000000       0.00000000     0.00000000       0.00000000     0.00000000       0.00000000     0.00000000       0.00000000     0.00000000       0.37796447     0.00000000   
    0.00000000     0.00000000       0.00000000     0.00000000       0.00000000     0.00000000       0.00000000     0.00000000       0.00000000     0.00000000       0.00000000     0.00000000       1.00000000     0.00000000       0.00000000     0.00000000       0.00000000     0.00000000       0.00000000     0.00000000       0.00000000     0.00000000       0.00000000     0.00000000       0.00000000     0.00000000       0.00000000     0.00000000   
Rspin for iorb=  1
 angles=  0.000000000000000E+000   3.14159265358979       0.000000000000000E+000
  0.000000000000000E+000  0.000000000000000E+000  0.000000000000000E+000
 Rspin=
    0.000000    0.000000      0.000000    1.000000
    0.000000    1.000000      0.000000    0.000000
 Calculation for atom  1 which has iucase=  1
 ATPAR for spin up

          ATOMIC PARAMETERS FOR Pu  0+    

           ENERGY PARAMETERS ARE   1.28  -1.01   1.28   1.28

           L     U(R)          U'(R)         DU/DE        DU'/DE      NORM-U'
           0  0.552631E+00  0.810315E+00  0.111379E+00 -0.228145E+00
           1  0.537461E+00 -0.635652E-03 -0.144114E+00 -0.402356E+00
           2 -0.616788E+00  0.288700E-01  0.986743E-01  0.346169E+00
           3 -0.311778E+00  0.133781E+00  0.366559E+00  0.536786E+00
LO COEFFICIENT: l,A,B,C   0          0.65057    -3.22797     0.00000     0.00000
 
LO COEFFICIENT: l,A,B,C   0          0.32150     0.00000     0.78071     0.00000
 
LO COEFFICIENT: l,A,B,C   1          0.87932     3.27933     0.00000     0.00000
 
LO COEFFICIENT: l,A,B,C   1          0.26339     0.00000    -1.23359     0.00000
 
LO COEFFICIENT: l,A,B,C   2          0.85336     5.33412     0.00000     0.00000
 
LO COEFFICIENT: l,A,B,C   3          0.94199     0.80122     0.00000     0.00000
 
 ATPAR for spin down

          ATOMIC PARAMETERS FOR Pu  0+    

           ENERGY PARAMETERS ARE   1.28  -1.01   1.28   1.28

           L     U(R)          U'(R)         DU/DE        DU'/DE      NORM-U'
           0  0.552631E+00  0.810315E+00  0.111379E+00 -0.228145E+00
           1  0.537461E+00 -0.635652E-03 -0.144114E+00 -0.402356E+00
           2 -0.616788E+00  0.288700E-01  0.986743E-01  0.346169E+00
           3 -0.311778E+00  0.133781E+00  0.366559E+00  0.536786E+00
LO COEFFICIENT: l,A,B,C   0          0.65057    -3.22797     0.00000     0.00000
 
LO COEFFICIENT: l,A,B,C   0          0.32150     0.00000     0.78071     0.00000
 
LO COEFFICIENT: l,A,B,C   1          0.87932     3.27933     0.00000     0.00000
 
LO COEFFICIENT: l,A,B,C   1          0.26339     0.00000    -1.23359     0.00000
 
LO COEFFICIENT: l,A,B,C   2          0.85336     5.33412     0.00000     0.00000
 
LO COEFFICIENT: l,A,B,C   3          0.94199     0.80122     0.00000     0.00000
 
 L1=           0  L2=           0
 RADIAL INTEGRALS:
           1           1                 1           1   1.00000000000000     
           1           3                 1           1  0.571992169255799     
           1           1                 1           2   1.00000000000000     
           1           3                 1           2  0.571992169255799     
           1           1                 2           1   1.00000000000000     
           1           3                 2           1  0.571992169255799     
           1           1                 2           2   1.00000000000000     
           1           3                 2           2  0.571992169255799     
           2           2                 1           1  5.535172531214452E-002
           2           3                 1           1 -0.190684326757778     
           2           2                 1           2  5.535172531214452E-002
           2           3                 1           2 -0.190684326757778     
           2           2                 2           1  5.535172531214452E-002
           2           3                 2           1 -0.190684326757778     
           2           2                 2           2  5.535172531214452E-002
           2           3                 2           2 -0.190684326757778     
           3           1                 1           1  0.571992169255799     
           3           2                 1           1 -0.190684326757778     
           3           3                 1           1   1.00000000000000     
           3           1                 1           2  0.571992169255799     
           3           2                 1           2 -0.190684326757778     
           3           3                 1           2   1.00000000000000     
           3           1                 2           1  0.571992169255799     
           3           2                 2           1 -0.190684326757778     
           3           3                 2           1   1.00000000000000     
           3           1                 2           2  0.571992169255799     
           3           2                 2           2 -0.190684326757778     
           3           3                 2           2   1.00000000000000     
 L1=           1  L2=           1
 RADIAL INTEGRALS:
           1           1                 1           1   1.00000000000000     
           1           3                 1           1  0.909646718198680     
           1           1                 1           2   1.00000000000000     
           1           3                 1           2  0.909646718198680     
           1           1                 2           1   1.00000000000000     
           1           3                 2           1  0.909646718198680     
           1           1                 2           2   1.00000000000000     
           1           3                 2           2  0.909646718198680     
           2           2                 1           1  2.109020174101778E-002
           2           3                 1           1  6.015561888795131E-002
           2           2                 1           2  2.109020174101778E-002
           2           3                 1           2  6.015561888795131E-002
           2           2                 2           1  2.109020174101778E-002
           2           3                 2           1  6.015561888795131E-002
           2           2                 2           2  2.109020174101778E-002
           2           3                 2           2  6.015561888795131E-002
           3           1                 1           1  0.909646718198680     
           3           2                 1           1  6.015561888795131E-002
           3           3                 1           1   1.00000000000000     
           3           1                 1           2  0.909646718198680     
           3           2                 1           2  6.015561888795131E-002
           3           3                 1           2   1.00000000000000     
           3           1                 2           1  0.909646718198680     
           3           2                 2           1  6.015561888795131E-002
           3           3                 2           1   1.00000000000000     
           3           1                 2           2  0.909646718198680     
           3           2                 2           2  6.015561888795131E-002
           3           3                 2           2   1.00000000000000     
 L1=           2  L2=           2
 RADIAL INTEGRALS:
           1           1                 1           1   1.00000000000000     
           1           1                 1           2   1.00000000000000     
           1           1                 2           1   1.00000000000000     
           1           1                 2           2   1.00000000000000     
           2           2                 1           1  9.551972765513997E-003
           2           2                 1           2  9.551972765513997E-003
           2           2                 2           1  9.551972765513997E-003
           2           2                 2           2  9.551972765513997E-003
 L1=           3  L2=           3
 RADIAL INTEGRALS:
           1           1                 1           1   1.00000000000000     
           1           1                 1           2   1.00000000000000     
           1           1                 2           1   1.00000000000000     
           1           1                 2           2   1.00000000000000     
           2           2                 1           1  0.175474376203330     
           2           2                 1           2  0.175474376203330     
           2           2                 2           1  0.175474376203330     
           2           2                 2           2  0.175474376203330     
Saving potential parameters for atom 1 into  1
pr_proc=363  tot-k=726
 ------------------------------------------------------------------------------


   =====>>> CPU TIME SUMMARY

            TOTAL       :      2.4
 OMP_NUM_THREADS= 2
 GUTZ_SOLVER VO.1.5 BUILT ON Jan 19 2014 AT22:25:59
 NT=  1 SEC_N%DIM=   10 WITH ID:
           1       2      16     107     471    1472    3474    6477    9909   12912
       14914
 MEAN U/J:  0.2940  0.0265
 NEL_FIX_VDC1=      5.21
 ATOM DEPENDENT NELF1:
      5.2087
 DCMIX_A=  0.200000
 SYMMETRICALLY NON-EQUIVALENT ATOMS:
          1
 VARIATIONAL-SETUP-NON-EQUIVALENT ATOMS:
          1
 COMPLEMENTARY VARIATIONAL-SETUP-EQUIVALENT ATOMS:

 GYZ%SYM%IDSUM:
  1
 DIM(X_Gutz)=  4
 CALC SET: GAPJ-SHFT FULL       -JH-PROJ SLATER    VAR-FIXDC    Ryd.   
 NT= 1
 LOCAL INTERACTION PART   :
 U              :   0.2940
 J              :   0.0265
 FOCK SPACE PART:
 NA             :  7
 FS%OCC(1) L.B. :  0
 FS%OCC(2) U.B. :  9
 FS%DIM         :     14913
 HL%OCC(1) L.B. :  0
 HL%OCC(2) U.B. :  9
 ISO= 2 ISPIN_IN= 1 ISPIN= 1 ISPO= 2
 BND%NMAX=  60
 BZ INTEGRATION WITH TETRA METHOD, ICOR= 1
 EQUAL OCCUPANCY OF DEGENERATE STATES, TOL= 0.1E-05
 VALENCE ELECTRONS: TOTAL=    16.0
                    CORRELATED PART=     8.0
 SYM%IDI/IDF=  1 16
 BND%NMAXIN=   24
      GUTZ5_INI_CORR_UVEK takes  0 hours  0 minutes and    0.08 seconds (CPU).
                          takes  0 hours  0 minutes and    0.09 seconds (WALL).
                 SETUP_TB takes  0 hours  0 minutes and    2.91 seconds (CPU).
                          takes  0 hours  0 minutes and    1.45 seconds (WALL).
************  EL-  ************
 NI=  1 NI_GLOBAL=  1
   1.5005   1.4992   1.4991   1.4991   1.4992   1.5005   1.5798   1.5801   1.5776   1.5792   1.5792   1.5776   1.5801   1.5798
************  EL=  ************
 NI=  1 NI_GLOBAL=  1
   1.5005   0.0000   0.0000   0.0000  -0.0004   0.0000   0.0000   0.0005   0.0000   0.0000   0.0000  -0.0051   0.0000   0.0000
   0.0000   1.4992   0.0000   0.0000   0.0000  -0.0004   0.0000   0.0000   0.0010   0.0000   0.0000   0.0000   0.0055   0.0000
   0.0000   0.0000   1.4991   0.0000   0.0000   0.0000   0.0000   0.0000   0.0000  -0.0025   0.0000   0.0000   0.0000  -0.0039
   0.0000   0.0000   0.0000   1.4991   0.0000   0.0000   0.0039   0.0000   0.0000   0.0000   0.0025   0.0000   0.0000   0.0000
  -0.0004   0.0000   0.0000   0.0000   1.4992   0.0000   0.0000  -0.0055   0.0000   0.0000   0.0000  -0.0010   0.0000   0.0000
   0.0000  -0.0004   0.0000   0.0000   0.0000   1.5005   0.0000   0.0000   0.0051   0.0000   0.0000   0.0000  -0.0005   0.0000
   0.0000   0.0000   0.0000   0.0039   0.0000   0.0000   1.5798   0.0000   0.0000   0.0000  -0.0030   0.0000   0.0000   0.0000
   0.0005   0.0000   0.0000   0.0000  -0.0055   0.0000   0.0000   1.5801   0.0000   0.0000   0.0000   0.0019   0.0000   0.0000
   0.0000   0.0010   0.0000   0.0000   0.0000   0.0051   0.0000   0.0000   1.5776   0.0000   0.0000   0.0000   0.0019   0.0000
   0.0000   0.0000  -0.0025   0.0000   0.0000   0.0000   0.0000   0.0000   0.0000   1.5792   0.0000   0.0000   0.0000  -0.0030
   0.0000   0.0000   0.0000   0.0025   0.0000   0.0000  -0.0030   0.0000   0.0000   0.0000   1.5792   0.0000   0.0000   0.0000
  -0.0051   0.0000   0.0000   0.0000  -0.0010   0.0000   0.0000   0.0019   0.0000   0.0000   0.0000   1.5776   0.0000   0.0000
   0.0000   0.0055   0.0000   0.0000   0.0000  -0.0005   0.0000   0.0000   0.0019   0.0000   0.0000   0.0000   1.5801   0.0000
   0.0000   0.0000  -0.0039   0.0000   0.0000   0.0000   0.0000   0.0000   0.0000  -0.0030   0.0000   0.0000   0.0000   1.5798
 NI=  1 LOCAL ORBITAL LEVEL CENTER(ELC)=   1.545
************  EL0  ************
 NI=  1 NI_GLOBAL=  1
   1.4996   1.4996   1.4996   1.4996   1.4996   1.4996   1.5792   1.5792   1.5792   1.5792   1.5792   1.5792   1.5792   1.5792
************  ELL  ************
 NI=  1 NI_GLOBAL=  1
   1.4996   0.0000   0.0000   0.0000   0.0000   0.0000   0.0000   0.0000   0.0000   0.0000   0.0000   0.0000   0.0000   0.0000
   0.0000   1.4996   0.0000   0.0000   0.0000   0.0000   0.0000   0.0000   0.0000   0.0000   0.0000   0.0000   0.0000   0.0000
   0.0000   0.0000   1.4996   0.0000   0.0000   0.0000   0.0000   0.0000   0.0000   0.0000   0.0000   0.0000   0.0000   0.0000
   0.0000   0.0000   0.0000   1.4996   0.0000   0.0000   0.0000   0.0000   0.0000   0.0000   0.0000   0.0000   0.0000   0.0000
   0.0000   0.0000   0.0000   0.0000   1.4996   0.0000   0.0000   0.0000   0.0000   0.0000   0.0000   0.0000   0.0000   0.0000
   0.0000   0.0000   0.0000   0.0000   0.0000   1.4996   0.0000   0.0000   0.0000   0.0000   0.0000   0.0000   0.0000   0.0000
   0.0000   0.0000   0.0000   0.0000   0.0000   0.0000   1.5792   0.0000   0.0000   0.0000   0.0000   0.0000   0.0000   0.0000
   0.0000   0.0000   0.0000   0.0000   0.0000   0.0000   0.0000   1.5792   0.0000   0.0000   0.0000   0.0000   0.0000   0.0000
   0.0000   0.0000   0.0000   0.0000   0.0000   0.0000   0.0000   0.0000   1.5792   0.0000   0.0000   0.0000   0.0000   0.0000
   0.0000   0.0000   0.0000   0.0000   0.0000   0.0000   0.0000   0.0000   0.0000   1.5792   0.0000   0.0000   0.0000   0.0000
   0.0000   0.0000   0.0000   0.0000   0.0000   0.0000   0.0000   0.0000   0.0000   0.0000   1.5792   0.0000   0.0000   0.0000
   0.0000   0.0000   0.0000   0.0000   0.0000   0.0000   0.0000   0.0000   0.0000   0.0000   0.0000   1.5792   0.0000   0.0000
   0.0000   0.0000   0.0000   0.0000   0.0000   0.0000   0.0000   0.0000   0.0000   0.0000   0.0000   0.0000   1.5792   0.0000
   0.0000   0.0000   0.0000   0.0000   0.0000   0.0000   0.0000   0.0000   0.0000   0.0000   0.0000   0.0000   0.0000   1.5792
                  GET_EL0 takes  0 hours  0 minutes and    0.02 seconds (CPU).
                          takes  0 hours  0 minutes and    0.02 seconds (WALL).
 There are  4 blocks of bands, with band energy windows:
  -1.941  -1.870 |   -0.394  -0.243 |    0.120   0.470 |    1.120   4.499 | 
 Band window indices:
         1      2 |          3      4 |          5      8 |          9     61 | 
 Band width
       0.071   |         0.151   |         0.349   |         3.380   |  
 Band gap
       1.476   |         0.363   |         0.650   |  
 CORRELATED BLOCK: EMIN/EMIX=    1.1195    1.9459
 CORRELATED BAND WIDTH=   0.826
         GUTZ_RED_PRJ_NEQ takes  0 hours  1 minutes and    0.74 seconds (CPU).
                          takes  0 hours  1 minutes and    0.60 seconds (WALL).
 NI=  1 DIM_PHIK=   41227 HL%DIM=  14913
       ID_PHIK_N=
      1      2      4     33    264   1639   6153  15546  27321  36714
  41228
       ID_PHIK_J=
      1      2      3      4      8      9     18     19     28     29
     33     37     73    122    171    220    245    254    263    264
    300    349    638    807   1168   1364   1533   1582   1631   1635
   1639   1739   2180   2964   3864   4705   5381   5781   6037   6118
   6143   6152   6153   6349   6710   8079   9448  11564  12933  14377
  14953  15353  15474  15538  15542  15546  15835  16796  18560  21060
  23176  24940  26165  26841  27165  27286  27311  27320  27321  27517
  27878  29247  30616  32732  34101  35545  36121  36521  36642  36706
  36710  36714  36814  37255  38039  38939  39780  40456  40856  41112
  41193  41218  41227  41228
          GUTZ_SET_PRJ_EQ takes  0 hours  0 minutes and    0.00 seconds (CPU).
                          takes  0 hours  0 minutes and    0.00 seconds (WALL).
************   WH%X  ************
    0.90568011    0.92139021
    1.46238145    1.61012937
************  RIN  ************
 NI=  1 NI_GLOBAL=  1
   0.9057   0.9057   0.9057   0.9057   0.9057   0.9057   0.9214   0.9214   0.9214   0.9214   0.9214   0.9214   0.9214   0.9214
************  LA1  ************
 NI=  1 NI_GLOBAL=  1
   1.4624   1.4624   1.4624   1.4624   1.4624   1.4624   1.6101   1.6101   1.6101   1.6101   1.6101   1.6101   1.6101   1.6101
             CALC_BAND_AL takes  0 hours  0 minutes and    1.29 seconds (CPU).
                          takes  0 hours  0 minutes and    0.66 seconds (WALL).
 ILOOP            1
 ILOOP            2
   FERMI ENERGY AT    1.47956484846430     
   SUM RULE OF TETRAHEDRON INTEGRATION CHECKED 
   number of occupied bands:          18
   highest energy:   1.49816809566837     
************  NK-  ************
 NI=  1 NI_GLOBAL=  1
   0.7675   0.7593   0.7653   0.7653   0.7593   0.7675   0.0738   0.0885   0.0804   0.0700   0.0700   0.0804   0.0885   0.0738
************  NNK  ************
 NI=  1 NI_GLOBAL=  1
   0.7675   0.0000   0.0000   0.0000   0.0061   0.0000   0.0000  -0.0007   0.0000   0.0000   0.0000   0.0249   0.0000   0.0000
   0.0000   0.7593   0.0000   0.0000   0.0000   0.0061   0.0000   0.0000  -0.0082   0.0000   0.0000   0.0000  -0.0472   0.0000
   0.0000   0.0000   0.7653   0.0000   0.0000   0.0000   0.0000   0.0000   0.0000   0.0233   0.0000   0.0000   0.0000   0.0209
   0.0000   0.0000   0.0000   0.7653   0.0000   0.0000  -0.0209   0.0000   0.0000   0.0000  -0.0233   0.0000   0.0000   0.0000
   0.0061   0.0000   0.0000   0.0000   0.7593   0.0000   0.0000   0.0472   0.0000   0.0000   0.0000   0.0082   0.0000   0.0000
   0.0000   0.0061   0.0000   0.0000   0.0000   0.7675   0.0000   0.0000  -0.0249   0.0000   0.0000   0.0000   0.0007   0.0000
   0.0000   0.0000   0.0000  -0.0209   0.0000   0.0000   0.0738   0.0000   0.0000   0.0000   0.0061   0.0000   0.0000   0.0000
  -0.0007   0.0000   0.0000   0.0000   0.0472   0.0000   0.0000   0.0885   0.0000   0.0000   0.0000  -0.0010   0.0000   0.0000
   0.0000  -0.0082   0.0000   0.0000   0.0000  -0.0249   0.0000   0.0000   0.0804   0.0000   0.0000   0.0000  -0.0010   0.0000
   0.0000   0.0000   0.0233   0.0000   0.0000   0.0000   0.0000   0.0000   0.0000   0.0700   0.0000   0.0000   0.0000   0.0061
   0.0000   0.0000   0.0000  -0.0233   0.0000   0.0000   0.0061   0.0000   0.0000   0.0000   0.0700   0.0000   0.0000   0.0000
   0.0249   0.0000   0.0000   0.0000   0.0082   0.0000   0.0000  -0.0010   0.0000   0.0000   0.0000   0.0804   0.0000   0.0000
   0.0000  -0.0472   0.0000   0.0000   0.0000   0.0007   0.0000   0.0000  -0.0010   0.0000   0.0000   0.0000   0.0885   0.0000
   0.0000   0.0000   0.0209   0.0000   0.0000   0.0000   0.0000   0.0000   0.0000   0.0061   0.0000   0.0000   0.0000   0.0738
************  NKS  ************
 NI=  1 NI_GLOBAL=  1
   0.7640   0.7640   0.7640   0.7640   0.7640   0.7640   0.0782   0.0782   0.0782   0.0782   0.0782   0.0782   0.0782   0.0782
 NELE_LOC TOTAL:
           5.2093631610797013
              CALC_DA_BND takes  0 hours  0 minutes and    0.20 seconds (CPU).
                          takes  0 hours  0 minutes and    0.20 seconds (WALL).
************  DA-  ************
 NI=  1 NI_GLOBAL=  1
  -0.0261  -0.0279  -0.0268  -0.0268  -0.0279  -0.0261  -0.0160  -0.0193  -0.0170  -0.0160  -0.0160  -0.0170  -0.0193  -0.0160
************  DAA  ************
 NI=  1 NI_GLOBAL=  1
  -0.0269  -0.0269  -0.0269  -0.0269  -0.0269  -0.0269  -0.0171  -0.0171  -0.0171  -0.0171  -0.0171  -0.0171  -0.0171  -0.0171
 NI=  1 VDC=    1.3286
************  LA2  ************
 NI=  1 NI_GLOBAL=  1
  -2.8624  -2.8624  -2.8624  -2.8624  -2.8624  -2.8624  -2.7546  -2.7546  -2.7546  -2.7546  -2.7546  -2.7546  -2.7546  -2.7546
 NI=  1 PHI-step gap=  0.15E+00
************  RAA  ************
 NI=  1 NI_GLOBAL=  1
   0.9056   0.9056   0.9056   0.9056   0.9056   0.9056   0.9214   0.9214   0.9214   0.9214   0.9214   0.9214   0.9214   0.9214
************  NC0  ************
 NI=  1 NI_GLOBAL=  1
   0.7641   0.7641   0.7641   0.7641   0.7641   0.7641   0.0782   0.0782   0.0782   0.0782   0.0782   0.0782   0.0782   0.0782
                  CALC_LC takes  0 hours  5 minutes and   53.38 seconds (CPU).
                          takes  0 hours  5 minutes and   53.38 seconds (WALL).
                GUTZ_FCN1 takes  0 hours  5 minutes and   55.21 seconds (CPU).
                          takes  0 hours  5 minutes and   54.48 seconds (WALL).
************  DIF_X  ************
   -0.000037254542    0.000011139608
    0.000030073077    0.000002209798
 ITER1=  1 MAXERR=    0.00003725
************   WH%X  ************
    0.90568735    0.92139282
    1.46235749    1.61011819
************  RIN  ************
 NI=  1 NI_GLOBAL=  1
   0.9057   0.9057   0.9057   0.9057   0.9057   0.9057   0.9214   0.9214   0.9214   0.9214   0.9214   0.9214   0.9214   0.9214
************  LA1  ************
 NI=  1 NI_GLOBAL=  1
   1.4624   1.4624   1.4624   1.4624   1.4624   1.4624   1.6101   1.6101   1.6101   1.6101   1.6101   1.6101   1.6101   1.6101
             CALC_BAND_AL takes  0 hours  0 minutes and    1.29 seconds (CPU).
                          takes  0 hours  0 minutes and    0.64 seconds (WALL).
 ILOOP            1
 ILOOP            2
   FERMI ENERGY AT    1.47954619869411     
   SUM RULE OF TETRAHEDRON INTEGRATION CHECKED 
   number of occupied bands:          18
   highest energy:   1.49815558235450     
************  NK-  ************
 NI=  1 NI_GLOBAL=  1
   0.7675   0.7593   0.7653   0.7653   0.7593   0.7675   0.0738   0.0885   0.0803   0.0700   0.0700   0.0803   0.0885   0.0738
************  NNK  ************
 NI=  1 NI_GLOBAL=  1
   0.7675   0.0000   0.0000   0.0000   0.0061   0.0000   0.0000  -0.0007   0.0000   0.0000   0.0000   0.0249   0.0000   0.0000
   0.0000   0.7593   0.0000   0.0000   0.0000   0.0061   0.0000   0.0000  -0.0082   0.0000   0.0000   0.0000  -0.0471   0.0000
   0.0000   0.0000   0.7653   0.0000   0.0000   0.0000   0.0000   0.0000   0.0000   0.0233   0.0000   0.0000   0.0000   0.0209
   0.0000   0.0000   0.0000   0.7653   0.0000   0.0000  -0.0209   0.0000   0.0000   0.0000  -0.0233   0.0000   0.0000   0.0000
   0.0061   0.0000   0.0000   0.0000   0.7593   0.0000   0.0000   0.0471   0.0000   0.0000   0.0000   0.0082   0.0000   0.0000
   0.0000   0.0061   0.0000   0.0000   0.0000   0.7675   0.0000   0.0000  -0.0249   0.0000   0.0000   0.0000   0.0007   0.0000
   0.0000   0.0000   0.0000  -0.0209   0.0000   0.0000   0.0738   0.0000   0.0000   0.0000   0.0061   0.0000   0.0000   0.0000
  -0.0007   0.0000   0.0000   0.0000   0.0471   0.0000   0.0000   0.0885   0.0000   0.0000   0.0000  -0.0010   0.0000   0.0000
   0.0000  -0.0082   0.0000   0.0000   0.0000  -0.0249   0.0000   0.0000   0.0803   0.0000   0.0000   0.0000  -0.0010   0.0000
   0.0000   0.0000   0.0233   0.0000   0.0000   0.0000   0.0000   0.0000   0.0000   0.0700   0.0000   0.0000   0.0000   0.0061
   0.0000   0.0000   0.0000  -0.0233   0.0000   0.0000   0.0061   0.0000   0.0000   0.0000   0.0700   0.0000   0.0000   0.0000
   0.0249   0.0000   0.0000   0.0000   0.0082   0.0000   0.0000  -0.0010   0.0000   0.0000   0.0000   0.0803   0.0000   0.0000
   0.0000  -0.0471   0.0000   0.0000   0.0000   0.0007   0.0000   0.0000  -0.0010   0.0000   0.0000   0.0000   0.0885   0.0000
   0.0000   0.0000   0.0209   0.0000   0.0000   0.0000   0.0000   0.0000   0.0000   0.0061   0.0000   0.0000   0.0000   0.0738
************  NKS  ************
 NI=  1 NI_GLOBAL=  1
   0.7641   0.7641   0.7641   0.7641   0.7641   0.7641   0.0781   0.0781   0.0781   0.0781   0.0781   0.0781   0.0781   0.0781
 NELE_LOC TOTAL:
           5.2095187203217845
              CALC_DA_BND takes  0 hours  0 minutes and    0.20 seconds (CPU).
                          takes  0 hours  0 minutes and    0.20 seconds (WALL).
************  DA-  ************
 NI=  1 NI_GLOBAL=  1
  -0.0261  -0.0279  -0.0268  -0.0268  -0.0279  -0.0261  -0.0160  -0.0193  -0.0170  -0.0160  -0.0160  -0.0170  -0.0193  -0.0160
************  DAA  ************
 NI=  1 NI_GLOBAL=  1
  -0.0269  -0.0269  -0.0269  -0.0269  -0.0269  -0.0269  -0.0171  -0.0171  -0.0171  -0.0171  -0.0171  -0.0171  -0.0171  -0.0171
 NI=  1 VDC=    1.3286
************  LA2  ************
 NI=  1 NI_GLOBAL=  1
  -2.8624  -2.8624  -2.8624  -2.8624  -2.8624  -2.8624  -2.7545  -2.7545  -2.7545  -2.7545  -2.7545  -2.7545  -2.7545  -2.7545
 NI=  1 PHI-step gap=  0.15E+00
************  RAA  ************
 NI=  1 NI_GLOBAL=  1
   0.9057   0.9057   0.9057   0.9057   0.9057   0.9057   0.9214   0.9214   0.9214   0.9214   0.9214   0.9214   0.9214   0.9214
************  NC0  ************
 NI=  1 NI_GLOBAL=  1
   0.7641   0.7641   0.7641   0.7641   0.7641   0.7641   0.0781   0.0781   0.0781   0.0781   0.0781   0.0781   0.0781   0.0781
                  CALC_LC takes  0 hours  6 minutes and   41.24 seconds (CPU).
                          takes  0 hours  6 minutes and   41.16 seconds (WALL).
                GUTZ_FCN1 takes  0 hours  6 minutes and   43.14 seconds (CPU).
                          takes  0 hours  6 minutes and   42.25 seconds (WALL).
************  DIF_X  ************
   -0.000002204154    0.000000970067
    0.000000353491    0.000000356232
 ITER1=  2 MAXERR=    0.00000220
************   WH%X  ************
    0.90568550    0.92139161
    1.46235718    1.61011695
************  RIN  ************
 NI=  1 NI_GLOBAL=  1
   0.9057   0.9057   0.9057   0.9057   0.9057   0.9057   0.9214   0.9214   0.9214   0.9214   0.9214   0.9214   0.9214   0.9214
************  LA1  ************
 NI=  1 NI_GLOBAL=  1
   1.4624   1.4624   1.4624   1.4624   1.4624   1.4624   1.6101   1.6101   1.6101   1.6101   1.6101   1.6101   1.6101   1.6101
             CALC_BAND_AL takes  0 hours  0 minutes and    1.31 seconds (CPU).
                          takes  0 hours  0 minutes and    0.66 seconds (WALL).
 ILOOP            1
 ILOOP            2
   FERMI ENERGY AT    1.47954582169135     
   SUM RULE OF TETRAHEDRON INTEGRATION CHECKED 
   number of occupied bands:          18
   highest energy:   1.49815511753646     
************  NK-  ************
 NI=  1 NI_GLOBAL=  1
   0.7675   0.7593   0.7653   0.7653   0.7593   0.7675   0.0738   0.0885   0.0803   0.0700   0.0700   0.0803   0.0885   0.0738
************  NNK  ************
 NI=  1 NI_GLOBAL=  1
   0.7675   0.0000   0.0000   0.0000   0.0061   0.0000   0.0000  -0.0007   0.0000   0.0000   0.0000   0.0249   0.0000   0.0000
   0.0000   0.7593   0.0000   0.0000   0.0000   0.0061   0.0000   0.0000  -0.0082   0.0000   0.0000   0.0000  -0.0471   0.0000
   0.0000   0.0000   0.7653   0.0000   0.0000   0.0000   0.0000   0.0000   0.0000   0.0233   0.0000   0.0000   0.0000   0.0209
   0.0000   0.0000   0.0000   0.7653   0.0000   0.0000  -0.0209   0.0000   0.0000   0.0000  -0.0233   0.0000   0.0000   0.0000
   0.0061   0.0000   0.0000   0.0000   0.7593   0.0000   0.0000   0.0471   0.0000   0.0000   0.0000   0.0082   0.0000   0.0000
   0.0000   0.0061   0.0000   0.0000   0.0000   0.7675   0.0000   0.0000  -0.0249   0.0000   0.0000   0.0000   0.0007   0.0000
   0.0000   0.0000   0.0000  -0.0209   0.0000   0.0000   0.0738   0.0000   0.0000   0.0000   0.0061   0.0000   0.0000   0.0000
  -0.0007   0.0000   0.0000   0.0000   0.0471   0.0000   0.0000   0.0885   0.0000   0.0000   0.0000  -0.0010   0.0000   0.0000
   0.0000  -0.0082   0.0000   0.0000   0.0000  -0.0249   0.0000   0.0000   0.0803   0.0000   0.0000   0.0000  -0.0010   0.0000
   0.0000   0.0000   0.0233   0.0000   0.0000   0.0000   0.0000   0.0000   0.0000   0.0700   0.0000   0.0000   0.0000   0.0061
   0.0000   0.0000   0.0000  -0.0233   0.0000   0.0000   0.0061   0.0000   0.0000   0.0000   0.0700   0.0000   0.0000   0.0000
   0.0249   0.0000   0.0000   0.0000   0.0082   0.0000   0.0000  -0.0010   0.0000   0.0000   0.0000   0.0803   0.0000   0.0000
   0.0000  -0.0471   0.0000   0.0000   0.0000   0.0007   0.0000   0.0000  -0.0010   0.0000   0.0000   0.0000   0.0885   0.0000
   0.0000   0.0000   0.0209   0.0000   0.0000   0.0000   0.0000   0.0000   0.0000   0.0061   0.0000   0.0000   0.0000   0.0738
************  NKS  ************
 NI=  1 NI_GLOBAL=  1
   0.7641   0.7641   0.7641   0.7641   0.7641   0.7641   0.0781   0.0781   0.0781   0.0781   0.0781   0.0781   0.0781   0.0781
 NELE_LOC TOTAL:
           5.2095218676339394
              CALC_DA_BND takes  0 hours  0 minutes and    0.20 seconds (CPU).
                          takes  0 hours  0 minutes and    0.20 seconds (WALL).
************  DA-  ************
 NI=  1 NI_GLOBAL=  1
  -0.0261  -0.0279  -0.0268  -0.0268  -0.0279  -0.0261  -0.0160  -0.0193  -0.0170  -0.0160  -0.0160  -0.0170  -0.0193  -0.0160
************  DAA  ************
 NI=  1 NI_GLOBAL=  1
  -0.0269  -0.0269  -0.0269  -0.0269  -0.0269  -0.0269  -0.0171  -0.0171  -0.0171  -0.0171  -0.0171  -0.0171  -0.0171  -0.0171
 NI=  1 VDC=    1.3286
************  LA2  ************
 NI=  1 NI_GLOBAL=  1
  -2.8624  -2.8624  -2.8624  -2.8624  -2.8624  -2.8624  -2.7545  -2.7545  -2.7545  -2.7545  -2.7545  -2.7545  -2.7545  -2.7545
 NI=  1 PHI-step gap=  0.15E+00
************  RAA  ************
 NI=  1 NI_GLOBAL=  1
   0.9057   0.9057   0.9057   0.9057   0.9057   0.9057   0.9214   0.9214   0.9214   0.9214   0.9214   0.9214   0.9214   0.9214
************  NC0  ************
 NI=  1 NI_GLOBAL=  1
   0.7641   0.7641   0.7641   0.7641   0.7641   0.7641   0.0781   0.0781   0.0781   0.0781   0.0781   0.0781   0.0781   0.0781
                  CALC_LC takes  0 hours  5 minutes and   24.59 seconds (CPU).
                          takes  0 hours  5 minutes and   24.55 seconds (WALL).
                GUTZ_FCN1 takes  0 hours  5 minutes and   26.44 seconds (CPU).
                          takes  0 hours  5 minutes and   25.66 seconds (WALL).
************  DIF_X  ************
   -0.000000101650    0.000000120270
    0.000000069547   -0.000000003680
 ITER1=  3 MAXERR=    0.00000012
************   WH%X  ************
    0.90568550    0.92139176
    1.46235713    1.61011696
************  RIN  ************
 NI=  1 NI_GLOBAL=  1
   0.9057   0.9057   0.9057   0.9057   0.9057   0.9057   0.9214   0.9214   0.9214   0.9214   0.9214   0.9214   0.9214   0.9214
************  LA1  ************
 NI=  1 NI_GLOBAL=  1
   1.4624   1.4624   1.4624   1.4624   1.4624   1.4624   1.6101   1.6101   1.6101   1.6101   1.6101   1.6101   1.6101   1.6101
             CALC_BAND_AL takes  0 hours  0 minutes and    1.29 seconds (CPU).
                          takes  0 hours  0 minutes and    0.66 seconds (WALL).
 ILOOP            1
 ILOOP            2
   FERMI ENERGY AT    1.47954578005508     
   SUM RULE OF TETRAHEDRON INTEGRATION CHECKED 
   number of occupied bands:          18
   highest energy:   1.49815509167581     
************  NK-  ************
 NI=  1 NI_GLOBAL=  1
   0.7675   0.7593   0.7653   0.7653   0.7593   0.7675   0.0738   0.0885   0.0803   0.0700   0.0700   0.0803   0.0885   0.0738
************  NNK  ************
 NI=  1 NI_GLOBAL=  1
   0.7675   0.0000   0.0000   0.0000   0.0061   0.0000   0.0000  -0.0007   0.0000   0.0000   0.0000   0.0249   0.0000   0.0000
   0.0000   0.7593   0.0000   0.0000   0.0000   0.0061   0.0000   0.0000  -0.0082   0.0000   0.0000   0.0000  -0.0471   0.0000
   0.0000   0.0000   0.7653   0.0000   0.0000   0.0000   0.0000   0.0000   0.0000   0.0233   0.0000   0.0000   0.0000   0.0209
   0.0000   0.0000   0.0000   0.7653   0.0000   0.0000  -0.0209   0.0000   0.0000   0.0000  -0.0233   0.0000   0.0000   0.0000
   0.0061   0.0000   0.0000   0.0000   0.7593   0.0000   0.0000   0.0471   0.0000   0.0000   0.0000   0.0082   0.0000   0.0000
   0.0000   0.0061   0.0000   0.0000   0.0000   0.7675   0.0000   0.0000  -0.0249   0.0000   0.0000   0.0000   0.0007   0.0000
   0.0000   0.0000   0.0000  -0.0209   0.0000   0.0000   0.0738   0.0000   0.0000   0.0000   0.0061   0.0000   0.0000   0.0000
  -0.0007   0.0000   0.0000   0.0000   0.0471   0.0000   0.0000   0.0885   0.0000   0.0000   0.0000  -0.0010   0.0000   0.0000
   0.0000  -0.0082   0.0000   0.0000   0.0000  -0.0249   0.0000   0.0000   0.0803   0.0000   0.0000   0.0000  -0.0010   0.0000
   0.0000   0.0000   0.0233   0.0000   0.0000   0.0000   0.0000   0.0000   0.0000   0.0700   0.0000   0.0000   0.0000   0.0061
   0.0000   0.0000   0.0000  -0.0233   0.0000   0.0000   0.0061   0.0000   0.0000   0.0000   0.0700   0.0000   0.0000   0.0000
   0.0249   0.0000   0.0000   0.0000   0.0082   0.0000   0.0000  -0.0010   0.0000   0.0000   0.0000   0.0803   0.0000   0.0000
   0.0000  -0.0471   0.0000   0.0000   0.0000   0.0007   0.0000   0.0000  -0.0010   0.0000   0.0000   0.0000   0.0885   0.0000
   0.0000   0.0000   0.0209   0.0000   0.0000   0.0000   0.0000   0.0000   0.0000   0.0061   0.0000   0.0000   0.0000   0.0738
************  NKS  ************
 NI=  1 NI_GLOBAL=  1
   0.7641   0.7641   0.7641   0.7641   0.7641   0.7641   0.0781   0.0781   0.0781   0.0781   0.0781   0.0781   0.0781   0.0781
 NELE_LOC TOTAL:
           5.2095221769601547
              CALC_DA_BND takes  0 hours  0 minutes and    0.20 seconds (CPU).
                          takes  0 hours  0 minutes and    0.20 seconds (WALL).
************  DA-  ************
 NI=  1 NI_GLOBAL=  1
  -0.0261  -0.0279  -0.0268  -0.0268  -0.0279  -0.0261  -0.0160  -0.0193  -0.0170  -0.0160  -0.0160  -0.0170  -0.0193  -0.0160
************  DAA  ************
 NI=  1 NI_GLOBAL=  1
  -0.0269  -0.0269  -0.0269  -0.0269  -0.0269  -0.0269  -0.0171  -0.0171  -0.0171  -0.0171  -0.0171  -0.0171  -0.0171  -0.0171
 NI=  1 VDC=    1.3286
************  LA2  ************
 NI=  1 NI_GLOBAL=  1
  -2.8624  -2.8624  -2.8624  -2.8624  -2.8624  -2.8624  -2.7545  -2.7545  -2.7545  -2.7545  -2.7545  -2.7545  -2.7545  -2.7545
 NI=  1 PHI-step gap=  0.15E+00
************  RAA  ************
 NI=  1 NI_GLOBAL=  1
   0.9057   0.9057   0.9057   0.9057   0.9057   0.9057   0.9214   0.9214   0.9214   0.9214   0.9214   0.9214   0.9214   0.9214
************  NC0  ************
 NI=  1 NI_GLOBAL=  1
   0.7641   0.7641   0.7641   0.7641   0.7641   0.7641   0.0781   0.0781   0.0781   0.0781   0.0781   0.0781   0.0781   0.0781
                  CALC_LC takes  0 hours  5 minutes and   25.58 seconds (CPU).
                          takes  0 hours  5 minutes and   25.57 seconds (WALL).
                GUTZ_FCN1 takes  0 hours  5 minutes and   27.40 seconds (CPU).
                          takes  0 hours  5 minutes and   26.67 seconds (WALL).
************  DIF_X  ************
   -0.000000000051    0.000000001233
   -0.000000000265    0.000000000069
 ITER1=  4 MAXERR=    0.00000000
 NFJAC=   0
 SOLVE1 FINISHED WITH       4 ITERATIONS.
               GUTZ_SOLVE takes  0 hours 23 minutes and   32.20 seconds (CPU).
                          takes  0 hours 23 minutes and   29.05 seconds (WALL).
 MAX. NELF1 DIFF=    0.00084586
               CALC_PJRHO takes  0 hours  0 minutes and    0.48 seconds (CPU).
                          takes  0 hours  0 minutes and    0.37 seconds (WALL).
 NI=  1 SUM_PHY-SUM_KS=      0.00000000 WOULD BE RENORMALIZED
************  NC1  ************
 NI=  1 NI_GLOBAL=  1
   0.7546   0.7546   0.7546   0.7546   0.7546   0.7546   0.0852   0.0852   0.0852   0.0852   0.0852   0.0852   0.0852   0.0852
               CALC_NCPHY takes  0 hours  0 minutes and   49.57 seconds (CPU).
                          takes  0 hours  0 minutes and   49.44 seconds (WALL).
 GYZ%PJ%EGAMM:
    10.97516
 ENG%GAMM:    10.97516
 ENG%POT2:     3.10873
 EDCLA1(NI) ARRAY:
    -7.711
 EDCUJ(NI) ARRAY:
    -3.113
 EDCUJV(NI) ARRAY:
    -6.922
 EDC(NI) ARRAY:
   -10.824
 ENG%DBLC:   -10.82355
 ENG%DC1 :    -7.71056
 ENG%DC2 :    -3.11299
 ENG%DC2V:    -6.92161
 DC_E_STD_TO_E_V:    -3.80862
 ENG%BAND:     7.69446
 ENG%DL(DEEP LEVEL):    -3.47979
 ENG%TB=     7.84607
 ENG%TB-DC2=    10.95906
 NI=  1 OCC_CONFIG_WEIGHT:
        OCC= 0 WEIGHT=   0.00000
        OCC= 1 WEIGHT=   0.00000
        OCC= 2 WEIGHT=   0.00025
        OCC= 3 WEIGHT=   0.01146
        OCC= 4 WEIGHT=   0.15376
        OCC= 5 WEIGHT=   0.49181
        OCC= 6 WEIGHT=   0.30032
        OCC= 7 WEIGHT=   0.04059
        OCC= 8 WEIGHT=   0.00178
        OCC= 9 WEIGHT=   0.00003
                 CALC_RCW takes  0 hours  0 minutes and    0.00 seconds (CPU).
                          takes  0 hours  0 minutes and    0.00 seconds (WALL).
 NI=  1 J2=   19.5365
                 CALC_SLJ takes  0 hours  0 minutes and    0.00 seconds (CPU).
                          takes  0 hours  0 minutes and    0.00 seconds (WALL).
 NI=  1 ENTANGLEMENT ENTROPY=      5.2603
           CALC_ENTANGLES takes  0 hours  0 minutes and    1.02 seconds (CPU).
                          takes  0 hours  0 minutes and    0.92 seconds (WALL).
 CORRELATED SUBSPACE, SUM_FERWT=      8.0000000 SUM_KSWT=      8.0000000
 MAX OFF DIAGONAL KS.WT=    0.000628
 MAX/MIN R=    0.921392    0.905686
                CALC_KSWT takes  0 hours  0 minutes and    0.06 seconds (CPU).
                          takes  0 hours  0 minutes and    0.04 seconds (WALL).
                    TOTAL takes  0 hours 25 minutes and   27.46 seconds (CPU).
                          takes  0 hours 25 minutes and   22.30 seconds (WALL).
