******Program DMFT: Computes Gloc and Delta for Dynamical Mean Field Theory calculation ******
 CALCULATION WITH COMPLEX VECTORS
 CALCULATION WITH SOC VECTORS REQUIRED
 Running DMFT in mpi mode
  
 numkpt=         286
   0.00000   0.00000   0.00000   1.00000
   0.04762   0.04762  -0.04762   8.00000
   0.09524   0.09524  -0.09524   8.00000
   0.14286   0.14286  -0.14286   8.00000
   0.19048   0.19048  -0.19048   8.00000
   0.23810   0.23810  -0.23810   8.00000
   0.28571   0.28571  -0.28571   8.00000
   0.33333   0.33333  -0.33333   8.00000
   0.38095   0.38095  -0.38095   8.00000
   0.42857   0.42857  -0.42857   8.00000
   0.47619   0.47619  -0.47619   8.00000
   0.09524   0.00000   0.00000   6.00000
   0.14286   0.04762  -0.04762  24.00000
   0.19048   0.09524  -0.09524  24.00000
   0.23810   0.14286  -0.14286  24.00000
   0.28571   0.19048  -0.19048  24.00000
   0.33333   0.23810  -0.23810  24.00000
   0.38095   0.28571  -0.28571  24.00000
   0.42857   0.33333  -0.33333  24.00000
   0.47619   0.38095  -0.38095  24.00000
   0.52381   0.42857  -0.42857  24.00000
   0.57143   0.47619  -0.47619  24.00000
   0.61905   0.52381  -0.52381  24.00000
   0.66667   0.57143  -0.57143  24.00000
   0.71429   0.61905  -0.61905  24.00000
   0.76190   0.66667  -0.66667  24.00000
   0.80952   0.71429  -0.71429  24.00000
   0.85714   0.76190  -0.76190  24.00000
   0.90476   0.80952  -0.80952  24.00000
   0.95238   0.85714  -0.85714  24.00000
   1.00000   0.90476  -0.90476  12.00000
   0.19048   0.00000   0.00000   6.00000
   0.23810   0.04762  -0.04762  24.00000
   0.28571   0.09524  -0.09524  24.00000
   0.33333   0.14286  -0.14286  24.00000
   0.38095   0.19048  -0.19048  24.00000
   0.42857   0.23810  -0.23810  24.00000
   0.47619   0.28571  -0.28571  24.00000
   0.52381   0.33333  -0.33333  24.00000
   0.57143   0.38095  -0.38095  24.00000
   0.61905   0.42857  -0.42857  24.00000
   0.66667   0.47619  -0.47619  24.00000
   0.71429   0.52381  -0.52381  24.00000
   0.76190   0.57143  -0.57143  24.00000
   0.80952   0.61905  -0.61905  24.00000
   0.85714   0.66667  -0.66667  24.00000
   0.90476   0.71429  -0.71429  24.00000
   0.95238   0.76190  -0.76190  24.00000
   1.00000   0.80952  -0.80952  12.00000
   0.28571   0.00000   0.00000   6.00000
   0.33333   0.04762  -0.04762  24.00000
   0.38095   0.09524  -0.09524  24.00000
   0.42857   0.14286  -0.14286  24.00000
   0.47619   0.19048  -0.19048  24.00000
   0.52381   0.23810  -0.23810  24.00000
   0.57143   0.28571  -0.28571  24.00000
   0.61905   0.33333  -0.33333  24.00000
   0.66667   0.38095  -0.38095  24.00000
   0.71429   0.42857  -0.42857  24.00000
   0.76190   0.47619  -0.47619  24.00000
   0.80952   0.52381  -0.52381  24.00000
   0.85714   0.57143  -0.57143  24.00000
   0.90476   0.61905  -0.61905  24.00000
   0.95238   0.66667  -0.66667  24.00000
   1.00000   0.71429  -0.71429  12.00000
   0.38095   0.00000   0.00000   6.00000
   0.42857   0.04762  -0.04762  24.00000
   0.47619   0.09524  -0.09524  24.00000
   0.52381   0.14286  -0.14286  24.00000
   0.57143   0.19048  -0.19048  24.00000
   0.61905   0.23810  -0.23810  24.00000
   0.66667   0.28571  -0.28571  24.00000
   0.71429   0.33333  -0.33333  24.00000
   0.76190   0.38095  -0.38095  24.00000
   0.80952   0.42857  -0.42857  24.00000
   0.85714   0.47619  -0.47619  24.00000
   0.90476   0.52381  -0.52381  24.00000
   0.95238   0.57143  -0.57143  24.00000
   1.00000   0.61905  -0.61905  12.00000
   0.47619   0.00000   0.00000   6.00000
   0.52381   0.04762  -0.04762  24.00000
   0.57143   0.09524  -0.09524  24.00000
   0.61905   0.14286  -0.14286  24.00000
   0.66667   0.19048  -0.19048  24.00000
   0.71429   0.23810  -0.23810  24.00000
   0.76190   0.28571  -0.28571  24.00000
   0.80952   0.33333  -0.33333  24.00000
   0.85714   0.38095  -0.38095  24.00000
   0.90476   0.42857  -0.42857  24.00000
   0.95238   0.47619  -0.47619  24.00000
   1.00000   0.52381  -0.52381  12.00000
   0.57143   0.00000   0.00000   6.00000
   0.61905   0.04762  -0.04762  24.00000
   0.66667   0.09524  -0.09524  24.00000
   0.71429   0.14286  -0.14286  24.00000
   0.76190   0.19048  -0.19048  24.00000
   0.80952   0.23810  -0.23810  24.00000
   0.85714   0.28571  -0.28571  24.00000
   0.90476   0.33333  -0.33333  24.00000
   0.95238   0.38095  -0.38095  24.00000
   1.00000   0.42857  -0.42857  12.00000
   0.66667   0.00000   0.00000   6.00000
   0.71429   0.04762  -0.04762  24.00000
   0.76190   0.09524  -0.09524  24.00000
   0.80952   0.14286  -0.14286  24.00000
   0.85714   0.19048  -0.19048  24.00000
   0.90476   0.23810  -0.23810  24.00000
   0.95238   0.28571  -0.28571  24.00000
   1.00000   0.33333  -0.33333  12.00000
   0.76190   0.00000   0.00000   6.00000
   0.80952   0.04762  -0.04762  24.00000
   0.85714   0.09524  -0.09524  24.00000
   0.90476   0.14286  -0.14286  24.00000
   0.95238   0.19048  -0.19048  24.00000
   1.00000   0.23810  -0.23810  12.00000
   0.85714   0.00000   0.00000   6.00000
   0.90476   0.04762  -0.04762  24.00000
   0.95238   0.09524  -0.09524  24.00000
   1.00000   0.14286  -0.14286  12.00000
   0.95238   0.00000   0.00000   6.00000
   1.00000   0.04762  -0.04762  12.00000
   0.19048   0.09524   0.00000  24.00000
   0.23810   0.14286  -0.04762  48.00000
   0.28571   0.19048  -0.09524  48.00000
   0.33333   0.23810  -0.14286  48.00000
   0.38095   0.28571  -0.19048  48.00000
   0.42857   0.33333  -0.23810  48.00000
   0.47619   0.38095  -0.28571  48.00000
   0.52381   0.42857  -0.33333  48.00000
   0.57143   0.47619  -0.38095  48.00000
   0.28571   0.09524   0.00000  24.00000
   0.33333   0.14286  -0.04762  48.00000
   0.38095   0.19048  -0.09524  48.00000
   0.42857   0.23810  -0.14286  48.00000
   0.47619   0.28571  -0.19048  48.00000
   0.52381   0.33333  -0.23810  48.00000
   0.57143   0.38095  -0.28571  48.00000
   0.61905   0.42857  -0.33333  48.00000
   0.66667   0.47619  -0.38095  48.00000
   0.71429   0.52381  -0.42857  48.00000
   0.76190   0.57143  -0.47619  48.00000
   0.80952   0.61905  -0.52381  48.00000
   0.85714   0.66667  -0.57143  48.00000
   0.90476   0.71429  -0.61905  48.00000
   0.95238   0.76190  -0.66667  48.00000
   1.00000   0.80952  -0.71429  24.00000
   0.38095   0.09524   0.00000  24.00000
   0.42857   0.14286  -0.04762  48.00000
   0.47619   0.19048  -0.09524  48.00000
   0.52381   0.23810  -0.14286  48.00000
   0.57143   0.28571  -0.19048  48.00000
   0.61905   0.33333  -0.23810  48.00000
   0.66667   0.38095  -0.28571  48.00000
   0.71429   0.42857  -0.33333  48.00000
   0.76190   0.47619  -0.38095  48.00000
   0.80952   0.52381  -0.42857  48.00000
   0.85714   0.57143  -0.47619  48.00000
   0.90476   0.61905  -0.52381  48.00000
   0.95238   0.66667  -0.57143  48.00000
   1.00000   0.71429  -0.61905  24.00000
   0.47619   0.09524   0.00000  24.00000
   0.52381   0.14286  -0.04762  48.00000
   0.57143   0.19048  -0.09524  48.00000
   0.61905   0.23810  -0.14286  48.00000
   0.66667   0.28571  -0.19048  48.00000
   0.71429   0.33333  -0.23810  48.00000
   0.76190   0.38095  -0.28571  48.00000
   0.80952   0.42857  -0.33333  48.00000
   0.85714   0.47619  -0.38095  48.00000
   0.90476   0.52381  -0.42857  48.00000
   0.95238   0.57143  -0.47619  48.00000
   1.00000   0.61905  -0.52381  24.00000
   0.57143   0.09524   0.00000  24.00000
   0.61905   0.14286  -0.04762  48.00000
   0.66667   0.19048  -0.09524  48.00000
   0.71429   0.23810  -0.14286  48.00000
   0.76190   0.28571  -0.19048  48.00000
   0.80952   0.33333  -0.23810  48.00000
   0.85714   0.38095  -0.28571  48.00000
   0.90476   0.42857  -0.33333  48.00000
   0.95238   0.47619  -0.38095  48.00000
   1.00000   0.52381  -0.42857  24.00000
   0.66667   0.09524   0.00000  24.00000
   0.71429   0.14286  -0.04762  48.00000
   0.76190   0.19048  -0.09524  48.00000
   0.80952   0.23810  -0.14286  48.00000
   0.85714   0.28571  -0.19048  48.00000
   0.90476   0.33333  -0.23810  48.00000
   0.95238   0.38095  -0.28571  48.00000
   1.00000   0.42857  -0.33333  24.00000
   0.76190   0.09524   0.00000  24.00000
   0.80952   0.14286  -0.04762  48.00000
   0.85714   0.19048  -0.09524  48.00000
   0.90476   0.23810  -0.14286  48.00000
   0.95238   0.28571  -0.19048  48.00000
   1.00000   0.33333  -0.23810  24.00000
   0.85714   0.09524   0.00000  24.00000
   0.90476   0.14286  -0.04762  48.00000
   0.95238   0.19048  -0.09524  48.00000
   1.00000   0.23810  -0.14286  24.00000
   0.95238   0.09524   0.00000  24.00000
   1.00000   0.14286  -0.04762  24.00000
   0.38095   0.19048   0.00000  24.00000
   0.42857   0.23810  -0.04762  48.00000
   0.47619   0.28571  -0.09524  48.00000
   0.52381   0.33333  -0.14286  48.00000
   0.57143   0.38095  -0.19048  48.00000
   0.61905   0.42857  -0.23810  48.00000
   0.66667   0.47619  -0.28571  48.00000
   0.47619   0.19048   0.00000  24.00000
   0.52381   0.23810  -0.04762  48.00000
   0.57143   0.28571  -0.09524  48.00000
   0.61905   0.33333  -0.14286  48.00000
   0.66667   0.38095  -0.19048  48.00000
   0.71429   0.42857  -0.23810  48.00000
   0.76190   0.47619  -0.28571  48.00000
   0.80952   0.52381  -0.33333  48.00000
   0.85714   0.57143  -0.38095  48.00000
   0.90476   0.61905  -0.42857  48.00000
   0.95238   0.66667  -0.47619  48.00000
   1.00000   0.71429  -0.52381  24.00000
   0.57143   0.19048   0.00000  24.00000
   0.61905   0.23810  -0.04762  48.00000
   0.66667   0.28571  -0.09524  48.00000
   0.71429   0.33333  -0.14286  48.00000
   0.76190   0.38095  -0.19048  48.00000
   0.80952   0.42857  -0.23810  48.00000
   0.85714   0.47619  -0.28571  48.00000
   0.90476   0.52381  -0.33333  48.00000
   0.95238   0.57143  -0.38095  48.00000
   1.00000   0.61905  -0.42857  24.00000
   0.66667   0.19048   0.00000  24.00000
   0.71429   0.23810  -0.04762  48.00000
   0.76190   0.28571  -0.09524  48.00000
   0.80952   0.33333  -0.14286  48.00000
   0.85714   0.38095  -0.19048  48.00000
   0.90476   0.42857  -0.23810  48.00000
   0.95238   0.47619  -0.28571  48.00000
   1.00000   0.52381  -0.33333  24.00000
   0.76190   0.19048   0.00000  24.00000
   0.80952   0.23810  -0.04762  48.00000
   0.85714   0.28571  -0.09524  48.00000
   0.90476   0.33333  -0.14286  48.00000
   0.95238   0.38095  -0.19048  48.00000
   1.00000   0.42857  -0.23810  24.00000
   0.85714   0.19048   0.00000  24.00000
   0.90476   0.23810  -0.04762  48.00000
   0.95238   0.28571  -0.09524  48.00000
   1.00000   0.33333  -0.14286  24.00000
   0.95238   0.19048   0.00000  24.00000
   1.00000   0.23810  -0.04762  24.00000
   0.57143   0.28571   0.00000  24.00000
   0.61905   0.33333  -0.04762  48.00000
   0.66667   0.38095  -0.09524  48.00000
   0.71429   0.42857  -0.14286  48.00000
   0.76190   0.47619  -0.19048  48.00000
   0.66667   0.28571   0.00000  24.00000
   0.71429   0.33333  -0.04762  48.00000
   0.76190   0.38095  -0.09524  48.00000
   0.80952   0.42857  -0.14286  48.00000
   0.85714   0.47619  -0.19048  48.00000
   0.90476   0.52381  -0.23810  48.00000
   0.95238   0.57143  -0.28571  48.00000
   1.00000   0.61905  -0.33333  24.00000
   0.76190   0.28571   0.00000  24.00000
   0.80952   0.33333  -0.04762  48.00000
   0.85714   0.38095  -0.09524  48.00000
   0.90476   0.42857  -0.14286  48.00000
   0.95238   0.47619  -0.19048  48.00000
   1.00000   0.52381  -0.23810  24.00000
   0.85714   0.28571   0.00000  24.00000
   0.90476   0.33333  -0.04762  48.00000
   0.95238   0.38095  -0.09524  48.00000
   1.00000   0.42857  -0.14286  24.00000
   0.95238   0.28571   0.00000  24.00000
   1.00000   0.33333  -0.04762  24.00000
   0.76190   0.38095   0.00000  24.00000
   0.80952   0.42857  -0.04762  48.00000
   0.85714   0.47619  -0.09524  48.00000
   0.85714   0.38095   0.00000  24.00000
   0.90476   0.42857  -0.04762  48.00000
   0.95238   0.47619  -0.09524  48.00000
   1.00000   0.52381  -0.14286  24.00000
   0.95238   0.38095   0.00000  24.00000
   1.00000   0.42857  -0.04762  24.00000
   0.95238   0.47619   0.00000  24.00000




                              --------------------------------------------------
                                 S T R U C T U R A L   I N F O R M A T I O N
                              --------------------------------------------------


   SUBSTANCE                    = cubic fcc  (delta)                                                              

   LATTICE                      = F   
   LATTICE CONSTANTS ARE        =    7.7881000   7.7881000   7.7881000
   NUMBER OF ATOMS IN UNITCELL  =   1
   MODE OF CALCULATION IS       = RELA
 IORD=          48
 FNAMES=
 ./delta_Pu_3.vectorso_1                                                        
                                                                                
                                           
 ./delta_Pu_3.vectorsodn_1                                                      
                                                                                
                                           
 delta_Pu_3.energyso_1                                                          
                                                                                
                                           
 delta_Pu_3.energysodn_1                                                        
                                                                                
                                           
  BR1,  BR2
   0.80677   0.00000   0.00000     -0.80677   0.80677   0.80677
   0.00000   0.80677   0.00000      0.80677  -0.80677   0.80677
   0.00000   0.00000   0.80677      0.80677   0.80677  -0.80677
 projector corrected--must be 1,2, or 3! Now projector= 2
 Energy window:   -0.4410 < E <      0.441
 Projected density of states calculation for  1 atoms
--------- atom  1 -------------
l=  3  qsplit=  4
 Symmetrization over eq. k-points is performed
 ********** Start Reading Cix file *************
  Correlated block number           1
  Correlated index=
  1  0  0  0  0  0  0  0  0  0  0  0  0  0
  0  1  0  0  0  0  0  0  0  0  0  0  0  0
  0  0  1  0  0  0  0  0  0  0  0  0  0  0
  0  0  0  1  0  0  0  0  0  0  0  0  0  0
  0  0  0  0  1  0  0  0  0  0  0  0  0  0
  0  0  0  0  0  1  0  0  0  0  0  0  0  0
  0  0  0  0  0  0  2  0  0  0  0  0  0  0
  0  0  0  0  0  0  0  2  0  0  0  0  0  0
  0  0  0  0  0  0  0  0  2  0  0  0  0  0
  0  0  0  0  0  0  0  0  0  2  0  0  0  0
  0  0  0  0  0  0  0  0  0  0  2  0  0  0
  0  0  0  0  0  0  0  0  0  0  0  2  0  0
  0  0  0  0  0  0  0  0  0  0  0  0  2  0
  0  0  0  0  0  0  0  0  0  0  0  0  0  2
  Real part of unitary matrix=
  0.9258  0.0000  0.0000  0.0000  0.0000  0.0000  0.0000  0.0000 -0.3780  0.0000  0.0000  0.0000  0.0000  0.0000
  0.0000  0.8452  0.0000  0.0000  0.0000  0.0000  0.0000  0.0000  0.0000 -0.5345  0.0000  0.0000  0.0000  0.0000
  0.0000  0.0000  0.7559  0.0000  0.0000  0.0000  0.0000  0.0000  0.0000  0.0000 -0.6547  0.0000  0.0000  0.0000
  0.0000  0.0000  0.0000  0.6547  0.0000  0.0000  0.0000  0.0000  0.0000  0.0000  0.0000 -0.7559  0.0000  0.0000
  0.0000  0.0000  0.0000  0.0000  0.5345  0.0000  0.0000  0.0000  0.0000  0.0000  0.0000  0.0000 -0.8452  0.0000
  0.0000  0.0000  0.0000  0.0000  0.0000  0.3780  0.0000  0.0000  0.0000  0.0000  0.0000  0.0000  0.0000 -0.9258
  0.0000  0.0000  0.0000  0.0000  0.0000  0.0000  0.0000  1.0000  0.0000  0.0000  0.0000  0.0000  0.0000  0.0000
  0.3780  0.0000  0.0000  0.0000  0.0000  0.0000  0.0000  0.0000  0.9258  0.0000  0.0000  0.0000  0.0000  0.0000
  0.0000  0.5345  0.0000  0.0000  0.0000  0.0000  0.0000  0.0000  0.0000  0.8452  0.0000  0.0000  0.0000  0.0000
  0.0000  0.0000  0.6547  0.0000  0.0000  0.0000  0.0000  0.0000  0.0000  0.0000  0.7559  0.0000  0.0000  0.0000
  0.0000  0.0000  0.0000  0.7559  0.0000  0.0000  0.0000  0.0000  0.0000  0.0000  0.0000  0.6547  0.0000  0.0000
  0.0000  0.0000  0.0000  0.0000  0.8452  0.0000  0.0000  0.0000  0.0000  0.0000  0.0000  0.0000  0.5345  0.0000
  0.0000  0.0000  0.0000  0.0000  0.0000  0.9258  0.0000  0.0000  0.0000  0.0000  0.0000  0.0000  0.0000  0.3780
  0.0000  0.0000  0.0000  0.0000  0.0000  0.0000  1.0000  0.0000  0.0000  0.0000  0.0000  0.0000  0.0000  0.0000
  Imaginary part of unitary matrix=
  0.0000  0.0000  0.0000  0.0000  0.0000  0.0000  0.0000  0.0000  0.0000  0.0000  0.0000  0.0000  0.0000  0.0000
  0.0000  0.0000  0.0000  0.0000  0.0000  0.0000  0.0000  0.0000  0.0000  0.0000  0.0000  0.0000  0.0000  0.0000
  0.0000  0.0000  0.0000  0.0000  0.0000  0.0000  0.0000  0.0000  0.0000  0.0000  0.0000  0.0000  0.0000  0.0000
  0.0000  0.0000  0.0000  0.0000  0.0000  0.0000  0.0000  0.0000  0.0000  0.0000  0.0000  0.0000  0.0000  0.0000
  0.0000  0.0000  0.0000  0.0000  0.0000  0.0000  0.0000  0.0000  0.0000  0.0000  0.0000  0.0000  0.0000  0.0000
  0.0000  0.0000  0.0000  0.0000  0.0000  0.0000  0.0000  0.0000  0.0000  0.0000  0.0000  0.0000  0.0000  0.0000
  0.0000  0.0000  0.0000  0.0000  0.0000  0.0000  0.0000  0.0000  0.0000  0.0000  0.0000  0.0000  0.0000  0.0000
  0.0000  0.0000  0.0000  0.0000  0.0000  0.0000  0.0000  0.0000  0.0000  0.0000  0.0000  0.0000  0.0000  0.0000
  0.0000  0.0000  0.0000  0.0000  0.0000  0.0000  0.0000  0.0000  0.0000  0.0000  0.0000  0.0000  0.0000  0.0000
  0.0000  0.0000  0.0000  0.0000  0.0000  0.0000  0.0000  0.0000  0.0000  0.0000  0.0000  0.0000  0.0000  0.0000
  0.0000  0.0000  0.0000  0.0000  0.0000  0.0000  0.0000  0.0000  0.0000  0.0000  0.0000  0.0000  0.0000  0.0000
  0.0000  0.0000  0.0000  0.0000  0.0000  0.0000  0.0000  0.0000  0.0000  0.0000  0.0000  0.0000  0.0000  0.0000
  0.0000  0.0000  0.0000  0.0000  0.0000  0.0000  0.0000  0.0000  0.0000  0.0000  0.0000  0.0000  0.0000  0.0000
  0.0000  0.0000  0.0000  0.0000  0.0000  0.0000  0.0000  0.0000  0.0000  0.0000  0.0000  0.0000  0.0000  0.0000
  At least one transformation matrix is not Identity
 Magnetic system with s-o coupling; M theta, phi:  0.0000  0.0000
 Inside ROTDEF
Operation  1 transforms atom   1 from first atom   1
Actual position of atom  1 is:  0.000000    0.000000    0.000000
 
Combined transformation (acting on k-point) for correlated atoms
including users rotation and internal local rotation
catom  1 atom   1
   0.80677   0.00000   0.00000
   0.00000  -0.80677   0.00000
   0.00000   0.00000  -0.80677
 
 
 SPIN COORD SYSTEM:
    1.000000    0.000000    0.000000
    0.000000    1.000000    0.000000
    0.000000    0.000000    1.000000
 
 in global cartezian coordinates:
    1.000000    0.000000    0.000000
    0.000000   -1.000000    0.000000
    0.000000    0.000000   -1.000000
 ____________________________
 in spin coordinates:
    1.000000    0.000000    0.000000
    0.000000   -1.000000    0.000000
    0.000000    0.000000   -1.000000
           1   3.14159265358979       -1.00000000000000     
 
 in global cartezian coordinates:
    1.000000    0.000000    0.000000
    0.000000    0.000000   -1.000000
    0.000000   -1.000000    0.000000
 ____________________________
 in spin coordinates:
    1.000000    0.000000    0.000000
    0.000000    0.000000   -1.000000
    0.000000   -1.000000    0.000000
           2   1.57079632679490       0.000000000000000E+000
 
 symm. operation            2  removed !!!! so-det=  0.000000000000000E+000
 in global cartezian coordinates:
   -1.000000    0.000000    0.000000
    0.000000   -1.000000    0.000000
    0.000000    0.000000   -1.000000
 ____________________________
 in spin coordinates:
   -1.000000    0.000000    0.000000
    0.000000   -1.000000    0.000000
    0.000000    0.000000   -1.000000
           3  0.000000000000000E+000   1.00000000000000     
 
 in global cartezian coordinates:
   -1.000000    0.000000    0.000000
    0.000000    0.000000   -1.000000
    0.000000   -1.000000    0.000000
 ____________________________
 in spin coordinates:
   -1.000000    0.000000    0.000000
    0.000000    0.000000   -1.000000
    0.000000   -1.000000    0.000000
           4   1.57079632679490       0.000000000000000E+000
 
 symm. operation            4  removed !!!! so-det=  0.000000000000000E+000
 in global cartezian coordinates:
    0.000000   -1.000000    0.000000
    1.000000    0.000000    0.000000
    0.000000    0.000000   -1.000000
 ____________________________
 in spin coordinates:
    0.000000   -1.000000    0.000000
    1.000000    0.000000    0.000000
    0.000000    0.000000   -1.000000
           5  -1.57079632679490        1.00000000000000     
 
 in global cartezian coordinates:
    0.000000   -1.000000    0.000000
    0.000000    0.000000   -1.000000
    1.000000    0.000000    0.000000
 ____________________________
 in spin coordinates:
    0.000000   -1.000000    0.000000
    0.000000    0.000000   -1.000000
    1.000000    0.000000    0.000000
           6 NaN                      0.000000000000000E+000
 
 symm. operation            6  removed !!!! so-det=  0.000000000000000E+000
 in global cartezian coordinates:
    0.000000    1.000000    0.000000
    1.000000    0.000000    0.000000
    0.000000    0.000000   -1.000000
 ____________________________
 in spin coordinates:
    0.000000    1.000000    0.000000
    1.000000    0.000000    0.000000
    0.000000    0.000000   -1.000000
           7   1.57079632679490       -1.00000000000000     
 
 in global cartezian coordinates:
    0.000000    1.000000    0.000000
    0.000000    0.000000   -1.000000
    1.000000    0.000000    0.000000
 ____________________________
 in spin coordinates:
    0.000000    1.000000    0.000000
    0.000000    0.000000   -1.000000
    1.000000    0.000000    0.000000
           8 NaN                      0.000000000000000E+000
 
 symm. operation            8  removed !!!! so-det=  0.000000000000000E+000
 in global cartezian coordinates:
    0.000000    0.000000   -1.000000
    1.000000    0.000000    0.000000
    0.000000   -1.000000    0.000000
 ____________________________
 in spin coordinates:
    0.000000    0.000000   -1.000000
    1.000000    0.000000    0.000000
    0.000000   -1.000000    0.000000
           9   1.57079632679490       0.000000000000000E+000
 
 symm. operation            9  removed !!!! so-det=  0.000000000000000E+000
 in global cartezian coordinates:
    0.000000    0.000000   -1.000000
    0.000000   -1.000000    0.000000
    1.000000    0.000000    0.000000
 ____________________________
 in spin coordinates:
    0.000000    0.000000   -1.000000
    0.000000   -1.000000    0.000000
    1.000000    0.000000    0.000000
          10   1.57079632679490       0.000000000000000E+000
 
 symm. operation           10  removed !!!! so-det=  0.000000000000000E+000
 in global cartezian coordinates:
    0.000000    0.000000    1.000000
    1.000000    0.000000    0.000000
    0.000000   -1.000000    0.000000
 ____________________________
 in spin coordinates:
    0.000000    0.000000    1.000000
    1.000000    0.000000    0.000000
    0.000000   -1.000000    0.000000
          11   1.57079632679490       0.000000000000000E+000
 
 symm. operation           11  removed !!!! so-det=  0.000000000000000E+000
 in global cartezian coordinates:
    0.000000    0.000000    1.000000
    0.000000   -1.000000    0.000000
    1.000000    0.000000    0.000000
 ____________________________
 in spin coordinates:
    0.000000    0.000000    1.000000
    0.000000   -1.000000    0.000000
    1.000000    0.000000    0.000000
          12   1.57079632679490       0.000000000000000E+000
 
 symm. operation           12  removed !!!! so-det=  0.000000000000000E+000
 in global cartezian coordinates:
    0.000000   -1.000000    0.000000
   -1.000000    0.000000    0.000000
    0.000000    0.000000   -1.000000
 ____________________________
 in spin coordinates:
    0.000000   -1.000000    0.000000
   -1.000000    0.000000    0.000000
    0.000000    0.000000   -1.000000
          13   4.71238898038469       -1.00000000000000     
 
 in global cartezian coordinates:
    0.000000    1.000000    0.000000
   -1.000000    0.000000    0.000000
    0.000000    0.000000   -1.000000
 ____________________________
 in spin coordinates:
    0.000000    1.000000    0.000000
   -1.000000    0.000000    0.000000
    0.000000    0.000000   -1.000000
          14   1.57079632679490        1.00000000000000     
 
 in global cartezian coordinates:
    0.000000   -1.000000    0.000000
    0.000000    0.000000   -1.000000
   -1.000000    0.000000    0.000000
 ____________________________
 in spin coordinates:
    0.000000   -1.000000    0.000000
    0.000000    0.000000   -1.000000
   -1.000000    0.000000    0.000000
          15 NaN                      0.000000000000000E+000
 
 symm. operation           15  removed !!!! so-det=  0.000000000000000E+000
 in global cartezian coordinates:
    0.000000    1.000000    0.000000
    0.000000    0.000000   -1.000000
   -1.000000    0.000000    0.000000
 ____________________________
 in spin coordinates:
    0.000000    1.000000    0.000000
    0.000000    0.000000   -1.000000
   -1.000000    0.000000    0.000000
          16 NaN                      0.000000000000000E+000
 
 symm. operation           16  removed !!!! so-det=  0.000000000000000E+000
 in global cartezian coordinates:
    1.000000    0.000000    0.000000
    0.000000    1.000000    0.000000
    0.000000    0.000000   -1.000000
 ____________________________
 in spin coordinates:
    1.000000    0.000000    0.000000
    0.000000    1.000000    0.000000
    0.000000    0.000000   -1.000000
          17   3.14159274101257        1.00000000000000     
 
 in global cartezian coordinates:
   -1.000000    0.000000    0.000000
    0.000000    1.000000    0.000000
    0.000000    0.000000   -1.000000
 ____________________________
 in spin coordinates:
   -1.000000    0.000000    0.000000
    0.000000    1.000000    0.000000
    0.000000    0.000000   -1.000000
          18   6.28318539460237       -1.00000000000000     
 
 in global cartezian coordinates:
    1.000000    0.000000    0.000000
    0.000000    0.000000   -1.000000
    0.000000    1.000000    0.000000
 ____________________________
 in spin coordinates:
    1.000000    0.000000    0.000000
    0.000000    0.000000   -1.000000
    0.000000    1.000000    0.000000
          19   1.57079632679490       0.000000000000000E+000
 
 symm. operation           19  removed !!!! so-det=  0.000000000000000E+000
 in global cartezian coordinates:
   -1.000000    0.000000    0.000000
    0.000000    0.000000   -1.000000
    0.000000    1.000000    0.000000
 ____________________________
 in spin coordinates:
   -1.000000    0.000000    0.000000
    0.000000    0.000000   -1.000000
    0.000000    1.000000    0.000000
          20   1.57079632679490       0.000000000000000E+000
 
 symm. operation           20  removed !!!! so-det=  0.000000000000000E+000
 in global cartezian coordinates:
    0.000000    0.000000   -1.000000
   -1.000000    0.000000    0.000000
    0.000000   -1.000000    0.000000
 ____________________________
 in spin coordinates:
    0.000000    0.000000   -1.000000
   -1.000000    0.000000    0.000000
    0.000000   -1.000000    0.000000
          21   1.57079632679490       0.000000000000000E+000
 
 symm. operation           21  removed !!!! so-det=  0.000000000000000E+000
 in global cartezian coordinates:
    0.000000    0.000000   -1.000000
    0.000000   -1.000000    0.000000
   -1.000000    0.000000    0.000000
 ____________________________
 in spin coordinates:
    0.000000    0.000000   -1.000000
    0.000000   -1.000000    0.000000
   -1.000000    0.000000    0.000000
          22   1.57079632679490       0.000000000000000E+000
 
 symm. operation           22  removed !!!! so-det=  0.000000000000000E+000
 in global cartezian coordinates:
    0.000000    0.000000    1.000000
   -1.000000    0.000000    0.000000
    0.000000   -1.000000    0.000000
 ____________________________
 in spin coordinates:
    0.000000    0.000000    1.000000
   -1.000000    0.000000    0.000000
    0.000000   -1.000000    0.000000
          23   1.57079632679490       0.000000000000000E+000
 
 symm. operation           23  removed !!!! so-det=  0.000000000000000E+000
 in global cartezian coordinates:
    0.000000    0.000000    1.000000
    0.000000   -1.000000    0.000000
   -1.000000    0.000000    0.000000
 ____________________________
 in spin coordinates:
    0.000000    0.000000    1.000000
    0.000000   -1.000000    0.000000
   -1.000000    0.000000    0.000000
          24   1.57079632679490       0.000000000000000E+000
 
 symm. operation           24  removed !!!! so-det=  0.000000000000000E+000
 in global cartezian coordinates:
    0.000000    0.000000   -1.000000
    0.000000    1.000000    0.000000
    1.000000    0.000000    0.000000
 ____________________________
 in spin coordinates:
    0.000000    0.000000   -1.000000
    0.000000    1.000000    0.000000
    1.000000    0.000000    0.000000
          25   1.57079632679490       0.000000000000000E+000
 
 symm. operation           25  removed !!!! so-det=  0.000000000000000E+000
 in global cartezian coordinates:
    0.000000    0.000000   -1.000000
    1.000000    0.000000    0.000000
    0.000000    1.000000    0.000000
 ____________________________
 in spin coordinates:
    0.000000    0.000000   -1.000000
    1.000000    0.000000    0.000000
    0.000000    1.000000    0.000000
          26   1.57079632679490       0.000000000000000E+000
 
 symm. operation           26  removed !!!! so-det=  0.000000000000000E+000
 in global cartezian coordinates:
    0.000000    0.000000    1.000000
    0.000000    1.000000    0.000000
    1.000000    0.000000    0.000000
 ____________________________
 in spin coordinates:
    0.000000    0.000000    1.000000
    0.000000    1.000000    0.000000
    1.000000    0.000000    0.000000
          27   1.57079632679490       0.000000000000000E+000
 
 symm. operation           27  removed !!!! so-det=  0.000000000000000E+000
 in global cartezian coordinates:
    0.000000    0.000000    1.000000
    1.000000    0.000000    0.000000
    0.000000    1.000000    0.000000
 ____________________________
 in spin coordinates:
    0.000000    0.000000    1.000000
    1.000000    0.000000    0.000000
    0.000000    1.000000    0.000000
          28   1.57079632679490       0.000000000000000E+000
 
 symm. operation           28  removed !!!! so-det=  0.000000000000000E+000
 in global cartezian coordinates:
    1.000000    0.000000    0.000000
    0.000000    0.000000    1.000000
    0.000000   -1.000000    0.000000
 ____________________________
 in spin coordinates:
    1.000000    0.000000    0.000000
    0.000000    0.000000    1.000000
    0.000000   -1.000000    0.000000
          29   1.57079632679490       0.000000000000000E+000
 
 symm. operation           29  removed !!!! so-det=  0.000000000000000E+000
 in global cartezian coordinates:
   -1.000000    0.000000    0.000000
    0.000000    0.000000    1.000000
    0.000000   -1.000000    0.000000
 ____________________________
 in spin coordinates:
   -1.000000    0.000000    0.000000
    0.000000    0.000000    1.000000
    0.000000   -1.000000    0.000000
          30   1.57079632679490       0.000000000000000E+000
 
 symm. operation           30  removed !!!! so-det=  0.000000000000000E+000
 in global cartezian coordinates:
    1.000000    0.000000    0.000000
    0.000000   -1.000000    0.000000
    0.000000    0.000000    1.000000
 ____________________________
 in spin coordinates:
    1.000000    0.000000    0.000000
    0.000000   -1.000000    0.000000
    0.000000    0.000000    1.000000
          31   6.28318539460237       -1.00000000000000     
 
 in global cartezian coordinates:
   -1.000000    0.000000    0.000000
    0.000000   -1.000000    0.000000
    0.000000    0.000000    1.000000
 ____________________________
 in spin coordinates:
   -1.000000    0.000000    0.000000
    0.000000   -1.000000    0.000000
    0.000000    0.000000    1.000000
          32   3.14159274101257        1.00000000000000     
 
 in global cartezian coordinates:
    0.000000   -1.000000    0.000000
    0.000000    0.000000    1.000000
    1.000000    0.000000    0.000000
 ____________________________
 in spin coordinates:
    0.000000   -1.000000    0.000000
    0.000000    0.000000    1.000000
    1.000000    0.000000    0.000000
          33 NaN                      0.000000000000000E+000
 
 symm. operation           33  removed !!!! so-det=  0.000000000000000E+000
 in global cartezian coordinates:
    0.000000    1.000000    0.000000
    0.000000    0.000000    1.000000
    1.000000    0.000000    0.000000
 ____________________________
 in spin coordinates:
    0.000000    1.000000    0.000000
    0.000000    0.000000    1.000000
    1.000000    0.000000    0.000000
          34 NaN                      0.000000000000000E+000
 
 symm. operation           34  removed !!!! so-det=  0.000000000000000E+000
 in global cartezian coordinates:
    0.000000   -1.000000    0.000000
    1.000000    0.000000    0.000000
    0.000000    0.000000    1.000000
 ____________________________
 in spin coordinates:
    0.000000   -1.000000    0.000000
    1.000000    0.000000    0.000000
    0.000000    0.000000    1.000000
          35   1.57079632679490        1.00000000000000     
 
 in global cartezian coordinates:
    0.000000    1.000000    0.000000
    1.000000    0.000000    0.000000
    0.000000    0.000000    1.000000
 ____________________________
 in spin coordinates:
    0.000000    1.000000    0.000000
    1.000000    0.000000    0.000000
    0.000000    0.000000    1.000000
          36   4.71238898038469       -1.00000000000000     
 
 in global cartezian coordinates:
    0.000000    0.000000   -1.000000
    0.000000    1.000000    0.000000
   -1.000000    0.000000    0.000000
 ____________________________
 in spin coordinates:
    0.000000    0.000000   -1.000000
    0.000000    1.000000    0.000000
   -1.000000    0.000000    0.000000
          37   1.57079632679490       0.000000000000000E+000
 
 symm. operation           37  removed !!!! so-det=  0.000000000000000E+000
 in global cartezian coordinates:
    0.000000    0.000000   -1.000000
   -1.000000    0.000000    0.000000
    0.000000    1.000000    0.000000
 ____________________________
 in spin coordinates:
    0.000000    0.000000   -1.000000
   -1.000000    0.000000    0.000000
    0.000000    1.000000    0.000000
          38   1.57079632679490       0.000000000000000E+000
 
 symm. operation           38  removed !!!! so-det=  0.000000000000000E+000
 in global cartezian coordinates:
    0.000000    0.000000    1.000000
    0.000000    1.000000    0.000000
   -1.000000    0.000000    0.000000
 ____________________________
 in spin coordinates:
    0.000000    0.000000    1.000000
    0.000000    1.000000    0.000000
   -1.000000    0.000000    0.000000
          39   1.57079632679490       0.000000000000000E+000
 
 symm. operation           39  removed !!!! so-det=  0.000000000000000E+000
 in global cartezian coordinates:
    0.000000    0.000000    1.000000
   -1.000000    0.000000    0.000000
    0.000000    1.000000    0.000000
 ____________________________
 in spin coordinates:
    0.000000    0.000000    1.000000
   -1.000000    0.000000    0.000000
    0.000000    1.000000    0.000000
          40   1.57079632679490       0.000000000000000E+000
 
 symm. operation           40  removed !!!! so-det=  0.000000000000000E+000
 in global cartezian coordinates:
    0.000000   -1.000000    0.000000
    0.000000    0.000000    1.000000
   -1.000000    0.000000    0.000000
 ____________________________
 in spin coordinates:
    0.000000   -1.000000    0.000000
    0.000000    0.000000    1.000000
   -1.000000    0.000000    0.000000
          41 NaN                      0.000000000000000E+000
 
 symm. operation           41  removed !!!! so-det=  0.000000000000000E+000
 in global cartezian coordinates:
    0.000000   -1.000000    0.000000
   -1.000000    0.000000    0.000000
    0.000000    0.000000    1.000000
 ____________________________
 in spin coordinates:
    0.000000   -1.000000    0.000000
   -1.000000    0.000000    0.000000
    0.000000    0.000000    1.000000
          42   1.57079632679490       -1.00000000000000     
 
 in global cartezian coordinates:
    0.000000    1.000000    0.000000
    0.000000    0.000000    1.000000
   -1.000000    0.000000    0.000000
 ____________________________
 in spin coordinates:
    0.000000    1.000000    0.000000
    0.000000    0.000000    1.000000
   -1.000000    0.000000    0.000000
          43 NaN                      0.000000000000000E+000
 
 symm. operation           43  removed !!!! so-det=  0.000000000000000E+000
 in global cartezian coordinates:
    0.000000    1.000000    0.000000
   -1.000000    0.000000    0.000000
    0.000000    0.000000    1.000000
 ____________________________
 in spin coordinates:
    0.000000    1.000000    0.000000
   -1.000000    0.000000    0.000000
    0.000000    0.000000    1.000000
          44  -1.57079632679490        1.00000000000000     
 
 in global cartezian coordinates:
    1.000000    0.000000    0.000000
    0.000000    0.000000    1.000000
    0.000000    1.000000    0.000000
 ____________________________
 in spin coordinates:
    1.000000    0.000000    0.000000
    0.000000    0.000000    1.000000
    0.000000    1.000000    0.000000
          45   1.57079632679490       0.000000000000000E+000
 
 symm. operation           45  removed !!!! so-det=  0.000000000000000E+000
 in global cartezian coordinates:
    1.000000    0.000000    0.000000
    0.000000    1.000000    0.000000
    0.000000    0.000000    1.000000
 ____________________________
 in spin coordinates:
    1.000000    0.000000    0.000000
    0.000000    1.000000    0.000000
    0.000000    0.000000    1.000000
          46  0.000000000000000E+000   1.00000000000000     
 
 in global cartezian coordinates:
   -1.000000    0.000000    0.000000
    0.000000    0.000000    1.000000
    0.000000    1.000000    0.000000
 ____________________________
 in spin coordinates:
   -1.000000    0.000000    0.000000
    0.000000    0.000000    1.000000
    0.000000    1.000000    0.000000
          47   1.57079632679490       0.000000000000000E+000
 
 symm. operation           47  removed !!!! so-det=  0.000000000000000E+000
 in global cartezian coordinates:
   -1.000000    0.000000    0.000000
    0.000000    1.000000    0.000000
    0.000000    0.000000    1.000000
 ____________________________
 in spin coordinates:
   -1.000000    0.000000    0.000000
    0.000000    1.000000    0.000000
    0.000000    0.000000    1.000000
          48   3.14159265358979       -1.00000000000000     
 
 Original and SO-compatible symops changed:          48          16
 FNAME=
 delta_Pu_3.energyso_1                                                          
                                                                                
                                                     60
 FNAME=
 delta_Pu_3.energysodn_1                                                        
                                                                                
                                                     59
 BZ-integration with TETRA-program.   icor=: 1
 Equal occupancy of degenerate states, tol=: 0.1E-05
 call eord...
 call dos...
 ILOOP            1
 ILOOP            2
   FERMI ENERGY AT    1.68113133729084     
 RESULT OF INTEGRATION:      15.999999999704; SHOULD BE:      15.999999999900
   SUM RULE OF TETRAHEDRON INTEGRATION CHECKED 
 call eweigh...
   number of occupied bands:          18
   highest energy:   1.69725557967316     
 FERMI-LDA=   1.681 Ryd,  22.873 eV.
 ABSOLUTE EMIN=   1.240 Ryd.  16.873 eV.
 ABSOLUTE EMAX=   2.122 Ryd.  28.873 eV.


:NLDA  : NUMBER OF ELECTRONS          =  16.000

:FLDA  : F E R M I - ENERGY           =   1.68113
 
 ********** Information about the atomic index arrays ************
 iatom=           1
 isort=           1
 csort=           1
 maxucase=           1
icase, iucase, jatom, latom=     1     1     1     1
 
 *****  Arrays for correlated blocks ******
 norbitals=           1
 maxdim2=          14
iorbital( 1, 1)=   1
cix( 1, 1)=   1
icase,lcase,icix,iorb,nind1,ip1,iSx=    1    1    1    1   14    1    1
icase,lcase,icix,iorb,nind1,ip1,iSx=    1    1    1    1   14    2    2
icase,lcase,icix,iorb,nind1,ip1,iSx=    1    1    1    1   14    3    3
icase,lcase,icix,iorb,nind1,ip1,iSx=    1    1    1    1   14    4    4
icase,lcase,icix,iorb,nind1,ip1,iSx=    1    1    1    1   14    5    5
icase,lcase,icix,iorb,nind1,ip1,iSx=    1    1    1    1   14    6    6
icase,lcase,icix,iorb,nind1,ip1,iSx=    1    1    1    1   14    7    7
icase,lcase,icix,iorb,nind1,ip1,iSx=    1    1    1    1   14    8    8
icase,lcase,icix,iorb,nind1,ip1,iSx=    1    1    1    1   14    9    9
icase,lcase,icix,iorb,nind1,ip1,iSx=    1    1    1    1   14   10   10
icase,lcase,icix,iorb,nind1,ip1,iSx=    1    1    1    1   14   11   11
icase,lcase,icix,iorb,nind1,ip1,iSx=    1    1    1    1   14   12   12
icase,lcase,icix,iorb,nind1,ip1,iSx=    1    1    1    1   14   13   13
icase,lcase,icix,iorb,nind1,ip1,iSx=    1    1    1    1   14   14   14
cixdim( 1)=14
noccur( 1, 1)=   6
noccur( 2, 1)=   8
iSx( 1, 1)=  1
iSx( 2, 1)=  2
iSx( 3, 1)=  3
iSx( 4, 1)=  4
iSx( 5, 1)=  5
iSx( 6, 1)=  6
iSx( 7, 1)=  7
iSx( 8, 1)=  8
iSx( 9, 1)=  9
iSx(10, 1)= 10
iSx(11, 1)= 11
iSx(12, 1)= 12
iSx(13, 1)= 13
iSx(14, 1)= 14
nindo( 1)= 14
CF for iorb1= 1 iorb2= 1
    0.92582010     0.00000000       0.00000000     0.00000000       0.00000000     0.00000000       0.00000000     0.00000000       0.00000000     0.00000000       0.00000000     0.00000000       0.00000000     0.00000000       0.00000000     0.00000000      -0.37796447     0.00000000       0.00000000     0.00000000       0.00000000     0.00000000       0.00000000     0.00000000       0.00000000     0.00000000       0.00000000     0.00000000   
    0.00000000     0.00000000       0.84515425     0.00000000       0.00000000     0.00000000       0.00000000     0.00000000       0.00000000     0.00000000       0.00000000     0.00000000       0.00000000     0.00000000       0.00000000     0.00000000       0.00000000     0.00000000      -0.53452248     0.00000000       0.00000000     0.00000000       0.00000000     0.00000000       0.00000000     0.00000000       0.00000000     0.00000000   
    0.00000000     0.00000000       0.00000000     0.00000000       0.75592895     0.00000000       0.00000000     0.00000000       0.00000000     0.00000000       0.00000000     0.00000000       0.00000000     0.00000000       0.00000000     0.00000000       0.00000000     0.00000000       0.00000000     0.00000000      -0.65465367     0.00000000       0.00000000     0.00000000       0.00000000     0.00000000       0.00000000     0.00000000   
    0.00000000     0.00000000       0.00000000     0.00000000       0.00000000     0.00000000       0.65465367     0.00000000       0.00000000     0.00000000       0.00000000     0.00000000       0.00000000     0.00000000       0.00000000     0.00000000       0.00000000     0.00000000       0.00000000     0.00000000       0.00000000     0.00000000      -0.75592895     0.00000000       0.00000000     0.00000000       0.00000000     0.00000000   
    0.00000000     0.00000000       0.00000000     0.00000000       0.00000000     0.00000000       0.00000000     0.00000000       0.53452248     0.00000000       0.00000000     0.00000000       0.00000000     0.00000000       0.00000000     0.00000000       0.00000000     0.00000000       0.00000000     0.00000000       0.00000000     0.00000000       0.00000000     0.00000000      -0.84515425     0.00000000       0.00000000     0.00000000   
    0.00000000     0.00000000       0.00000000     0.00000000       0.00000000     0.00000000       0.00000000     0.00000000       0.00000000     0.00000000       0.37796447     0.00000000       0.00000000     0.00000000       0.00000000     0.00000000       0.00000000     0.00000000       0.00000000     0.00000000       0.00000000     0.00000000       0.00000000     0.00000000       0.00000000     0.00000000      -0.92582010     0.00000000   
    0.00000000     0.00000000       0.00000000     0.00000000       0.00000000     0.00000000       0.00000000     0.00000000       0.00000000     0.00000000       0.00000000     0.00000000       0.00000000     0.00000000       1.00000000     0.00000000       0.00000000     0.00000000       0.00000000     0.00000000       0.00000000     0.00000000       0.00000000     0.00000000       0.00000000     0.00000000       0.00000000     0.00000000   
    0.37796447     0.00000000       0.00000000     0.00000000       0.00000000     0.00000000       0.00000000     0.00000000       0.00000000     0.00000000       0.00000000     0.00000000       0.00000000     0.00000000       0.00000000     0.00000000       0.92582010     0.00000000       0.00000000     0.00000000       0.00000000     0.00000000       0.00000000     0.00000000       0.00000000     0.00000000       0.00000000     0.00000000   
    0.00000000     0.00000000       0.53452248     0.00000000       0.00000000     0.00000000       0.00000000     0.00000000       0.00000000     0.00000000       0.00000000     0.00000000       0.00000000     0.00000000       0.00000000     0.00000000       0.00000000     0.00000000       0.84515425     0.00000000       0.00000000     0.00000000       0.00000000     0.00000000       0.00000000     0.00000000       0.00000000     0.00000000   
    0.00000000     0.00000000       0.00000000     0.00000000       0.65465367     0.00000000       0.00000000     0.00000000       0.00000000     0.00000000       0.00000000     0.00000000       0.00000000     0.00000000       0.00000000     0.00000000       0.00000000     0.00000000       0.00000000     0.00000000       0.75592895     0.00000000       0.00000000     0.00000000       0.00000000     0.00000000       0.00000000     0.00000000   
    0.00000000     0.00000000       0.00000000     0.00000000       0.00000000     0.00000000       0.75592895     0.00000000       0.00000000     0.00000000       0.00000000     0.00000000       0.00000000     0.00000000       0.00000000     0.00000000       0.00000000     0.00000000       0.00000000     0.00000000       0.00000000     0.00000000       0.65465367     0.00000000       0.00000000     0.00000000       0.00000000     0.00000000   
    0.00000000     0.00000000       0.00000000     0.00000000       0.00000000     0.00000000       0.00000000     0.00000000       0.84515425     0.00000000       0.00000000     0.00000000       0.00000000     0.00000000       0.00000000     0.00000000       0.00000000     0.00000000       0.00000000     0.00000000       0.00000000     0.00000000       0.00000000     0.00000000       0.53452248     0.00000000       0.00000000     0.00000000   
    0.00000000     0.00000000       0.00000000     0.00000000       0.00000000     0.00000000       0.00000000     0.00000000       0.00000000     0.00000000       0.92582010     0.00000000       0.00000000     0.00000000       0.00000000     0.00000000       0.00000000     0.00000000       0.00000000     0.00000000       0.00000000     0.00000000       0.00000000     0.00000000       0.00000000     0.00000000       0.37796447     0.00000000   
    0.00000000     0.00000000       0.00000000     0.00000000       0.00000000     0.00000000       0.00000000     0.00000000       0.00000000     0.00000000       0.00000000     0.00000000       1.00000000     0.00000000       0.00000000     0.00000000       0.00000000     0.00000000       0.00000000     0.00000000       0.00000000     0.00000000       0.00000000     0.00000000       0.00000000     0.00000000       0.00000000     0.00000000   
Rspin for iorb=  1
 angles=  0.000000000000000E+000   3.14159265358979       0.000000000000000E+000
  0.000000000000000E+000  0.000000000000000E+000  0.000000000000000E+000
 Rspin=
    0.000000    0.000000      0.000000    1.000000
    0.000000    1.000000      0.000000    0.000000
 Calculation for atom  1 which has iucase=  1
 ATPAR for spin up

          ATOMIC PARAMETERS FOR Pu  0+    

           ENERGY PARAMETERS ARE   1.46  -0.84   1.46   1.46

           L     U(R)          U'(R)         DU/DE        DU'/DE      NORM-U'
           0  0.552855E+00  0.807973E+00  0.111007E+00 -0.229067E+00
           1  0.538048E+00 -0.294314E-03 -0.143902E+00 -0.402008E+00
           2 -0.616186E+00  0.322764E-01  0.987340E-01  0.345959E+00
           3 -0.310076E+00  0.137053E+00  0.367256E+00  0.535555E+00
LO COEFFICIENT: l,A,B,C   0          0.64951    -3.23481     0.00000     0.00000
 
LO COEFFICIENT: l,A,B,C   0          0.32165     0.00000     0.78081     0.00000
 
LO COEFFICIENT: l,A,B,C   1          0.87907     3.28684     0.00000     0.00000
 
LO COEFFICIENT: l,A,B,C   1          0.26059     0.00000    -1.23096     0.00000
 
LO COEFFICIENT: l,A,B,C   2          0.85359     5.32715     0.00000     0.00000
 
LO COEFFICIENT: l,A,B,C   3          0.94256     0.79581     0.00000     0.00000
 
 ATPAR for spin down

          ATOMIC PARAMETERS FOR Pu  0+    

           ENERGY PARAMETERS ARE   1.46  -0.84   1.46   1.46

           L     U(R)          U'(R)         DU/DE        DU'/DE      NORM-U'
           0  0.552855E+00  0.807973E+00  0.111007E+00 -0.229067E+00
           1  0.538048E+00 -0.294314E-03 -0.143902E+00 -0.402008E+00
           2 -0.616186E+00  0.322764E-01  0.987340E-01  0.345959E+00
           3 -0.310076E+00  0.137053E+00  0.367256E+00  0.535555E+00
LO COEFFICIENT: l,A,B,C   0          0.64951    -3.23481     0.00000     0.00000
 
LO COEFFICIENT: l,A,B,C   0          0.32165     0.00000     0.78081     0.00000
 
LO COEFFICIENT: l,A,B,C   1          0.87907     3.28684     0.00000     0.00000
 
LO COEFFICIENT: l,A,B,C   1          0.26059     0.00000    -1.23096     0.00000
 
LO COEFFICIENT: l,A,B,C   2          0.85359     5.32715     0.00000     0.00000
 
LO COEFFICIENT: l,A,B,C   3          0.94256     0.79581     0.00000     0.00000
 
 L1=           0  L2=           0
 RADIAL INTEGRALS:
           1           1                 1           1   1.00000000000000     
           1           3                 1           1  0.571120899197428     
           1           1                 1           2   1.00000000000000     
           1           3                 1           2  0.571120899197428     
           1           1                 2           1   1.00000000000000     
           1           3                 2           1  0.571120899197428     
           1           1                 2           2   1.00000000000000     
           1           3                 2           2  0.571120899197428     
           2           2                 1           1  5.524999093595861E-002
           2           3                 1           1 -0.190639412676868     
           2           2                 1           2  5.524999093595861E-002
           2           3                 1           2 -0.190639412676868     
           2           2                 2           1  5.524999093595861E-002
           2           3                 2           1 -0.190639412676868     
           2           2                 2           2  5.524999093595861E-002
           2           3                 2           2 -0.190639412676868     
           3           1                 1           1  0.571120899197428     
           3           2                 1           1 -0.190639412676868     
           3           3                 1           1   1.00000000000000     
           3           1                 1           2  0.571120899197428     
           3           2                 1           2 -0.190639412676868     
           3           3                 1           2   1.00000000000000     
           3           1                 2           1  0.571120899197428     
           3           2                 2           1 -0.190639412676868     
           3           3                 2           1   1.00000000000000     
           3           1                 2           2  0.571120899197428     
           3           2                 2           2 -0.190639412676868     
           3           3                 2           2   1.00000000000000     
 L1=           1  L2=           1
 RADIAL INTEGRALS:
           1           1                 1           1   1.00000000000000     
           1           3                 1           1  0.909002118172995     
           1           1                 1           2   1.00000000000000     
           1           3                 1           2  0.909002118172995     
           1           1                 2           1   1.00000000000000     
           1           3                 2           1  0.909002118172995     
           1           1                 2           2   1.00000000000000     
           1           3                 2           2  0.909002118172995     
           2           2                 1           1  2.103408447097778E-002
           2           3                 1           1  6.027776993021713E-002
           2           2                 1           2  2.103408447097778E-002
           2           3                 1           2  6.027776993021713E-002
           2           2                 2           1  2.103408447097778E-002
           2           3                 2           1  6.027776993021713E-002
           2           2                 2           2  2.103408447097778E-002
           2           3                 2           2  6.027776993021713E-002
           3           1                 1           1  0.909002118172995     
           3           2                 1           1  6.027776993021713E-002
           3           3                 1           1   1.00000000000000     
           3           1                 1           2  0.909002118172995     
           3           2                 1           2  6.027776993021713E-002
           3           3                 1           2   1.00000000000000     
           3           1                 2           1  0.909002118172995     
           3           2                 2           1  6.027776993021713E-002
           3           3                 2           1   1.00000000000000     
           3           1                 2           2  0.909002118172995     
           3           2                 2           2  6.027776993021713E-002
           3           3                 2           2   1.00000000000000     
 L1=           2  L2=           2
 RADIAL INTEGRALS:
           1           1                 1           1   1.00000000000000     
           1           1                 1           2   1.00000000000000     
           1           1                 2           1   1.00000000000000     
           1           1                 2           2   1.00000000000000     
           2           2                 1           1  9.562962567001730E-003
           2           2                 1           2  9.562962567001730E-003
           2           2                 2           1  9.562962567001730E-003
           2           2                 2           2  9.562962567001730E-003
 L1=           3  L2=           3
 RADIAL INTEGRALS:
           1           1                 1           1   1.00000000000000     
           1           1                 1           2   1.00000000000000     
           1           1                 2           1   1.00000000000000     
           1           1                 2           2   1.00000000000000     
           2           2                 1           1  0.176187308001720     
           2           2                 1           2  0.176187308001720     
           2           2                 2           1  0.176187308001720     
           2           2                 2           2  0.176187308001720     
Saving potential parameters for atom 1 into  1
pr_proc=143  tot-k=286
 ------------------------------------------------------------------------------


   =====>>> CPU TIME SUMMARY

            TOTAL       :      0.8
 OMP_NUM_THREADS= 2
 GUTZ_SOLVER VO.1.5 BUILT ON Jan 19 2014 AT22:25:59
 NT=  1 SEC_N%DIM=   10 WITH ID:
           1       2      16     107     471    1472    3474    6477    9909   12912
       14914
 MEAN U/J:  0.2940  0.0265
 NEL_FIX_VDC1=      5.26
 ATOM DEPENDENT NELF1:
      5.2596
 DCMIX_A=  0.200000
 SYMMETRICALLY NON-EQUIVALENT ATOMS:
          1
 VARIATIONAL-SETUP-NON-EQUIVALENT ATOMS:
          1
 COMPLEMENTARY VARIATIONAL-SETUP-EQUIVALENT ATOMS:

 GYZ%SYM%IDSUM:
  1
 DIM(X_Gutz)=  4
 CALC SET: GAPJ-SHFT FULL       -JH-PROJ SLATER    VAR-FIXDC    Ryd.   
 NT= 1
 LOCAL INTERACTION PART   :
 U              :   0.2940
 J              :   0.0265
 FOCK SPACE PART:
 NA             :  7
 FS%OCC(1) L.B. :  0
 FS%OCC(2) U.B. :  9
 FS%DIM         :     14913
 HL%OCC(1) L.B. :  0
 HL%OCC(2) U.B. :  9
 ISO= 2 ISPIN_IN= 1 ISPIN= 1 ISPO= 2
 BND%NMAX=  54
 BZ INTEGRATION WITH TETRA METHOD, ICOR= 1
 EQUAL OCCUPANCY OF DEGENERATE STATES, TOL= 0.1E-05
 VALENCE ELECTRONS: TOTAL=    16.0
                    CORRELATED PART=     8.0
 SYM%IDI/IDF=  1 16
 BND%NMAXIN=   22
      GUTZ5_INI_CORR_UVEK takes  0 hours  0 minutes and    0.03 seconds (CPU).
                          takes  0 hours  0 minutes and    0.02 seconds (WALL).
                 SETUP_TB takes  0 hours  0 minutes and    1.16 seconds (CPU).
                          takes  0 hours  0 minutes and    0.94 seconds (WALL).
************  EL-  ************
 NI=  1 NI_GLOBAL=  1
   1.6744   1.6745   1.6729   1.6729   1.6745   1.6744   1.7541   1.7557   1.7471   1.7532   1.7532   1.7471   1.7557   1.7541
************  EL=  ************
 NI=  1 NI_GLOBAL=  1
   1.6744   0.0000   0.0000   0.0000   0.0011   0.0000   0.0000   0.0004   0.0000   0.0000   0.0000   0.0063   0.0000   0.0000
   0.0000   1.6745   0.0000   0.0000   0.0000   0.0011   0.0000   0.0000   0.0032   0.0000   0.0000   0.0000  -0.0040   0.0000
   0.0000   0.0000   1.6729   0.0000   0.0000   0.0000   0.0000   0.0000   0.0000  -0.0055   0.0000   0.0000   0.0000   0.0032
   0.0000   0.0000   0.0000   1.6729   0.0000   0.0000  -0.0032   0.0000   0.0000   0.0000   0.0055   0.0000   0.0000   0.0000
   0.0011   0.0000   0.0000   0.0000   1.6745   0.0000   0.0000   0.0040   0.0000   0.0000   0.0000  -0.0032   0.0000   0.0000
   0.0000   0.0011   0.0000   0.0000   0.0000   1.6744   0.0000   0.0000  -0.0063   0.0000   0.0000   0.0000  -0.0004   0.0000
   0.0000   0.0000   0.0000  -0.0032   0.0000   0.0000   1.7541   0.0000   0.0000   0.0000   0.0029   0.0000   0.0000   0.0000
   0.0004   0.0000   0.0000   0.0000   0.0040   0.0000   0.0000   1.7557   0.0000   0.0000   0.0000  -0.0024   0.0000   0.0000
   0.0000   0.0032   0.0000   0.0000   0.0000  -0.0063   0.0000   0.0000   1.7471   0.0000   0.0000   0.0000  -0.0024   0.0000
   0.0000   0.0000  -0.0055   0.0000   0.0000   0.0000   0.0000   0.0000   0.0000   1.7532   0.0000   0.0000   0.0000   0.0029
   0.0000   0.0000   0.0000   0.0055   0.0000   0.0000   0.0029   0.0000   0.0000   0.0000   1.7532   0.0000   0.0000   0.0000
   0.0063   0.0000   0.0000   0.0000  -0.0032   0.0000   0.0000  -0.0024   0.0000   0.0000   0.0000   1.7471   0.0000   0.0000
   0.0000  -0.0040   0.0000   0.0000   0.0000  -0.0004   0.0000   0.0000  -0.0024   0.0000   0.0000   0.0000   1.7557   0.0000
   0.0000   0.0000   0.0032   0.0000   0.0000   0.0000   0.0000   0.0000   0.0000   0.0029   0.0000   0.0000   0.0000   1.7541
 NI=  1 LOCAL ORBITAL LEVEL CENTER(ELC)=   1.719
************  EL0  ************
 NI=  1 NI_GLOBAL=  1
   1.6739   1.6739   1.6739   1.6739   1.6739   1.6739   1.7525   1.7525   1.7525   1.7525   1.7525   1.7525   1.7525   1.7525
************  ELL  ************
 NI=  1 NI_GLOBAL=  1
   1.6739   0.0000   0.0000   0.0000   0.0000   0.0000   0.0000   0.0000   0.0000   0.0000   0.0000   0.0000   0.0000   0.0000
   0.0000   1.6739   0.0000   0.0000   0.0000   0.0000   0.0000   0.0000   0.0000   0.0000   0.0000   0.0000   0.0000   0.0000
   0.0000   0.0000   1.6739   0.0000   0.0000   0.0000   0.0000   0.0000   0.0000   0.0000   0.0000   0.0000   0.0000   0.0000
   0.0000   0.0000   0.0000   1.6739   0.0000   0.0000   0.0000   0.0000   0.0000   0.0000   0.0000   0.0000   0.0000   0.0000
   0.0000   0.0000   0.0000   0.0000   1.6739   0.0000   0.0000   0.0000   0.0000   0.0000   0.0000   0.0000   0.0000   0.0000
   0.0000   0.0000   0.0000   0.0000   0.0000   1.6739   0.0000   0.0000   0.0000   0.0000   0.0000   0.0000   0.0000   0.0000
   0.0000   0.0000   0.0000   0.0000   0.0000   0.0000   1.7525   0.0000   0.0000   0.0000   0.0000   0.0000   0.0000   0.0000
   0.0000   0.0000   0.0000   0.0000   0.0000   0.0000   0.0000   1.7525   0.0000   0.0000   0.0000   0.0000   0.0000   0.0000
   0.0000   0.0000   0.0000   0.0000   0.0000   0.0000   0.0000   0.0000   1.7525   0.0000   0.0000   0.0000   0.0000   0.0000
   0.0000   0.0000   0.0000   0.0000   0.0000   0.0000   0.0000   0.0000   0.0000   1.7525   0.0000   0.0000   0.0000   0.0000
   0.0000   0.0000   0.0000   0.0000   0.0000   0.0000   0.0000   0.0000   0.0000   0.0000   1.7525   0.0000   0.0000   0.0000
   0.0000   0.0000   0.0000   0.0000   0.0000   0.0000   0.0000   0.0000   0.0000   0.0000   0.0000   1.7525   0.0000   0.0000
   0.0000   0.0000   0.0000   0.0000   0.0000   0.0000   0.0000   0.0000   0.0000   0.0000   0.0000   0.0000   1.7525   0.0000
   0.0000   0.0000   0.0000   0.0000   0.0000   0.0000   0.0000   0.0000   0.0000   0.0000   0.0000   0.0000   0.0000   1.7525
                  GET_EL0 takes  0 hours  0 minutes and    0.00 seconds (CPU).
                          takes  0 hours  0 minutes and    0.00 seconds (WALL).
 There are  4 blocks of bands, with band energy windows:
  -1.789  -1.695 |   -0.240  -0.040 |    0.257   0.693 |    1.303   4.477 | 
 Band window indices:
         1      2 |          3      4 |          5      8 |          9     55 | 
 Band width
       0.094   |         0.200   |         0.435   |         3.174   |  
 Band gap
       1.455   |         0.297   |         0.610   |  
 CORRELATED BLOCK: EMIN/EMIX=    1.3029    2.1213
 CORRELATED BAND WIDTH=   0.818
         GUTZ_RED_PRJ_NEQ takes  0 hours  1 minutes and    0.33 seconds (CPU).
                          takes  0 hours  1 minutes and    0.34 seconds (WALL).
 NI=  1 DIM_PHIK=   41227 HL%DIM=  14913
       ID_PHIK_N=
      1      2      4     33    264   1639   6153  15546  27321  36714
  41228
       ID_PHIK_J=
      1      2      3      4      8      9     18     19     28     29
     33     37     73    122    171    220    245    254    263    264
    300    349    638    807   1168   1364   1533   1582   1631   1635
   1639   1739   2180   2964   3864   4705   5381   5781   6037   6118
   6143   6152   6153   6349   6710   8079   9448  11564  12933  14377
  14953  15353  15474  15538  15542  15546  15835  16796  18560  21060
  23176  24940  26165  26841  27165  27286  27311  27320  27321  27517
  27878  29247  30616  32732  34101  35545  36121  36521  36642  36706
  36710  36714  36814  37255  38039  38939  39780  40456  40856  41112
  41193  41218  41227  41228
          GUTZ_SET_PRJ_EQ takes  0 hours  0 minutes and    0.00 seconds (CPU).
                          takes  0 hours  0 minutes and    0.00 seconds (WALL).
************   WH%X  ************
    0.91349677    0.92674982
    1.64227409    1.77990468
************  RIN  ************
 NI=  1 NI_GLOBAL=  1
   0.9135   0.9135   0.9135   0.9135   0.9135   0.9135   0.9267   0.9267   0.9267   0.9267   0.9267   0.9267   0.9267   0.9267
************  LA1  ************
 NI=  1 NI_GLOBAL=  1
   1.6423   1.6423   1.6423   1.6423   1.6423   1.6423   1.7799   1.7799   1.7799   1.7799   1.7799   1.7799   1.7799   1.7799
             CALC_BAND_AL takes  0 hours  0 minutes and    0.48 seconds (CPU).
                          takes  0 hours  0 minutes and    0.23 seconds (WALL).
 ILOOP            1
 ILOOP            2
   FERMI ENERGY AT    1.66105422976850     
   SUM RULE OF TETRAHEDRON INTEGRATION CHECKED 
   number of occupied bands:          18
   highest energy:   1.66799835086101     
************  NK-  ************
 NI=  1 NI_GLOBAL=  1
   0.7001   0.7047   0.7789   0.7789   0.7047   0.7001   0.1244   0.1124   0.1165   0.0938   0.0938   0.1165   0.1124   0.1244
************  NNK  ************
 NI=  1 NI_GLOBAL=  1
   0.7001   0.0000   0.0000   0.0000  -0.0500   0.0000   0.0000   0.0319   0.0000   0.0000   0.0000  -0.0403   0.0000   0.0000
   0.0000   0.7047   0.0000   0.0000   0.0000  -0.0500   0.0000   0.0000  -0.0508   0.0000   0.0000   0.0000   0.0503   0.0000
   0.0000   0.0000   0.7789   0.0000   0.0000   0.0000   0.0000   0.0000   0.0000   0.0652   0.0000   0.0000   0.0000  -0.0444
   0.0000   0.0000   0.0000   0.7789   0.0000   0.0000   0.0444   0.0000   0.0000   0.0000  -0.0652   0.0000   0.0000   0.0000
  -0.0500   0.0000   0.0000   0.0000   0.7047   0.0000   0.0000  -0.0503   0.0000   0.0000   0.0000   0.0508   0.0000   0.0000
   0.0000  -0.0500   0.0000   0.0000   0.0000   0.7001   0.0000   0.0000   0.0403   0.0000   0.0000   0.0000  -0.0319   0.0000
   0.0000   0.0000   0.0000   0.0444   0.0000   0.0000   0.1244   0.0000   0.0000   0.0000  -0.0187   0.0000   0.0000   0.0000
   0.0319   0.0000   0.0000   0.0000  -0.0503   0.0000   0.0000   0.1124   0.0000   0.0000   0.0000  -0.0126   0.0000   0.0000
   0.0000  -0.0508   0.0000   0.0000   0.0000   0.0403   0.0000   0.0000   0.1165   0.0000   0.0000   0.0000  -0.0126   0.0000
   0.0000   0.0000   0.0652   0.0000   0.0000   0.0000   0.0000   0.0000   0.0000   0.0938   0.0000   0.0000   0.0000  -0.0187
   0.0000   0.0000   0.0000  -0.0652   0.0000   0.0000  -0.0187   0.0000   0.0000   0.0000   0.0938   0.0000   0.0000   0.0000
  -0.0403   0.0000   0.0000   0.0000   0.0508   0.0000   0.0000  -0.0126   0.0000   0.0000   0.0000   0.1165   0.0000   0.0000
   0.0000   0.0503   0.0000   0.0000   0.0000  -0.0319   0.0000   0.0000  -0.0126   0.0000   0.0000   0.0000   0.1124   0.0000
   0.0000   0.0000  -0.0444   0.0000   0.0000   0.0000   0.0000   0.0000   0.0000  -0.0187   0.0000   0.0000   0.0000   0.1244
************  NKS  ************
 NI=  1 NI_GLOBAL=  1
   0.7279   0.7279   0.7279   0.7279   0.7279   0.7279   0.1118   0.1118   0.1118   0.1118   0.1118   0.1118   0.1118   0.1118
 NELE_LOC TOTAL:
           5.2614890381533721
              CALC_DA_BND takes  0 hours  0 minutes and    0.07 seconds (CPU).
                          takes  0 hours  0 minutes and    0.08 seconds (WALL).
************  DA-  ************
 NI=  1 NI_GLOBAL=  1
  -0.0337  -0.0315  -0.0305  -0.0305  -0.0315  -0.0337  -0.0267  -0.0251  -0.0230  -0.0209  -0.0209  -0.0230  -0.0251  -0.0267
************  DAA  ************
 NI=  1 NI_GLOBAL=  1
  -0.0319  -0.0319  -0.0319  -0.0319  -0.0319  -0.0319  -0.0239  -0.0239  -0.0239  -0.0239  -0.0239  -0.0239  -0.0239  -0.0239
 NI=  1 VDC=    1.3429
************  LA2  ************
 NI=  1 NI_GLOBAL=  1
  -3.0523  -3.0523  -3.0523  -3.0523  -3.0523  -3.0523  -2.9494  -2.9494  -2.9494  -2.9494  -2.9494  -2.9494  -2.9494  -2.9494
 NI=  1 PHI-step gap=  0.16E+00
************  RAA  ************
 NI=  1 NI_GLOBAL=  1
   0.9135   0.9135   0.9135   0.9135   0.9135   0.9135   0.9268   0.9268   0.9268   0.9268   0.9268   0.9268   0.9268   0.9268
************  NC0  ************
 NI=  1 NI_GLOBAL=  1
   0.7279   0.7279   0.7279   0.7279   0.7279   0.7279   0.1118   0.1118   0.1118   0.1118   0.1118   0.1118   0.1118   0.1118
                  CALC_LC takes  0 hours  5 minutes and   34.79 seconds (CPU).
                          takes  0 hours  5 minutes and   34.70 seconds (WALL).
                GUTZ_FCN1 takes  0 hours  5 minutes and   35.42 seconds (CPU).
                          takes  0 hours  5 minutes and   35.08 seconds (WALL).
************  DIF_X  ************
   -0.000040083721    0.000059469022
    0.000044237819    0.000016987874
 ITER1=  1 MAXERR=    0.00005947
************   WH%X  ************
    0.91350612    0.92674544
    1.64222630    1.77985364
************  RIN  ************
 NI=  1 NI_GLOBAL=  1
   0.9135   0.9135   0.9135   0.9135   0.9135   0.9135   0.9267   0.9267   0.9267   0.9267   0.9267   0.9267   0.9267   0.9267
************  LA1  ************
 NI=  1 NI_GLOBAL=  1
   1.6422   1.6422   1.6422   1.6422   1.6422   1.6422   1.7799   1.7799   1.7799   1.7799   1.7799   1.7799   1.7799   1.7799
             CALC_BAND_AL takes  0 hours  0 minutes and    0.49 seconds (CPU).
                          takes  0 hours  0 minutes and    0.23 seconds (WALL).
 ILOOP            1
 ILOOP            2
   FERMI ENERGY AT    1.66101070916612     
   SUM RULE OF TETRAHEDRON INTEGRATION CHECKED 
   number of occupied bands:          18
   highest energy:   1.66795559801730     
************  NK-  ************
 NI=  1 NI_GLOBAL=  1
   0.7001   0.7048   0.7789   0.7789   0.7048   0.7001   0.1244   0.1125   0.1165   0.0938   0.0938   0.1165   0.1125   0.1244
************  NNK  ************
 NI=  1 NI_GLOBAL=  1
   0.7001   0.0000   0.0000   0.0000  -0.0500   0.0000   0.0000   0.0319   0.0000   0.0000   0.0000  -0.0403   0.0000   0.0000
   0.0000   0.7048   0.0000   0.0000   0.0000  -0.0500   0.0000   0.0000  -0.0508   0.0000   0.0000   0.0000   0.0503   0.0000
   0.0000   0.0000   0.7789   0.0000   0.0000   0.0000   0.0000   0.0000   0.0000   0.0652   0.0000   0.0000   0.0000  -0.0444
   0.0000   0.0000   0.0000   0.7789   0.0000   0.0000   0.0444   0.0000   0.0000   0.0000  -0.0652   0.0000   0.0000   0.0000
  -0.0500   0.0000   0.0000   0.0000   0.7048   0.0000   0.0000  -0.0503   0.0000   0.0000   0.0000   0.0508   0.0000   0.0000
   0.0000  -0.0500   0.0000   0.0000   0.0000   0.7001   0.0000   0.0000   0.0403   0.0000   0.0000   0.0000  -0.0319   0.0000
   0.0000   0.0000   0.0000   0.0444   0.0000   0.0000   0.1244   0.0000   0.0000   0.0000  -0.0187   0.0000   0.0000   0.0000
   0.0319   0.0000   0.0000   0.0000  -0.0503   0.0000   0.0000   0.1125   0.0000   0.0000   0.0000  -0.0126   0.0000   0.0000
   0.0000  -0.0508   0.0000   0.0000   0.0000   0.0403   0.0000   0.0000   0.1165   0.0000   0.0000   0.0000  -0.0126   0.0000
   0.0000   0.0000   0.0652   0.0000   0.0000   0.0000   0.0000   0.0000   0.0000   0.0938   0.0000   0.0000   0.0000  -0.0187
   0.0000   0.0000   0.0000  -0.0652   0.0000   0.0000  -0.0187   0.0000   0.0000   0.0000   0.0938   0.0000   0.0000   0.0000
  -0.0403   0.0000   0.0000   0.0000   0.0508   0.0000   0.0000  -0.0126   0.0000   0.0000   0.0000   0.1165   0.0000   0.0000
   0.0000   0.0503   0.0000   0.0000   0.0000  -0.0319   0.0000   0.0000  -0.0126   0.0000   0.0000   0.0000   0.1125   0.0000
   0.0000   0.0000  -0.0444   0.0000   0.0000   0.0000   0.0000   0.0000   0.0000  -0.0187   0.0000   0.0000   0.0000   0.1244
************  NKS  ************
 NI=  1 NI_GLOBAL=  1
   0.7279   0.7279   0.7279   0.7279   0.7279   0.7279   0.1118   0.1118   0.1118   0.1118   0.1118   0.1118   0.1118   0.1118
 NELE_LOC TOTAL:
           5.2617816175945142
              CALC_DA_BND takes  0 hours  0 minutes and    0.09 seconds (CPU).
                          takes  0 hours  0 minutes and    0.08 seconds (WALL).
************  DA-  ************
 NI=  1 NI_GLOBAL=  1
  -0.0337  -0.0315  -0.0305  -0.0305  -0.0315  -0.0337  -0.0267  -0.0251  -0.0230  -0.0209  -0.0209  -0.0230  -0.0251  -0.0267
************  DAA  ************
 NI=  1 NI_GLOBAL=  1
  -0.0319  -0.0319  -0.0319  -0.0319  -0.0319  -0.0319  -0.0239  -0.0239  -0.0239  -0.0239  -0.0239  -0.0239  -0.0239  -0.0239
 NI=  1 VDC=    1.3429
************  LA2  ************
 NI=  1 NI_GLOBAL=  1
  -3.0522  -3.0522  -3.0522  -3.0522  -3.0522  -3.0522  -2.9493  -2.9493  -2.9493  -2.9493  -2.9493  -2.9493  -2.9493  -2.9493
 NI=  1 PHI-step gap=  0.16E+00
************  RAA  ************
 NI=  1 NI_GLOBAL=  1
   0.9135   0.9135   0.9135   0.9135   0.9135   0.9135   0.9267   0.9267   0.9267   0.9267   0.9267   0.9267   0.9267   0.9267
************  NC0  ************
 NI=  1 NI_GLOBAL=  1
   0.7279   0.7279   0.7279   0.7279   0.7279   0.7279   0.1118   0.1118   0.1118   0.1118   0.1118   0.1118   0.1118   0.1118
                  CALC_LC takes  0 hours  5 minutes and   35.83 seconds (CPU).
                          takes  0 hours  5 minutes and   35.69 seconds (WALL).
                GUTZ_FCN1 takes  0 hours  5 minutes and   36.52 seconds (CPU).
                          takes  0 hours  5 minutes and   36.06 seconds (WALL).
************  DIF_X  ************
   -0.000002009900    0.000001681558
    0.000000259968   -0.000000328259
 ITER1=  2 MAXERR=    0.00000201
************   WH%X  ************
    0.91350449    0.92674841
    1.64222630    1.77985465
************  RIN  ************
 NI=  1 NI_GLOBAL=  1
   0.9135   0.9135   0.9135   0.9135   0.9135   0.9135   0.9267   0.9267   0.9267   0.9267   0.9267   0.9267   0.9267   0.9267
************  LA1  ************
 NI=  1 NI_GLOBAL=  1
   1.6422   1.6422   1.6422   1.6422   1.6422   1.6422   1.7799   1.7799   1.7799   1.7799   1.7799   1.7799   1.7799   1.7799
             CALC_BAND_AL takes  0 hours  0 minutes and    0.49 seconds (CPU).
                          takes  0 hours  0 minutes and    0.23 seconds (WALL).
 ILOOP            1
 ILOOP            2
   FERMI ENERGY AT    1.66101068958126     
   SUM RULE OF TETRAHEDRON INTEGRATION CHECKED 
   number of occupied bands:          18
   highest energy:   1.66795552279911     
************  NK-  ************
 NI=  1 NI_GLOBAL=  1
   0.7001   0.7048   0.7789   0.7789   0.7048   0.7001   0.1244   0.1125   0.1165   0.0938   0.0938   0.1165   0.1125   0.1244
************  NNK  ************
 NI=  1 NI_GLOBAL=  1
   0.7001   0.0000   0.0000   0.0000  -0.0500   0.0000   0.0000   0.0319   0.0000   0.0000   0.0000  -0.0403   0.0000   0.0000
   0.0000   0.7048   0.0000   0.0000   0.0000  -0.0500   0.0000   0.0000  -0.0508   0.0000   0.0000   0.0000   0.0503   0.0000
   0.0000   0.0000   0.7789   0.0000   0.0000   0.0000   0.0000   0.0000   0.0000   0.0652   0.0000   0.0000   0.0000  -0.0444
   0.0000   0.0000   0.0000   0.7789   0.0000   0.0000   0.0444   0.0000   0.0000   0.0000  -0.0652   0.0000   0.0000   0.0000
  -0.0500   0.0000   0.0000   0.0000   0.7048   0.0000   0.0000  -0.0503   0.0000   0.0000   0.0000   0.0508   0.0000   0.0000
   0.0000  -0.0500   0.0000   0.0000   0.0000   0.7001   0.0000   0.0000   0.0403   0.0000   0.0000   0.0000  -0.0319   0.0000
   0.0000   0.0000   0.0000   0.0444   0.0000   0.0000   0.1244   0.0000   0.0000   0.0000  -0.0187   0.0000   0.0000   0.0000
   0.0319   0.0000   0.0000   0.0000  -0.0503   0.0000   0.0000   0.1125   0.0000   0.0000   0.0000  -0.0126   0.0000   0.0000
   0.0000  -0.0508   0.0000   0.0000   0.0000   0.0403   0.0000   0.0000   0.1165   0.0000   0.0000   0.0000  -0.0126   0.0000
   0.0000   0.0000   0.0652   0.0000   0.0000   0.0000   0.0000   0.0000   0.0000   0.0938   0.0000   0.0000   0.0000  -0.0187
   0.0000   0.0000   0.0000  -0.0652   0.0000   0.0000  -0.0187   0.0000   0.0000   0.0000   0.0938   0.0000   0.0000   0.0000
  -0.0403   0.0000   0.0000   0.0000   0.0508   0.0000   0.0000  -0.0126   0.0000   0.0000   0.0000   0.1165   0.0000   0.0000
   0.0000   0.0503   0.0000   0.0000   0.0000  -0.0319   0.0000   0.0000  -0.0126   0.0000   0.0000   0.0000   0.1125   0.0000
   0.0000   0.0000  -0.0444   0.0000   0.0000   0.0000   0.0000   0.0000   0.0000  -0.0187   0.0000   0.0000   0.0000   0.1244
************  NKS  ************
 NI=  1 NI_GLOBAL=  1
   0.7279   0.7279   0.7279   0.7279   0.7279   0.7279   0.1118   0.1118   0.1118   0.1118   0.1118   0.1118   0.1118   0.1118
 NELE_LOC TOTAL:
           5.2617805712127517
              CALC_DA_BND takes  0 hours  0 minutes and    0.14 seconds (CPU).
                          takes  0 hours  0 minutes and    0.08 seconds (WALL).
************  DA-  ************
 NI=  1 NI_GLOBAL=  1
  -0.0337  -0.0315  -0.0305  -0.0305  -0.0315  -0.0337  -0.0267  -0.0251  -0.0230  -0.0209  -0.0209  -0.0230  -0.0251  -0.0267
************  DAA  ************
 NI=  1 NI_GLOBAL=  1
  -0.0319  -0.0319  -0.0319  -0.0319  -0.0319  -0.0319  -0.0239  -0.0239  -0.0239  -0.0239  -0.0239  -0.0239  -0.0239  -0.0239
 NI=  1 VDC=    1.3429
************  LA2  ************
 NI=  1 NI_GLOBAL=  1
  -3.0522  -3.0522  -3.0522  -3.0522  -3.0522  -3.0522  -2.9493  -2.9493  -2.9493  -2.9493  -2.9493  -2.9493  -2.9493  -2.9493
 NI=  1 PHI-step gap=  0.16E+00
************  RAA  ************
 NI=  1 NI_GLOBAL=  1
   0.9135   0.9135   0.9135   0.9135   0.9135   0.9135   0.9267   0.9267   0.9267   0.9267   0.9267   0.9267   0.9267   0.9267
************  NC0  ************
 NI=  1 NI_GLOBAL=  1
   0.7279   0.7279   0.7279   0.7279   0.7279   0.7279   0.1118   0.1118   0.1118   0.1118   0.1118   0.1118   0.1118   0.1118
                  CALC_LC takes  0 hours  5 minutes and   18.60 seconds (CPU).
                          takes  0 hours  5 minutes and   18.59 seconds (WALL).
                GUTZ_FCN1 takes  0 hours  5 minutes and   19.33 seconds (CPU).
                          takes  0 hours  5 minutes and   18.97 seconds (WALL).
************  DIF_X  ************
   -0.000000034348    0.000000011352
   -0.000000007157    0.000000014761
 ITER1=  3 MAXERR=    0.00000003
************   WH%X  ************
    0.91350444    0.92674837
    1.64222630    1.77985462
************  RIN  ************
 NI=  1 NI_GLOBAL=  1
   0.9135   0.9135   0.9135   0.9135   0.9135   0.9135   0.9267   0.9267   0.9267   0.9267   0.9267   0.9267   0.9267   0.9267
************  LA1  ************
 NI=  1 NI_GLOBAL=  1
   1.6422   1.6422   1.6422   1.6422   1.6422   1.6422   1.7799   1.7799   1.7799   1.7799   1.7799   1.7799   1.7799   1.7799
             CALC_BAND_AL takes  0 hours  0 minutes and    0.49 seconds (CPU).
                          takes  0 hours  0 minutes and    0.25 seconds (WALL).
 ILOOP            1
 ILOOP            2
   FERMI ENERGY AT    1.66101068551115     
   SUM RULE OF TETRAHEDRON INTEGRATION CHECKED 
   number of occupied bands:          18
   highest energy:   1.66795552069050     
************  NK-  ************
 NI=  1 NI_GLOBAL=  1
   0.7001   0.7048   0.7789   0.7789   0.7048   0.7001   0.1244   0.1125   0.1165   0.0938   0.0938   0.1165   0.1125   0.1244
************  NNK  ************
 NI=  1 NI_GLOBAL=  1
   0.7001   0.0000   0.0000   0.0000  -0.0500   0.0000   0.0000   0.0319   0.0000   0.0000   0.0000  -0.0403   0.0000   0.0000
   0.0000   0.7048   0.0000   0.0000   0.0000  -0.0500   0.0000   0.0000  -0.0508   0.0000   0.0000   0.0000   0.0503   0.0000
   0.0000   0.0000   0.7789   0.0000   0.0000   0.0000   0.0000   0.0000   0.0000   0.0652   0.0000   0.0000   0.0000  -0.0444
   0.0000   0.0000   0.0000   0.7789   0.0000   0.0000   0.0444   0.0000   0.0000   0.0000  -0.0652   0.0000   0.0000   0.0000
  -0.0500   0.0000   0.0000   0.0000   0.7048   0.0000   0.0000  -0.0503   0.0000   0.0000   0.0000   0.0508   0.0000   0.0000
   0.0000  -0.0500   0.0000   0.0000   0.0000   0.7001   0.0000   0.0000   0.0403   0.0000   0.0000   0.0000  -0.0319   0.0000
   0.0000   0.0000   0.0000   0.0444   0.0000   0.0000   0.1244   0.0000   0.0000   0.0000  -0.0187   0.0000   0.0000   0.0000
   0.0319   0.0000   0.0000   0.0000  -0.0503   0.0000   0.0000   0.1125   0.0000   0.0000   0.0000  -0.0126   0.0000   0.0000
   0.0000  -0.0508   0.0000   0.0000   0.0000   0.0403   0.0000   0.0000   0.1165   0.0000   0.0000   0.0000  -0.0126   0.0000
   0.0000   0.0000   0.0652   0.0000   0.0000   0.0000   0.0000   0.0000   0.0000   0.0938   0.0000   0.0000   0.0000  -0.0187
   0.0000   0.0000   0.0000  -0.0652   0.0000   0.0000  -0.0187   0.0000   0.0000   0.0000   0.0938   0.0000   0.0000   0.0000
  -0.0403   0.0000   0.0000   0.0000   0.0508   0.0000   0.0000  -0.0126   0.0000   0.0000   0.0000   0.1165   0.0000   0.0000
   0.0000   0.0503   0.0000   0.0000   0.0000  -0.0319   0.0000   0.0000  -0.0126   0.0000   0.0000   0.0000   0.1125   0.0000
   0.0000   0.0000  -0.0444   0.0000   0.0000   0.0000   0.0000   0.0000   0.0000  -0.0187   0.0000   0.0000   0.0000   0.1244
************  NKS  ************
 NI=  1 NI_GLOBAL=  1
   0.7279   0.7279   0.7279   0.7279   0.7279   0.7279   0.1118   0.1118   0.1118   0.1118   0.1118   0.1118   0.1118   0.1118
 NELE_LOC TOTAL:
           5.2617806182844156
              CALC_DA_BND takes  0 hours  0 minutes and    0.14 seconds (CPU).
                          takes  0 hours  0 minutes and    0.08 seconds (WALL).
************  DA-  ************
 NI=  1 NI_GLOBAL=  1
  -0.0337  -0.0315  -0.0305  -0.0305  -0.0315  -0.0337  -0.0267  -0.0251  -0.0230  -0.0209  -0.0209  -0.0230  -0.0251  -0.0267
************  DAA  ************
 NI=  1 NI_GLOBAL=  1
  -0.0319  -0.0319  -0.0319  -0.0319  -0.0319  -0.0319  -0.0239  -0.0239  -0.0239  -0.0239  -0.0239  -0.0239  -0.0239  -0.0239
 NI=  1 VDC=    1.3429
************  LA2  ************
 NI=  1 NI_GLOBAL=  1
  -3.0522  -3.0522  -3.0522  -3.0522  -3.0522  -3.0522  -2.9493  -2.9493  -2.9493  -2.9493  -2.9493  -2.9493  -2.9493  -2.9493
 NI=  1 PHI-step gap=  0.16E+00
************  RAA  ************
 NI=  1 NI_GLOBAL=  1
   0.9135   0.9135   0.9135   0.9135   0.9135   0.9135   0.9267   0.9267   0.9267   0.9267   0.9267   0.9267   0.9267   0.9267
************  NC0  ************
 NI=  1 NI_GLOBAL=  1
   0.7279   0.7279   0.7279   0.7279   0.7279   0.7279   0.1118   0.1118   0.1118   0.1118   0.1118   0.1118   0.1118   0.1118
                  CALC_LC takes  0 hours  5 minutes and   19.78 seconds (CPU).
                          takes  0 hours  5 minutes and   19.61 seconds (WALL).
                GUTZ_FCN1 takes  0 hours  5 minutes and   20.51 seconds (CPU).
                          takes  0 hours  5 minutes and   19.98 seconds (WALL).
************  DIF_X  ************
    0.000000000390    0.000000000838
    0.000000000477   -0.000000000561
 ITER1=  4 MAXERR=    0.00000000
 NFJAC=   0
 SOLVE1 FINISHED WITH       4 ITERATIONS.
               GUTZ_SOLVE takes  0 hours 21 minutes and   51.78 seconds (CPU).
                          takes  0 hours 21 minutes and   50.09 seconds (WALL).
 MAX. NELF1 DIFF=    0.00216838
               CALC_PJRHO takes  0 hours  0 minutes and    0.53 seconds (CPU).
                          takes  0 hours  0 minutes and    0.38 seconds (WALL).
 NI=  1 SUM_PHY-SUM_KS=      0.00000000 WOULD BE RENORMALIZED
************  NC1  ************
 NI=  1 NI_GLOBAL=  1
   0.7209   0.7209   0.7209   0.7209   0.7209   0.7209   0.1171   0.1171   0.1171   0.1171   0.1171   0.1171   0.1171   0.1171
               CALC_NCPHY takes  0 hours  0 minutes and   49.47 seconds (CPU).
                          takes  0 hours  0 minutes and   49.28 seconds (WALL).
 GYZ%PJ%EGAMM:
    12.08098
 ENG%GAMM:    12.08098
 ENG%POT2:     3.19945
 EDCLA1(NI) ARRAY:
    -8.764
 EDCUJ(NI) ARRAY:
    -3.183
 EDCUJV(NI) ARRAY:
    -7.066
 EDC(NI) ARRAY:
   -11.947
 ENG%DBLC:   -11.94692
 ENG%DC1 :    -8.76410
 ENG%DC2 :    -3.18282
 ENG%DC2V:    -7.06629
 DC_E_STD_TO_E_V:    -3.88347
 ENG%BAND:    10.38754
 ENG%DL(DEEP LEVEL):    -2.13346
 ENG%TB=    10.52159
 ENG%TB-DC2=    13.70441
 NI=  1 OCC_CONFIG_WEIGHT:
        OCC= 0 WEIGHT=   0.00000
        OCC= 1 WEIGHT=   0.00000
        OCC= 2 WEIGHT=   0.00039
        OCC= 3 WEIGHT=   0.01396
        OCC= 4 WEIGHT=   0.15392
        OCC= 5 WEIGHT=   0.45330
        OCC= 6 WEIGHT=   0.31597
        OCC= 7 WEIGHT=   0.05864
        OCC= 8 WEIGHT=   0.00373
        OCC= 9 WEIGHT=   0.00009
                 CALC_RCW takes  0 hours  0 minutes and    0.00 seconds (CPU).
                          takes  0 hours  0 minutes and    0.00 seconds (WALL).
 NI=  1 J2=   24.1596
                 CALC_SLJ takes  0 hours  0 minutes and    0.00 seconds (CPU).
                          takes  0 hours  0 minutes and    0.00 seconds (WALL).
 NI=  1 ENTANGLEMENT ENTROPY=      6.0814
           CALC_ENTANGLES takes  0 hours  0 minutes and    1.02 seconds (CPU).
                          takes  0 hours  0 minutes and    0.92 seconds (WALL).
 CORRELATED SUBSPACE, SUM_FERWT=      8.0000000 SUM_KSWT=      8.0000000
 MAX OFF DIAGONAL KS.WT=    0.001601
 MAX/MIN R=    0.926748    0.913504
                CALC_KSWT takes  0 hours  0 minutes and    0.02 seconds (CPU).
                          takes  0 hours  0 minutes and    0.02 seconds (WALL).
                    TOTAL takes  0 hours 23 minutes and   44.79 seconds (CPU).
                          takes  0 hours 23 minutes and   43.78 seconds (WALL).
