******Program DMFT: Computes Gloc and Delta for Dynamical Mean Field Theory calculation ******
 CALCULATION WITH COMPLEX VECTORS
 CALCULATION WITH SOC VECTORS REQUIRED
 Running DMFT in mpi mode
  
 numkpt=         286
   0.00000   0.00000   0.00000   1.00000
   0.04762   0.04762   0.00000  12.00000
   0.09524   0.09524   0.00000  12.00000
   0.14286   0.14286   0.00000  12.00000
   0.19048   0.19048   0.00000  12.00000
   0.23810   0.23810   0.00000  12.00000
   0.28571   0.28571   0.00000  12.00000
   0.33333   0.33333   0.00000  12.00000
   0.38095   0.38095   0.00000  12.00000
   0.42857   0.42857   0.00000  12.00000
   0.47619   0.47619   0.00000  12.00000
   0.09524   0.04762   0.04762  24.00000
   0.14286   0.09524   0.04762  48.00000
   0.19048   0.14286   0.04762  48.00000
   0.23810   0.19048   0.04762  48.00000
   0.28571   0.23810   0.04762  48.00000
   0.33333   0.28571   0.04762  48.00000
   0.38095   0.33333   0.04762  48.00000
   0.42857   0.38095   0.04762  48.00000
   0.47619   0.42857   0.04762  48.00000
   0.52381   0.47619   0.04762  24.00000
   0.19048   0.09524   0.09524  24.00000
   0.23810   0.14286   0.09524  48.00000
   0.28571   0.19048   0.09524  48.00000
   0.33333   0.23810   0.09524  48.00000
   0.38095   0.28571   0.09524  48.00000
   0.42857   0.33333   0.09524  48.00000
   0.47619   0.38095   0.09524  48.00000
   0.52381   0.42857   0.09524  48.00000
   0.28571   0.14286   0.14286  24.00000
   0.33333   0.19048   0.14286  48.00000
   0.38095   0.23810   0.14286  48.00000
   0.42857   0.28571   0.14286  48.00000
   0.47619   0.33333   0.14286  48.00000
   0.52381   0.38095   0.14286  48.00000
   0.57143   0.42857   0.14286  24.00000
   0.38095   0.19048   0.19048  24.00000
   0.42857   0.23810   0.19048  48.00000
   0.47619   0.28571   0.19048  48.00000
   0.52381   0.33333   0.19048  48.00000
   0.57143   0.38095   0.19048  48.00000
   0.47619   0.23810   0.23810  24.00000
   0.52381   0.28571   0.23810  48.00000
   0.57143   0.33333   0.23810  48.00000
   0.61905   0.38095   0.23810  24.00000
   0.57143   0.28571   0.28571  24.00000
   0.61905   0.33333   0.28571  48.00000
   0.66667   0.33333   0.33333   8.00000
   0.09524   0.09524   0.09524   8.00000
   0.14286   0.14286   0.09524  24.00000
   0.19048   0.19048   0.09524  24.00000
   0.23810   0.23810   0.09524  24.00000
   0.28571   0.28571   0.09524  24.00000
   0.33333   0.33333   0.09524  24.00000
   0.38095   0.38095   0.09524  24.00000
   0.42857   0.42857   0.09524  24.00000
   0.47619   0.47619   0.09524  24.00000
   1.00000   1.00000   0.09524   6.00000
   0.19048   0.14286   0.14286  24.00000
   0.23810   0.19048   0.14286  48.00000
   0.28571   0.23810   0.14286  48.00000
   0.33333   0.28571   0.14286  48.00000
   0.38095   0.33333   0.14286  48.00000
   0.42857   0.38095   0.14286  48.00000
   0.47619   0.42857   0.14286  48.00000
   0.52381   0.47619   0.14286  24.00000
   1.00000   0.95238   0.14286  24.00000
   0.28571   0.19048   0.19048  24.00000
   0.33333   0.23810   0.19048  48.00000
   0.38095   0.28571   0.19048  48.00000
   0.42857   0.33333   0.19048  48.00000
   0.47619   0.38095   0.19048  48.00000
   0.52381   0.42857   0.19048  48.00000
   1.00000   0.90476   0.19048  24.00000
   1.04762   0.95238   0.19048  24.00000
   0.38095   0.23810   0.23810  24.00000
   0.42857   0.28571   0.23810  48.00000
   0.47619   0.33333   0.23810  48.00000
   0.52381   0.38095   0.23810  48.00000
   0.57143   0.42857   0.23810  24.00000
   1.00000   0.85714   0.23810  24.00000
   1.04762   0.90476   0.23810  48.00000
   0.47619   0.28571   0.28571  24.00000
   0.52381   0.33333   0.28571  48.00000
   0.57143   0.38095   0.28571  48.00000
   1.00000   0.80952   0.28571  24.00000
   1.04762   0.85714   0.28571  48.00000
   1.09524   0.90476   0.28571  24.00000
   0.57143   0.33333   0.33333  24.00000
   0.61905   0.38095   0.33333  24.00000
   1.00000   0.76190   0.33333  24.00000
   1.04762   0.80952   0.33333  48.00000
   1.09524   0.85714   0.33333  48.00000
   1.00000   0.71429   0.38095  24.00000
   1.04762   0.76190   0.38095  48.00000
   1.09524   0.80952   0.38095  48.00000
   1.14286   0.85714   0.38095  24.00000
   1.00000   0.66667   0.42857  24.00000
   1.04762   0.71429   0.42857  48.00000
   1.09524   0.76190   0.42857  48.00000
   1.14286   0.80952   0.42857  48.00000
   1.00000   0.61905   0.47619  24.00000
   1.04762   0.66667   0.47619  48.00000
   1.09524   0.71429   0.47619  48.00000
   1.14286   0.76190   0.47619  48.00000
   1.19048   0.80952   0.47619  24.00000
   1.00000   0.57143   0.52381  24.00000
   1.04762   0.61905   0.52381  48.00000
   1.09524   0.66667   0.52381  48.00000
   1.14286   0.71429   0.52381  48.00000
   1.19048   0.76190   0.52381  48.00000
   1.04762   0.57143   0.57143  24.00000
   1.09524   0.61905   0.57143  48.00000
   1.14286   0.66667   0.57143  48.00000
   1.19048   0.71429   0.57143  48.00000
   1.23810   0.76190   0.57143  24.00000
   1.14286   0.61905   0.61905  24.00000
   1.19048   0.66667   0.61905  48.00000
   1.23810   0.71429   0.61905  48.00000
   1.23810   0.66667   0.66667  24.00000
   1.28571   0.71429   0.66667  24.00000
   0.19048   0.19048   0.19048   8.00000
   0.23810   0.23810   0.19048  24.00000
   0.28571   0.28571   0.19048  24.00000
   0.33333   0.33333   0.19048  24.00000
   0.38095   0.38095   0.19048  24.00000
   0.42857   0.42857   0.19048  24.00000
   0.47619   0.47619   0.19048  24.00000
   1.00000   1.00000   0.19048   6.00000
   0.28571   0.23810   0.23810  24.00000
   0.33333   0.28571   0.23810  48.00000
   0.38095   0.33333   0.23810  48.00000
   0.42857   0.38095   0.23810  48.00000
   0.47619   0.42857   0.23810  48.00000
   0.52381   0.47619   0.23810  24.00000
   1.00000   0.95238   0.23810  24.00000
   0.38095   0.28571   0.28571  24.00000
   0.42857   0.33333   0.28571  48.00000
   0.47619   0.38095   0.28571  48.00000
   0.52381   0.42857   0.28571  48.00000
   1.00000   0.90476   0.28571  24.00000
   1.04762   0.95238   0.28571  24.00000
   0.47619   0.33333   0.33333  24.00000
   0.52381   0.38095   0.33333  48.00000
   0.57143   0.42857   0.33333  24.00000
   1.00000   0.85714   0.33333  24.00000
   1.04762   0.90476   0.33333  48.00000
   0.57143   0.38095   0.38095  24.00000
   1.00000   0.80952   0.38095  24.00000
   1.04762   0.85714   0.38095  48.00000
   1.09524   0.90476   0.38095  24.00000
   1.00000   0.76190   0.42857  24.00000
   1.04762   0.80952   0.42857  48.00000
   1.09524   0.85714   0.42857  48.00000
   1.00000   0.71429   0.47619  24.00000
   1.04762   0.76190   0.47619  48.00000
   1.09524   0.80952   0.47619  48.00000
   1.14286   0.85714   0.47619  24.00000
   1.00000   0.66667   0.52381  24.00000
   1.04762   0.71429   0.52381  48.00000
   1.09524   0.76190   0.52381  48.00000
   1.14286   0.80952   0.52381  48.00000
   1.00000   0.61905   0.57143  24.00000
   1.04762   0.66667   0.57143  48.00000
   1.09524   0.71429   0.57143  48.00000
   1.14286   0.76190   0.57143  48.00000
   1.19048   0.80952   0.57143  24.00000
   1.04762   0.61905   0.61905  24.00000
   1.09524   0.66667   0.61905  48.00000
   1.14286   0.71429   0.61905  48.00000
   1.19048   0.76190   0.61905  48.00000
   1.14286   0.66667   0.66667  24.00000
   1.19048   0.71429   0.66667  48.00000
   1.23810   0.76190   0.66667  24.00000
   1.23810   0.71429   0.71429  24.00000
   0.28571   0.28571   0.28571   8.00000
   0.33333   0.33333   0.28571  24.00000
   0.38095   0.38095   0.28571  24.00000
   0.42857   0.42857   0.28571  24.00000
   0.47619   0.47619   0.28571  24.00000
   1.00000   1.00000   0.28571   6.00000
   0.38095   0.33333   0.33333  24.00000
   0.42857   0.38095   0.33333  48.00000
   0.47619   0.42857   0.33333  48.00000
   0.52381   0.47619   0.33333  24.00000
   1.00000   0.95238   0.33333  24.00000
   0.47619   0.38095   0.38095  24.00000
   0.52381   0.42857   0.38095  48.00000
   1.00000   0.90476   0.38095  24.00000
   1.04762   0.95238   0.38095  24.00000
   0.57143   0.42857   0.42857   8.00000
   1.00000   0.85714   0.42857  24.00000
   1.04762   0.90476   0.42857  48.00000
   1.00000   0.80952   0.47619  24.00000
   1.04762   0.85714   0.47619  48.00000
   1.09524   0.90476   0.47619  24.00000
   1.00000   0.76190   0.52381  24.00000
   1.04762   0.80952   0.52381  48.00000
   1.09524   0.85714   0.52381  48.00000
   1.00000   0.71429   0.57143  24.00000
   1.04762   0.76190   0.57143  48.00000
   1.09524   0.80952   0.57143  48.00000
   1.14286   0.85714   0.57143  24.00000
   1.00000   0.66667   0.61905  24.00000
   1.04762   0.71429   0.61905  48.00000
   1.09524   0.76190   0.61905  48.00000
   1.14286   0.80952   0.61905  48.00000
   1.04762   0.66667   0.66667  24.00000
   1.09524   0.71429   0.66667  48.00000
   1.14286   0.76190   0.66667  48.00000
   1.19048   0.80952   0.66667  24.00000
   1.14286   0.71429   0.71429  24.00000
   1.19048   0.76190   0.71429  48.00000
   1.23810   0.76190   0.76190   8.00000
   0.38095   0.38095   0.38095   8.00000
   0.42857   0.42857   0.38095  24.00000
   0.47619   0.47619   0.38095  24.00000
   1.00000   1.00000   0.38095   6.00000
   0.47619   0.42857   0.42857  24.00000
   0.52381   0.47619   0.42857  24.00000
   1.00000   0.95238   0.42857  24.00000
   1.00000   0.90476   0.47619  24.00000
   1.04762   0.95238   0.47619  24.00000
   1.00000   0.85714   0.52381  24.00000
   1.04762   0.90476   0.52381  48.00000
   1.00000   0.80952   0.57143  24.00000
   1.04762   0.85714   0.57143  48.00000
   1.09524   0.90476   0.57143  24.00000
   1.00000   0.76190   0.61905  24.00000
   1.04762   0.80952   0.61905  48.00000
   1.09524   0.85714   0.61905  48.00000
   1.00000   0.71429   0.66667  24.00000
   1.04762   0.76190   0.66667  48.00000
   1.09524   0.80952   0.66667  48.00000
   1.14286   0.85714   0.66667  24.00000
   1.04762   0.71429   0.71429  24.00000
   1.09524   0.76190   0.71429  48.00000
   1.14286   0.80952   0.71429  48.00000
   1.14286   0.76190   0.76190  24.00000
   1.19048   0.80952   0.76190  24.00000
   0.47619   0.47619   0.47619   8.00000
   1.00000   1.00000   0.47619   6.00000
   1.00000   0.95238   0.52381  24.00000
   1.00000   0.90476   0.57143  24.00000
   1.04762   0.95238   0.57143  24.00000
   1.00000   0.85714   0.61905  24.00000
   1.04762   0.90476   0.61905  48.00000
   1.00000   0.80952   0.66667  24.00000
   1.04762   0.85714   0.66667  48.00000
   1.09524   0.90476   0.66667  24.00000
   1.00000   0.76190   0.71429  24.00000
   1.04762   0.80952   0.71429  48.00000
   1.09524   0.85714   0.71429  48.00000
   1.04762   0.76190   0.76190  24.00000
   1.09524   0.80952   0.76190  48.00000
   1.14286   0.85714   0.76190  24.00000
   1.14286   0.80952   0.80952  24.00000
   1.00000   1.00000   0.57143   6.00000
   1.00000   0.95238   0.61905  24.00000
   1.00000   0.90476   0.66667  24.00000
   1.04762   0.95238   0.66667  24.00000
   1.00000   0.85714   0.71429  24.00000
   1.04762   0.90476   0.71429  48.00000
   1.00000   0.80952   0.76190  24.00000
   1.04762   0.85714   0.76190  48.00000
   1.09524   0.90476   0.76190  24.00000
   1.04762   0.80952   0.80952  24.00000
   1.09524   0.85714   0.80952  48.00000
   1.14286   0.85714   0.85714   8.00000
   1.00000   1.00000   0.66667   6.00000
   1.00000   0.95238   0.71429  24.00000
   1.00000   0.90476   0.76190  24.00000
   1.04762   0.95238   0.76190  24.00000
   1.00000   0.85714   0.80952  24.00000
   1.04762   0.90476   0.80952  48.00000
   1.04762   0.85714   0.85714  24.00000
   1.09524   0.90476   0.85714  24.00000
   1.00000   1.00000   0.76190   6.00000
   1.00000   0.95238   0.80952  24.00000
   1.00000   0.90476   0.85714  24.00000
   1.04762   0.95238   0.85714  24.00000
   1.04762   0.90476   0.90476  24.00000
   1.00000   1.00000   0.85714   6.00000
   1.00000   0.95238   0.90476  24.00000
   1.04762   0.95238   0.95238   8.00000
   1.00000   1.00000   0.95238   6.00000




                              --------------------------------------------------
                                 S T R U C T U R A L   I N F O R M A T I O N
                              --------------------------------------------------


   SUBSTANCE                    = cubic body-centered  (epsilon Pu)                                               

   LATTICE                      = B   
   LATTICE CONSTANTS ARE        =    6.9150860   6.9150860   6.9150860
   NUMBER OF ATOMS IN UNITCELL  =   1
   MODE OF CALCULATION IS       = RELA
 IORD=          48
 FNAMES=
 ./epsilon_Pu_10.vectorso_1                                                     
                                                                                
                                           
 ./epsilon_Pu_10.vectorsodn_1                                                   
                                                                                
                                           
 epsilon_Pu_10.energyso_1                                                       
                                                                                
                                           
 epsilon_Pu_10.energysodn_1                                                     
                                                                                
                                           
  BR1,  BR2
   0.90862   0.00000   0.00000      0.00000   0.90862   0.90862
   0.00000   0.90862   0.00000      0.90862   0.00000   0.90862
   0.00000   0.00000   0.90862      0.90862   0.90862   0.00000
 projector corrected--must be 1,2, or 3! Now projector= 2
 Energy window:   -0.4410 < E <      0.441
 Projected density of states calculation for  1 atoms
--------- atom  1 -------------
l=  3  qsplit=  4
 Symmetrization over eq. k-points is performed
 ********** Start Reading Cix file *************
  Correlated block number           1
  Correlated index=
  1  0  0  0  0  0  0  0  0  0  0  0  0  0
  0  1  0  0  0  0  0  0  0  0  0  0  0  0
  0  0  1  0  0  0  0  0  0  0  0  0  0  0
  0  0  0  1  0  0  0  0  0  0  0  0  0  0
  0  0  0  0  1  0  0  0  0  0  0  0  0  0
  0  0  0  0  0  1  0  0  0  0  0  0  0  0
  0  0  0  0  0  0  2  0  0  0  0  0  0  0
  0  0  0  0  0  0  0  2  0  0  0  0  0  0
  0  0  0  0  0  0  0  0  2  0  0  0  0  0
  0  0  0  0  0  0  0  0  0  2  0  0  0  0
  0  0  0  0  0  0  0  0  0  0  2  0  0  0
  0  0  0  0  0  0  0  0  0  0  0  2  0  0
  0  0  0  0  0  0  0  0  0  0  0  0  2  0
  0  0  0  0  0  0  0  0  0  0  0  0  0  2
  Real part of unitary matrix=
  0.9258  0.0000  0.0000  0.0000  0.0000  0.0000  0.0000  0.0000 -0.3780  0.0000  0.0000  0.0000  0.0000  0.0000
  0.0000  0.8452  0.0000  0.0000  0.0000  0.0000  0.0000  0.0000  0.0000 -0.5345  0.0000  0.0000  0.0000  0.0000
  0.0000  0.0000  0.7559  0.0000  0.0000  0.0000  0.0000  0.0000  0.0000  0.0000 -0.6547  0.0000  0.0000  0.0000
  0.0000  0.0000  0.0000  0.6547  0.0000  0.0000  0.0000  0.0000  0.0000  0.0000  0.0000 -0.7559  0.0000  0.0000
  0.0000  0.0000  0.0000  0.0000  0.5345  0.0000  0.0000  0.0000  0.0000  0.0000  0.0000  0.0000 -0.8452  0.0000
  0.0000  0.0000  0.0000  0.0000  0.0000  0.3780  0.0000  0.0000  0.0000  0.0000  0.0000  0.0000  0.0000 -0.9258
  0.0000  0.0000  0.0000  0.0000  0.0000  0.0000  0.0000  1.0000  0.0000  0.0000  0.0000  0.0000  0.0000  0.0000
  0.3780  0.0000  0.0000  0.0000  0.0000  0.0000  0.0000  0.0000  0.9258  0.0000  0.0000  0.0000  0.0000  0.0000
  0.0000  0.5345  0.0000  0.0000  0.0000  0.0000  0.0000  0.0000  0.0000  0.8452  0.0000  0.0000  0.0000  0.0000
  0.0000  0.0000  0.6547  0.0000  0.0000  0.0000  0.0000  0.0000  0.0000  0.0000  0.7559  0.0000  0.0000  0.0000
  0.0000  0.0000  0.0000  0.7559  0.0000  0.0000  0.0000  0.0000  0.0000  0.0000  0.0000  0.6547  0.0000  0.0000
  0.0000  0.0000  0.0000  0.0000  0.8452  0.0000  0.0000  0.0000  0.0000  0.0000  0.0000  0.0000  0.5345  0.0000
  0.0000  0.0000  0.0000  0.0000  0.0000  0.9258  0.0000  0.0000  0.0000  0.0000  0.0000  0.0000  0.0000  0.3780
  0.0000  0.0000  0.0000  0.0000  0.0000  0.0000  1.0000  0.0000  0.0000  0.0000  0.0000  0.0000  0.0000  0.0000
  Imaginary part of unitary matrix=
  0.0000  0.0000  0.0000  0.0000  0.0000  0.0000  0.0000  0.0000  0.0000  0.0000  0.0000  0.0000  0.0000  0.0000
  0.0000  0.0000  0.0000  0.0000  0.0000  0.0000  0.0000  0.0000  0.0000  0.0000  0.0000  0.0000  0.0000  0.0000
  0.0000  0.0000  0.0000  0.0000  0.0000  0.0000  0.0000  0.0000  0.0000  0.0000  0.0000  0.0000  0.0000  0.0000
  0.0000  0.0000  0.0000  0.0000  0.0000  0.0000  0.0000  0.0000  0.0000  0.0000  0.0000  0.0000  0.0000  0.0000
  0.0000  0.0000  0.0000  0.0000  0.0000  0.0000  0.0000  0.0000  0.0000  0.0000  0.0000  0.0000  0.0000  0.0000
  0.0000  0.0000  0.0000  0.0000  0.0000  0.0000  0.0000  0.0000  0.0000  0.0000  0.0000  0.0000  0.0000  0.0000
  0.0000  0.0000  0.0000  0.0000  0.0000  0.0000  0.0000  0.0000  0.0000  0.0000  0.0000  0.0000  0.0000  0.0000
  0.0000  0.0000  0.0000  0.0000  0.0000  0.0000  0.0000  0.0000  0.0000  0.0000  0.0000  0.0000  0.0000  0.0000
  0.0000  0.0000  0.0000  0.0000  0.0000  0.0000  0.0000  0.0000  0.0000  0.0000  0.0000  0.0000  0.0000  0.0000
  0.0000  0.0000  0.0000  0.0000  0.0000  0.0000  0.0000  0.0000  0.0000  0.0000  0.0000  0.0000  0.0000  0.0000
  0.0000  0.0000  0.0000  0.0000  0.0000  0.0000  0.0000  0.0000  0.0000  0.0000  0.0000  0.0000  0.0000  0.0000
  0.0000  0.0000  0.0000  0.0000  0.0000  0.0000  0.0000  0.0000  0.0000  0.0000  0.0000  0.0000  0.0000  0.0000
  0.0000  0.0000  0.0000  0.0000  0.0000  0.0000  0.0000  0.0000  0.0000  0.0000  0.0000  0.0000  0.0000  0.0000
  0.0000  0.0000  0.0000  0.0000  0.0000  0.0000  0.0000  0.0000  0.0000  0.0000  0.0000  0.0000  0.0000  0.0000
  At least one transformation matrix is not Identity
 Magnetic system with s-o coupling; M theta, phi:  0.0000  0.0000
 Inside ROTDEF
Operation  1 transforms atom   1 from first atom   1
Actual position of atom  1 is:  0.000000    0.000000    0.000000
 
Combined transformation (acting on k-point) for correlated atoms
including users rotation and internal local rotation
catom  1 atom   1
   0.90862   0.00000   0.00000
   0.00000  -0.90862   0.00000
   0.00000   0.00000  -0.90862
 
 
 SPIN COORD SYSTEM:
    1.000000    0.000000    0.000000
    0.000000    1.000000    0.000000
    0.000000    0.000000    1.000000
 
 in global cartezian coordinates:
    1.000000    0.000000    0.000000
    0.000000   -1.000000    0.000000
    0.000000    0.000000   -1.000000
 ____________________________
 in spin coordinates:
    1.000000    0.000000    0.000000
    0.000000   -1.000000    0.000000
    0.000000    0.000000   -1.000000
           1   3.14159268339212       -1.00000000000000     
 
 in global cartezian coordinates:
    0.000000    1.000000    0.000000
   -1.000000    0.000000    0.000000
    0.000000    0.000000   -1.000000
 ____________________________
 in spin coordinates:
    0.000000    1.000000    0.000000
   -1.000000    0.000000    0.000000
    0.000000    0.000000   -1.000000
           2   1.57079632679490        1.00000000000000     
 
 in global cartezian coordinates:
    1.000000    0.000000    0.000000
    0.000000    0.000000   -1.000000
    0.000000   -1.000000    0.000000
 ____________________________
 in spin coordinates:
    1.000000    0.000000    0.000000
    0.000000    0.000000   -1.000000
    0.000000   -1.000000    0.000000
           3   1.57079632679490       0.000000000000000E+000
 
 symm. operation            3  removed !!!! so-det=  0.000000000000000E+000
 in global cartezian coordinates:
    0.000000    0.000000    1.000000
   -1.000000    0.000000    0.000000
    0.000000   -1.000000    0.000000
 ____________________________
 in spin coordinates:
    0.000000    0.000000    1.000000
   -1.000000    0.000000    0.000000
    0.000000   -1.000000    0.000000
           4   1.57079632679490       0.000000000000000E+000
 
 symm. operation            4  removed !!!! so-det=  0.000000000000000E+000
 in global cartezian coordinates:
    0.000000    1.000000    0.000000
    0.000000    0.000000   -1.000000
   -1.000000    0.000000    0.000000
 ____________________________
 in spin coordinates:
    0.000000    1.000000    0.000000
    0.000000    0.000000   -1.000000
   -1.000000    0.000000    0.000000
           5 NaN                      0.000000000000000E+000
 
 symm. operation            5  removed !!!! so-det=  0.000000000000000E+000
 in global cartezian coordinates:
    0.000000    0.000000    1.000000
    0.000000   -1.000000    0.000000
   -1.000000    0.000000    0.000000
 ____________________________
 in spin coordinates:
    0.000000    0.000000    1.000000
    0.000000   -1.000000    0.000000
   -1.000000    0.000000    0.000000
           6   1.57079632679490       0.000000000000000E+000
 
 symm. operation            6  removed !!!! so-det=  0.000000000000000E+000
 in global cartezian coordinates:
   -1.000000    0.000000    0.000000
    0.000000   -1.000000    0.000000
    0.000000    0.000000   -1.000000
 ____________________________
 in spin coordinates:
   -1.000000    0.000000    0.000000
    0.000000   -1.000000    0.000000
    0.000000    0.000000   -1.000000
           7  2.980232238769531E-008   1.00000000000000     
 
 in global cartezian coordinates:
    0.000000    1.000000    0.000000
    1.000000    0.000000    0.000000
    0.000000    0.000000   -1.000000
 ____________________________
 in spin coordinates:
    0.000000    1.000000    0.000000
    1.000000    0.000000    0.000000
    0.000000    0.000000   -1.000000
           8   1.57079632679490       -1.00000000000000     
 
 in global cartezian coordinates:
   -1.000000    0.000000    0.000000
    0.000000    0.000000   -1.000000
    0.000000   -1.000000    0.000000
 ____________________________
 in spin coordinates:
   -1.000000    0.000000    0.000000
    0.000000    0.000000   -1.000000
    0.000000   -1.000000    0.000000
           9   1.57079632679490       0.000000000000000E+000
 
 symm. operation            9  removed !!!! so-det=  0.000000000000000E+000
 in global cartezian coordinates:
    0.000000    0.000000    1.000000
    1.000000    0.000000    0.000000
    0.000000   -1.000000    0.000000
 ____________________________
 in spin coordinates:
    0.000000    0.000000    1.000000
    1.000000    0.000000    0.000000
    0.000000   -1.000000    0.000000
          10   1.57079632679490       0.000000000000000E+000
 
 symm. operation           10  removed !!!! so-det=  0.000000000000000E+000
 in global cartezian coordinates:
    0.000000    1.000000    0.000000
    0.000000    0.000000   -1.000000
    1.000000    0.000000    0.000000
 ____________________________
 in spin coordinates:
    0.000000    1.000000    0.000000
    0.000000    0.000000   -1.000000
    1.000000    0.000000    0.000000
          11 NaN                      0.000000000000000E+000
 
 symm. operation           11  removed !!!! so-det=  0.000000000000000E+000
 in global cartezian coordinates:
    0.000000    0.000000    1.000000
    0.000000   -1.000000    0.000000
    1.000000    0.000000    0.000000
 ____________________________
 in spin coordinates:
    0.000000    0.000000    1.000000
    0.000000   -1.000000    0.000000
    1.000000    0.000000    0.000000
          12   1.57079632679490       0.000000000000000E+000
 
 symm. operation           12  removed !!!! so-det=  0.000000000000000E+000
 in global cartezian coordinates:
    0.000000   -1.000000    0.000000
   -1.000000    0.000000    0.000000
    0.000000    0.000000   -1.000000
 ____________________________
 in spin coordinates:
    0.000000   -1.000000    0.000000
   -1.000000    0.000000    0.000000
    0.000000    0.000000   -1.000000
          13   4.71238898038469       -1.00000000000000     
 
 in global cartezian coordinates:
    1.000000    0.000000    0.000000
    0.000000    1.000000    0.000000
    0.000000    0.000000   -1.000000
 ____________________________
 in spin coordinates:
    1.000000    0.000000    0.000000
    0.000000    1.000000    0.000000
    0.000000    0.000000   -1.000000
          14   3.14159262378747        1.00000000000000     
 
 in global cartezian coordinates:
    0.000000   -1.000000    0.000000
    0.000000    0.000000   -1.000000
   -1.000000    0.000000    0.000000
 ____________________________
 in spin coordinates:
    0.000000   -1.000000    0.000000
    0.000000    0.000000   -1.000000
   -1.000000    0.000000    0.000000
          15 NaN                      0.000000000000000E+000
 
 symm. operation           15  removed !!!! so-det=  0.000000000000000E+000
 in global cartezian coordinates:
    0.000000    0.000000    1.000000
    0.000000    1.000000    0.000000
   -1.000000    0.000000    0.000000
 ____________________________
 in spin coordinates:
    0.000000    0.000000    1.000000
    0.000000    1.000000    0.000000
   -1.000000    0.000000    0.000000
          16   1.57079632679490       0.000000000000000E+000
 
 symm. operation           16  removed !!!! so-det=  0.000000000000000E+000
 in global cartezian coordinates:
    1.000000    0.000000    0.000000
    0.000000    0.000000   -1.000000
    0.000000    1.000000    0.000000
 ____________________________
 in spin coordinates:
    1.000000    0.000000    0.000000
    0.000000    0.000000   -1.000000
    0.000000    1.000000    0.000000
          17   1.57079632679490       0.000000000000000E+000
 
 symm. operation           17  removed !!!! so-det=  0.000000000000000E+000
 in global cartezian coordinates:
    0.000000    0.000000    1.000000
   -1.000000    0.000000    0.000000
    0.000000    1.000000    0.000000
 ____________________________
 in spin coordinates:
    0.000000    0.000000    1.000000
   -1.000000    0.000000    0.000000
    0.000000    1.000000    0.000000
          18   1.57079632679490       0.000000000000000E+000
 
 symm. operation           18  removed !!!! so-det=  0.000000000000000E+000
 in global cartezian coordinates:
    0.000000    0.000000   -1.000000
   -1.000000    0.000000    0.000000
    0.000000   -1.000000    0.000000
 ____________________________
 in spin coordinates:
    0.000000    0.000000   -1.000000
   -1.000000    0.000000    0.000000
    0.000000   -1.000000    0.000000
          19   1.57079632679490       0.000000000000000E+000
 
 symm. operation           19  removed !!!! so-det=  0.000000000000000E+000
 in global cartezian coordinates:
    1.000000    0.000000    0.000000
    0.000000    0.000000    1.000000
    0.000000   -1.000000    0.000000
 ____________________________
 in spin coordinates:
    1.000000    0.000000    0.000000
    0.000000    0.000000    1.000000
    0.000000   -1.000000    0.000000
          20   1.57079632679490       0.000000000000000E+000
 
 symm. operation           20  removed !!!! so-det=  0.000000000000000E+000
 in global cartezian coordinates:
    0.000000    0.000000   -1.000000
    0.000000   -1.000000    0.000000
   -1.000000    0.000000    0.000000
 ____________________________
 in spin coordinates:
    0.000000    0.000000   -1.000000
    0.000000   -1.000000    0.000000
   -1.000000    0.000000    0.000000
          21   1.57079632679490       0.000000000000000E+000
 
 symm. operation           21  removed !!!! so-det=  0.000000000000000E+000
 in global cartezian coordinates:
    0.000000    1.000000    0.000000
    0.000000    0.000000    1.000000
   -1.000000    0.000000    0.000000
 ____________________________
 in spin coordinates:
    0.000000    1.000000    0.000000
    0.000000    0.000000    1.000000
   -1.000000    0.000000    0.000000
          22 NaN                      0.000000000000000E+000
 
 symm. operation           22  removed !!!! so-det=  0.000000000000000E+000
 in global cartezian coordinates:
    1.000000    0.000000    0.000000
    0.000000   -1.000000    0.000000
    0.000000    0.000000    1.000000
 ____________________________
 in spin coordinates:
    1.000000    0.000000    0.000000
    0.000000   -1.000000    0.000000
    0.000000    0.000000    1.000000
          23   6.28318527737726       -1.00000000000000     
 
 in global cartezian coordinates:
    0.000000    1.000000    0.000000
   -1.000000    0.000000    0.000000
    0.000000    0.000000    1.000000
 ____________________________
 in spin coordinates:
    0.000000    1.000000    0.000000
   -1.000000    0.000000    0.000000
    0.000000    0.000000    1.000000
          24  -1.57079632679490        1.00000000000000     
 
 in global cartezian coordinates:
    0.000000   -1.000000    0.000000
    1.000000    0.000000    0.000000
    0.000000    0.000000   -1.000000
 ____________________________
 in spin coordinates:
    0.000000   -1.000000    0.000000
    1.000000    0.000000    0.000000
    0.000000    0.000000   -1.000000
          25  -1.57079632679490        1.00000000000000     
 
 in global cartezian coordinates:
   -1.000000    0.000000    0.000000
    0.000000    1.000000    0.000000
    0.000000    0.000000   -1.000000
 ____________________________
 in spin coordinates:
   -1.000000    0.000000    0.000000
    0.000000    1.000000    0.000000
    0.000000    0.000000   -1.000000
          26   6.28318527737726       -1.00000000000000     
 
 in global cartezian coordinates:
    0.000000   -1.000000    0.000000
    0.000000    0.000000   -1.000000
    1.000000    0.000000    0.000000
 ____________________________
 in spin coordinates:
    0.000000   -1.000000    0.000000
    0.000000    0.000000   -1.000000
    1.000000    0.000000    0.000000
          27 NaN                      0.000000000000000E+000
 
 symm. operation           27  removed !!!! so-det=  0.000000000000000E+000
 in global cartezian coordinates:
    0.000000    0.000000    1.000000
    0.000000    1.000000    0.000000
    1.000000    0.000000    0.000000
 ____________________________
 in spin coordinates:
    0.000000    0.000000    1.000000
    0.000000    1.000000    0.000000
    1.000000    0.000000    0.000000
          28   1.57079632679490       0.000000000000000E+000
 
 symm. operation           28  removed !!!! so-det=  0.000000000000000E+000
 in global cartezian coordinates:
   -1.000000    0.000000    0.000000
    0.000000    0.000000   -1.000000
    0.000000    1.000000    0.000000
 ____________________________
 in spin coordinates:
   -1.000000    0.000000    0.000000
    0.000000    0.000000   -1.000000
    0.000000    1.000000    0.000000
          29   1.57079632679490       0.000000000000000E+000
 
 symm. operation           29  removed !!!! so-det=  0.000000000000000E+000
 in global cartezian coordinates:
    0.000000    0.000000    1.000000
    1.000000    0.000000    0.000000
    0.000000    1.000000    0.000000
 ____________________________
 in spin coordinates:
    0.000000    0.000000    1.000000
    1.000000    0.000000    0.000000
    0.000000    1.000000    0.000000
          30   1.57079632679490       0.000000000000000E+000
 
 symm. operation           30  removed !!!! so-det=  0.000000000000000E+000
 in global cartezian coordinates:
    0.000000    0.000000   -1.000000
    1.000000    0.000000    0.000000
    0.000000   -1.000000    0.000000
 ____________________________
 in spin coordinates:
    0.000000    0.000000   -1.000000
    1.000000    0.000000    0.000000
    0.000000   -1.000000    0.000000
          31   1.57079632679490       0.000000000000000E+000
 
 symm. operation           31  removed !!!! so-det=  0.000000000000000E+000
 in global cartezian coordinates:
   -1.000000    0.000000    0.000000
    0.000000    0.000000    1.000000
    0.000000   -1.000000    0.000000
 ____________________________
 in spin coordinates:
   -1.000000    0.000000    0.000000
    0.000000    0.000000    1.000000
    0.000000   -1.000000    0.000000
          32   1.57079632679490       0.000000000000000E+000
 
 symm. operation           32  removed !!!! so-det=  0.000000000000000E+000
 in global cartezian coordinates:
    0.000000    0.000000   -1.000000
    0.000000   -1.000000    0.000000
    1.000000    0.000000    0.000000
 ____________________________
 in spin coordinates:
    0.000000    0.000000   -1.000000
    0.000000   -1.000000    0.000000
    1.000000    0.000000    0.000000
          33   1.57079632679490       0.000000000000000E+000
 
 symm. operation           33  removed !!!! so-det=  0.000000000000000E+000
 in global cartezian coordinates:
    0.000000    1.000000    0.000000
    0.000000    0.000000    1.000000
    1.000000    0.000000    0.000000
 ____________________________
 in spin coordinates:
    0.000000    1.000000    0.000000
    0.000000    0.000000    1.000000
    1.000000    0.000000    0.000000
          34 NaN                      0.000000000000000E+000
 
 symm. operation           34  removed !!!! so-det=  0.000000000000000E+000
 in global cartezian coordinates:
   -1.000000    0.000000    0.000000
    0.000000   -1.000000    0.000000
    0.000000    0.000000    1.000000
 ____________________________
 in spin coordinates:
   -1.000000    0.000000    0.000000
    0.000000   -1.000000    0.000000
    0.000000    0.000000    1.000000
          35   3.14159262378747        1.00000000000000     
 
 in global cartezian coordinates:
    0.000000    1.000000    0.000000
    1.000000    0.000000    0.000000
    0.000000    0.000000    1.000000
 ____________________________
 in spin coordinates:
    0.000000    1.000000    0.000000
    1.000000    0.000000    0.000000
    0.000000    0.000000    1.000000
          36   4.71238898038469       -1.00000000000000     
 
 in global cartezian coordinates:
    0.000000    0.000000   -1.000000
    0.000000    1.000000    0.000000
   -1.000000    0.000000    0.000000
 ____________________________
 in spin coordinates:
    0.000000    0.000000   -1.000000
    0.000000    1.000000    0.000000
   -1.000000    0.000000    0.000000
          37   1.57079632679490       0.000000000000000E+000
 
 symm. operation           37  removed !!!! so-det=  0.000000000000000E+000
 in global cartezian coordinates:
    0.000000   -1.000000    0.000000
    0.000000    0.000000    1.000000
   -1.000000    0.000000    0.000000
 ____________________________
 in spin coordinates:
    0.000000   -1.000000    0.000000
    0.000000    0.000000    1.000000
   -1.000000    0.000000    0.000000
          38 NaN                      0.000000000000000E+000
 
 symm. operation           38  removed !!!! so-det=  0.000000000000000E+000
 in global cartezian coordinates:
    0.000000    0.000000   -1.000000
   -1.000000    0.000000    0.000000
    0.000000    1.000000    0.000000
 ____________________________
 in spin coordinates:
    0.000000    0.000000   -1.000000
   -1.000000    0.000000    0.000000
    0.000000    1.000000    0.000000
          39   1.57079632679490       0.000000000000000E+000
 
 symm. operation           39  removed !!!! so-det=  0.000000000000000E+000
 in global cartezian coordinates:
    1.000000    0.000000    0.000000
    0.000000    0.000000    1.000000
    0.000000    1.000000    0.000000
 ____________________________
 in spin coordinates:
    1.000000    0.000000    0.000000
    0.000000    0.000000    1.000000
    0.000000    1.000000    0.000000
          40   1.57079632679490       0.000000000000000E+000
 
 symm. operation           40  removed !!!! so-det=  0.000000000000000E+000
 in global cartezian coordinates:
    0.000000   -1.000000    0.000000
   -1.000000    0.000000    0.000000
    0.000000    0.000000    1.000000
 ____________________________
 in spin coordinates:
    0.000000   -1.000000    0.000000
   -1.000000    0.000000    0.000000
    0.000000    0.000000    1.000000
          41   1.57079632679490       -1.00000000000000     
 
 in global cartezian coordinates:
    1.000000    0.000000    0.000000
    0.000000    1.000000    0.000000
    0.000000    0.000000    1.000000
 ____________________________
 in spin coordinates:
    1.000000    0.000000    0.000000
    0.000000    1.000000    0.000000
    0.000000    0.000000    1.000000
          42  2.980232238769531E-008   1.00000000000000     
 
 in global cartezian coordinates:
    0.000000    0.000000   -1.000000
    0.000000    1.000000    0.000000
    1.000000    0.000000    0.000000
 ____________________________
 in spin coordinates:
    0.000000    0.000000   -1.000000
    0.000000    1.000000    0.000000
    1.000000    0.000000    0.000000
          43   1.57079632679490       0.000000000000000E+000
 
 symm. operation           43  removed !!!! so-det=  0.000000000000000E+000
 in global cartezian coordinates:
    0.000000   -1.000000    0.000000
    0.000000    0.000000    1.000000
    1.000000    0.000000    0.000000
 ____________________________
 in spin coordinates:
    0.000000   -1.000000    0.000000
    0.000000    0.000000    1.000000
    1.000000    0.000000    0.000000
          44 NaN                      0.000000000000000E+000
 
 symm. operation           44  removed !!!! so-det=  0.000000000000000E+000
 in global cartezian coordinates:
    0.000000    0.000000   -1.000000
    1.000000    0.000000    0.000000
    0.000000    1.000000    0.000000
 ____________________________
 in spin coordinates:
    0.000000    0.000000   -1.000000
    1.000000    0.000000    0.000000
    0.000000    1.000000    0.000000
          45   1.57079632679490       0.000000000000000E+000
 
 symm. operation           45  removed !!!! so-det=  0.000000000000000E+000
 in global cartezian coordinates:
   -1.000000    0.000000    0.000000
    0.000000    0.000000    1.000000
    0.000000    1.000000    0.000000
 ____________________________
 in spin coordinates:
   -1.000000    0.000000    0.000000
    0.000000    0.000000    1.000000
    0.000000    1.000000    0.000000
          46   1.57079632679490       0.000000000000000E+000
 
 symm. operation           46  removed !!!! so-det=  0.000000000000000E+000
 in global cartezian coordinates:
    0.000000   -1.000000    0.000000
    1.000000    0.000000    0.000000
    0.000000    0.000000    1.000000
 ____________________________
 in spin coordinates:
    0.000000   -1.000000    0.000000
    1.000000    0.000000    0.000000
    0.000000    0.000000    1.000000
          47   1.57079632679490        1.00000000000000     
 
 in global cartezian coordinates:
   -1.000000    0.000000    0.000000
    0.000000    1.000000    0.000000
    0.000000    0.000000    1.000000
 ____________________________
 in spin coordinates:
   -1.000000    0.000000    0.000000
    0.000000    1.000000    0.000000
    0.000000    0.000000    1.000000
          48   3.14159268339212       -1.00000000000000     
 
 Original and SO-compatible symops changed:          48          16
 FNAME=
 epsilon_Pu_10.energyso_1                                                       
                                                                                
                                                     60
 FNAME=
 epsilon_Pu_10.energysodn_1                                                     
                                                                                
                                                     59
 BZ-integration with TETRA-program.   icor=: 1
 Equal occupancy of degenerate states, tol=: 0.1E-05
 call eord...
 call dos...
 ILOOP            1
 ILOOP            2
   FERMI ENERGY AT    1.17632225833389     
 RESULT OF INTEGRATION:      15.999999999425; SHOULD BE:      15.999999999900
   SUM RULE OF TETRAHEDRON INTEGRATION CHECKED 
 call eweigh...
   number of occupied bands:          18
   highest energy:   1.18819077818115     
 FERMI-LDA=   1.176 Ryd,  16.005 eV.
 ABSOLUTE EMIN=   0.735 Ryd.  10.005 eV.
 ABSOLUTE EMAX=   1.617 Ryd.  22.005 eV.


:NLDA  : NUMBER OF ELECTRONS          =  16.000

:FLDA  : F E R M I - ENERGY           =   1.17632
 
 ********** Information about the atomic index arrays ************
 iatom=           1
 isort=           1
 csort=           1
 maxucase=           1
icase, iucase, jatom, latom=     1     1     1     1
 
 *****  Arrays for correlated blocks ******
 norbitals=           1
 maxdim2=          14
iorbital( 1, 1)=   1
cix( 1, 1)=   1
icase,lcase,icix,iorb,nind1,ip1,iSx=    1    1    1    1   14    1    1
icase,lcase,icix,iorb,nind1,ip1,iSx=    1    1    1    1   14    2    2
icase,lcase,icix,iorb,nind1,ip1,iSx=    1    1    1    1   14    3    3
icase,lcase,icix,iorb,nind1,ip1,iSx=    1    1    1    1   14    4    4
icase,lcase,icix,iorb,nind1,ip1,iSx=    1    1    1    1   14    5    5
icase,lcase,icix,iorb,nind1,ip1,iSx=    1    1    1    1   14    6    6
icase,lcase,icix,iorb,nind1,ip1,iSx=    1    1    1    1   14    7    7
icase,lcase,icix,iorb,nind1,ip1,iSx=    1    1    1    1   14    8    8
icase,lcase,icix,iorb,nind1,ip1,iSx=    1    1    1    1   14    9    9
icase,lcase,icix,iorb,nind1,ip1,iSx=    1    1    1    1   14   10   10
icase,lcase,icix,iorb,nind1,ip1,iSx=    1    1    1    1   14   11   11
icase,lcase,icix,iorb,nind1,ip1,iSx=    1    1    1    1   14   12   12
icase,lcase,icix,iorb,nind1,ip1,iSx=    1    1    1    1   14   13   13
icase,lcase,icix,iorb,nind1,ip1,iSx=    1    1    1    1   14   14   14
cixdim( 1)=14
noccur( 1, 1)=   6
noccur( 2, 1)=   8
iSx( 1, 1)=  1
iSx( 2, 1)=  2
iSx( 3, 1)=  3
iSx( 4, 1)=  4
iSx( 5, 1)=  5
iSx( 6, 1)=  6
iSx( 7, 1)=  7
iSx( 8, 1)=  8
iSx( 9, 1)=  9
iSx(10, 1)= 10
iSx(11, 1)= 11
iSx(12, 1)= 12
iSx(13, 1)= 13
iSx(14, 1)= 14
nindo( 1)= 14
CF for iorb1= 1 iorb2= 1
    0.92582010     0.00000000       0.00000000     0.00000000       0.00000000     0.00000000       0.00000000     0.00000000       0.00000000     0.00000000       0.00000000     0.00000000       0.00000000     0.00000000       0.00000000     0.00000000      -0.37796447     0.00000000       0.00000000     0.00000000       0.00000000     0.00000000       0.00000000     0.00000000       0.00000000     0.00000000       0.00000000     0.00000000   
    0.00000000     0.00000000       0.84515425     0.00000000       0.00000000     0.00000000       0.00000000     0.00000000       0.00000000     0.00000000       0.00000000     0.00000000       0.00000000     0.00000000       0.00000000     0.00000000       0.00000000     0.00000000      -0.53452248     0.00000000       0.00000000     0.00000000       0.00000000     0.00000000       0.00000000     0.00000000       0.00000000     0.00000000   
    0.00000000     0.00000000       0.00000000     0.00000000       0.75592895     0.00000000       0.00000000     0.00000000       0.00000000     0.00000000       0.00000000     0.00000000       0.00000000     0.00000000       0.00000000     0.00000000       0.00000000     0.00000000       0.00000000     0.00000000      -0.65465367     0.00000000       0.00000000     0.00000000       0.00000000     0.00000000       0.00000000     0.00000000   
    0.00000000     0.00000000       0.00000000     0.00000000       0.00000000     0.00000000       0.65465367     0.00000000       0.00000000     0.00000000       0.00000000     0.00000000       0.00000000     0.00000000       0.00000000     0.00000000       0.00000000     0.00000000       0.00000000     0.00000000       0.00000000     0.00000000      -0.75592895     0.00000000       0.00000000     0.00000000       0.00000000     0.00000000   
    0.00000000     0.00000000       0.00000000     0.00000000       0.00000000     0.00000000       0.00000000     0.00000000       0.53452248     0.00000000       0.00000000     0.00000000       0.00000000     0.00000000       0.00000000     0.00000000       0.00000000     0.00000000       0.00000000     0.00000000       0.00000000     0.00000000       0.00000000     0.00000000      -0.84515425     0.00000000       0.00000000     0.00000000   
    0.00000000     0.00000000       0.00000000     0.00000000       0.00000000     0.00000000       0.00000000     0.00000000       0.00000000     0.00000000       0.37796447     0.00000000       0.00000000     0.00000000       0.00000000     0.00000000       0.00000000     0.00000000       0.00000000     0.00000000       0.00000000     0.00000000       0.00000000     0.00000000       0.00000000     0.00000000      -0.92582010     0.00000000   
    0.00000000     0.00000000       0.00000000     0.00000000       0.00000000     0.00000000       0.00000000     0.00000000       0.00000000     0.00000000       0.00000000     0.00000000       0.00000000     0.00000000       1.00000000     0.00000000       0.00000000     0.00000000       0.00000000     0.00000000       0.00000000     0.00000000       0.00000000     0.00000000       0.00000000     0.00000000       0.00000000     0.00000000   
    0.37796447     0.00000000       0.00000000     0.00000000       0.00000000     0.00000000       0.00000000     0.00000000       0.00000000     0.00000000       0.00000000     0.00000000       0.00000000     0.00000000       0.00000000     0.00000000       0.92582010     0.00000000       0.00000000     0.00000000       0.00000000     0.00000000       0.00000000     0.00000000       0.00000000     0.00000000       0.00000000     0.00000000   
    0.00000000     0.00000000       0.53452248     0.00000000       0.00000000     0.00000000       0.00000000     0.00000000       0.00000000     0.00000000       0.00000000     0.00000000       0.00000000     0.00000000       0.00000000     0.00000000       0.00000000     0.00000000       0.84515425     0.00000000       0.00000000     0.00000000       0.00000000     0.00000000       0.00000000     0.00000000       0.00000000     0.00000000   
    0.00000000     0.00000000       0.00000000     0.00000000       0.65465367     0.00000000       0.00000000     0.00000000       0.00000000     0.00000000       0.00000000     0.00000000       0.00000000     0.00000000       0.00000000     0.00000000       0.00000000     0.00000000       0.00000000     0.00000000       0.75592895     0.00000000       0.00000000     0.00000000       0.00000000     0.00000000       0.00000000     0.00000000   
    0.00000000     0.00000000       0.00000000     0.00000000       0.00000000     0.00000000       0.75592895     0.00000000       0.00000000     0.00000000       0.00000000     0.00000000       0.00000000     0.00000000       0.00000000     0.00000000       0.00000000     0.00000000       0.00000000     0.00000000       0.00000000     0.00000000       0.65465367     0.00000000       0.00000000     0.00000000       0.00000000     0.00000000   
    0.00000000     0.00000000       0.00000000     0.00000000       0.00000000     0.00000000       0.00000000     0.00000000       0.84515425     0.00000000       0.00000000     0.00000000       0.00000000     0.00000000       0.00000000     0.00000000       0.00000000     0.00000000       0.00000000     0.00000000       0.00000000     0.00000000       0.00000000     0.00000000       0.53452248     0.00000000       0.00000000     0.00000000   
    0.00000000     0.00000000       0.00000000     0.00000000       0.00000000     0.00000000       0.00000000     0.00000000       0.00000000     0.00000000       0.92582010     0.00000000       0.00000000     0.00000000       0.00000000     0.00000000       0.00000000     0.00000000       0.00000000     0.00000000       0.00000000     0.00000000       0.00000000     0.00000000       0.00000000     0.00000000       0.37796447     0.00000000   
    0.00000000     0.00000000       0.00000000     0.00000000       0.00000000     0.00000000       0.00000000     0.00000000       0.00000000     0.00000000       0.00000000     0.00000000       1.00000000     0.00000000       0.00000000     0.00000000       0.00000000     0.00000000       0.00000000     0.00000000       0.00000000     0.00000000       0.00000000     0.00000000       0.00000000     0.00000000       0.00000000     0.00000000   
Rspin for iorb=  1
 angles=  0.000000000000000E+000   3.14159265358979       0.000000000000000E+000
  0.000000000000000E+000  0.000000000000000E+000  0.000000000000000E+000
 Rspin=
    0.000000    0.000000      0.000000    1.000000
    0.000000    1.000000      0.000000    0.000000
 Calculation for atom  1 which has iucase=  1
 ATPAR for spin up

          ATOMIC PARAMETERS FOR Pu  0+    

           ENERGY PARAMETERS ARE   0.94  -1.33   0.94   0.94

           L     U(R)          U'(R)         DU/DE        DU'/DE      NORM-U'
           0  0.550590E+00  0.815270E+00  0.112937E+00 -0.225681E+00
           1  0.537465E+00 -0.895242E-04 -0.144071E+00 -0.402499E+00
           2 -0.618125E+00  0.233126E-01  0.984220E-01  0.346317E+00
           3 -0.318988E+00  0.123990E+00  0.362544E+00  0.537460E+00
LO COEFFICIENT: l,A,B,C   0          0.65556    -3.19599     0.00000     0.00000
 
LO COEFFICIENT: l,A,B,C   0          0.32201     0.00000     0.77938     0.00000
 
LO COEFFICIENT: l,A,B,C   1          0.87936     3.28052     0.00000     0.00000
 
LO COEFFICIENT: l,A,B,C   1          0.27242     0.00000    -1.24186     0.00000
 
LO COEFFICIENT: l,A,B,C   2          0.85279     5.35585     0.00000     0.00000
 
LO COEFFICIENT: l,A,B,C   3          0.93946     0.82659     0.00000     0.00000
 
 ATPAR for spin down

          ATOMIC PARAMETERS FOR Pu  0+    

           ENERGY PARAMETERS ARE   0.94  -1.33   0.94   0.94

           L     U(R)          U'(R)         DU/DE        DU'/DE      NORM-U'
           0  0.550590E+00  0.815270E+00  0.112937E+00 -0.225681E+00
           1  0.537465E+00 -0.895242E-04 -0.144071E+00 -0.402499E+00
           2 -0.618125E+00  0.233126E-01  0.984220E-01  0.346317E+00
           3 -0.318988E+00  0.123990E+00  0.362544E+00  0.537460E+00
LO COEFFICIENT: l,A,B,C   0          0.65556    -3.19599     0.00000     0.00000
 
LO COEFFICIENT: l,A,B,C   0          0.32201     0.00000     0.77938     0.00000
 
LO COEFFICIENT: l,A,B,C   1          0.87936     3.28052     0.00000     0.00000
 
LO COEFFICIENT: l,A,B,C   1          0.27242     0.00000    -1.24186     0.00000
 
LO COEFFICIENT: l,A,B,C   2          0.85279     5.35585     0.00000     0.00000
 
LO COEFFICIENT: l,A,B,C   3          0.93946     0.82659     0.00000     0.00000
 
 L1=           0  L2=           0
 RADIAL INTEGRALS:
           1           1                 1           1   1.00000000000000     
           1           3                 1           1  0.575539189904149     
           1           1                 1           2   1.00000000000000     
           1           3                 1           2  0.575539189904149     
           1           1                 2           1   1.00000000000000     
           1           3                 2           1  0.575539189904149     
           1           1                 2           2   1.00000000000000     
           1           3                 2           2  0.575539189904149     
           2           2                 1           1  5.582757295862289E-002
           2           3                 1           1 -0.190963427773525     
           2           2                 1           2  5.582757295862289E-002
           2           3                 1           2 -0.190963427773525     
           2           2                 2           1  5.582757295862289E-002
           2           3                 2           1 -0.190963427773525     
           2           2                 2           2  5.582757295862289E-002
           2           3                 2           2 -0.190963427773525     
           3           1                 1           1  0.575539189904149     
           3           2                 1           1 -0.190963427773525     
           3           3                 1           1   1.00000000000000     
           3           1                 1           2  0.575539189904149     
           3           2                 1           2 -0.190963427773525     
           3           3                 1           2   1.00000000000000     
           3           1                 2           1  0.575539189904149     
           3           2                 2           1 -0.190963427773525     
           3           3                 2           1   1.00000000000000     
           3           1                 2           2  0.575539189904149     
           3           2                 2           2 -0.190963427773525     
           3           3                 2           2   1.00000000000000     
 L1=           1  L2=           1
 RADIAL INTEGRALS:
           1           1                 1           1   1.00000000000000     
           1           3                 1           1  0.911033576269146     
           1           1                 1           2   1.00000000000000     
           1           3                 1           2  0.911033576269146     
           1           1                 2           1   1.00000000000000     
           1           3                 2           1  0.911033576269146     
           1           1                 2           2   1.00000000000000     
           1           3                 2           2  0.911033576269146     
           2           2                 1           1  2.106751293300248E-002
           2           3                 1           1  5.968395937988687E-002
           2           2                 1           2  2.106751293300248E-002
           2           3                 1           2  5.968395937988687E-002
           2           2                 2           1  2.106751293300248E-002
           2           3                 2           1  5.968395937988687E-002
           2           2                 2           2  2.106751293300248E-002
           2           3                 2           2  5.968395937988687E-002
           3           1                 1           1  0.911033576269146     
           3           2                 1           1  5.968395937988687E-002
           3           3                 1           1   1.00000000000000     
           3           1                 1           2  0.911033576269146     
           3           2                 1           2  5.968395937988687E-002
           3           3                 1           2   1.00000000000000     
           3           1                 2           1  0.911033576269146     
           3           2                 2           1  5.968395937988687E-002
           3           3                 2           1   1.00000000000000     
           3           1                 2           2  0.911033576269146     
           3           2                 2           2  5.968395937988687E-002
           3           3                 2           2   1.00000000000000     
 L1=           2  L2=           2
 RADIAL INTEGRALS:
           1           1                 1           1   1.00000000000000     
           1           1                 1           2   1.00000000000000     
           1           1                 2           1   1.00000000000000     
           1           1                 2           2   1.00000000000000     
           2           2                 1           1  9.508166395998817E-003
           2           2                 1           2  9.508166395998817E-003
           2           2                 2           1  9.508166395998817E-003
           2           2                 2           2  9.508166395998817E-003
 L1=           3  L2=           3
 RADIAL INTEGRALS:
           1           1                 1           1   1.00000000000000     
           1           1                 1           2   1.00000000000000     
           1           1                 2           1   1.00000000000000     
           1           1                 2           2   1.00000000000000     
           2           2                 1           1  0.171852768548892     
           2           2                 1           2  0.171852768548892     
           2           2                 2           1  0.171852768548892     
           2           2                 2           2  0.171852768548892     
Saving potential parameters for atom 1 into  1
pr_proc=143  tot-k=286
 ------------------------------------------------------------------------------


   =====>>> CPU TIME SUMMARY

            TOTAL       :      1.2
 OMP_NUM_THREADS= 2
 GUTZ_SOLVER VO.1.5 BUILT ON Jan 19 2014 AT22:25:59
 NT=  1 SEC_N%DIM=   10 WITH ID:
           1       2      16     107     471    1472    3474    6477    9909   12912
       14914
 MEAN U/J:  0.2940  0.0265
 NEL_FIX_VDC1=      5.21
 ATOM DEPENDENT NELF1:
      5.2118
 DCMIX_A=  0.200000
 SYMMETRICALLY NON-EQUIVALENT ATOMS:
          1
 VARIATIONAL-SETUP-NON-EQUIVALENT ATOMS:
          1
 COMPLEMENTARY VARIATIONAL-SETUP-EQUIVALENT ATOMS:

 GYZ%SYM%IDSUM:
  1
 DIM(X_Gutz)=  4
 CALC SET: GAPJ-SHFT FULL       -JH-PROJ SLATER    VAR-FIXDC    Ryd.   
 NT= 1
 LOCAL INTERACTION PART   :
 U              :   0.2940
 J              :   0.0265
 FOCK SPACE PART:
 NA             :  7
 FS%OCC(1) L.B. :  0
 FS%OCC(2) U.B. :  9
 FS%DIM         :     14913
 HL%OCC(1) L.B. :  0
 HL%OCC(2) U.B. :  9
 ISO= 2 ISPIN_IN= 1 ISPIN= 1 ISPO= 2
 BND%NMAX=  76
 BZ INTEGRATION WITH TETRA METHOD, ICOR= 1
 EQUAL OCCUPANCY OF DEGENERATE STATES, TOL= 0.1E-05
 VALENCE ELECTRONS: TOTAL=    16.0
                    CORRELATED PART=     8.0
 SYM%IDI/IDF=  1 16
 BND%NMAXIN=   26
      GUTZ5_INI_CORR_UVEK takes  0 hours  0 minutes and    0.04 seconds (CPU).
                          takes  0 hours  0 minutes and    0.04 seconds (WALL).
                 SETUP_TB takes  0 hours  0 minutes and    1.24 seconds (CPU).
                          takes  0 hours  0 minutes and    0.65 seconds (WALL).
************  EL-  ************
 NI=  1 NI_GLOBAL=  1
   1.1861   1.1825   1.1794   1.1794   1.1825   1.1861   1.2669   1.2628   1.2615   1.2568   1.2568   1.2615   1.2628   1.2669
************  EL=  ************
 NI=  1 NI_GLOBAL=  1
   1.1861   0.0000   0.0000   0.0000   0.0026   0.0000   0.0000   0.0014   0.0000   0.0000   0.0000  -0.0015   0.0000   0.0000
   0.0000   1.1825   0.0000   0.0000   0.0000   0.0026   0.0000   0.0000   0.0003   0.0000   0.0000   0.0000   0.0059   0.0000
   0.0000   0.0000   1.1794   0.0000   0.0000   0.0000   0.0000   0.0000   0.0000   0.0035   0.0000   0.0000   0.0000   0.0000
   0.0000   0.0000   0.0000   1.1794   0.0000   0.0000   0.0000   0.0000   0.0000   0.0000  -0.0035   0.0000   0.0000   0.0000
   0.0026   0.0000   0.0000   0.0000   1.1825   0.0000   0.0000  -0.0059   0.0000   0.0000   0.0000  -0.0003   0.0000   0.0000
   0.0000   0.0026   0.0000   0.0000   0.0000   1.1861   0.0000   0.0000   0.0015   0.0000   0.0000   0.0000  -0.0014   0.0000
   0.0000   0.0000   0.0000   0.0000   0.0000   0.0000   1.2669   0.0000   0.0000   0.0000   0.0010   0.0000   0.0000   0.0000
   0.0014   0.0000   0.0000   0.0000  -0.0059   0.0000   0.0000   1.2628   0.0000   0.0000   0.0000   0.0043   0.0000   0.0000
   0.0000   0.0003   0.0000   0.0000   0.0000   0.0015   0.0000   0.0000   1.2615   0.0000   0.0000   0.0000   0.0043   0.0000
   0.0000   0.0000   0.0035   0.0000   0.0000   0.0000   0.0000   0.0000   0.0000   1.2568   0.0000   0.0000   0.0000   0.0010
   0.0000   0.0000   0.0000  -0.0035   0.0000   0.0000   0.0010   0.0000   0.0000   0.0000   1.2568   0.0000   0.0000   0.0000
  -0.0015   0.0000   0.0000   0.0000  -0.0003   0.0000   0.0000   0.0043   0.0000   0.0000   0.0000   1.2615   0.0000   0.0000
   0.0000   0.0059   0.0000   0.0000   0.0000  -0.0014   0.0000   0.0000   0.0043   0.0000   0.0000   0.0000   1.2628   0.0000
   0.0000   0.0000   0.0000   0.0000   0.0000   0.0000   0.0000   0.0000   0.0000   0.0010   0.0000   0.0000   0.0000   1.2669
 NI=  1 LOCAL ORBITAL LEVEL CENTER(ELC)=   1.228
************  EL0  ************
 NI=  1 NI_GLOBAL=  1
   1.1827   1.1827   1.1827   1.1827   1.1827   1.1827   1.2620   1.2620   1.2620   1.2620   1.2620   1.2620   1.2620   1.2620
************  ELL  ************
 NI=  1 NI_GLOBAL=  1
   1.1827   0.0000   0.0000   0.0000   0.0000   0.0000   0.0000   0.0000   0.0000   0.0000   0.0000   0.0000   0.0000   0.0000
   0.0000   1.1827   0.0000   0.0000   0.0000   0.0000   0.0000   0.0000   0.0000   0.0000   0.0000   0.0000   0.0000   0.0000
   0.0000   0.0000   1.1827   0.0000   0.0000   0.0000   0.0000   0.0000   0.0000   0.0000   0.0000   0.0000   0.0000   0.0000
   0.0000   0.0000   0.0000   1.1827   0.0000   0.0000   0.0000   0.0000   0.0000   0.0000   0.0000   0.0000   0.0000   0.0000
   0.0000   0.0000   0.0000   0.0000   1.1827   0.0000   0.0000   0.0000   0.0000   0.0000   0.0000   0.0000   0.0000   0.0000
   0.0000   0.0000   0.0000   0.0000   0.0000   1.1827   0.0000   0.0000   0.0000   0.0000   0.0000   0.0000   0.0000   0.0000
   0.0000   0.0000   0.0000   0.0000   0.0000   0.0000   1.2620   0.0000   0.0000   0.0000   0.0000   0.0000   0.0000   0.0000
   0.0000   0.0000   0.0000   0.0000   0.0000   0.0000   0.0000   1.2620   0.0000   0.0000   0.0000   0.0000   0.0000   0.0000
   0.0000   0.0000   0.0000   0.0000   0.0000   0.0000   0.0000   0.0000   1.2620   0.0000   0.0000   0.0000   0.0000   0.0000
   0.0000   0.0000   0.0000   0.0000   0.0000   0.0000   0.0000   0.0000   0.0000   1.2620   0.0000   0.0000   0.0000   0.0000
   0.0000   0.0000   0.0000   0.0000   0.0000   0.0000   0.0000   0.0000   0.0000   0.0000   1.2620   0.0000   0.0000   0.0000
   0.0000   0.0000   0.0000   0.0000   0.0000   0.0000   0.0000   0.0000   0.0000   0.0000   0.0000   1.2620   0.0000   0.0000
   0.0000   0.0000   0.0000   0.0000   0.0000   0.0000   0.0000   0.0000   0.0000   0.0000   0.0000   0.0000   1.2620   0.0000
   0.0000   0.0000   0.0000   0.0000   0.0000   0.0000   0.0000   0.0000   0.0000   0.0000   0.0000   0.0000   0.0000   1.2620
                  GET_EL0 takes  0 hours  0 minutes and    0.00 seconds (CPU).
                          takes  0 hours  0 minutes and    0.00 seconds (WALL).
 There are  4 blocks of bands, with band energy windows:
  -2.234  -2.196 |   -0.698  -0.603 |   -0.143   0.071 |    0.770   4.496 | 
 Band window indices:
         1      2 |          3      4 |          5      8 |          9     77 | 
 Band width
       0.038   |         0.094   |         0.214   |         3.725   |  
 Band gap
       1.498   |         0.461   |         0.700   |  
 CORRELATED BLOCK: EMIN/EMIX=    0.7704    1.6171
 CORRELATED BAND WIDTH=   0.847
         GUTZ_RED_PRJ_NEQ takes  0 hours  1 minutes and    3.01 seconds (CPU).
                          takes  0 hours  1 minutes and    2.88 seconds (WALL).
 NI=  1 DIM_PHIK=   41227 HL%DIM=  14913
       ID_PHIK_N=
      1      2      4     33    264   1639   6153  15546  27321  36714
  41228
       ID_PHIK_J=
      1      2      3      4      8      9     18     19     28     29
     33     37     73    122    171    220    245    254    263    264
    300    349    638    807   1168   1364   1533   1582   1631   1635
   1639   1739   2180   2964   3864   4705   5381   5781   6037   6118
   6143   6152   6153   6349   6710   8079   9448  11564  12933  14377
  14953  15353  15474  15538  15542  15546  15835  16796  18560  21060
  23176  24940  26165  26841  27165  27286  27311  27320  27321  27517
  27878  29247  30616  32732  34101  35545  36121  36521  36642  36706
  36710  36714  36814  37255  38039  38939  39780  40456  40856  41112
  41193  41218  41227  41228
          GUTZ_SET_PRJ_EQ takes  0 hours  0 minutes and    0.00 seconds (CPU).
                          takes  0 hours  0 minutes and    0.00 seconds (WALL).
************   WH%X  ************
    0.89627224    0.91093277
    1.13603123    1.29883988
************  RIN  ************
 NI=  1 NI_GLOBAL=  1
   0.8963   0.8963   0.8963   0.8963   0.8963   0.8963   0.9109   0.9109   0.9109   0.9109   0.9109   0.9109   0.9109   0.9109
************  LA1  ************
 NI=  1 NI_GLOBAL=  1
   1.1360   1.1360   1.1360   1.1360   1.1360   1.1360   1.2988   1.2988   1.2988   1.2988   1.2988   1.2988   1.2988   1.2988
             CALC_BAND_AL takes  0 hours  0 minutes and    0.55 seconds (CPU).
                          takes  0 hours  0 minutes and    0.27 seconds (WALL).
 ILOOP            1
 ILOOP            2
   FERMI ENERGY AT    1.14506204967962     
   SUM RULE OF TETRAHEDRON INTEGRATION CHECKED 
   number of occupied bands:          18
   highest energy:   1.16994874927159     
************  NK-  ************
 NI=  1 NI_GLOBAL=  1
   0.8305   0.7821   0.8462   0.8462   0.7821   0.8305   0.0285   0.0507   0.0364   0.0320   0.0320   0.0364   0.0507   0.0285
************  NNK  ************
 NI=  1 NI_GLOBAL=  1
   0.8305   0.0000   0.0000   0.0000  -0.0446   0.0000   0.0000  -0.0259   0.0000   0.0000   0.0000  -0.0069   0.0000   0.0000
   0.0000   0.7821   0.0000   0.0000   0.0000  -0.0446   0.0000   0.0000   0.0235   0.0000   0.0000   0.0000   0.0015   0.0000
   0.0000   0.0000   0.8462   0.0000   0.0000   0.0000   0.0000   0.0000   0.0000  -0.0138   0.0000   0.0000   0.0000  -0.0193
   0.0000   0.0000   0.0000   0.8462   0.0000   0.0000   0.0193   0.0000   0.0000   0.0000   0.0138   0.0000   0.0000   0.0000
  -0.0446   0.0000   0.0000   0.0000   0.7821   0.0000   0.0000  -0.0015   0.0000   0.0000   0.0000  -0.0235   0.0000   0.0000
   0.0000  -0.0446   0.0000   0.0000   0.0000   0.8305   0.0000   0.0000   0.0069   0.0000   0.0000   0.0000   0.0259   0.0000
   0.0000   0.0000   0.0000   0.0193   0.0000   0.0000   0.0285   0.0000   0.0000   0.0000   0.0013   0.0000   0.0000   0.0000
  -0.0259   0.0000   0.0000   0.0000  -0.0015   0.0000   0.0000   0.0507   0.0000   0.0000   0.0000   0.0019   0.0000   0.0000
   0.0000   0.0235   0.0000   0.0000   0.0000   0.0069   0.0000   0.0000   0.0364   0.0000   0.0000   0.0000   0.0019   0.0000
   0.0000   0.0000  -0.0138   0.0000   0.0000   0.0000   0.0000   0.0000   0.0000   0.0320   0.0000   0.0000   0.0000   0.0013
   0.0000   0.0000   0.0000   0.0138   0.0000   0.0000   0.0013   0.0000   0.0000   0.0000   0.0320   0.0000   0.0000   0.0000
  -0.0069   0.0000   0.0000   0.0000  -0.0235   0.0000   0.0000   0.0019   0.0000   0.0000   0.0000   0.0364   0.0000   0.0000
   0.0000   0.0015   0.0000   0.0000   0.0000   0.0259   0.0000   0.0000   0.0019   0.0000   0.0000   0.0000   0.0507   0.0000
   0.0000   0.0000  -0.0193   0.0000   0.0000   0.0000   0.0000   0.0000   0.0000   0.0013   0.0000   0.0000   0.0000   0.0285
************  NKS  ************
 NI=  1 NI_GLOBAL=  1
   0.8196   0.8196   0.8196   0.8196   0.8196   0.8196   0.0369   0.0369   0.0369   0.0369   0.0369   0.0369   0.0369   0.0369
 NELE_LOC TOTAL:
           5.2129646226448179
              CALC_DA_BND takes  0 hours  0 minutes and    0.09 seconds (CPU).
                          takes  0 hours  0 minutes and    0.09 seconds (WALL).
************  DA-  ************
 NI=  1 NI_GLOBAL=  1
  -0.0209  -0.0226  -0.0188  -0.0188  -0.0226  -0.0209  -0.0062  -0.0109  -0.0079  -0.0070  -0.0070  -0.0079  -0.0109  -0.0062
************  DAA  ************
 NI=  1 NI_GLOBAL=  1
  -0.0208  -0.0208  -0.0208  -0.0208  -0.0208  -0.0208  -0.0080  -0.0080  -0.0080  -0.0080  -0.0080  -0.0080  -0.0080  -0.0080
 NI=  1 VDC=    1.3295
************  LA2  ************
 NI=  1 NI_GLOBAL=  1
  -2.5461  -2.5461  -2.5461  -2.5461  -2.5461  -2.5461  -2.4384  -2.4384  -2.4384  -2.4384  -2.4384  -2.4384  -2.4384  -2.4384
 NI=  1 PHI-step gap=  0.15E+00
************  RAA  ************
 NI=  1 NI_GLOBAL=  1
   0.8962   0.8962   0.8962   0.8962   0.8962   0.8962   0.9110   0.9110   0.9110   0.9110   0.9110   0.9110   0.9110   0.9110
************  NC0  ************
 NI=  1 NI_GLOBAL=  1
   0.8196   0.8196   0.8196   0.8196   0.8196   0.8196   0.0369   0.0369   0.0369   0.0369   0.0369   0.0369   0.0369   0.0369
                  CALC_LC takes  0 hours  8 minutes and   15.78 seconds (CPU).
                          takes  0 hours  8 minutes and   15.68 seconds (WALL).
                GUTZ_FCN1 takes  0 hours  8 minutes and   16.67 seconds (CPU).
                          takes  0 hours  8 minutes and   16.25 seconds (WALL).
************  DIF_X  ************
   -0.000063732114    0.000042759287
    0.000040500549    0.000003945913
 ITER1=  1 MAXERR=    0.00006373
************   WH%X  ************
    0.89630018    0.91093908
    1.13600691    1.29883337
************  RIN  ************
 NI=  1 NI_GLOBAL=  1
   0.8963   0.8963   0.8963   0.8963   0.8963   0.8963   0.9109   0.9109   0.9109   0.9109   0.9109   0.9109   0.9109   0.9109
************  LA1  ************
 NI=  1 NI_GLOBAL=  1
   1.1360   1.1360   1.1360   1.1360   1.1360   1.1360   1.2988   1.2988   1.2988   1.2988   1.2988   1.2988   1.2988   1.2988
             CALC_BAND_AL takes  0 hours  0 minutes and    0.55 seconds (CPU).
                          takes  0 hours  0 minutes and    0.29 seconds (WALL).
 ILOOP            1
   FERMI ENERGY AT    1.14504717651632     
   SUM RULE OF TETRAHEDRON INTEGRATION CHECKED 
   number of occupied bands:          18
   highest energy:   1.16994456294922     
************  NK-  ************
 NI=  1 NI_GLOBAL=  1
   0.8305   0.7822   0.8463   0.8463   0.7822   0.8305   0.0285   0.0507   0.0364   0.0320   0.0320   0.0364   0.0507   0.0285
************  NNK  ************
 NI=  1 NI_GLOBAL=  1
   0.8305   0.0000   0.0000   0.0000  -0.0446   0.0000   0.0000  -0.0259   0.0000   0.0000   0.0000  -0.0069   0.0000   0.0000
   0.0000   0.7822   0.0000   0.0000   0.0000  -0.0446   0.0000   0.0000   0.0235   0.0000   0.0000   0.0000   0.0015   0.0000
   0.0000   0.0000   0.8463   0.0000   0.0000   0.0000   0.0000   0.0000   0.0000  -0.0138   0.0000   0.0000   0.0000  -0.0192
   0.0000   0.0000   0.0000   0.8463   0.0000   0.0000   0.0192   0.0000   0.0000   0.0000   0.0138   0.0000   0.0000   0.0000
  -0.0446   0.0000   0.0000   0.0000   0.7822   0.0000   0.0000  -0.0015   0.0000   0.0000   0.0000  -0.0235   0.0000   0.0000
   0.0000  -0.0446   0.0000   0.0000   0.0000   0.8305   0.0000   0.0000   0.0069   0.0000   0.0000   0.0000   0.0259   0.0000
   0.0000   0.0000   0.0000   0.0192   0.0000   0.0000   0.0285   0.0000   0.0000   0.0000   0.0013   0.0000   0.0000   0.0000
  -0.0259   0.0000   0.0000   0.0000  -0.0015   0.0000   0.0000   0.0507   0.0000   0.0000   0.0000   0.0019   0.0000   0.0000
   0.0000   0.0235   0.0000   0.0000   0.0000   0.0069   0.0000   0.0000   0.0364   0.0000   0.0000   0.0000   0.0019   0.0000
   0.0000   0.0000  -0.0138   0.0000   0.0000   0.0000   0.0000   0.0000   0.0000   0.0320   0.0000   0.0000   0.0000   0.0013
   0.0000   0.0000   0.0000   0.0138   0.0000   0.0000   0.0013   0.0000   0.0000   0.0000   0.0320   0.0000   0.0000   0.0000
  -0.0069   0.0000   0.0000   0.0000  -0.0235   0.0000   0.0000   0.0019   0.0000   0.0000   0.0000   0.0364   0.0000   0.0000
   0.0000   0.0015   0.0000   0.0000   0.0000   0.0259   0.0000   0.0000   0.0019   0.0000   0.0000   0.0000   0.0507   0.0000
   0.0000   0.0000  -0.0192   0.0000   0.0000   0.0000   0.0000   0.0000   0.0000   0.0013   0.0000   0.0000   0.0000   0.0285
************  NKS  ************
 NI=  1 NI_GLOBAL=  1
   0.8197   0.8197   0.8197   0.8197   0.8197   0.8197   0.0369   0.0369   0.0369   0.0369   0.0369   0.0369   0.0369   0.0369
 NELE_LOC TOTAL:
           5.2132401494363609
              CALC_DA_BND takes  0 hours  0 minutes and    0.09 seconds (CPU).
                          takes  0 hours  0 minutes and    0.08 seconds (WALL).
************  DA-  ************
 NI=  1 NI_GLOBAL=  1
  -0.0209  -0.0226  -0.0188  -0.0188  -0.0226  -0.0209  -0.0062  -0.0109  -0.0079  -0.0070  -0.0070  -0.0079  -0.0109  -0.0062
************  DAA  ************
 NI=  1 NI_GLOBAL=  1
  -0.0208  -0.0208  -0.0208  -0.0208  -0.0208  -0.0208  -0.0080  -0.0080  -0.0080  -0.0080  -0.0080  -0.0080  -0.0080  -0.0080
 NI=  1 VDC=    1.3295
************  LA2  ************
 NI=  1 NI_GLOBAL=  1
  -2.5461  -2.5461  -2.5461  -2.5461  -2.5461  -2.5461  -2.4384  -2.4384  -2.4384  -2.4384  -2.4384  -2.4384  -2.4384  -2.4384
 NI=  1 PHI-step gap=  0.15E+00
************  RAA  ************
 NI=  1 NI_GLOBAL=  1
   0.8963   0.8963   0.8963   0.8963   0.8963   0.8963   0.9109   0.9109   0.9109   0.9109   0.9109   0.9109   0.9109   0.9109
************  NC0  ************
 NI=  1 NI_GLOBAL=  1
   0.8197   0.8197   0.8197   0.8197   0.8197   0.8197   0.0369   0.0369   0.0369   0.0369   0.0369   0.0369   0.0369   0.0369
                  CALC_LC takes  0 hours  7 minutes and    6.89 seconds (CPU).
                          takes  0 hours  7 minutes and    6.88 seconds (WALL).
                GUTZ_FCN1 takes  0 hours  7 minutes and    7.83 seconds (CPU).
                          takes  0 hours  7 minutes and    7.44 seconds (WALL).
************  DIF_X  ************
   -0.000001384539   -0.000000443077
   -0.000000309130    0.000000079366
 ITER1=  2 MAXERR=    0.00000138
************   WH%X  ************
    0.89629801    0.91093743
    1.13600715    1.29883255
************  RIN  ************
 NI=  1 NI_GLOBAL=  1
   0.8963   0.8963   0.8963   0.8963   0.8963   0.8963   0.9109   0.9109   0.9109   0.9109   0.9109   0.9109   0.9109   0.9109
************  LA1  ************
 NI=  1 NI_GLOBAL=  1
   1.1360   1.1360   1.1360   1.1360   1.1360   1.1360   1.2988   1.2988   1.2988   1.2988   1.2988   1.2988   1.2988   1.2988
             CALC_BAND_AL takes  0 hours  0 minutes and    0.55 seconds (CPU).
                          takes  0 hours  0 minutes and    0.27 seconds (WALL).
 ILOOP            1
   FERMI ENERGY AT    1.14504717651632     
   SUM RULE OF TETRAHEDRON INTEGRATION CHECKED 
   number of occupied bands:          18
   highest energy:   1.16994450037503     
************  NK-  ************
 NI=  1 NI_GLOBAL=  1
   0.8305   0.7822   0.8463   0.8463   0.7822   0.8305   0.0285   0.0507   0.0364   0.0320   0.0320   0.0364   0.0507   0.0285
************  NNK  ************
 NI=  1 NI_GLOBAL=  1
   0.8305   0.0000   0.0000   0.0000  -0.0446   0.0000   0.0000  -0.0259   0.0000   0.0000   0.0000  -0.0069   0.0000   0.0000
   0.0000   0.7822   0.0000   0.0000   0.0000  -0.0446   0.0000   0.0000   0.0235   0.0000   0.0000   0.0000   0.0015   0.0000
   0.0000   0.0000   0.8463   0.0000   0.0000   0.0000   0.0000   0.0000   0.0000  -0.0138   0.0000   0.0000   0.0000  -0.0192
   0.0000   0.0000   0.0000   0.8463   0.0000   0.0000   0.0192   0.0000   0.0000   0.0000   0.0138   0.0000   0.0000   0.0000
  -0.0446   0.0000   0.0000   0.0000   0.7822   0.0000   0.0000  -0.0015   0.0000   0.0000   0.0000  -0.0235   0.0000   0.0000
   0.0000  -0.0446   0.0000   0.0000   0.0000   0.8305   0.0000   0.0000   0.0069   0.0000   0.0000   0.0000   0.0259   0.0000
   0.0000   0.0000   0.0000   0.0192   0.0000   0.0000   0.0285   0.0000   0.0000   0.0000   0.0013   0.0000   0.0000   0.0000
  -0.0259   0.0000   0.0000   0.0000  -0.0015   0.0000   0.0000   0.0507   0.0000   0.0000   0.0000   0.0019   0.0000   0.0000
   0.0000   0.0235   0.0000   0.0000   0.0000   0.0069   0.0000   0.0000   0.0364   0.0000   0.0000   0.0000   0.0019   0.0000
   0.0000   0.0000  -0.0138   0.0000   0.0000   0.0000   0.0000   0.0000   0.0000   0.0320   0.0000   0.0000   0.0000   0.0013
   0.0000   0.0000   0.0000   0.0138   0.0000   0.0000   0.0013   0.0000   0.0000   0.0000   0.0320   0.0000   0.0000   0.0000
  -0.0069   0.0000   0.0000   0.0000  -0.0235   0.0000   0.0000   0.0019   0.0000   0.0000   0.0000   0.0364   0.0000   0.0000
   0.0000   0.0015   0.0000   0.0000   0.0000   0.0259   0.0000   0.0000   0.0019   0.0000   0.0000   0.0000   0.0507   0.0000
   0.0000   0.0000  -0.0192   0.0000   0.0000   0.0000   0.0000   0.0000   0.0000   0.0013   0.0000   0.0000   0.0000   0.0285
************  NKS  ************
 NI=  1 NI_GLOBAL=  1
   0.8197   0.8197   0.8197   0.8197   0.8197   0.8197   0.0369   0.0369   0.0369   0.0369   0.0369   0.0369   0.0369   0.0369
 NELE_LOC TOTAL:
           5.2132368523590920
              CALC_DA_BND takes  0 hours  0 minutes and    0.09 seconds (CPU).
                          takes  0 hours  0 minutes and    0.09 seconds (WALL).
************  DA-  ************
 NI=  1 NI_GLOBAL=  1
  -0.0209  -0.0226  -0.0188  -0.0188  -0.0226  -0.0209  -0.0062  -0.0109  -0.0079  -0.0070  -0.0070  -0.0079  -0.0109  -0.0062
************  DAA  ************
 NI=  1 NI_GLOBAL=  1
  -0.0208  -0.0208  -0.0208  -0.0208  -0.0208  -0.0208  -0.0080  -0.0080  -0.0080  -0.0080  -0.0080  -0.0080  -0.0080  -0.0080
 NI=  1 VDC=    1.3295
************  LA2  ************
 NI=  1 NI_GLOBAL=  1
  -2.5461  -2.5461  -2.5461  -2.5461  -2.5461  -2.5461  -2.4384  -2.4384  -2.4384  -2.4384  -2.4384  -2.4384  -2.4384  -2.4384
 NI=  1 PHI-step gap=  0.15E+00
************  RAA  ************
 NI=  1 NI_GLOBAL=  1
   0.8963   0.8963   0.8963   0.8963   0.8963   0.8963   0.9109   0.9109   0.9109   0.9109   0.9109   0.9109   0.9109   0.9109
************  NC0  ************
 NI=  1 NI_GLOBAL=  1
   0.8197   0.8197   0.8197   0.8197   0.8197   0.8197   0.0369   0.0369   0.0369   0.0369   0.0369   0.0369   0.0369   0.0369
                  CALC_LC takes  0 hours  4 minutes and   56.94 seconds (CPU).
                          takes  0 hours  4 minutes and   56.86 seconds (WALL).
                GUTZ_FCN1 takes  0 hours  4 minutes and   57.92 seconds (CPU).
                          takes  0 hours  4 minutes and   57.41 seconds (WALL).
************  DIF_X  ************
   -0.000000449292    0.000000391472
    0.000000151399    0.000000031736
 ITER1=  3 MAXERR=    0.00000045
************   WH%X  ************
    0.89629788    0.91093745
    1.13600706    1.29883244
************  RIN  ************
 NI=  1 NI_GLOBAL=  1
   0.8963   0.8963   0.8963   0.8963   0.8963   0.8963   0.9109   0.9109   0.9109   0.9109   0.9109   0.9109   0.9109   0.9109
************  LA1  ************
 NI=  1 NI_GLOBAL=  1
   1.1360   1.1360   1.1360   1.1360   1.1360   1.1360   1.2988   1.2988   1.2988   1.2988   1.2988   1.2988   1.2988   1.2988
             CALC_BAND_AL takes  0 hours  0 minutes and    0.55 seconds (CPU).
                          takes  0 hours  0 minutes and    0.28 seconds (WALL).
 ILOOP            1
   FERMI ENERGY AT    1.14504717651632     
   SUM RULE OF TETRAHEDRON INTEGRATION CHECKED 
   number of occupied bands:          18
   highest energy:   1.16994446518608     
************  NK-  ************
 NI=  1 NI_GLOBAL=  1
   0.8305   0.7822   0.8463   0.8463   0.7822   0.8305   0.0285   0.0507   0.0364   0.0320   0.0320   0.0364   0.0507   0.0285
************  NNK  ************
 NI=  1 NI_GLOBAL=  1
   0.8305   0.0000   0.0000   0.0000  -0.0446   0.0000   0.0000  -0.0259   0.0000   0.0000   0.0000  -0.0069   0.0000   0.0000
   0.0000   0.7822   0.0000   0.0000   0.0000  -0.0446   0.0000   0.0000   0.0235   0.0000   0.0000   0.0000   0.0015   0.0000
   0.0000   0.0000   0.8463   0.0000   0.0000   0.0000   0.0000   0.0000   0.0000  -0.0138   0.0000   0.0000   0.0000  -0.0192
   0.0000   0.0000   0.0000   0.8463   0.0000   0.0000   0.0192   0.0000   0.0000   0.0000   0.0138   0.0000   0.0000   0.0000
  -0.0446   0.0000   0.0000   0.0000   0.7822   0.0000   0.0000  -0.0015   0.0000   0.0000   0.0000  -0.0235   0.0000   0.0000
   0.0000  -0.0446   0.0000   0.0000   0.0000   0.8305   0.0000   0.0000   0.0069   0.0000   0.0000   0.0000   0.0259   0.0000
   0.0000   0.0000   0.0000   0.0192   0.0000   0.0000   0.0285   0.0000   0.0000   0.0000   0.0013   0.0000   0.0000   0.0000
  -0.0259   0.0000   0.0000   0.0000  -0.0015   0.0000   0.0000   0.0507   0.0000   0.0000   0.0000   0.0019   0.0000   0.0000
   0.0000   0.0235   0.0000   0.0000   0.0000   0.0069   0.0000   0.0000   0.0364   0.0000   0.0000   0.0000   0.0019   0.0000
   0.0000   0.0000  -0.0138   0.0000   0.0000   0.0000   0.0000   0.0000   0.0000   0.0320   0.0000   0.0000   0.0000   0.0013
   0.0000   0.0000   0.0000   0.0138   0.0000   0.0000   0.0013   0.0000   0.0000   0.0000   0.0320   0.0000   0.0000   0.0000
  -0.0069   0.0000   0.0000   0.0000  -0.0235   0.0000   0.0000   0.0019   0.0000   0.0000   0.0000   0.0364   0.0000   0.0000
   0.0000   0.0015   0.0000   0.0000   0.0000   0.0259   0.0000   0.0000   0.0019   0.0000   0.0000   0.0000   0.0507   0.0000
   0.0000   0.0000  -0.0192   0.0000   0.0000   0.0000   0.0000   0.0000   0.0000   0.0013   0.0000   0.0000   0.0000   0.0285
************  NKS  ************
 NI=  1 NI_GLOBAL=  1
   0.8197   0.8197   0.8197   0.8197   0.8197   0.8197   0.0369   0.0369   0.0369   0.0369   0.0369   0.0369   0.0369   0.0369
 NELE_LOC TOTAL:
           5.2132387992098845
              CALC_DA_BND takes  0 hours  0 minutes and    0.09 seconds (CPU).
                          takes  0 hours  0 minutes and    0.08 seconds (WALL).
************  DA-  ************
 NI=  1 NI_GLOBAL=  1
  -0.0209  -0.0226  -0.0188  -0.0188  -0.0226  -0.0209  -0.0062  -0.0109  -0.0079  -0.0070  -0.0070  -0.0079  -0.0109  -0.0062
************  DAA  ************
 NI=  1 NI_GLOBAL=  1
  -0.0208  -0.0208  -0.0208  -0.0208  -0.0208  -0.0208  -0.0080  -0.0080  -0.0080  -0.0080  -0.0080  -0.0080  -0.0080  -0.0080
 NI=  1 VDC=    1.3295
************  LA2  ************
 NI=  1 NI_GLOBAL=  1
  -2.5461  -2.5461  -2.5461  -2.5461  -2.5461  -2.5461  -2.4384  -2.4384  -2.4384  -2.4384  -2.4384  -2.4384  -2.4384  -2.4384
 NI=  1 PHI-step gap=  0.15E+00
************  RAA  ************
 NI=  1 NI_GLOBAL=  1
   0.8963   0.8963   0.8963   0.8963   0.8963   0.8963   0.9109   0.9109   0.9109   0.9109   0.9109   0.9109   0.9109   0.9109
************  NC0  ************
 NI=  1 NI_GLOBAL=  1
   0.8197   0.8197   0.8197   0.8197   0.8197   0.8197   0.0369   0.0369   0.0369   0.0369   0.0369   0.0369   0.0369   0.0369
                  CALC_LC takes  0 hours  6 minutes and   26.32 seconds (CPU).
                          takes  0 hours  6 minutes and   26.34 seconds (WALL).
                GUTZ_FCN1 takes  0 hours  6 minutes and   27.24 seconds (CPU).
                          takes  0 hours  6 minutes and   26.89 seconds (WALL).
************  DIF_X  ************
    0.000000207797   -0.000000225266
   -0.000000087210   -0.000000022081
 ITER1=  4 MAXERR=    0.00000023
************   WH%X  ************
    0.89629790    0.91093747
    1.13600710    1.29883250
************  RIN  ************
 NI=  1 NI_GLOBAL=  1
   0.8963   0.8963   0.8963   0.8963   0.8963   0.8963   0.9109   0.9109   0.9109   0.9109   0.9109   0.9109   0.9109   0.9109
************  LA1  ************
 NI=  1 NI_GLOBAL=  1
   1.1360   1.1360   1.1360   1.1360   1.1360   1.1360   1.2988   1.2988   1.2988   1.2988   1.2988   1.2988   1.2988   1.2988
             CALC_BAND_AL takes  0 hours  0 minutes and    0.55 seconds (CPU).
                          takes  0 hours  0 minutes and    0.28 seconds (WALL).
 ILOOP            1
   FERMI ENERGY AT    1.14504717651632     
   SUM RULE OF TETRAHEDRON INTEGRATION CHECKED 
   number of occupied bands:          18
   highest energy:   1.16994448022276     
************  NK-  ************
 NI=  1 NI_GLOBAL=  1
   0.8305   0.7822   0.8463   0.8463   0.7822   0.8305   0.0285   0.0507   0.0364   0.0320   0.0320   0.0364   0.0507   0.0285
************  NNK  ************
 NI=  1 NI_GLOBAL=  1
   0.8305   0.0000   0.0000   0.0000  -0.0446   0.0000   0.0000  -0.0259   0.0000   0.0000   0.0000  -0.0069   0.0000   0.0000
   0.0000   0.7822   0.0000   0.0000   0.0000  -0.0446   0.0000   0.0000   0.0235   0.0000   0.0000   0.0000   0.0015   0.0000
   0.0000   0.0000   0.8463   0.0000   0.0000   0.0000   0.0000   0.0000   0.0000  -0.0138   0.0000   0.0000   0.0000  -0.0192
   0.0000   0.0000   0.0000   0.8463   0.0000   0.0000   0.0192   0.0000   0.0000   0.0000   0.0138   0.0000   0.0000   0.0000
  -0.0446   0.0000   0.0000   0.0000   0.7822   0.0000   0.0000  -0.0015   0.0000   0.0000   0.0000  -0.0235   0.0000   0.0000
   0.0000  -0.0446   0.0000   0.0000   0.0000   0.8305   0.0000   0.0000   0.0069   0.0000   0.0000   0.0000   0.0259   0.0000
   0.0000   0.0000   0.0000   0.0192   0.0000   0.0000   0.0285   0.0000   0.0000   0.0000   0.0013   0.0000   0.0000   0.0000
  -0.0259   0.0000   0.0000   0.0000  -0.0015   0.0000   0.0000   0.0507   0.0000   0.0000   0.0000   0.0019   0.0000   0.0000
   0.0000   0.0235   0.0000   0.0000   0.0000   0.0069   0.0000   0.0000   0.0364   0.0000   0.0000   0.0000   0.0019   0.0000
   0.0000   0.0000  -0.0138   0.0000   0.0000   0.0000   0.0000   0.0000   0.0000   0.0320   0.0000   0.0000   0.0000   0.0013
   0.0000   0.0000   0.0000   0.0138   0.0000   0.0000   0.0013   0.0000   0.0000   0.0000   0.0320   0.0000   0.0000   0.0000
  -0.0069   0.0000   0.0000   0.0000  -0.0235   0.0000   0.0000   0.0019   0.0000   0.0000   0.0000   0.0364   0.0000   0.0000
   0.0000   0.0015   0.0000   0.0000   0.0000   0.0259   0.0000   0.0000   0.0019   0.0000   0.0000   0.0000   0.0507   0.0000
   0.0000   0.0000  -0.0192   0.0000   0.0000   0.0000   0.0000   0.0000   0.0000   0.0013   0.0000   0.0000   0.0000   0.0285
************  NKS  ************
 NI=  1 NI_GLOBAL=  1
   0.8197   0.8197   0.8197   0.8197   0.8197   0.8197   0.0369   0.0369   0.0369   0.0369   0.0369   0.0369   0.0369   0.0369
 NELE_LOC TOTAL:
           5.2132379821084376
              CALC_DA_BND takes  0 hours  0 minutes and    0.09 seconds (CPU).
                          takes  0 hours  0 minutes and    0.09 seconds (WALL).
************  DA-  ************
 NI=  1 NI_GLOBAL=  1
  -0.0209  -0.0226  -0.0188  -0.0188  -0.0226  -0.0209  -0.0062  -0.0109  -0.0079  -0.0070  -0.0070  -0.0079  -0.0109  -0.0062
************  DAA  ************
 NI=  1 NI_GLOBAL=  1
  -0.0208  -0.0208  -0.0208  -0.0208  -0.0208  -0.0208  -0.0080  -0.0080  -0.0080  -0.0080  -0.0080  -0.0080  -0.0080  -0.0080
 NI=  1 VDC=    1.3295
************  LA2  ************
 NI=  1 NI_GLOBAL=  1
  -2.5461  -2.5461  -2.5461  -2.5461  -2.5461  -2.5461  -2.4384  -2.4384  -2.4384  -2.4384  -2.4384  -2.4384  -2.4384  -2.4384
 NI=  1 PHI-step gap=  0.15E+00
************  RAA  ************
 NI=  1 NI_GLOBAL=  1
   0.8963   0.8963   0.8963   0.8963   0.8963   0.8963   0.9109   0.9109   0.9109   0.9109   0.9109   0.9109   0.9109   0.9109
************  NC0  ************
 NI=  1 NI_GLOBAL=  1
   0.8197   0.8197   0.8197   0.8197   0.8197   0.8197   0.0369   0.0369   0.0369   0.0369   0.0369   0.0369   0.0369   0.0369
                  CALC_LC takes  0 hours  7 minutes and   13.04 seconds (CPU).
                          takes  0 hours  7 minutes and   12.90 seconds (WALL).
                GUTZ_FCN1 takes  0 hours  7 minutes and   13.94 seconds (CPU).
                          takes  0 hours  7 minutes and   13.46 seconds (WALL).
************  DIF_X  ************
   -0.000000023566    0.000000024421
    0.000000009353    0.000000002660
 ITER1=  5 MAXERR=    0.00000002
************   WH%X  ************
    0.89629790    0.91093747
    1.13600710    1.29883250
************  RIN  ************
 NI=  1 NI_GLOBAL=  1
   0.8963   0.8963   0.8963   0.8963   0.8963   0.8963   0.9109   0.9109   0.9109   0.9109   0.9109   0.9109   0.9109   0.9109
************  LA1  ************
 NI=  1 NI_GLOBAL=  1
   1.1360   1.1360   1.1360   1.1360   1.1360   1.1360   1.2988   1.2988   1.2988   1.2988   1.2988   1.2988   1.2988   1.2988
             CALC_BAND_AL takes  0 hours  0 minutes and    0.55 seconds (CPU).
                          takes  0 hours  0 minutes and    0.28 seconds (WALL).
 ILOOP            1
   FERMI ENERGY AT    1.14504717651632     
   SUM RULE OF TETRAHEDRON INTEGRATION CHECKED 
   number of occupied bands:          18
   highest energy:   1.16994447871922     
************  NK-  ************
 NI=  1 NI_GLOBAL=  1
   0.8305   0.7822   0.8463   0.8463   0.7822   0.8305   0.0285   0.0507   0.0364   0.0320   0.0320   0.0364   0.0507   0.0285
************  NNK  ************
 NI=  1 NI_GLOBAL=  1
   0.8305   0.0000   0.0000   0.0000  -0.0446   0.0000   0.0000  -0.0259   0.0000   0.0000   0.0000  -0.0069   0.0000   0.0000
   0.0000   0.7822   0.0000   0.0000   0.0000  -0.0446   0.0000   0.0000   0.0235   0.0000   0.0000   0.0000   0.0015   0.0000
   0.0000   0.0000   0.8463   0.0000   0.0000   0.0000   0.0000   0.0000   0.0000  -0.0138   0.0000   0.0000   0.0000  -0.0192
   0.0000   0.0000   0.0000   0.8463   0.0000   0.0000   0.0192   0.0000   0.0000   0.0000   0.0138   0.0000   0.0000   0.0000
  -0.0446   0.0000   0.0000   0.0000   0.7822   0.0000   0.0000  -0.0015   0.0000   0.0000   0.0000  -0.0235   0.0000   0.0000
   0.0000  -0.0446   0.0000   0.0000   0.0000   0.8305   0.0000   0.0000   0.0069   0.0000   0.0000   0.0000   0.0259   0.0000
   0.0000   0.0000   0.0000   0.0192   0.0000   0.0000   0.0285   0.0000   0.0000   0.0000   0.0013   0.0000   0.0000   0.0000
  -0.0259   0.0000   0.0000   0.0000  -0.0015   0.0000   0.0000   0.0507   0.0000   0.0000   0.0000   0.0019   0.0000   0.0000
   0.0000   0.0235   0.0000   0.0000   0.0000   0.0069   0.0000   0.0000   0.0364   0.0000   0.0000   0.0000   0.0019   0.0000
   0.0000   0.0000  -0.0138   0.0000   0.0000   0.0000   0.0000   0.0000   0.0000   0.0320   0.0000   0.0000   0.0000   0.0013
   0.0000   0.0000   0.0000   0.0138   0.0000   0.0000   0.0013   0.0000   0.0000   0.0000   0.0320   0.0000   0.0000   0.0000
  -0.0069   0.0000   0.0000   0.0000  -0.0235   0.0000   0.0000   0.0019   0.0000   0.0000   0.0000   0.0364   0.0000   0.0000
   0.0000   0.0015   0.0000   0.0000   0.0000   0.0259   0.0000   0.0000   0.0019   0.0000   0.0000   0.0000   0.0507   0.0000
   0.0000   0.0000  -0.0192   0.0000   0.0000   0.0000   0.0000   0.0000   0.0000   0.0013   0.0000   0.0000   0.0000   0.0285
************  NKS  ************
 NI=  1 NI_GLOBAL=  1
   0.8197   0.8197   0.8197   0.8197   0.8197   0.8197   0.0369   0.0369   0.0369   0.0369   0.0369   0.0369   0.0369   0.0369
 NELE_LOC TOTAL:
           5.2132380563053351
              CALC_DA_BND takes  0 hours  0 minutes and    0.09 seconds (CPU).
                          takes  0 hours  0 minutes and    0.09 seconds (WALL).
************  DA-  ************
 NI=  1 NI_GLOBAL=  1
  -0.0209  -0.0226  -0.0188  -0.0188  -0.0226  -0.0209  -0.0062  -0.0109  -0.0079  -0.0070  -0.0070  -0.0079  -0.0109  -0.0062
************  DAA  ************
 NI=  1 NI_GLOBAL=  1
  -0.0208  -0.0208  -0.0208  -0.0208  -0.0208  -0.0208  -0.0080  -0.0080  -0.0080  -0.0080  -0.0080  -0.0080  -0.0080  -0.0080
 NI=  1 VDC=    1.3295
************  LA2  ************
 NI=  1 NI_GLOBAL=  1
  -2.5461  -2.5461  -2.5461  -2.5461  -2.5461  -2.5461  -2.4384  -2.4384  -2.4384  -2.4384  -2.4384  -2.4384  -2.4384  -2.4384
 NI=  1 PHI-step gap=  0.15E+00
************  RAA  ************
 NI=  1 NI_GLOBAL=  1
   0.8963   0.8963   0.8963   0.8963   0.8963   0.8963   0.9109   0.9109   0.9109   0.9109   0.9109   0.9109   0.9109   0.9109
************  NC0  ************
 NI=  1 NI_GLOBAL=  1
   0.8197   0.8197   0.8197   0.8197   0.8197   0.8197   0.0369   0.0369   0.0369   0.0369   0.0369   0.0369   0.0369   0.0369
                  CALC_LC takes  0 hours  7 minutes and   38.74 seconds (CPU).
                          takes  0 hours  7 minutes and   38.75 seconds (WALL).
                GUTZ_FCN1 takes  0 hours  7 minutes and   39.68 seconds (CPU).
                          takes  0 hours  7 minutes and   39.31 seconds (WALL).
************  DIF_X  ************
   -0.000000001815    0.000000001969
    0.000000000764    0.000000000193
 ITER1=  6 MAXERR=    0.00000000
 NFJAC=   0
 SOLVE1 FINISHED WITH       6 ITERATIONS.
               GUTZ_SOLVE takes  0 hours 41 minutes and   43.29 seconds (CPU).
                          takes  0 hours 41 minutes and   40.76 seconds (WALL).
 MAX. NELF1 DIFF=    0.00144783
               CALC_PJRHO takes  0 hours  0 minutes and    0.44 seconds (CPU).
                          takes  0 hours  0 minutes and    0.38 seconds (WALL).
 NI=  1 SUM_PHY-SUM_KS=      0.00000001 WOULD BE RENORMALIZED
************  NC1  ************
 NI=  1 NI_GLOBAL=  1
   0.8055   0.8055   0.8055   0.8055   0.8055   0.8055   0.0475   0.0475   0.0475   0.0475   0.0475   0.0475   0.0475   0.0475
               CALC_NCPHY takes  0 hours  0 minutes and   49.67 seconds (CPU).
                          takes  0 hours  0 minutes and   49.57 seconds (WALL).
 GYZ%PJ%EGAMM:
     9.27733
 ENG%GAMM:     9.27733
 ENG%POT2:     3.08160
 EDCLA1(NI) ARRAY:
    -5.970
 EDCUJ(NI) ARRAY:
    -3.118
 EDCUJV(NI) ARRAY:
    -6.931
 EDC(NI) ARRAY:
    -9.088
 ENG%DBLC:    -9.08829
 ENG%DC1 :    -5.97036
 ENG%DC2 :    -3.11793
 ENG%DC2V:    -6.93110
 DC_E_STD_TO_E_V:    -3.81317
 ENG%BAND:     2.70277
 ENG%DL(DEEP LEVEL):    -5.98782
 ENG%TB=     2.89181
 ENG%TB-DC2=     6.00974
 NI=  1 OCC_CONFIG_WEIGHT:
        OCC= 0 WEIGHT=   0.00000
        OCC= 1 WEIGHT=   0.00000
        OCC= 2 WEIGHT=   0.00008
        OCC= 3 WEIGHT=   0.00604
        OCC= 4 WEIGHT=   0.12452
        OCC= 5 WEIGHT=   0.54217
        OCC= 6 WEIGHT=   0.30473
        OCC= 7 WEIGHT=   0.02199
        OCC= 8 WEIGHT=   0.00046
        OCC= 9 WEIGHT=   0.00000
                 CALC_RCW takes  0 hours  0 minutes and    0.00 seconds (CPU).
                          takes  0 hours  0 minutes and    0.00 seconds (WALL).
 NI=  1 J2=   12.9325
                 CALC_SLJ takes  0 hours  0 minutes and    0.00 seconds (CPU).
                          takes  0 hours  0 minutes and    0.00 seconds (WALL).
 NI=  1 ENTANGLEMENT ENTROPY=      3.9279
           CALC_ENTANGLES takes  0 hours  0 minutes and    1.02 seconds (CPU).
                          takes  0 hours  0 minutes and    0.92 seconds (WALL).
 CORRELATED SUBSPACE, SUM_FERWT=      8.0000052 SUM_KSWT=      8.0000052
 MAX OFF DIAGONAL KS.WT=    0.001979
 MAX/MIN R=    0.910937    0.896298
                CALC_KSWT takes  0 hours  0 minutes and    0.02 seconds (CPU).
                          takes  0 hours  0 minutes and    0.02 seconds (WALL).
                    TOTAL takes  0 hours 43 minutes and   39.08 seconds (CPU).
                          takes  0 hours 43 minutes and   35.54 seconds (WALL).
