******Program DMFT: Computes Gloc and Delta for Dynamical Mean Field Theory calculation ******
 CALCULATION WITH COMPLEX VECTORS
 CALCULATION WITH SOC VECTORS REQUIRED
 Running DMFT in mpi mode
  
 numkpt=         286
   0.00000   0.00000   0.00000   1.00000
   0.04762   0.04762   0.00000  12.00000
   0.09524   0.09524   0.00000  12.00000
   0.14286   0.14286   0.00000  12.00000
   0.19048   0.19048   0.00000  12.00000
   0.23810   0.23810   0.00000  12.00000
   0.28571   0.28571   0.00000  12.00000
   0.33333   0.33333   0.00000  12.00000
   0.38095   0.38095   0.00000  12.00000
   0.42857   0.42857   0.00000  12.00000
   0.47619   0.47619   0.00000  12.00000
   0.09524   0.04762   0.04762  24.00000
   0.14286   0.09524   0.04762  48.00000
   0.19048   0.14286   0.04762  48.00000
   0.23810   0.19048   0.04762  48.00000
   0.28571   0.23810   0.04762  48.00000
   0.33333   0.28571   0.04762  48.00000
   0.38095   0.33333   0.04762  48.00000
   0.42857   0.38095   0.04762  48.00000
   0.47619   0.42857   0.04762  48.00000
   0.52381   0.47619   0.04762  24.00000
   0.19048   0.09524   0.09524  24.00000
   0.23810   0.14286   0.09524  48.00000
   0.28571   0.19048   0.09524  48.00000
   0.33333   0.23810   0.09524  48.00000
   0.38095   0.28571   0.09524  48.00000
   0.42857   0.33333   0.09524  48.00000
   0.47619   0.38095   0.09524  48.00000
   0.52381   0.42857   0.09524  48.00000
   0.28571   0.14286   0.14286  24.00000
   0.33333   0.19048   0.14286  48.00000
   0.38095   0.23810   0.14286  48.00000
   0.42857   0.28571   0.14286  48.00000
   0.47619   0.33333   0.14286  48.00000
   0.52381   0.38095   0.14286  48.00000
   0.57143   0.42857   0.14286  24.00000
   0.38095   0.19048   0.19048  24.00000
   0.42857   0.23810   0.19048  48.00000
   0.47619   0.28571   0.19048  48.00000
   0.52381   0.33333   0.19048  48.00000
   0.57143   0.38095   0.19048  48.00000
   0.47619   0.23810   0.23810  24.00000
   0.52381   0.28571   0.23810  48.00000
   0.57143   0.33333   0.23810  48.00000
   0.61905   0.38095   0.23810  24.00000
   0.57143   0.28571   0.28571  24.00000
   0.61905   0.33333   0.28571  48.00000
   0.66667   0.33333   0.33333   8.00000
   0.09524   0.09524   0.09524   8.00000
   0.14286   0.14286   0.09524  24.00000
   0.19048   0.19048   0.09524  24.00000
   0.23810   0.23810   0.09524  24.00000
   0.28571   0.28571   0.09524  24.00000
   0.33333   0.33333   0.09524  24.00000
   0.38095   0.38095   0.09524  24.00000
   0.42857   0.42857   0.09524  24.00000
   0.47619   0.47619   0.09524  24.00000
   1.00000   1.00000   0.09524   6.00000
   0.19048   0.14286   0.14286  24.00000
   0.23810   0.19048   0.14286  48.00000
   0.28571   0.23810   0.14286  48.00000
   0.33333   0.28571   0.14286  48.00000
   0.38095   0.33333   0.14286  48.00000
   0.42857   0.38095   0.14286  48.00000
   0.47619   0.42857   0.14286  48.00000
   0.52381   0.47619   0.14286  24.00000
   1.00000   0.95238   0.14286  24.00000
   0.28571   0.19048   0.19048  24.00000
   0.33333   0.23810   0.19048  48.00000
   0.38095   0.28571   0.19048  48.00000
   0.42857   0.33333   0.19048  48.00000
   0.47619   0.38095   0.19048  48.00000
   0.52381   0.42857   0.19048  48.00000
   1.00000   0.90476   0.19048  24.00000
   1.04762   0.95238   0.19048  24.00000
   0.38095   0.23810   0.23810  24.00000
   0.42857   0.28571   0.23810  48.00000
   0.47619   0.33333   0.23810  48.00000
   0.52381   0.38095   0.23810  48.00000
   0.57143   0.42857   0.23810  24.00000
   1.00000   0.85714   0.23810  24.00000
   1.04762   0.90476   0.23810  48.00000
   0.47619   0.28571   0.28571  24.00000
   0.52381   0.33333   0.28571  48.00000
   0.57143   0.38095   0.28571  48.00000
   1.00000   0.80952   0.28571  24.00000
   1.04762   0.85714   0.28571  48.00000
   1.09524   0.90476   0.28571  24.00000
   0.57143   0.33333   0.33333  24.00000
   0.61905   0.38095   0.33333  24.00000
   1.00000   0.76190   0.33333  24.00000
   1.04762   0.80952   0.33333  48.00000
   1.09524   0.85714   0.33333  48.00000
   1.00000   0.71429   0.38095  24.00000
   1.04762   0.76190   0.38095  48.00000
   1.09524   0.80952   0.38095  48.00000
   1.14286   0.85714   0.38095  24.00000
   1.00000   0.66667   0.42857  24.00000
   1.04762   0.71429   0.42857  48.00000
   1.09524   0.76190   0.42857  48.00000
   1.14286   0.80952   0.42857  48.00000
   1.00000   0.61905   0.47619  24.00000
   1.04762   0.66667   0.47619  48.00000
   1.09524   0.71429   0.47619  48.00000
   1.14286   0.76190   0.47619  48.00000
   1.19048   0.80952   0.47619  24.00000
   1.00000   0.57143   0.52381  24.00000
   1.04762   0.61905   0.52381  48.00000
   1.09524   0.66667   0.52381  48.00000
   1.14286   0.71429   0.52381  48.00000
   1.19048   0.76190   0.52381  48.00000
   1.04762   0.57143   0.57143  24.00000
   1.09524   0.61905   0.57143  48.00000
   1.14286   0.66667   0.57143  48.00000
   1.19048   0.71429   0.57143  48.00000
   1.23810   0.76190   0.57143  24.00000
   1.14286   0.61905   0.61905  24.00000
   1.19048   0.66667   0.61905  48.00000
   1.23810   0.71429   0.61905  48.00000
   1.23810   0.66667   0.66667  24.00000
   1.28571   0.71429   0.66667  24.00000
   0.19048   0.19048   0.19048   8.00000
   0.23810   0.23810   0.19048  24.00000
   0.28571   0.28571   0.19048  24.00000
   0.33333   0.33333   0.19048  24.00000
   0.38095   0.38095   0.19048  24.00000
   0.42857   0.42857   0.19048  24.00000
   0.47619   0.47619   0.19048  24.00000
   1.00000   1.00000   0.19048   6.00000
   0.28571   0.23810   0.23810  24.00000
   0.33333   0.28571   0.23810  48.00000
   0.38095   0.33333   0.23810  48.00000
   0.42857   0.38095   0.23810  48.00000
   0.47619   0.42857   0.23810  48.00000
   0.52381   0.47619   0.23810  24.00000
   1.00000   0.95238   0.23810  24.00000
   0.38095   0.28571   0.28571  24.00000
   0.42857   0.33333   0.28571  48.00000
   0.47619   0.38095   0.28571  48.00000
   0.52381   0.42857   0.28571  48.00000
   1.00000   0.90476   0.28571  24.00000
   1.04762   0.95238   0.28571  24.00000
   0.47619   0.33333   0.33333  24.00000
   0.52381   0.38095   0.33333  48.00000
   0.57143   0.42857   0.33333  24.00000
   1.00000   0.85714   0.33333  24.00000
   1.04762   0.90476   0.33333  48.00000
   0.57143   0.38095   0.38095  24.00000
   1.00000   0.80952   0.38095  24.00000
   1.04762   0.85714   0.38095  48.00000
   1.09524   0.90476   0.38095  24.00000
   1.00000   0.76190   0.42857  24.00000
   1.04762   0.80952   0.42857  48.00000
   1.09524   0.85714   0.42857  48.00000
   1.00000   0.71429   0.47619  24.00000
   1.04762   0.76190   0.47619  48.00000
   1.09524   0.80952   0.47619  48.00000
   1.14286   0.85714   0.47619  24.00000
   1.00000   0.66667   0.52381  24.00000
   1.04762   0.71429   0.52381  48.00000
   1.09524   0.76190   0.52381  48.00000
   1.14286   0.80952   0.52381  48.00000
   1.00000   0.61905   0.57143  24.00000
   1.04762   0.66667   0.57143  48.00000
   1.09524   0.71429   0.57143  48.00000
   1.14286   0.76190   0.57143  48.00000
   1.19048   0.80952   0.57143  24.00000
   1.04762   0.61905   0.61905  24.00000
   1.09524   0.66667   0.61905  48.00000
   1.14286   0.71429   0.61905  48.00000
   1.19048   0.76190   0.61905  48.00000
   1.14286   0.66667   0.66667  24.00000
   1.19048   0.71429   0.66667  48.00000
   1.23810   0.76190   0.66667  24.00000
   1.23810   0.71429   0.71429  24.00000
   0.28571   0.28571   0.28571   8.00000
   0.33333   0.33333   0.28571  24.00000
   0.38095   0.38095   0.28571  24.00000
   0.42857   0.42857   0.28571  24.00000
   0.47619   0.47619   0.28571  24.00000
   1.00000   1.00000   0.28571   6.00000
   0.38095   0.33333   0.33333  24.00000
   0.42857   0.38095   0.33333  48.00000
   0.47619   0.42857   0.33333  48.00000
   0.52381   0.47619   0.33333  24.00000
   1.00000   0.95238   0.33333  24.00000
   0.47619   0.38095   0.38095  24.00000
   0.52381   0.42857   0.38095  48.00000
   1.00000   0.90476   0.38095  24.00000
   1.04762   0.95238   0.38095  24.00000
   0.57143   0.42857   0.42857   8.00000
   1.00000   0.85714   0.42857  24.00000
   1.04762   0.90476   0.42857  48.00000
   1.00000   0.80952   0.47619  24.00000
   1.04762   0.85714   0.47619  48.00000
   1.09524   0.90476   0.47619  24.00000
   1.00000   0.76190   0.52381  24.00000
   1.04762   0.80952   0.52381  48.00000
   1.09524   0.85714   0.52381  48.00000
   1.00000   0.71429   0.57143  24.00000
   1.04762   0.76190   0.57143  48.00000
   1.09524   0.80952   0.57143  48.00000
   1.14286   0.85714   0.57143  24.00000
   1.00000   0.66667   0.61905  24.00000
   1.04762   0.71429   0.61905  48.00000
   1.09524   0.76190   0.61905  48.00000
   1.14286   0.80952   0.61905  48.00000
   1.04762   0.66667   0.66667  24.00000
   1.09524   0.71429   0.66667  48.00000
   1.14286   0.76190   0.66667  48.00000
   1.19048   0.80952   0.66667  24.00000
   1.14286   0.71429   0.71429  24.00000
   1.19048   0.76190   0.71429  48.00000
   1.23810   0.76190   0.76190   8.00000
   0.38095   0.38095   0.38095   8.00000
   0.42857   0.42857   0.38095  24.00000
   0.47619   0.47619   0.38095  24.00000
   1.00000   1.00000   0.38095   6.00000
   0.47619   0.42857   0.42857  24.00000
   0.52381   0.47619   0.42857  24.00000
   1.00000   0.95238   0.42857  24.00000
   1.00000   0.90476   0.47619  24.00000
   1.04762   0.95238   0.47619  24.00000
   1.00000   0.85714   0.52381  24.00000
   1.04762   0.90476   0.52381  48.00000
   1.00000   0.80952   0.57143  24.00000
   1.04762   0.85714   0.57143  48.00000
   1.09524   0.90476   0.57143  24.00000
   1.00000   0.76190   0.61905  24.00000
   1.04762   0.80952   0.61905  48.00000
   1.09524   0.85714   0.61905  48.00000
   1.00000   0.71429   0.66667  24.00000
   1.04762   0.76190   0.66667  48.00000
   1.09524   0.80952   0.66667  48.00000
   1.14286   0.85714   0.66667  24.00000
   1.04762   0.71429   0.71429  24.00000
   1.09524   0.76190   0.71429  48.00000
   1.14286   0.80952   0.71429  48.00000
   1.14286   0.76190   0.76190  24.00000
   1.19048   0.80952   0.76190  24.00000
   0.47619   0.47619   0.47619   8.00000
   1.00000   1.00000   0.47619   6.00000
   1.00000   0.95238   0.52381  24.00000
   1.00000   0.90476   0.57143  24.00000
   1.04762   0.95238   0.57143  24.00000
   1.00000   0.85714   0.61905  24.00000
   1.04762   0.90476   0.61905  48.00000
   1.00000   0.80952   0.66667  24.00000
   1.04762   0.85714   0.66667  48.00000
   1.09524   0.90476   0.66667  24.00000
   1.00000   0.76190   0.71429  24.00000
   1.04762   0.80952   0.71429  48.00000
   1.09524   0.85714   0.71429  48.00000
   1.04762   0.76190   0.76190  24.00000
   1.09524   0.80952   0.76190  48.00000
   1.14286   0.85714   0.76190  24.00000
   1.14286   0.80952   0.80952  24.00000
   1.00000   1.00000   0.57143   6.00000
   1.00000   0.95238   0.61905  24.00000
   1.00000   0.90476   0.66667  24.00000
   1.04762   0.95238   0.66667  24.00000
   1.00000   0.85714   0.71429  24.00000
   1.04762   0.90476   0.71429  48.00000
   1.00000   0.80952   0.76190  24.00000
   1.04762   0.85714   0.76190  48.00000
   1.09524   0.90476   0.76190  24.00000
   1.04762   0.80952   0.80952  24.00000
   1.09524   0.85714   0.80952  48.00000
   1.14286   0.85714   0.85714   8.00000
   1.00000   1.00000   0.66667   6.00000
   1.00000   0.95238   0.71429  24.00000
   1.00000   0.90476   0.76190  24.00000
   1.04762   0.95238   0.76190  24.00000
   1.00000   0.85714   0.80952  24.00000
   1.04762   0.90476   0.80952  48.00000
   1.04762   0.85714   0.85714  24.00000
   1.09524   0.90476   0.85714  24.00000
   1.00000   1.00000   0.76190   6.00000
   1.00000   0.95238   0.80952  24.00000
   1.00000   0.90476   0.85714  24.00000
   1.04762   0.95238   0.85714  24.00000
   1.04762   0.90476   0.90476  24.00000
   1.00000   1.00000   0.85714   6.00000
   1.00000   0.95238   0.90476  24.00000
   1.04762   0.95238   0.95238   8.00000
   1.00000   1.00000   0.95238   6.00000




                              --------------------------------------------------
                                 S T R U C T U R A L   I N F O R M A T I O N
                              --------------------------------------------------


   SUBSTANCE                    = cubic body-centered  (epsilon Pu)                                               

   LATTICE                      = B   
   LATTICE CONSTANTS ARE        =    7.4389020   7.4389020   7.4389020
   NUMBER OF ATOMS IN UNITCELL  =   1
   MODE OF CALCULATION IS       = RELA
 IORD=          48
 FNAMES=
 ./epsilon_Pu_16.vectorso_1                                                     
                                                                                
                                           
 ./epsilon_Pu_16.vectorsodn_1                                                   
                                                                                
                                           
 epsilon_Pu_16.energyso_1                                                       
                                                                                
                                           
 epsilon_Pu_16.energysodn_1                                                     
                                                                                
                                           
  BR1,  BR2
   0.84464   0.00000   0.00000      0.00000   0.84464   0.84464
   0.00000   0.84464   0.00000      0.84464   0.00000   0.84464
   0.00000   0.00000   0.84464      0.84464   0.84464   0.00000
 projector corrected--must be 1,2, or 3! Now projector= 2
 Energy window:   -0.4410 < E <      0.441
 Projected density of states calculation for  1 atoms
--------- atom  1 -------------
l=  3  qsplit=  4
 Symmetrization over eq. k-points is performed
 ********** Start Reading Cix file *************
  Correlated block number           1
  Correlated index=
  1  0  0  0  0  0  0  0  0  0  0  0  0  0
  0  1  0  0  0  0  0  0  0  0  0  0  0  0
  0  0  1  0  0  0  0  0  0  0  0  0  0  0
  0  0  0  1  0  0  0  0  0  0  0  0  0  0
  0  0  0  0  1  0  0  0  0  0  0  0  0  0
  0  0  0  0  0  1  0  0  0  0  0  0  0  0
  0  0  0  0  0  0  2  0  0  0  0  0  0  0
  0  0  0  0  0  0  0  2  0  0  0  0  0  0
  0  0  0  0  0  0  0  0  2  0  0  0  0  0
  0  0  0  0  0  0  0  0  0  2  0  0  0  0
  0  0  0  0  0  0  0  0  0  0  2  0  0  0
  0  0  0  0  0  0  0  0  0  0  0  2  0  0
  0  0  0  0  0  0  0  0  0  0  0  0  2  0
  0  0  0  0  0  0  0  0  0  0  0  0  0  2
  Real part of unitary matrix=
  0.9258  0.0000  0.0000  0.0000  0.0000  0.0000  0.0000  0.0000 -0.3780  0.0000  0.0000  0.0000  0.0000  0.0000
  0.0000  0.8452  0.0000  0.0000  0.0000  0.0000  0.0000  0.0000  0.0000 -0.5345  0.0000  0.0000  0.0000  0.0000
  0.0000  0.0000  0.7559  0.0000  0.0000  0.0000  0.0000  0.0000  0.0000  0.0000 -0.6547  0.0000  0.0000  0.0000
  0.0000  0.0000  0.0000  0.6547  0.0000  0.0000  0.0000  0.0000  0.0000  0.0000  0.0000 -0.7559  0.0000  0.0000
  0.0000  0.0000  0.0000  0.0000  0.5345  0.0000  0.0000  0.0000  0.0000  0.0000  0.0000  0.0000 -0.8452  0.0000
  0.0000  0.0000  0.0000  0.0000  0.0000  0.3780  0.0000  0.0000  0.0000  0.0000  0.0000  0.0000  0.0000 -0.9258
  0.0000  0.0000  0.0000  0.0000  0.0000  0.0000  0.0000  1.0000  0.0000  0.0000  0.0000  0.0000  0.0000  0.0000
  0.3780  0.0000  0.0000  0.0000  0.0000  0.0000  0.0000  0.0000  0.9258  0.0000  0.0000  0.0000  0.0000  0.0000
  0.0000  0.5345  0.0000  0.0000  0.0000  0.0000  0.0000  0.0000  0.0000  0.8452  0.0000  0.0000  0.0000  0.0000
  0.0000  0.0000  0.6547  0.0000  0.0000  0.0000  0.0000  0.0000  0.0000  0.0000  0.7559  0.0000  0.0000  0.0000
  0.0000  0.0000  0.0000  0.7559  0.0000  0.0000  0.0000  0.0000  0.0000  0.0000  0.0000  0.6547  0.0000  0.0000
  0.0000  0.0000  0.0000  0.0000  0.8452  0.0000  0.0000  0.0000  0.0000  0.0000  0.0000  0.0000  0.5345  0.0000
  0.0000  0.0000  0.0000  0.0000  0.0000  0.9258  0.0000  0.0000  0.0000  0.0000  0.0000  0.0000  0.0000  0.3780
  0.0000  0.0000  0.0000  0.0000  0.0000  0.0000  1.0000  0.0000  0.0000  0.0000  0.0000  0.0000  0.0000  0.0000
  Imaginary part of unitary matrix=
  0.0000  0.0000  0.0000  0.0000  0.0000  0.0000  0.0000  0.0000  0.0000  0.0000  0.0000  0.0000  0.0000  0.0000
  0.0000  0.0000  0.0000  0.0000  0.0000  0.0000  0.0000  0.0000  0.0000  0.0000  0.0000  0.0000  0.0000  0.0000
  0.0000  0.0000  0.0000  0.0000  0.0000  0.0000  0.0000  0.0000  0.0000  0.0000  0.0000  0.0000  0.0000  0.0000
  0.0000  0.0000  0.0000  0.0000  0.0000  0.0000  0.0000  0.0000  0.0000  0.0000  0.0000  0.0000  0.0000  0.0000
  0.0000  0.0000  0.0000  0.0000  0.0000  0.0000  0.0000  0.0000  0.0000  0.0000  0.0000  0.0000  0.0000  0.0000
  0.0000  0.0000  0.0000  0.0000  0.0000  0.0000  0.0000  0.0000  0.0000  0.0000  0.0000  0.0000  0.0000  0.0000
  0.0000  0.0000  0.0000  0.0000  0.0000  0.0000  0.0000  0.0000  0.0000  0.0000  0.0000  0.0000  0.0000  0.0000
  0.0000  0.0000  0.0000  0.0000  0.0000  0.0000  0.0000  0.0000  0.0000  0.0000  0.0000  0.0000  0.0000  0.0000
  0.0000  0.0000  0.0000  0.0000  0.0000  0.0000  0.0000  0.0000  0.0000  0.0000  0.0000  0.0000  0.0000  0.0000
  0.0000  0.0000  0.0000  0.0000  0.0000  0.0000  0.0000  0.0000  0.0000  0.0000  0.0000  0.0000  0.0000  0.0000
  0.0000  0.0000  0.0000  0.0000  0.0000  0.0000  0.0000  0.0000  0.0000  0.0000  0.0000  0.0000  0.0000  0.0000
  0.0000  0.0000  0.0000  0.0000  0.0000  0.0000  0.0000  0.0000  0.0000  0.0000  0.0000  0.0000  0.0000  0.0000
  0.0000  0.0000  0.0000  0.0000  0.0000  0.0000  0.0000  0.0000  0.0000  0.0000  0.0000  0.0000  0.0000  0.0000
  0.0000  0.0000  0.0000  0.0000  0.0000  0.0000  0.0000  0.0000  0.0000  0.0000  0.0000  0.0000  0.0000  0.0000
  At least one transformation matrix is not Identity
 Magnetic system with s-o coupling; M theta, phi:  0.0000  0.0000
 Inside ROTDEF
Operation  1 transforms atom   1 from first atom   1
Actual position of atom  1 is:  0.000000    0.000000    0.000000
 
Combined transformation (acting on k-point) for correlated atoms
including users rotation and internal local rotation
catom  1 atom   1
   0.84464   0.00000   0.00000
   0.00000  -0.84464   0.00000
   0.00000   0.00000  -0.84464
 
 
 SPIN COORD SYSTEM:
    1.000000    0.000000    0.000000
    0.000000    1.000000    0.000000
    0.000000    0.000000    1.000000
 
 in global cartezian coordinates:
    1.000000    0.000000    0.000000
    0.000000   -1.000000    0.000000
    0.000000    0.000000   -1.000000
 ____________________________
 in spin coordinates:
    1.000000    0.000000    0.000000
    0.000000   -1.000000    0.000000
    0.000000    0.000000   -1.000000
           1   3.14159265358979       -1.00000000000000     
 
 in global cartezian coordinates:
    0.000000    1.000000    0.000000
   -1.000000    0.000000    0.000000
    0.000000    0.000000   -1.000000
 ____________________________
 in spin coordinates:
    0.000000    1.000000    0.000000
   -1.000000    0.000000    0.000000
    0.000000    0.000000   -1.000000
           2   1.57079632679490        1.00000000000000     
 
 in global cartezian coordinates:
    1.000000    0.000000    0.000000
    0.000000    0.000000   -1.000000
    0.000000   -1.000000    0.000000
 ____________________________
 in spin coordinates:
    1.000000    0.000000    0.000000
    0.000000    0.000000   -1.000000
    0.000000   -1.000000    0.000000
           3   1.57079632679490       0.000000000000000E+000
 
 symm. operation            3  removed !!!! so-det=  0.000000000000000E+000
 in global cartezian coordinates:
    0.000000    0.000000    1.000000
   -1.000000    0.000000    0.000000
    0.000000   -1.000000    0.000000
 ____________________________
 in spin coordinates:
    0.000000    0.000000    1.000000
   -1.000000    0.000000    0.000000
    0.000000   -1.000000    0.000000
           4   1.57079632679490       0.000000000000000E+000
 
 symm. operation            4  removed !!!! so-det=  0.000000000000000E+000
 in global cartezian coordinates:
    0.000000    1.000000    0.000000
    0.000000    0.000000   -1.000000
   -1.000000    0.000000    0.000000
 ____________________________
 in spin coordinates:
    0.000000    1.000000    0.000000
    0.000000    0.000000   -1.000000
   -1.000000    0.000000    0.000000
           5 NaN                      0.000000000000000E+000
 
 symm. operation            5  removed !!!! so-det=  0.000000000000000E+000
 in global cartezian coordinates:
    0.000000    0.000000    1.000000
    0.000000   -1.000000    0.000000
   -1.000000    0.000000    0.000000
 ____________________________
 in spin coordinates:
    0.000000    0.000000    1.000000
    0.000000   -1.000000    0.000000
   -1.000000    0.000000    0.000000
           6   1.57079632679490       0.000000000000000E+000
 
 symm. operation            6  removed !!!! so-det=  0.000000000000000E+000
 in global cartezian coordinates:
   -1.000000    0.000000    0.000000
    0.000000   -1.000000    0.000000
    0.000000    0.000000   -1.000000
 ____________________________
 in spin coordinates:
   -1.000000    0.000000    0.000000
    0.000000   -1.000000    0.000000
    0.000000    0.000000   -1.000000
           7  0.000000000000000E+000   1.00000000000000     
 
 in global cartezian coordinates:
    0.000000    1.000000    0.000000
    1.000000    0.000000    0.000000
    0.000000    0.000000   -1.000000
 ____________________________
 in spin coordinates:
    0.000000    1.000000    0.000000
    1.000000    0.000000    0.000000
    0.000000    0.000000   -1.000000
           8   1.57079632679490       -1.00000000000000     
 
 in global cartezian coordinates:
   -1.000000    0.000000    0.000000
    0.000000    0.000000   -1.000000
    0.000000   -1.000000    0.000000
 ____________________________
 in spin coordinates:
   -1.000000    0.000000    0.000000
    0.000000    0.000000   -1.000000
    0.000000   -1.000000    0.000000
           9   1.57079632679490       0.000000000000000E+000
 
 symm. operation            9  removed !!!! so-det=  0.000000000000000E+000
 in global cartezian coordinates:
    0.000000    0.000000    1.000000
    1.000000    0.000000    0.000000
    0.000000   -1.000000    0.000000
 ____________________________
 in spin coordinates:
    0.000000    0.000000    1.000000
    1.000000    0.000000    0.000000
    0.000000   -1.000000    0.000000
          10   1.57079632679490       0.000000000000000E+000
 
 symm. operation           10  removed !!!! so-det=  0.000000000000000E+000
 in global cartezian coordinates:
    0.000000    1.000000    0.000000
    0.000000    0.000000   -1.000000
    1.000000    0.000000    0.000000
 ____________________________
 in spin coordinates:
    0.000000    1.000000    0.000000
    0.000000    0.000000   -1.000000
    1.000000    0.000000    0.000000
          11 NaN                      0.000000000000000E+000
 
 symm. operation           11  removed !!!! so-det=  0.000000000000000E+000
 in global cartezian coordinates:
    0.000000    0.000000    1.000000
    0.000000   -1.000000    0.000000
    1.000000    0.000000    0.000000
 ____________________________
 in spin coordinates:
    0.000000    0.000000    1.000000
    0.000000   -1.000000    0.000000
    1.000000    0.000000    0.000000
          12   1.57079632679490       0.000000000000000E+000
 
 symm. operation           12  removed !!!! so-det=  0.000000000000000E+000
 in global cartezian coordinates:
    0.000000   -1.000000    0.000000
   -1.000000    0.000000    0.000000
    0.000000    0.000000   -1.000000
 ____________________________
 in spin coordinates:
    0.000000   -1.000000    0.000000
   -1.000000    0.000000    0.000000
    0.000000    0.000000   -1.000000
          13   4.71238898038469       -1.00000000000000     
 
 in global cartezian coordinates:
    1.000000    0.000000    0.000000
    0.000000    1.000000    0.000000
    0.000000    0.000000   -1.000000
 ____________________________
 in spin coordinates:
    1.000000    0.000000    0.000000
    0.000000    1.000000    0.000000
    0.000000    0.000000   -1.000000
          14   3.14159274101257        1.00000000000000     
 
 in global cartezian coordinates:
    0.000000   -1.000000    0.000000
    0.000000    0.000000   -1.000000
   -1.000000    0.000000    0.000000
 ____________________________
 in spin coordinates:
    0.000000   -1.000000    0.000000
    0.000000    0.000000   -1.000000
   -1.000000    0.000000    0.000000
          15 NaN                      0.000000000000000E+000
 
 symm. operation           15  removed !!!! so-det=  0.000000000000000E+000
 in global cartezian coordinates:
    0.000000    0.000000    1.000000
    0.000000    1.000000    0.000000
   -1.000000    0.000000    0.000000
 ____________________________
 in spin coordinates:
    0.000000    0.000000    1.000000
    0.000000    1.000000    0.000000
   -1.000000    0.000000    0.000000
          16   1.57079632679490       0.000000000000000E+000
 
 symm. operation           16  removed !!!! so-det=  0.000000000000000E+000
 in global cartezian coordinates:
    1.000000    0.000000    0.000000
    0.000000    0.000000   -1.000000
    0.000000    1.000000    0.000000
 ____________________________
 in spin coordinates:
    1.000000    0.000000    0.000000
    0.000000    0.000000   -1.000000
    0.000000    1.000000    0.000000
          17   1.57079632679490       0.000000000000000E+000
 
 symm. operation           17  removed !!!! so-det=  0.000000000000000E+000
 in global cartezian coordinates:
    0.000000    0.000000    1.000000
   -1.000000    0.000000    0.000000
    0.000000    1.000000    0.000000
 ____________________________
 in spin coordinates:
    0.000000    0.000000    1.000000
   -1.000000    0.000000    0.000000
    0.000000    1.000000    0.000000
          18   1.57079632679490       0.000000000000000E+000
 
 symm. operation           18  removed !!!! so-det=  0.000000000000000E+000
 in global cartezian coordinates:
    0.000000    0.000000   -1.000000
   -1.000000    0.000000    0.000000
    0.000000   -1.000000    0.000000
 ____________________________
 in spin coordinates:
    0.000000    0.000000   -1.000000
   -1.000000    0.000000    0.000000
    0.000000   -1.000000    0.000000
          19   1.57079632679490       0.000000000000000E+000
 
 symm. operation           19  removed !!!! so-det=  0.000000000000000E+000
 in global cartezian coordinates:
    1.000000    0.000000    0.000000
    0.000000    0.000000    1.000000
    0.000000   -1.000000    0.000000
 ____________________________
 in spin coordinates:
    1.000000    0.000000    0.000000
    0.000000    0.000000    1.000000
    0.000000   -1.000000    0.000000
          20   1.57079632679490       0.000000000000000E+000
 
 symm. operation           20  removed !!!! so-det=  0.000000000000000E+000
 in global cartezian coordinates:
    0.000000    0.000000   -1.000000
    0.000000   -1.000000    0.000000
   -1.000000    0.000000    0.000000
 ____________________________
 in spin coordinates:
    0.000000    0.000000   -1.000000
    0.000000   -1.000000    0.000000
   -1.000000    0.000000    0.000000
          21   1.57079632679490       0.000000000000000E+000
 
 symm. operation           21  removed !!!! so-det=  0.000000000000000E+000
 in global cartezian coordinates:
    0.000000    1.000000    0.000000
    0.000000    0.000000    1.000000
   -1.000000    0.000000    0.000000
 ____________________________
 in spin coordinates:
    0.000000    1.000000    0.000000
    0.000000    0.000000    1.000000
   -1.000000    0.000000    0.000000
          22 NaN                      0.000000000000000E+000
 
 symm. operation           22  removed !!!! so-det=  0.000000000000000E+000
 in global cartezian coordinates:
    1.000000    0.000000    0.000000
    0.000000   -1.000000    0.000000
    0.000000    0.000000    1.000000
 ____________________________
 in spin coordinates:
    1.000000    0.000000    0.000000
    0.000000   -1.000000    0.000000
    0.000000    0.000000    1.000000
          23   6.28318539460237       -1.00000000000000     
 
 in global cartezian coordinates:
    0.000000    1.000000    0.000000
   -1.000000    0.000000    0.000000
    0.000000    0.000000    1.000000
 ____________________________
 in spin coordinates:
    0.000000    1.000000    0.000000
   -1.000000    0.000000    0.000000
    0.000000    0.000000    1.000000
          24  -1.57079632679490        1.00000000000000     
 
 in global cartezian coordinates:
    0.000000   -1.000000    0.000000
    1.000000    0.000000    0.000000
    0.000000    0.000000   -1.000000
 ____________________________
 in spin coordinates:
    0.000000   -1.000000    0.000000
    1.000000    0.000000    0.000000
    0.000000    0.000000   -1.000000
          25  -1.57079632679490        1.00000000000000     
 
 in global cartezian coordinates:
   -1.000000    0.000000    0.000000
    0.000000    1.000000    0.000000
    0.000000    0.000000   -1.000000
 ____________________________
 in spin coordinates:
   -1.000000    0.000000    0.000000
    0.000000    1.000000    0.000000
    0.000000    0.000000   -1.000000
          26   6.28318539460237       -1.00000000000000     
 
 in global cartezian coordinates:
    0.000000   -1.000000    0.000000
    0.000000    0.000000   -1.000000
    1.000000    0.000000    0.000000
 ____________________________
 in spin coordinates:
    0.000000   -1.000000    0.000000
    0.000000    0.000000   -1.000000
    1.000000    0.000000    0.000000
          27 NaN                      0.000000000000000E+000
 
 symm. operation           27  removed !!!! so-det=  0.000000000000000E+000
 in global cartezian coordinates:
    0.000000    0.000000    1.000000
    0.000000    1.000000    0.000000
    1.000000    0.000000    0.000000
 ____________________________
 in spin coordinates:
    0.000000    0.000000    1.000000
    0.000000    1.000000    0.000000
    1.000000    0.000000    0.000000
          28   1.57079632679490       0.000000000000000E+000
 
 symm. operation           28  removed !!!! so-det=  0.000000000000000E+000
 in global cartezian coordinates:
   -1.000000    0.000000    0.000000
    0.000000    0.000000   -1.000000
    0.000000    1.000000    0.000000
 ____________________________
 in spin coordinates:
   -1.000000    0.000000    0.000000
    0.000000    0.000000   -1.000000
    0.000000    1.000000    0.000000
          29   1.57079632679490       0.000000000000000E+000
 
 symm. operation           29  removed !!!! so-det=  0.000000000000000E+000
 in global cartezian coordinates:
    0.000000    0.000000    1.000000
    1.000000    0.000000    0.000000
    0.000000    1.000000    0.000000
 ____________________________
 in spin coordinates:
    0.000000    0.000000    1.000000
    1.000000    0.000000    0.000000
    0.000000    1.000000    0.000000
          30   1.57079632679490       0.000000000000000E+000
 
 symm. operation           30  removed !!!! so-det=  0.000000000000000E+000
 in global cartezian coordinates:
    0.000000    0.000000   -1.000000
    1.000000    0.000000    0.000000
    0.000000   -1.000000    0.000000
 ____________________________
 in spin coordinates:
    0.000000    0.000000   -1.000000
    1.000000    0.000000    0.000000
    0.000000   -1.000000    0.000000
          31   1.57079632679490       0.000000000000000E+000
 
 symm. operation           31  removed !!!! so-det=  0.000000000000000E+000
 in global cartezian coordinates:
   -1.000000    0.000000    0.000000
    0.000000    0.000000    1.000000
    0.000000   -1.000000    0.000000
 ____________________________
 in spin coordinates:
   -1.000000    0.000000    0.000000
    0.000000    0.000000    1.000000
    0.000000   -1.000000    0.000000
          32   1.57079632679490       0.000000000000000E+000
 
 symm. operation           32  removed !!!! so-det=  0.000000000000000E+000
 in global cartezian coordinates:
    0.000000    0.000000   -1.000000
    0.000000   -1.000000    0.000000
    1.000000    0.000000    0.000000
 ____________________________
 in spin coordinates:
    0.000000    0.000000   -1.000000
    0.000000   -1.000000    0.000000
    1.000000    0.000000    0.000000
          33   1.57079632679490       0.000000000000000E+000
 
 symm. operation           33  removed !!!! so-det=  0.000000000000000E+000
 in global cartezian coordinates:
    0.000000    1.000000    0.000000
    0.000000    0.000000    1.000000
    1.000000    0.000000    0.000000
 ____________________________
 in spin coordinates:
    0.000000    1.000000    0.000000
    0.000000    0.000000    1.000000
    1.000000    0.000000    0.000000
          34 NaN                      0.000000000000000E+000
 
 symm. operation           34  removed !!!! so-det=  0.000000000000000E+000
 in global cartezian coordinates:
   -1.000000    0.000000    0.000000
    0.000000   -1.000000    0.000000
    0.000000    0.000000    1.000000
 ____________________________
 in spin coordinates:
   -1.000000    0.000000    0.000000
    0.000000   -1.000000    0.000000
    0.000000    0.000000    1.000000
          35   3.14159274101257        1.00000000000000     
 
 in global cartezian coordinates:
    0.000000    1.000000    0.000000
    1.000000    0.000000    0.000000
    0.000000    0.000000    1.000000
 ____________________________
 in spin coordinates:
    0.000000    1.000000    0.000000
    1.000000    0.000000    0.000000
    0.000000    0.000000    1.000000
          36   4.71238898038469       -1.00000000000000     
 
 in global cartezian coordinates:
    0.000000    0.000000   -1.000000
    0.000000    1.000000    0.000000
   -1.000000    0.000000    0.000000
 ____________________________
 in spin coordinates:
    0.000000    0.000000   -1.000000
    0.000000    1.000000    0.000000
   -1.000000    0.000000    0.000000
          37   1.57079632679490       0.000000000000000E+000
 
 symm. operation           37  removed !!!! so-det=  0.000000000000000E+000
 in global cartezian coordinates:
    0.000000   -1.000000    0.000000
    0.000000    0.000000    1.000000
   -1.000000    0.000000    0.000000
 ____________________________
 in spin coordinates:
    0.000000   -1.000000    0.000000
    0.000000    0.000000    1.000000
   -1.000000    0.000000    0.000000
          38 NaN                      0.000000000000000E+000
 
 symm. operation           38  removed !!!! so-det=  0.000000000000000E+000
 in global cartezian coordinates:
    0.000000    0.000000   -1.000000
   -1.000000    0.000000    0.000000
    0.000000    1.000000    0.000000
 ____________________________
 in spin coordinates:
    0.000000    0.000000   -1.000000
   -1.000000    0.000000    0.000000
    0.000000    1.000000    0.000000
          39   1.57079632679490       0.000000000000000E+000
 
 symm. operation           39  removed !!!! so-det=  0.000000000000000E+000
 in global cartezian coordinates:
    1.000000    0.000000    0.000000
    0.000000    0.000000    1.000000
    0.000000    1.000000    0.000000
 ____________________________
 in spin coordinates:
    1.000000    0.000000    0.000000
    0.000000    0.000000    1.000000
    0.000000    1.000000    0.000000
          40   1.57079632679490       0.000000000000000E+000
 
 symm. operation           40  removed !!!! so-det=  0.000000000000000E+000
 in global cartezian coordinates:
    0.000000   -1.000000    0.000000
   -1.000000    0.000000    0.000000
    0.000000    0.000000    1.000000
 ____________________________
 in spin coordinates:
    0.000000   -1.000000    0.000000
   -1.000000    0.000000    0.000000
    0.000000    0.000000    1.000000
          41   1.57079632679490       -1.00000000000000     
 
 in global cartezian coordinates:
    1.000000    0.000000    0.000000
    0.000000    1.000000    0.000000
    0.000000    0.000000    1.000000
 ____________________________
 in spin coordinates:
    1.000000    0.000000    0.000000
    0.000000    1.000000    0.000000
    0.000000    0.000000    1.000000
          42  0.000000000000000E+000   1.00000000000000     
 
 in global cartezian coordinates:
    0.000000    0.000000   -1.000000
    0.000000    1.000000    0.000000
    1.000000    0.000000    0.000000
 ____________________________
 in spin coordinates:
    0.000000    0.000000   -1.000000
    0.000000    1.000000    0.000000
    1.000000    0.000000    0.000000
          43   1.57079632679490       0.000000000000000E+000
 
 symm. operation           43  removed !!!! so-det=  0.000000000000000E+000
 in global cartezian coordinates:
    0.000000   -1.000000    0.000000
    0.000000    0.000000    1.000000
    1.000000    0.000000    0.000000
 ____________________________
 in spin coordinates:
    0.000000   -1.000000    0.000000
    0.000000    0.000000    1.000000
    1.000000    0.000000    0.000000
          44 NaN                      0.000000000000000E+000
 
 symm. operation           44  removed !!!! so-det=  0.000000000000000E+000
 in global cartezian coordinates:
    0.000000    0.000000   -1.000000
    1.000000    0.000000    0.000000
    0.000000    1.000000    0.000000
 ____________________________
 in spin coordinates:
    0.000000    0.000000   -1.000000
    1.000000    0.000000    0.000000
    0.000000    1.000000    0.000000
          45   1.57079632679490       0.000000000000000E+000
 
 symm. operation           45  removed !!!! so-det=  0.000000000000000E+000
 in global cartezian coordinates:
   -1.000000    0.000000    0.000000
    0.000000    0.000000    1.000000
    0.000000    1.000000    0.000000
 ____________________________
 in spin coordinates:
   -1.000000    0.000000    0.000000
    0.000000    0.000000    1.000000
    0.000000    1.000000    0.000000
          46   1.57079632679490       0.000000000000000E+000
 
 symm. operation           46  removed !!!! so-det=  0.000000000000000E+000
 in global cartezian coordinates:
    0.000000   -1.000000    0.000000
    1.000000    0.000000    0.000000
    0.000000    0.000000    1.000000
 ____________________________
 in spin coordinates:
    0.000000   -1.000000    0.000000
    1.000000    0.000000    0.000000
    0.000000    0.000000    1.000000
          47   1.57079632679490        1.00000000000000     
 
 in global cartezian coordinates:
   -1.000000    0.000000    0.000000
    0.000000    1.000000    0.000000
    0.000000    0.000000    1.000000
 ____________________________
 in spin coordinates:
   -1.000000    0.000000    0.000000
    0.000000    1.000000    0.000000
    0.000000    0.000000    1.000000
          48   3.14159265358979       -1.00000000000000     
 
 Original and SO-compatible symops changed:          48          16
 FNAME=
 epsilon_Pu_16.energyso_1                                                       
                                                                                
                                                     60
 FNAME=
 epsilon_Pu_16.energysodn_1                                                     
                                                                                
                                                     59
 BZ-integration with TETRA-program.   icor=: 1
 Equal occupancy of degenerate states, tol=: 0.1E-05
 call eord...
 call dos...
 ILOOP            1
 ILOOP            2
   FERMI ENERGY AT   0.935821742046022     
 RESULT OF INTEGRATION:      15.999999999195; SHOULD BE:      15.999999999900
   SUM RULE OF TETRAHEDRON INTEGRATION CHECKED 
 call eweigh...
   number of occupied bands:          18
   highest energy:  0.942103131833028     
 FERMI-LDA=   0.936 Ryd,  12.733 eV.
 ABSOLUTE EMIN=   0.495 Ryd.   6.733 eV.
 ABSOLUTE EMAX=   1.377 Ryd.  18.733 eV.


:NLDA  : NUMBER OF ELECTRONS          =  16.000

:FLDA  : F E R M I - ENERGY           =   0.93582
 
 ********** Information about the atomic index arrays ************
 iatom=           1
 isort=           1
 csort=           1
 maxucase=           1
icase, iucase, jatom, latom=     1     1     1     1
 
 *****  Arrays for correlated blocks ******
 norbitals=           1
 maxdim2=          14
iorbital( 1, 1)=   1
cix( 1, 1)=   1
icase,lcase,icix,iorb,nind1,ip1,iSx=    1    1    1    1   14    1    1
icase,lcase,icix,iorb,nind1,ip1,iSx=    1    1    1    1   14    2    2
icase,lcase,icix,iorb,nind1,ip1,iSx=    1    1    1    1   14    3    3
icase,lcase,icix,iorb,nind1,ip1,iSx=    1    1    1    1   14    4    4
icase,lcase,icix,iorb,nind1,ip1,iSx=    1    1    1    1   14    5    5
icase,lcase,icix,iorb,nind1,ip1,iSx=    1    1    1    1   14    6    6
icase,lcase,icix,iorb,nind1,ip1,iSx=    1    1    1    1   14    7    7
icase,lcase,icix,iorb,nind1,ip1,iSx=    1    1    1    1   14    8    8
icase,lcase,icix,iorb,nind1,ip1,iSx=    1    1    1    1   14    9    9
icase,lcase,icix,iorb,nind1,ip1,iSx=    1    1    1    1   14   10   10
icase,lcase,icix,iorb,nind1,ip1,iSx=    1    1    1    1   14   11   11
icase,lcase,icix,iorb,nind1,ip1,iSx=    1    1    1    1   14   12   12
icase,lcase,icix,iorb,nind1,ip1,iSx=    1    1    1    1   14   13   13
icase,lcase,icix,iorb,nind1,ip1,iSx=    1    1    1    1   14   14   14
cixdim( 1)=14
noccur( 1, 1)=   6
noccur( 2, 1)=   8
iSx( 1, 1)=  1
iSx( 2, 1)=  2
iSx( 3, 1)=  3
iSx( 4, 1)=  4
iSx( 5, 1)=  5
iSx( 6, 1)=  6
iSx( 7, 1)=  7
iSx( 8, 1)=  8
iSx( 9, 1)=  9
iSx(10, 1)= 10
iSx(11, 1)= 11
iSx(12, 1)= 12
iSx(13, 1)= 13
iSx(14, 1)= 14
nindo( 1)= 14
CF for iorb1= 1 iorb2= 1
    0.92582010     0.00000000       0.00000000     0.00000000       0.00000000     0.00000000       0.00000000     0.00000000       0.00000000     0.00000000       0.00000000     0.00000000       0.00000000     0.00000000       0.00000000     0.00000000      -0.37796447     0.00000000       0.00000000     0.00000000       0.00000000     0.00000000       0.00000000     0.00000000       0.00000000     0.00000000       0.00000000     0.00000000   
    0.00000000     0.00000000       0.84515425     0.00000000       0.00000000     0.00000000       0.00000000     0.00000000       0.00000000     0.00000000       0.00000000     0.00000000       0.00000000     0.00000000       0.00000000     0.00000000       0.00000000     0.00000000      -0.53452248     0.00000000       0.00000000     0.00000000       0.00000000     0.00000000       0.00000000     0.00000000       0.00000000     0.00000000   
    0.00000000     0.00000000       0.00000000     0.00000000       0.75592895     0.00000000       0.00000000     0.00000000       0.00000000     0.00000000       0.00000000     0.00000000       0.00000000     0.00000000       0.00000000     0.00000000       0.00000000     0.00000000       0.00000000     0.00000000      -0.65465367     0.00000000       0.00000000     0.00000000       0.00000000     0.00000000       0.00000000     0.00000000   
    0.00000000     0.00000000       0.00000000     0.00000000       0.00000000     0.00000000       0.65465367     0.00000000       0.00000000     0.00000000       0.00000000     0.00000000       0.00000000     0.00000000       0.00000000     0.00000000       0.00000000     0.00000000       0.00000000     0.00000000       0.00000000     0.00000000      -0.75592895     0.00000000       0.00000000     0.00000000       0.00000000     0.00000000   
    0.00000000     0.00000000       0.00000000     0.00000000       0.00000000     0.00000000       0.00000000     0.00000000       0.53452248     0.00000000       0.00000000     0.00000000       0.00000000     0.00000000       0.00000000     0.00000000       0.00000000     0.00000000       0.00000000     0.00000000       0.00000000     0.00000000       0.00000000     0.00000000      -0.84515425     0.00000000       0.00000000     0.00000000   
    0.00000000     0.00000000       0.00000000     0.00000000       0.00000000     0.00000000       0.00000000     0.00000000       0.00000000     0.00000000       0.37796447     0.00000000       0.00000000     0.00000000       0.00000000     0.00000000       0.00000000     0.00000000       0.00000000     0.00000000       0.00000000     0.00000000       0.00000000     0.00000000       0.00000000     0.00000000      -0.92582010     0.00000000   
    0.00000000     0.00000000       0.00000000     0.00000000       0.00000000     0.00000000       0.00000000     0.00000000       0.00000000     0.00000000       0.00000000     0.00000000       0.00000000     0.00000000       1.00000000     0.00000000       0.00000000     0.00000000       0.00000000     0.00000000       0.00000000     0.00000000       0.00000000     0.00000000       0.00000000     0.00000000       0.00000000     0.00000000   
    0.37796447     0.00000000       0.00000000     0.00000000       0.00000000     0.00000000       0.00000000     0.00000000       0.00000000     0.00000000       0.00000000     0.00000000       0.00000000     0.00000000       0.00000000     0.00000000       0.92582010     0.00000000       0.00000000     0.00000000       0.00000000     0.00000000       0.00000000     0.00000000       0.00000000     0.00000000       0.00000000     0.00000000   
    0.00000000     0.00000000       0.53452248     0.00000000       0.00000000     0.00000000       0.00000000     0.00000000       0.00000000     0.00000000       0.00000000     0.00000000       0.00000000     0.00000000       0.00000000     0.00000000       0.00000000     0.00000000       0.84515425     0.00000000       0.00000000     0.00000000       0.00000000     0.00000000       0.00000000     0.00000000       0.00000000     0.00000000   
    0.00000000     0.00000000       0.00000000     0.00000000       0.65465367     0.00000000       0.00000000     0.00000000       0.00000000     0.00000000       0.00000000     0.00000000       0.00000000     0.00000000       0.00000000     0.00000000       0.00000000     0.00000000       0.00000000     0.00000000       0.75592895     0.00000000       0.00000000     0.00000000       0.00000000     0.00000000       0.00000000     0.00000000   
    0.00000000     0.00000000       0.00000000     0.00000000       0.00000000     0.00000000       0.75592895     0.00000000       0.00000000     0.00000000       0.00000000     0.00000000       0.00000000     0.00000000       0.00000000     0.00000000       0.00000000     0.00000000       0.00000000     0.00000000       0.00000000     0.00000000       0.65465367     0.00000000       0.00000000     0.00000000       0.00000000     0.00000000   
    0.00000000     0.00000000       0.00000000     0.00000000       0.00000000     0.00000000       0.00000000     0.00000000       0.84515425     0.00000000       0.00000000     0.00000000       0.00000000     0.00000000       0.00000000     0.00000000       0.00000000     0.00000000       0.00000000     0.00000000       0.00000000     0.00000000       0.00000000     0.00000000       0.53452248     0.00000000       0.00000000     0.00000000   
    0.00000000     0.00000000       0.00000000     0.00000000       0.00000000     0.00000000       0.00000000     0.00000000       0.00000000     0.00000000       0.92582010     0.00000000       0.00000000     0.00000000       0.00000000     0.00000000       0.00000000     0.00000000       0.00000000     0.00000000       0.00000000     0.00000000       0.00000000     0.00000000       0.00000000     0.00000000       0.37796447     0.00000000   
    0.00000000     0.00000000       0.00000000     0.00000000       0.00000000     0.00000000       0.00000000     0.00000000       0.00000000     0.00000000       0.00000000     0.00000000       1.00000000     0.00000000       0.00000000     0.00000000       0.00000000     0.00000000       0.00000000     0.00000000       0.00000000     0.00000000       0.00000000     0.00000000       0.00000000     0.00000000       0.00000000     0.00000000   
Rspin for iorb=  1
 angles=  0.000000000000000E+000   3.14159265358979       0.000000000000000E+000
  0.000000000000000E+000  0.000000000000000E+000  0.000000000000000E+000
 Rspin=
    0.000000    0.000000      0.000000    1.000000
    0.000000    1.000000      0.000000    0.000000
 Calculation for atom  1 which has iucase=  1
 ATPAR for spin up

          ATOMIC PARAMETERS FOR Pu  0+    

           ENERGY PARAMETERS ARE   0.69  -1.38   0.69   0.69

           L     U(R)          U'(R)         DU/DE        DU'/DE      NORM-U'
           0  0.548916E+00  0.816466E+00  0.113707E+00 -0.224978E+00
           1  0.507621E+00 -0.831111E-01 -0.150826E+00 -0.401498E+00
           2 -0.617906E+00  0.250466E-01  0.983387E-01  0.346167E+00
           3 -0.323553E+00  0.120456E+00  0.358864E+00  0.535207E+00
LO COEFFICIENT: l,A,B,C   0          0.65849    -3.17886     0.00000     0.00000
 
LO COEFFICIENT: l,A,B,C   0          0.32324     0.00000     0.77796     0.00000
 
LO COEFFICIENT: l,A,B,C   1          0.89052     2.99712     0.00000     0.00000
 
LO COEFFICIENT: l,A,B,C   1          0.29630     0.00000    -1.26708     0.00000
 
LO COEFFICIENT: l,A,B,C   2          0.85282     5.35864     0.00000     0.00000
 
LO COEFFICIENT: l,A,B,C   3          0.93777     0.84550     0.00000     0.00000
 
 ATPAR for spin down

          ATOMIC PARAMETERS FOR Pu  0+    

           ENERGY PARAMETERS ARE   0.69  -1.38   0.69   0.69

           L     U(R)          U'(R)         DU/DE        DU'/DE      NORM-U'
           0  0.548916E+00  0.816466E+00  0.113707E+00 -0.224978E+00
           1  0.507621E+00 -0.831111E-01 -0.150826E+00 -0.401498E+00
           2 -0.617906E+00  0.250466E-01  0.983387E-01  0.346167E+00
           3 -0.323553E+00  0.120456E+00  0.358864E+00  0.535207E+00
LO COEFFICIENT: l,A,B,C   0          0.65849    -3.17886     0.00000     0.00000
 
LO COEFFICIENT: l,A,B,C   0          0.32324     0.00000     0.77796     0.00000
 
LO COEFFICIENT: l,A,B,C   1          0.89052     2.99712     0.00000     0.00000
 
LO COEFFICIENT: l,A,B,C   1          0.29630     0.00000    -1.26708     0.00000
 
LO COEFFICIENT: l,A,B,C   2          0.85282     5.35864     0.00000     0.00000
 
LO COEFFICIENT: l,A,B,C   3          0.93777     0.84550     0.00000     0.00000
 
 L1=           0  L2=           0
 RADIAL INTEGRALS:
           1           1                 1           1   1.00000000000000     
           1           3                 1           1  0.577205099289906     
           1           1                 1           2   1.00000000000000     
           1           3                 1           2  0.577205099289906     
           1           1                 2           1   1.00000000000000     
           1           3                 2           1  0.577205099289906     
           1           1                 2           2   1.00000000000000     
           1           3                 2           2  0.577205099289906     
           2           2                 1           1  5.604919558953792E-002
           2           3                 1           1 -0.191083990931802     
           2           2                 1           2  5.604919558953792E-002
           2           3                 1           2 -0.191083990931802     
           2           2                 2           1  5.604919558953792E-002
           2           3                 2           1 -0.191083990931802     
           2           2                 2           2  5.604919558953792E-002
           2           3                 2           2 -0.191083990931802     
           3           1                 1           1  0.577205099289906     
           3           2                 1           1 -0.191083990931802     
           3           3                 1           1   1.00000000000000     
           3           1                 1           2  0.577205099289906     
           3           2                 1           2 -0.191083990931802     
           3           3                 1           2   1.00000000000000     
           3           1                 2           1  0.577205099289906     
           3           2                 2           1 -0.191083990931802     
           3           3                 2           1   1.00000000000000     
           3           1                 2           2  0.577205099289906     
           3           2                 2           2 -0.191083990931802     
           3           3                 2           2   1.00000000000000     
 L1=           1  L2=           1
 RADIAL INTEGRALS:
           1           1                 1           1   1.00000000000000     
           1           3                 1           1  0.923312046315007     
           1           1                 1           2   1.00000000000000     
           1           3                 1           2  0.923312046315007     
           1           1                 2           1   1.00000000000000     
           1           3                 2           1  0.923312046315007     
           1           1                 2           2   1.00000000000000     
           1           3                 2           2  0.923312046315007     
           2           2                 1           1  2.304184910101171E-002
           2           3                 1           1  5.816618745334324E-002
           2           2                 1           2  2.304184910101171E-002
           2           3                 1           2  5.816618745334324E-002
           2           2                 2           1  2.304184910101171E-002
           2           3                 2           1  5.816618745334324E-002
           2           2                 2           2  2.304184910101171E-002
           2           3                 2           2  5.816618745334324E-002
           3           1                 1           1  0.923312046315007     
           3           2                 1           1  5.816618745334324E-002
           3           3                 1           1   1.00000000000000     
           3           1                 1           2  0.923312046315007     
           3           2                 1           2  5.816618745334324E-002
           3           3                 1           2   1.00000000000000     
           3           1                 2           1  0.923312046315007     
           3           2                 2           1  5.816618745334324E-002
           3           3                 2           1   1.00000000000000     
           3           1                 2           2  0.923312046315007     
           3           2                 2           2  5.816618745334324E-002
           3           3                 2           2   1.00000000000000     
 L1=           2  L2=           2
 RADIAL INTEGRALS:
           1           1                 1           1   1.00000000000000     
           1           1                 1           2   1.00000000000000     
           1           1                 2           1   1.00000000000000     
           1           1                 2           2   1.00000000000000     
           2           2                 1           1  9.496765242526958E-003
           2           2                 1           2  9.496765242526958E-003
           2           2                 2           1  9.496765242526958E-003
           2           2                 2           2  9.496765242526958E-003
 L1=           3  L2=           3
 RADIAL INTEGRALS:
           1           1                 1           1   1.00000000000000     
           1           1                 1           2   1.00000000000000     
           1           1                 2           1   1.00000000000000     
           1           1                 2           2   1.00000000000000     
           2           2                 1           1  0.168684782264428     
           2           2                 1           2  0.168684782264428     
           2           2                 2           1  0.168684782264428     
           2           2                 2           2  0.168684782264428     
Saving potential parameters for atom 1 into  1
pr_proc=143  tot-k=286
 ------------------------------------------------------------------------------


   =====>>> CPU TIME SUMMARY

            TOTAL       :      1.5
 OMP_NUM_THREADS= 2
 GUTZ_SOLVER VO.1.5 BUILT ON Jan 19 2014 AT22:25:59
 NT=  1 SEC_N%DIM=   10 WITH ID:
           1       2      16     107     471    1472    3474    6477    9909   12912
       14914
 MEAN U/J:  0.2940  0.0265
 NEL_FIX_VDC1=      5.32
 ATOM DEPENDENT NELF1:
      5.3244
 DCMIX_A=  0.200000
 SYMMETRICALLY NON-EQUIVALENT ATOMS:
          1
 VARIATIONAL-SETUP-NON-EQUIVALENT ATOMS:
          1
 COMPLEMENTARY VARIATIONAL-SETUP-EQUIVALENT ATOMS:

 GYZ%SYM%IDSUM:
  1
 DIM(X_Gutz)=  4
 CALC SET: GAPJ-SHFT FULL       -JH-PROJ SLATER    VAR-FIXDC    Ryd.   
 NT= 1
 LOCAL INTERACTION PART   :
 U              :   0.2940
 J              :   0.0265
 FOCK SPACE PART:
 NA             :  7
 FS%OCC(1) L.B. :  0
 FS%OCC(2) U.B. :  9
 FS%DIM         :     14913
 HL%OCC(1) L.B. :  0
 HL%OCC(2) U.B. :  9
 ISO= 2 ISPIN_IN= 1 ISPIN= 1 ISPO= 2
 BND%NMAX=  90
 BZ INTEGRATION WITH TETRA METHOD, ICOR= 1
 EQUAL OCCUPANCY OF DEGENERATE STATES, TOL= 0.1E-05
 VALENCE ELECTRONS: TOTAL=    16.0
                    CORRELATED PART=     8.0
 SYM%IDI/IDF=  1 16
 BND%NMAXIN=   26
      GUTZ5_INI_CORR_UVEK takes  0 hours  0 minutes and    0.04 seconds (CPU).
                          takes  0 hours  0 minutes and    0.04 seconds (WALL).
                 SETUP_TB takes  0 hours  0 minutes and    1.38 seconds (CPU).
                          takes  0 hours  0 minutes and    0.70 seconds (WALL).
************  EL-  ************
 NI=  1 NI_GLOBAL=  1
   0.9472   0.9440   0.9437   0.9437   0.9440   0.9472   1.0266   1.0227   1.0228   1.0216   1.0216   1.0228   1.0227   1.0266
************  EL=  ************
 NI=  1 NI_GLOBAL=  1
   0.9472   0.0000   0.0000   0.0000   0.0022   0.0000   0.0000   0.0016   0.0000   0.0000   0.0000  -0.0005   0.0000   0.0000
   0.0000   0.9440   0.0000   0.0000   0.0000   0.0022   0.0000   0.0000  -0.0003   0.0000   0.0000   0.0000   0.0037   0.0000
   0.0000   0.0000   0.9437   0.0000   0.0000   0.0000   0.0000   0.0000   0.0000   0.0013   0.0000   0.0000   0.0000   0.0005
   0.0000   0.0000   0.0000   0.9437   0.0000   0.0000  -0.0005   0.0000   0.0000   0.0000  -0.0013   0.0000   0.0000   0.0000
   0.0022   0.0000   0.0000   0.0000   0.9440   0.0000   0.0000  -0.0037   0.0000   0.0000   0.0000   0.0003   0.0000   0.0000
   0.0000   0.0022   0.0000   0.0000   0.0000   0.9472   0.0000   0.0000   0.0005   0.0000   0.0000   0.0000  -0.0016   0.0000
   0.0000   0.0000   0.0000  -0.0005   0.0000   0.0000   1.0266   0.0000   0.0000   0.0000   0.0014   0.0000   0.0000   0.0000
   0.0016   0.0000   0.0000   0.0000  -0.0037   0.0000   0.0000   1.0227   0.0000   0.0000   0.0000   0.0028   0.0000   0.0000
   0.0000  -0.0003   0.0000   0.0000   0.0000   0.0005   0.0000   0.0000   1.0228   0.0000   0.0000   0.0000   0.0028   0.0000
   0.0000   0.0000   0.0013   0.0000   0.0000   0.0000   0.0000   0.0000   0.0000   1.0216   0.0000   0.0000   0.0000   0.0014
   0.0000   0.0000   0.0000  -0.0013   0.0000   0.0000   0.0014   0.0000   0.0000   0.0000   1.0216   0.0000   0.0000   0.0000
  -0.0005   0.0000   0.0000   0.0000   0.0003   0.0000   0.0000   0.0028   0.0000   0.0000   0.0000   1.0228   0.0000   0.0000
   0.0000   0.0037   0.0000   0.0000   0.0000  -0.0016   0.0000   0.0000   0.0028   0.0000   0.0000   0.0000   1.0227   0.0000
   0.0000   0.0000   0.0005   0.0000   0.0000   0.0000   0.0000   0.0000   0.0000   0.0014   0.0000   0.0000   0.0000   1.0266
 NI=  1 LOCAL ORBITAL LEVEL CENTER(ELC)=   0.990
************  EL0  ************
 NI=  1 NI_GLOBAL=  1
   0.9450   0.9450   0.9450   0.9450   0.9450   0.9450   1.0234   1.0234   1.0234   1.0234   1.0234   1.0234   1.0234   1.0234
************  ELL  ************
 NI=  1 NI_GLOBAL=  1
   0.9450   0.0000   0.0000   0.0000   0.0000   0.0000   0.0000   0.0000   0.0000   0.0000   0.0000   0.0000   0.0000   0.0000
   0.0000   0.9450   0.0000   0.0000   0.0000   0.0000   0.0000   0.0000   0.0000   0.0000   0.0000   0.0000   0.0000   0.0000
   0.0000   0.0000   0.9450   0.0000   0.0000   0.0000   0.0000   0.0000   0.0000   0.0000   0.0000   0.0000   0.0000   0.0000
   0.0000   0.0000   0.0000   0.9450   0.0000   0.0000   0.0000   0.0000   0.0000   0.0000   0.0000   0.0000   0.0000   0.0000
   0.0000   0.0000   0.0000   0.0000   0.9450   0.0000   0.0000   0.0000   0.0000   0.0000   0.0000   0.0000   0.0000   0.0000
   0.0000   0.0000   0.0000   0.0000   0.0000   0.9450   0.0000   0.0000   0.0000   0.0000   0.0000   0.0000   0.0000   0.0000
   0.0000   0.0000   0.0000   0.0000   0.0000   0.0000   1.0234   0.0000   0.0000   0.0000   0.0000   0.0000   0.0000   0.0000
   0.0000   0.0000   0.0000   0.0000   0.0000   0.0000   0.0000   1.0234   0.0000   0.0000   0.0000   0.0000   0.0000   0.0000
   0.0000   0.0000   0.0000   0.0000   0.0000   0.0000   0.0000   0.0000   1.0234   0.0000   0.0000   0.0000   0.0000   0.0000
   0.0000   0.0000   0.0000   0.0000   0.0000   0.0000   0.0000   0.0000   0.0000   1.0234   0.0000   0.0000   0.0000   0.0000
   0.0000   0.0000   0.0000   0.0000   0.0000   0.0000   0.0000   0.0000   0.0000   0.0000   1.0234   0.0000   0.0000   0.0000
   0.0000   0.0000   0.0000   0.0000   0.0000   0.0000   0.0000   0.0000   0.0000   0.0000   0.0000   1.0234   0.0000   0.0000
   0.0000   0.0000   0.0000   0.0000   0.0000   0.0000   0.0000   0.0000   0.0000   0.0000   0.0000   0.0000   1.0234   0.0000
   0.0000   0.0000   0.0000   0.0000   0.0000   0.0000   0.0000   0.0000   0.0000   0.0000   0.0000   0.0000   0.0000   1.0234
                  GET_EL0 takes  0 hours  0 minutes and    0.01 seconds (CPU).
                          takes  0 hours  0 minutes and    0.00 seconds (WALL).
 There are  4 blocks of bands, with band energy windows:
  -2.465  -2.449 |   -0.928  -0.874 |   -0.353  -0.225 |    0.525   4.494 | 
 Band window indices:
         1      2 |          3      4 |          5      8 |          9     91 | 
 Band width
       0.016   |         0.053   |         0.127   |         3.969   |  
 Band gap
       1.521   |         0.521   |         0.750   |  
 CORRELATED BLOCK: EMIN/EMIX=    0.5248    1.3766
 CORRELATED BAND WIDTH=   0.852
         GUTZ_RED_PRJ_NEQ takes  0 hours  1 minutes and    0.93 seconds (CPU).
                          takes  0 hours  1 minutes and    0.85 seconds (WALL).
 NI=  1 DIM_PHIK=   41227 HL%DIM=  14913
       ID_PHIK_N=
      1      2      4     33    264   1639   6153  15546  27321  36714
  41228
       ID_PHIK_J=
      1      2      3      4      8      9     18     19     28     29
     33     37     73    122    171    220    245    254    263    264
    300    349    638    807   1168   1364   1533   1582   1631   1635
   1639   1739   2180   2964   3864   4705   5381   5781   6037   6118
   6143   6152   6153   6349   6710   8079   9448  11564  12933  14377
  14953  15353  15474  15538  15542  15546  15835  16796  18560  21060
  23176  24940  26165  26841  27165  27286  27311  27320  27321  27517
  27878  29247  30616  32732  34101  35545  36121  36521  36642  36706
  36710  36714  36814  37255  38039  38939  39780  40456  40856  41112
  41193  41218  41227  41228
          GUTZ_SET_PRJ_EQ takes  0 hours  0 minutes and    0.00 seconds (CPU).
                          takes  0 hours  0 minutes and    0.00 seconds (WALL).
************   WH%X  ************
    0.89400749    0.90556314
    0.88698125    1.06573771
************  RIN  ************
 NI=  1 NI_GLOBAL=  1
   0.8940   0.8940   0.8940   0.8940   0.8940   0.8940   0.9056   0.9056   0.9056   0.9056   0.9056   0.9056   0.9056   0.9056
************  LA1  ************
 NI=  1 NI_GLOBAL=  1
   0.8870   0.8870   0.8870   0.8870   0.8870   0.8870   1.0657   1.0657   1.0657   1.0657   1.0657   1.0657   1.0657   1.0657
             CALC_BAND_AL takes  0 hours  0 minutes and    0.66 seconds (CPU).
                          takes  0 hours  0 minutes and    0.33 seconds (WALL).
 ILOOP            1
 ILOOP            2
   FERMI ENERGY AT   0.891985479994675     
   SUM RULE OF TETRAHEDRON INTEGRATION CHECKED 
   number of occupied bands:          18
   highest energy:  0.912486109649657     
************  NK-  ************
 NI=  1 NI_GLOBAL=  1
   0.8805   0.8228   0.8981   0.8981   0.8228   0.8805   0.0111   0.0203   0.0160   0.0142   0.0142   0.0160   0.0203   0.0111
************  NNK  ************
 NI=  1 NI_GLOBAL=  1
   0.8805   0.0000   0.0000   0.0000  -0.0390   0.0000   0.0000  -0.0180   0.0000   0.0000   0.0000  -0.0092   0.0000   0.0000
   0.0000   0.8228   0.0000   0.0000   0.0000  -0.0390   0.0000   0.0000   0.0179   0.0000   0.0000   0.0000   0.0131   0.0000
   0.0000   0.0000   0.8981   0.0000   0.0000   0.0000   0.0000   0.0000   0.0000  -0.0090   0.0000   0.0000   0.0000  -0.0120
   0.0000   0.0000   0.0000   0.8981   0.0000   0.0000   0.0120   0.0000   0.0000   0.0000   0.0090   0.0000   0.0000   0.0000
  -0.0390   0.0000   0.0000   0.0000   0.8228   0.0000   0.0000  -0.0131   0.0000   0.0000   0.0000  -0.0179   0.0000   0.0000
   0.0000  -0.0390   0.0000   0.0000   0.0000   0.8805   0.0000   0.0000   0.0092   0.0000   0.0000   0.0000   0.0180   0.0000
   0.0000   0.0000   0.0000   0.0120   0.0000   0.0000   0.0111   0.0000   0.0000   0.0000   0.0009   0.0000   0.0000   0.0000
  -0.0180   0.0000   0.0000   0.0000  -0.0131   0.0000   0.0000   0.0203   0.0000   0.0000   0.0000   0.0014   0.0000   0.0000
   0.0000   0.0179   0.0000   0.0000   0.0000   0.0092   0.0000   0.0000   0.0160   0.0000   0.0000   0.0000   0.0014   0.0000
   0.0000   0.0000  -0.0090   0.0000   0.0000   0.0000   0.0000   0.0000   0.0000   0.0142   0.0000   0.0000   0.0000   0.0009
   0.0000   0.0000   0.0000   0.0090   0.0000   0.0000   0.0009   0.0000   0.0000   0.0000   0.0142   0.0000   0.0000   0.0000
  -0.0092   0.0000   0.0000   0.0000  -0.0179   0.0000   0.0000   0.0014   0.0000   0.0000   0.0000   0.0160   0.0000   0.0000
   0.0000   0.0131   0.0000   0.0000   0.0000   0.0180   0.0000   0.0000   0.0014   0.0000   0.0000   0.0000   0.0203   0.0000
   0.0000   0.0000  -0.0120   0.0000   0.0000   0.0000   0.0000   0.0000   0.0000   0.0009   0.0000   0.0000   0.0000   0.0111
************  NKS  ************
 NI=  1 NI_GLOBAL=  1
   0.8671   0.8671   0.8671   0.8671   0.8671   0.8671   0.0154   0.0154   0.0154   0.0154   0.0154   0.0154   0.0154   0.0154
 NELE_LOC TOTAL:
           5.3259106955562778
              CALC_DA_BND takes  0 hours  0 minutes and    0.10 seconds (CPU).
                          takes  0 hours  0 minutes and    0.10 seconds (WALL).
************  DA-  ************
 NI=  1 NI_GLOBAL=  1
  -0.0152  -0.0174  -0.0132  -0.0132  -0.0174  -0.0152  -0.0026  -0.0046  -0.0036  -0.0032  -0.0032  -0.0036  -0.0046  -0.0026
************  DAA  ************
 NI=  1 NI_GLOBAL=  1
  -0.0153  -0.0153  -0.0153  -0.0153  -0.0153  -0.0153  -0.0035  -0.0035  -0.0035  -0.0035  -0.0035  -0.0035  -0.0035  -0.0035
 NI=  1 VDC=    1.3611
************  LA2  ************
 NI=  1 NI_GLOBAL=  1
  -2.3350  -2.3350  -2.3350  -2.3350  -2.3350  -2.3350  -2.2242  -2.2242  -2.2242  -2.2242  -2.2242  -2.2242  -2.2242  -2.2242
 NI=  1 PHI-step gap=  0.15E+00
************  RAA  ************
 NI=  1 NI_GLOBAL=  1
   0.8938   0.8938   0.8938   0.8938   0.8938   0.8938   0.9056   0.9056   0.9056   0.9056   0.9056   0.9056   0.9056   0.9056
************  NC0  ************
 NI=  1 NI_GLOBAL=  1
   0.8673   0.8673   0.8673   0.8673   0.8673   0.8673   0.0154   0.0154   0.0154   0.0154   0.0154   0.0154   0.0154   0.0154
                  CALC_LC takes  0 hours  6 minutes and   35.16 seconds (CPU).
                          takes  0 hours  6 minutes and   35.01 seconds (WALL).
                GUTZ_FCN1 takes  0 hours  6 minutes and   36.28 seconds (CPU).
                          takes  0 hours  6 minutes and   35.67 seconds (WALL).
************  DIF_X  ************
   -0.000239950499    0.000028904199
    0.000111328319    0.000001446784
 ITER1=  1 MAXERR=    0.00023995
************   WH%X  ************
    0.89413527    0.90560269
    0.88690589    1.06575969
************  RIN  ************
 NI=  1 NI_GLOBAL=  1
   0.8941   0.8941   0.8941   0.8941   0.8941   0.8941   0.9056   0.9056   0.9056   0.9056   0.9056   0.9056   0.9056   0.9056
************  LA1  ************
 NI=  1 NI_GLOBAL=  1
   0.8869   0.8869   0.8869   0.8869   0.8869   0.8869   1.0658   1.0658   1.0658   1.0658   1.0658   1.0658   1.0658   1.0658
             CALC_BAND_AL takes  0 hours  0 minutes and    0.67 seconds (CPU).
                          takes  0 hours  0 minutes and    0.34 seconds (WALL).
 ILOOP            1
 ILOOP            2
   FERMI ENERGY AT   0.891932259693291     
   SUM RULE OF TETRAHEDRON INTEGRATION CHECKED 
   number of occupied bands:          18
   highest energy:  0.912455622317447     
************  NK-  ************
 NI=  1 NI_GLOBAL=  1
   0.8806   0.8230   0.8983   0.8983   0.8230   0.8806   0.0111   0.0203   0.0160   0.0141   0.0141   0.0160   0.0203   0.0111
************  NNK  ************
 NI=  1 NI_GLOBAL=  1
   0.8806   0.0000   0.0000   0.0000  -0.0390   0.0000   0.0000  -0.0180   0.0000   0.0000   0.0000  -0.0092   0.0000   0.0000
   0.0000   0.8230   0.0000   0.0000   0.0000  -0.0390   0.0000   0.0000   0.0179   0.0000   0.0000   0.0000   0.0130   0.0000
   0.0000   0.0000   0.8983   0.0000   0.0000   0.0000   0.0000   0.0000   0.0000  -0.0090   0.0000   0.0000   0.0000  -0.0119
   0.0000   0.0000   0.0000   0.8983   0.0000   0.0000   0.0119   0.0000   0.0000   0.0000   0.0090   0.0000   0.0000   0.0000
  -0.0390   0.0000   0.0000   0.0000   0.8230   0.0000   0.0000  -0.0130   0.0000   0.0000   0.0000  -0.0179   0.0000   0.0000
   0.0000  -0.0390   0.0000   0.0000   0.0000   0.8806   0.0000   0.0000   0.0092   0.0000   0.0000   0.0000   0.0180   0.0000
   0.0000   0.0000   0.0000   0.0119   0.0000   0.0000   0.0111   0.0000   0.0000   0.0000   0.0009   0.0000   0.0000   0.0000
  -0.0180   0.0000   0.0000   0.0000  -0.0130   0.0000   0.0000   0.0203   0.0000   0.0000   0.0000   0.0014   0.0000   0.0000
   0.0000   0.0179   0.0000   0.0000   0.0000   0.0092   0.0000   0.0000   0.0160   0.0000   0.0000   0.0000   0.0014   0.0000
   0.0000   0.0000  -0.0090   0.0000   0.0000   0.0000   0.0000   0.0000   0.0000   0.0141   0.0000   0.0000   0.0000   0.0009
   0.0000   0.0000   0.0000   0.0090   0.0000   0.0000   0.0009   0.0000   0.0000   0.0000   0.0141   0.0000   0.0000   0.0000
  -0.0092   0.0000   0.0000   0.0000  -0.0179   0.0000   0.0000   0.0014   0.0000   0.0000   0.0000   0.0160   0.0000   0.0000
   0.0000   0.0130   0.0000   0.0000   0.0000   0.0180   0.0000   0.0000   0.0014   0.0000   0.0000   0.0000   0.0203   0.0000
   0.0000   0.0000  -0.0119   0.0000   0.0000   0.0000   0.0000   0.0000   0.0000   0.0009   0.0000   0.0000   0.0000   0.0111
************  NKS  ************
 NI=  1 NI_GLOBAL=  1
   0.8673   0.8673   0.8673   0.8673   0.8673   0.8673   0.0154   0.0154   0.0154   0.0154   0.0154   0.0154   0.0154   0.0154
 NELE_LOC TOTAL:
           5.3266134670437015
              CALC_DA_BND takes  0 hours  0 minutes and    0.11 seconds (CPU).
                          takes  0 hours  0 minutes and    0.12 seconds (WALL).
************  DA-  ************
 NI=  1 NI_GLOBAL=  1
  -0.0152  -0.0174  -0.0132  -0.0132  -0.0174  -0.0152  -0.0026  -0.0046  -0.0036  -0.0032  -0.0032  -0.0036  -0.0046  -0.0026
************  DAA  ************
 NI=  1 NI_GLOBAL=  1
  -0.0153  -0.0153  -0.0153  -0.0153  -0.0153  -0.0153  -0.0035  -0.0035  -0.0035  -0.0035  -0.0035  -0.0035  -0.0035  -0.0035
 NI=  1 VDC=    1.3611
************  LA2  ************
 NI=  1 NI_GLOBAL=  1
  -2.3351  -2.3351  -2.3351  -2.3351  -2.3351  -2.3351  -2.2241  -2.2241  -2.2241  -2.2241  -2.2241  -2.2241  -2.2241  -2.2241
 NI=  1 PHI-step gap=  0.15E+00
************  RAA  ************
 NI=  1 NI_GLOBAL=  1
   0.8941   0.8941   0.8941   0.8941   0.8941   0.8941   0.9056   0.9056   0.9056   0.9056   0.9056   0.9056   0.9056   0.9056
************  NC0  ************
 NI=  1 NI_GLOBAL=  1
   0.8673   0.8673   0.8673   0.8673   0.8673   0.8673   0.0154   0.0154   0.0154   0.0154   0.0154   0.0154   0.0154   0.0154
                  CALC_LC takes  0 hours  9 minutes and   52.26 seconds (CPU).
                          takes  0 hours  9 minutes and   52.28 seconds (WALL).
                GUTZ_FCN1 takes  0 hours  9 minutes and   53.29 seconds (CPU).
                          takes  0 hours  9 minutes and   52.98 seconds (WALL).
************  DIF_X  ************
   -0.000008455135    0.000001545981
    0.000001167511    0.000000651781
 ITER1=  2 MAXERR=    0.00000846
************   WH%X  ************
    0.89412991    0.90558479
    0.88690537    1.06575039
************  RIN  ************
 NI=  1 NI_GLOBAL=  1
   0.8941   0.8941   0.8941   0.8941   0.8941   0.8941   0.9056   0.9056   0.9056   0.9056   0.9056   0.9056   0.9056   0.9056
************  LA1  ************
 NI=  1 NI_GLOBAL=  1
   0.8869   0.8869   0.8869   0.8869   0.8869   0.8869   1.0658   1.0658   1.0658   1.0658   1.0658   1.0658   1.0658   1.0658
             CALC_BAND_AL takes  0 hours  0 minutes and    0.68 seconds (CPU).
                          takes  0 hours  0 minutes and    0.34 seconds (WALL).
 ILOOP            1
 ILOOP            2
   FERMI ENERGY AT   0.891931806510435     
   SUM RULE OF TETRAHEDRON INTEGRATION CHECKED 
   number of occupied bands:          18
   highest energy:  0.912455100202619     
************  NK-  ************
 NI=  1 NI_GLOBAL=  1
   0.8806   0.8230   0.8983   0.8983   0.8230   0.8806   0.0111   0.0203   0.0160   0.0141   0.0141   0.0160   0.0203   0.0111
************  NNK  ************
 NI=  1 NI_GLOBAL=  1
   0.8806   0.0000   0.0000   0.0000  -0.0390   0.0000   0.0000  -0.0180   0.0000   0.0000   0.0000  -0.0092   0.0000   0.0000
   0.0000   0.8230   0.0000   0.0000   0.0000  -0.0390   0.0000   0.0000   0.0179   0.0000   0.0000   0.0000   0.0130   0.0000
   0.0000   0.0000   0.8983   0.0000   0.0000   0.0000   0.0000   0.0000   0.0000  -0.0090   0.0000   0.0000   0.0000  -0.0119
   0.0000   0.0000   0.0000   0.8983   0.0000   0.0000   0.0119   0.0000   0.0000   0.0000   0.0090   0.0000   0.0000   0.0000
  -0.0390   0.0000   0.0000   0.0000   0.8230   0.0000   0.0000  -0.0130   0.0000   0.0000   0.0000  -0.0179   0.0000   0.0000
   0.0000  -0.0390   0.0000   0.0000   0.0000   0.8806   0.0000   0.0000   0.0092   0.0000   0.0000   0.0000   0.0180   0.0000
   0.0000   0.0000   0.0000   0.0119   0.0000   0.0000   0.0111   0.0000   0.0000   0.0000   0.0009   0.0000   0.0000   0.0000
  -0.0180   0.0000   0.0000   0.0000  -0.0130   0.0000   0.0000   0.0203   0.0000   0.0000   0.0000   0.0014   0.0000   0.0000
   0.0000   0.0179   0.0000   0.0000   0.0000   0.0092   0.0000   0.0000   0.0160   0.0000   0.0000   0.0000   0.0014   0.0000
   0.0000   0.0000  -0.0090   0.0000   0.0000   0.0000   0.0000   0.0000   0.0000   0.0141   0.0000   0.0000   0.0000   0.0009
   0.0000   0.0000   0.0000   0.0090   0.0000   0.0000   0.0009   0.0000   0.0000   0.0000   0.0141   0.0000   0.0000   0.0000
  -0.0092   0.0000   0.0000   0.0000  -0.0179   0.0000   0.0000   0.0014   0.0000   0.0000   0.0000   0.0160   0.0000   0.0000
   0.0000   0.0130   0.0000   0.0000   0.0000   0.0180   0.0000   0.0000   0.0014   0.0000   0.0000   0.0000   0.0203   0.0000
   0.0000   0.0000  -0.0119   0.0000   0.0000   0.0000   0.0000   0.0000   0.0000   0.0009   0.0000   0.0000   0.0000   0.0111
************  NKS  ************
 NI=  1 NI_GLOBAL=  1
   0.8673   0.8673   0.8673   0.8673   0.8673   0.8673   0.0154   0.0154   0.0154   0.0154   0.0154   0.0154   0.0154   0.0154
 NELE_LOC TOTAL:
           5.3266223819085896
              CALC_DA_BND takes  0 hours  0 minutes and    0.11 seconds (CPU).
                          takes  0 hours  0 minutes and    0.12 seconds (WALL).
************  DA-  ************
 NI=  1 NI_GLOBAL=  1
  -0.0152  -0.0174  -0.0132  -0.0132  -0.0174  -0.0152  -0.0026  -0.0046  -0.0036  -0.0032  -0.0032  -0.0036  -0.0046  -0.0026
************  DAA  ************
 NI=  1 NI_GLOBAL=  1
  -0.0153  -0.0153  -0.0153  -0.0153  -0.0153  -0.0153  -0.0035  -0.0035  -0.0035  -0.0035  -0.0035  -0.0035  -0.0035  -0.0035
 NI=  1 VDC=    1.3611
************  LA2  ************
 NI=  1 NI_GLOBAL=  1
  -2.3351  -2.3351  -2.3351  -2.3351  -2.3351  -2.3351  -2.2241  -2.2241  -2.2241  -2.2241  -2.2241  -2.2241  -2.2241  -2.2241
 NI=  1 PHI-step gap=  0.15E+00
************  RAA  ************
 NI=  1 NI_GLOBAL=  1
   0.8941   0.8941   0.8941   0.8941   0.8941   0.8941   0.9056   0.9056   0.9056   0.9056   0.9056   0.9056   0.9056   0.9056
************  NC0  ************
 NI=  1 NI_GLOBAL=  1
   0.8673   0.8673   0.8673   0.8673   0.8673   0.8673   0.0154   0.0154   0.0154   0.0154   0.0154   0.0154   0.0154   0.0154
                  CALC_LC takes  0 hours  7 minutes and   52.71 seconds (CPU).
                          takes  0 hours  7 minutes and   52.59 seconds (WALL).
                GUTZ_FCN1 takes  0 hours  7 minutes and   53.86 seconds (CPU).
                          takes  0 hours  7 minutes and   53.30 seconds (WALL).
************  DIF_X  ************
   -0.000000726368    0.000000157140
    0.000000123705   -0.000000001969
 ITER1=  3 MAXERR=    0.00000073
************   WH%X  ************
    0.89412956    0.90558506
    0.88690532    1.06575046
************  RIN  ************
 NI=  1 NI_GLOBAL=  1
   0.8941   0.8941   0.8941   0.8941   0.8941   0.8941   0.9056   0.9056   0.9056   0.9056   0.9056   0.9056   0.9056   0.9056
************  LA1  ************
 NI=  1 NI_GLOBAL=  1
   0.8869   0.8869   0.8869   0.8869   0.8869   0.8869   1.0658   1.0658   1.0658   1.0658   1.0658   1.0658   1.0658   1.0658
             CALC_BAND_AL takes  0 hours  0 minutes and    0.68 seconds (CPU).
                          takes  0 hours  0 minutes and    0.34 seconds (WALL).
 ILOOP            1
 ILOOP            2
   FERMI ENERGY AT   0.891931768685561     
   SUM RULE OF TETRAHEDRON INTEGRATION CHECKED 
   number of occupied bands:          18
   highest energy:  0.912455068304957     
************  NK-  ************
 NI=  1 NI_GLOBAL=  1
   0.8806   0.8230   0.8983   0.8983   0.8230   0.8806   0.0111   0.0203   0.0160   0.0141   0.0141   0.0160   0.0203   0.0111
************  NNK  ************
 NI=  1 NI_GLOBAL=  1
   0.8806   0.0000   0.0000   0.0000  -0.0390   0.0000   0.0000  -0.0180   0.0000   0.0000   0.0000  -0.0092   0.0000   0.0000
   0.0000   0.8230   0.0000   0.0000   0.0000  -0.0390   0.0000   0.0000   0.0179   0.0000   0.0000   0.0000   0.0130   0.0000
   0.0000   0.0000   0.8983   0.0000   0.0000   0.0000   0.0000   0.0000   0.0000  -0.0090   0.0000   0.0000   0.0000  -0.0119
   0.0000   0.0000   0.0000   0.8983   0.0000   0.0000   0.0119   0.0000   0.0000   0.0000   0.0090   0.0000   0.0000   0.0000
  -0.0390   0.0000   0.0000   0.0000   0.8230   0.0000   0.0000  -0.0130   0.0000   0.0000   0.0000  -0.0179   0.0000   0.0000
   0.0000  -0.0390   0.0000   0.0000   0.0000   0.8806   0.0000   0.0000   0.0092   0.0000   0.0000   0.0000   0.0180   0.0000
   0.0000   0.0000   0.0000   0.0119   0.0000   0.0000   0.0111   0.0000   0.0000   0.0000   0.0009   0.0000   0.0000   0.0000
  -0.0180   0.0000   0.0000   0.0000  -0.0130   0.0000   0.0000   0.0203   0.0000   0.0000   0.0000   0.0014   0.0000   0.0000
   0.0000   0.0179   0.0000   0.0000   0.0000   0.0092   0.0000   0.0000   0.0160   0.0000   0.0000   0.0000   0.0014   0.0000
   0.0000   0.0000  -0.0090   0.0000   0.0000   0.0000   0.0000   0.0000   0.0000   0.0141   0.0000   0.0000   0.0000   0.0009
   0.0000   0.0000   0.0000   0.0090   0.0000   0.0000   0.0009   0.0000   0.0000   0.0000   0.0141   0.0000   0.0000   0.0000
  -0.0092   0.0000   0.0000   0.0000  -0.0179   0.0000   0.0000   0.0014   0.0000   0.0000   0.0000   0.0160   0.0000   0.0000
   0.0000   0.0130   0.0000   0.0000   0.0000   0.0180   0.0000   0.0000   0.0014   0.0000   0.0000   0.0000   0.0203   0.0000
   0.0000   0.0000  -0.0119   0.0000   0.0000   0.0000   0.0000   0.0000   0.0000   0.0009   0.0000   0.0000   0.0000   0.0111
************  NKS  ************
 NI=  1 NI_GLOBAL=  1
   0.8673   0.8673   0.8673   0.8673   0.8673   0.8673   0.0154   0.0154   0.0154   0.0154   0.0154   0.0154   0.0154   0.0154
 NELE_LOC TOTAL:
           5.3266230138381729
              CALC_DA_BND takes  0 hours  0 minutes and    0.12 seconds (CPU).
                          takes  0 hours  0 minutes and    0.12 seconds (WALL).
************  DA-  ************
 NI=  1 NI_GLOBAL=  1
  -0.0152  -0.0174  -0.0132  -0.0132  -0.0174  -0.0152  -0.0026  -0.0046  -0.0036  -0.0032  -0.0032  -0.0036  -0.0046  -0.0026
************  DAA  ************
 NI=  1 NI_GLOBAL=  1
  -0.0153  -0.0153  -0.0153  -0.0153  -0.0153  -0.0153  -0.0035  -0.0035  -0.0035  -0.0035  -0.0035  -0.0035  -0.0035  -0.0035
 NI=  1 VDC=    1.3611
************  LA2  ************
 NI=  1 NI_GLOBAL=  1
  -2.3351  -2.3351  -2.3351  -2.3351  -2.3351  -2.3351  -2.2241  -2.2241  -2.2241  -2.2241  -2.2241  -2.2241  -2.2241  -2.2241
 NI=  1 PHI-step gap=  0.15E+00
************  RAA  ************
 NI=  1 NI_GLOBAL=  1
   0.8941   0.8941   0.8941   0.8941   0.8941   0.8941   0.9056   0.9056   0.9056   0.9056   0.9056   0.9056   0.9056   0.9056
************  NC0  ************
 NI=  1 NI_GLOBAL=  1
   0.8673   0.8673   0.8673   0.8673   0.8673   0.8673   0.0154   0.0154   0.0154   0.0154   0.0154   0.0154   0.0154   0.0154
                  CALC_LC takes  0 hours  8 minutes and   56.72 seconds (CPU).
                          takes  0 hours  8 minutes and   56.60 seconds (WALL).
                GUTZ_FCN1 takes  0 hours  8 minutes and   57.90 seconds (CPU).
                          takes  0 hours  8 minutes and   57.30 seconds (WALL).
************  DIF_X  ************
   -0.000000021590    0.000000004216
    0.000000003267    0.000000001623
 ITER1=  4 MAXERR=    0.00000002
************   WH%X  ************
    0.89412954    0.90558502
    0.88690532    1.06575044
************  RIN  ************
 NI=  1 NI_GLOBAL=  1
   0.8941   0.8941   0.8941   0.8941   0.8941   0.8941   0.9056   0.9056   0.9056   0.9056   0.9056   0.9056   0.9056   0.9056
************  LA1  ************
 NI=  1 NI_GLOBAL=  1
   0.8869   0.8869   0.8869   0.8869   0.8869   0.8869   1.0658   1.0658   1.0658   1.0658   1.0658   1.0658   1.0658   1.0658
             CALC_BAND_AL takes  0 hours  0 minutes and    0.66 seconds (CPU).
                          takes  0 hours  0 minutes and    0.34 seconds (WALL).
 ILOOP            1
 ILOOP            2
   FERMI ENERGY AT   0.891931767333174     
   SUM RULE OF TETRAHEDRON INTEGRATION CHECKED 
   number of occupied bands:          18
   highest energy:  0.912455066881800     
************  NK-  ************
 NI=  1 NI_GLOBAL=  1
   0.8806   0.8230   0.8983   0.8983   0.8230   0.8806   0.0111   0.0203   0.0160   0.0141   0.0141   0.0160   0.0203   0.0111
************  NNK  ************
 NI=  1 NI_GLOBAL=  1
   0.8806   0.0000   0.0000   0.0000  -0.0390   0.0000   0.0000  -0.0180   0.0000   0.0000   0.0000  -0.0092   0.0000   0.0000
   0.0000   0.8230   0.0000   0.0000   0.0000  -0.0390   0.0000   0.0000   0.0179   0.0000   0.0000   0.0000   0.0130   0.0000
   0.0000   0.0000   0.8983   0.0000   0.0000   0.0000   0.0000   0.0000   0.0000  -0.0090   0.0000   0.0000   0.0000  -0.0119
   0.0000   0.0000   0.0000   0.8983   0.0000   0.0000   0.0119   0.0000   0.0000   0.0000   0.0090   0.0000   0.0000   0.0000
  -0.0390   0.0000   0.0000   0.0000   0.8230   0.0000   0.0000  -0.0130   0.0000   0.0000   0.0000  -0.0179   0.0000   0.0000
   0.0000  -0.0390   0.0000   0.0000   0.0000   0.8806   0.0000   0.0000   0.0092   0.0000   0.0000   0.0000   0.0180   0.0000
   0.0000   0.0000   0.0000   0.0119   0.0000   0.0000   0.0111   0.0000   0.0000   0.0000   0.0009   0.0000   0.0000   0.0000
  -0.0180   0.0000   0.0000   0.0000  -0.0130   0.0000   0.0000   0.0203   0.0000   0.0000   0.0000   0.0014   0.0000   0.0000
   0.0000   0.0179   0.0000   0.0000   0.0000   0.0092   0.0000   0.0000   0.0160   0.0000   0.0000   0.0000   0.0014   0.0000
   0.0000   0.0000  -0.0090   0.0000   0.0000   0.0000   0.0000   0.0000   0.0000   0.0141   0.0000   0.0000   0.0000   0.0009
   0.0000   0.0000   0.0000   0.0090   0.0000   0.0000   0.0009   0.0000   0.0000   0.0000   0.0141   0.0000   0.0000   0.0000
  -0.0092   0.0000   0.0000   0.0000  -0.0179   0.0000   0.0000   0.0014   0.0000   0.0000   0.0000   0.0160   0.0000   0.0000
   0.0000   0.0130   0.0000   0.0000   0.0000   0.0180   0.0000   0.0000   0.0014   0.0000   0.0000   0.0000   0.0203   0.0000
   0.0000   0.0000  -0.0119   0.0000   0.0000   0.0000   0.0000   0.0000   0.0000   0.0009   0.0000   0.0000   0.0000   0.0111
************  NKS  ************
 NI=  1 NI_GLOBAL=  1
   0.8673   0.8673   0.8673   0.8673   0.8673   0.8673   0.0154   0.0154   0.0154   0.0154   0.0154   0.0154   0.0154   0.0154
 NELE_LOC TOTAL:
           5.3266230389160789
              CALC_DA_BND takes  0 hours  0 minutes and    0.11 seconds (CPU).
                          takes  0 hours  0 minutes and    0.12 seconds (WALL).
************  DA-  ************
 NI=  1 NI_GLOBAL=  1
  -0.0152  -0.0174  -0.0132  -0.0132  -0.0174  -0.0152  -0.0026  -0.0046  -0.0036  -0.0032  -0.0032  -0.0036  -0.0046  -0.0026
************  DAA  ************
 NI=  1 NI_GLOBAL=  1
  -0.0153  -0.0153  -0.0153  -0.0153  -0.0153  -0.0153  -0.0035  -0.0035  -0.0035  -0.0035  -0.0035  -0.0035  -0.0035  -0.0035
 NI=  1 VDC=    1.3611
************  LA2  ************
 NI=  1 NI_GLOBAL=  1
  -2.3351  -2.3351  -2.3351  -2.3351  -2.3351  -2.3351  -2.2241  -2.2241  -2.2241  -2.2241  -2.2241  -2.2241  -2.2241  -2.2241
 NI=  1 PHI-step gap=  0.15E+00
************  RAA  ************
 NI=  1 NI_GLOBAL=  1
   0.8941   0.8941   0.8941   0.8941   0.8941   0.8941   0.9056   0.9056   0.9056   0.9056   0.9056   0.9056   0.9056   0.9056
************  NC0  ************
 NI=  1 NI_GLOBAL=  1
   0.8673   0.8673   0.8673   0.8673   0.8673   0.8673   0.0154   0.0154   0.0154   0.0154   0.0154   0.0154   0.0154   0.0154
                  CALC_LC takes  0 hours  8 minutes and   12.70 seconds (CPU).
                          takes  0 hours  8 minutes and   12.72 seconds (WALL).
                GUTZ_FCN1 takes  0 hours  8 minutes and   13.71 seconds (CPU).
                          takes  0 hours  8 minutes and   13.42 seconds (WALL).
************  DIF_X  ************
   -0.000000000900    0.000000000181
    0.000000000137    0.000000000066
 ITER1=  5 MAXERR=    0.00000000
 NFJAC=   0
 SOLVE1 FINISHED WITH       5 ITERATIONS.
               GUTZ_SOLVE takes  0 hours 41 minutes and   35.04 seconds (CPU).
                          takes  0 hours 41 minutes and   32.68 seconds (WALL).
 MAX. NELF1 DIFF=    0.00225141
               CALC_PJRHO takes  0 hours  0 minutes and    0.41 seconds (CPU).
                          takes  0 hours  0 minutes and    0.40 seconds (WALL).
 NI=  1 SUM_PHY-SUM_KS=      0.00000000 WOULD BE RENORMALIZED
************  NC1  ************
 NI=  1 NI_GLOBAL=  1
   0.8478   0.8478   0.8478   0.8478   0.8478   0.8478   0.0299   0.0299   0.0299   0.0299   0.0299   0.0299   0.0299   0.0299
               CALC_NCPHY takes  0 hours  0 minutes and   50.28 seconds (CPU).
                          takes  0 hours  0 minutes and   50.27 seconds (WALL).
 GYZ%PJ%EGAMM:
     8.26130
 ENG%GAMM:     8.26130
 ENG%POT2:     3.20903
 EDCLA1(NI) ARRAY:
    -4.746
 EDCUJ(NI) ARRAY:
    -3.271
 EDCUJV(NI) ARRAY:
    -7.250
 EDC(NI) ARRAY:
    -8.017
 ENG%DBLC:    -8.01673
 ENG%DC1 :    -4.74620
 ENG%DC2 :    -3.27053
 ENG%DC2V:    -7.25022
 DC_E_STD_TO_E_V:    -3.97969
 ENG%BAND:    -1.17926
 ENG%DL(DEEP LEVEL):    -7.93795
 ENG%TB=    -0.93469
 ENG%TB-DC2=     2.33584
 NI=  1 OCC_CONFIG_WEIGHT:
        OCC= 0 WEIGHT=   0.00000
        OCC= 1 WEIGHT=   0.00000
        OCC= 2 WEIGHT=   0.00002
        OCC= 3 WEIGHT=   0.00203
        OCC= 4 WEIGHT=   0.07284
        OCC= 5 WEIGHT=   0.53540
        OCC= 6 WEIGHT=   0.37601
        OCC= 7 WEIGHT=   0.01358
        OCC= 8 WEIGHT=   0.00013
        OCC= 9 WEIGHT=   0.00000
                 CALC_RCW takes  0 hours  0 minutes and    0.00 seconds (CPU).
                          takes  0 hours  0 minutes and    0.00 seconds (WALL).
 NI=  1 J2=    8.4316
                 CALC_SLJ takes  0 hours  0 minutes and    0.00 seconds (CPU).
                          takes  0 hours  0 minutes and    0.00 seconds (WALL).
 NI=  1 ENTANGLEMENT ENTROPY=      2.8659
           CALC_ENTANGLES takes  0 hours  0 minutes and    1.18 seconds (CPU).
                          takes  0 hours  0 minutes and    1.06 seconds (WALL).
 CORRELATED SUBSPACE, SUM_FERWT=      8.0000000 SUM_KSWT=      8.0000000
 MAX OFF DIAGONAL KS.WT=    0.002114
 MAX/MIN R=    0.905585    0.894130
                CALC_KSWT takes  0 hours  0 minutes and    0.02 seconds (CPU).
                          takes  0 hours  0 minutes and    0.01 seconds (WALL).
                    TOTAL takes  0 hours 43 minutes and   29.75 seconds (CPU).
                          takes  0 hours 43 minutes and   26.38 seconds (WALL).
