******Program DMFT: Computes Gloc and Delta for Dynamical Mean Field Theory calculation ******
 CALCULATION WITH COMPLEX VECTORS
 CALCULATION WITH SOC VECTORS REQUIRED
 Running DMFT in mpi mode
  
 numkpt=         726
   0.00000   0.00000   0.00000   1.00000
   0.04762   0.04762   0.00000   4.00000
   0.09524   0.09524   0.00000   4.00000
   0.14286   0.14286   0.00000   4.00000
   0.19048   0.19048   0.00000   4.00000
   0.23810   0.23810   0.00000   4.00000
   0.28571   0.28571   0.00000   4.00000
   0.33333   0.33333   0.00000   4.00000
   0.38095   0.38095   0.00000   4.00000
   0.42857   0.42857   0.00000   4.00000
   0.47619   0.47619   0.00000   4.00000
   0.04762   0.00000   0.04762   8.00000
   0.09524   0.04762   0.04762  16.00000
   0.14286   0.09524   0.04762  16.00000
   0.19048   0.14286   0.04762  16.00000
   0.23810   0.19048   0.04762  16.00000
   0.28571   0.23810   0.04762  16.00000
   0.33333   0.28571   0.04762  16.00000
   0.38095   0.33333   0.04762  16.00000
   0.42857   0.38095   0.04762  16.00000
   0.47619   0.42857   0.04762  16.00000
   0.52381   0.47619   0.04762   8.00000
   0.09524   0.00000   0.09524   8.00000
   0.14286   0.04762   0.09524  16.00000
   0.19048   0.09524   0.09524  16.00000
   0.23810   0.14286   0.09524  16.00000
   0.28571   0.19048   0.09524  16.00000
   0.33333   0.23810   0.09524  16.00000
   0.38095   0.28571   0.09524  16.00000
   0.42857   0.33333   0.09524  16.00000
   0.47619   0.38095   0.09524  16.00000
   0.52381   0.42857   0.09524  16.00000
   1.04762   0.95238   0.09524   8.00000
   0.14286   0.00000   0.14286   8.00000
   0.19048   0.04762   0.14286  16.00000
   0.23810   0.09524   0.14286  16.00000
   0.28571   0.14286   0.14286  16.00000
   0.33333   0.19048   0.14286  16.00000
   0.38095   0.23810   0.14286  16.00000
   0.42857   0.28571   0.14286  16.00000
   0.47619   0.33333   0.14286  16.00000
   0.52381   0.38095   0.14286  16.00000
   0.57143   0.42857   0.14286   8.00000
   1.04762   0.90476   0.14286  16.00000
   0.19048   0.00000   0.19048   8.00000
   0.23810   0.04762   0.19048  16.00000
   0.28571   0.09524   0.19048  16.00000
   0.33333   0.14286   0.19048  16.00000
   0.38095   0.19048   0.19048  16.00000
   0.42857   0.23810   0.19048  16.00000
   0.47619   0.28571   0.19048  16.00000
   0.52381   0.33333   0.19048  16.00000
   0.57143   0.38095   0.19048  16.00000
   1.04762   0.85714   0.19048  16.00000
   1.09524   0.90476   0.19048   8.00000
   0.23810   0.00000   0.23810   8.00000
   0.28571   0.04762   0.23810  16.00000
   0.33333   0.09524   0.23810  16.00000
   0.38095   0.14286   0.23810  16.00000
   0.42857   0.19048   0.23810  16.00000
   0.47619   0.23810   0.23810  16.00000
   0.52381   0.28571   0.23810  16.00000
   0.57143   0.33333   0.23810  16.00000
   0.61905   0.38095   0.23810   8.00000
   1.04762   0.80952   0.23810  16.00000
   1.09524   0.85714   0.23810  16.00000
   0.28571   0.00000   0.28571   8.00000
   0.33333   0.04762   0.28571  16.00000
   0.38095   0.09524   0.28571  16.00000
   0.42857   0.14286   0.28571  16.00000
   0.47619   0.19048   0.28571  16.00000
   0.52381   0.23810   0.28571  16.00000
   0.57143   0.28571   0.28571  16.00000
   0.61905   0.33333   0.28571  16.00000
   1.04762   0.76190   0.28571  16.00000
   1.09524   0.80952   0.28571  16.00000
   1.14286   0.85714   0.28571   8.00000
   0.33333   0.00000   0.33333   8.00000
   0.38095   0.04762   0.33333  16.00000
   0.42857   0.09524   0.33333  16.00000
   0.47619   0.14286   0.33333  16.00000
   0.52381   0.19048   0.33333  16.00000
   0.57143   0.23810   0.33333  16.00000
   0.61905   0.28571   0.33333  16.00000
   0.66667   0.33333   0.33333   8.00000
   1.04762   0.71429   0.33333  16.00000
   1.09524   0.76190   0.33333  16.00000
   1.14286   0.80952   0.33333  16.00000
   0.38095   0.00000   0.38095   8.00000
   0.42857   0.04762   0.38095  16.00000
   0.47619   0.09524   0.38095  16.00000
   0.52381   0.14286   0.38095  16.00000
   0.57143   0.19048   0.38095  16.00000
   0.61905   0.23810   0.38095  16.00000
   0.66667   0.28571   0.38095  16.00000
   1.04762   0.66667   0.38095  16.00000
   1.09524   0.71429   0.38095  16.00000
   1.14286   0.76190   0.38095  16.00000
   1.19048   0.80952   0.38095   8.00000
   0.42857   0.00000   0.42857   8.00000
   0.47619   0.04762   0.42857  16.00000
   0.52381   0.09524   0.42857  16.00000
   0.57143   0.14286   0.42857  16.00000
   0.61905   0.19048   0.42857  16.00000
   0.66667   0.23810   0.42857  16.00000
   0.71429   0.28571   0.42857   8.00000
   1.04762   0.61905   0.42857  16.00000
   1.09524   0.66667   0.42857  16.00000
   1.14286   0.71429   0.42857  16.00000
   1.19048   0.76190   0.42857  16.00000
   0.47619   0.00000   0.47619   8.00000
   0.52381   0.04762   0.47619  16.00000
   0.57143   0.09524   0.47619  16.00000
   0.61905   0.14286   0.47619  16.00000
   0.66667   0.19048   0.47619  16.00000
   0.71429   0.23810   0.47619  16.00000
   1.04762   0.57143   0.47619  16.00000
   1.09524   0.61905   0.47619  16.00000
   1.14286   0.66667   0.47619  16.00000
   1.19048   0.71429   0.47619  16.00000
   1.23810   0.76190   0.47619   8.00000
   0.09524   0.09524   0.09524   8.00000
   0.14286   0.14286   0.09524   8.00000
   0.19048   0.19048   0.09524   8.00000
   0.23810   0.23810   0.09524   8.00000
   0.28571   0.28571   0.09524   8.00000
   0.33333   0.33333   0.09524   8.00000
   0.38095   0.38095   0.09524   8.00000
   0.42857   0.42857   0.09524   8.00000
   0.47619   0.47619   0.09524   8.00000
   1.00000   1.00000   0.09524   2.00000
   0.14286   0.09524   0.14286  16.00000
   0.19048   0.14286   0.14286  16.00000
   0.23810   0.19048   0.14286  16.00000
   0.28571   0.23810   0.14286  16.00000
   0.33333   0.28571   0.14286  16.00000
   0.38095   0.33333   0.14286  16.00000
   0.42857   0.38095   0.14286  16.00000
   0.47619   0.42857   0.14286  16.00000
   0.52381   0.47619   0.14286   8.00000
   1.00000   0.95238   0.14286   8.00000
   0.19048   0.09524   0.19048  16.00000
   0.23810   0.14286   0.19048  16.00000
   0.28571   0.19048   0.19048  16.00000
   0.33333   0.23810   0.19048  16.00000
   0.38095   0.28571   0.19048  16.00000
   0.42857   0.33333   0.19048  16.00000
   0.47619   0.38095   0.19048  16.00000
   0.52381   0.42857   0.19048  16.00000
   1.00000   0.90476   0.19048   8.00000
   1.04762   0.95238   0.19048   8.00000
   0.23810   0.09524   0.23810  16.00000
   0.28571   0.14286   0.23810  16.00000
   0.33333   0.19048   0.23810  16.00000
   0.38095   0.23810   0.23810  16.00000
   0.42857   0.28571   0.23810  16.00000
   0.47619   0.33333   0.23810  16.00000
   0.52381   0.38095   0.23810  16.00000
   0.57143   0.42857   0.23810   8.00000
   1.00000   0.85714   0.23810   8.00000
   1.04762   0.90476   0.23810  16.00000
   0.28571   0.09524   0.28571  16.00000
   0.33333   0.14286   0.28571  16.00000
   0.38095   0.19048   0.28571  16.00000
   0.42857   0.23810   0.28571  16.00000
   0.47619   0.28571   0.28571  16.00000
   0.52381   0.33333   0.28571  16.00000
   0.57143   0.38095   0.28571  16.00000
   1.00000   0.80952   0.28571   8.00000
   1.04762   0.85714   0.28571  16.00000
   1.09524   0.90476   0.28571   8.00000
   0.33333   0.09524   0.33333  16.00000
   0.38095   0.14286   0.33333  16.00000
   0.42857   0.19048   0.33333  16.00000
   0.47619   0.23810   0.33333  16.00000
   0.52381   0.28571   0.33333  16.00000
   0.57143   0.33333   0.33333  16.00000
   0.61905   0.38095   0.33333   8.00000
   1.00000   0.76190   0.33333   8.00000
   1.04762   0.80952   0.33333  16.00000
   1.09524   0.85714   0.33333  16.00000
   0.38095   0.09524   0.38095  16.00000
   0.42857   0.14286   0.38095  16.00000
   0.47619   0.19048   0.38095  16.00000
   0.52381   0.23810   0.38095  16.00000
   0.57143   0.28571   0.38095  16.00000
   0.61905   0.33333   0.38095  16.00000
   1.00000   0.71429   0.38095   8.00000
   1.04762   0.76190   0.38095  16.00000
   1.09524   0.80952   0.38095  16.00000
   1.14286   0.85714   0.38095   8.00000
   0.42857   0.09524   0.42857  16.00000
   0.47619   0.14286   0.42857  16.00000
   0.52381   0.19048   0.42857  16.00000
   0.57143   0.23810   0.42857  16.00000
   0.61905   0.28571   0.42857  16.00000
   0.66667   0.33333   0.42857   8.00000
   1.00000   0.66667   0.42857   8.00000
   1.04762   0.71429   0.42857  16.00000
   1.09524   0.76190   0.42857  16.00000
   1.14286   0.80952   0.42857  16.00000
   0.47619   0.09524   0.47619  16.00000
   0.52381   0.14286   0.47619  16.00000
   0.57143   0.19048   0.47619  16.00000
   0.61905   0.23810   0.47619  16.00000
   0.66667   0.28571   0.47619  16.00000
   1.00000   0.61905   0.47619   8.00000
   1.04762   0.66667   0.47619  16.00000
   1.09524   0.71429   0.47619  16.00000
   1.14286   0.76190   0.47619  16.00000
   1.19048   0.80952   0.47619   8.00000
   0.57143   0.14286   0.52381  16.00000
   0.61905   0.19048   0.52381  16.00000
   0.66667   0.23810   0.52381  16.00000
   0.71429   0.28571   0.52381   8.00000
   1.00000   0.57143   0.52381   8.00000
   1.04762   0.61905   0.52381  16.00000
   1.09524   0.66667   0.52381  16.00000
   1.14286   0.71429   0.52381  16.00000
   1.19048   0.76190   0.52381  16.00000
   0.61905   0.14286   0.57143  16.00000
   0.66667   0.19048   0.57143  16.00000
   0.71429   0.23810   0.57143  16.00000
   1.00000   0.52381   0.57143   8.00000
   1.04762   0.57143   0.57143  16.00000
   1.09524   0.61905   0.57143  16.00000
   1.14286   0.66667   0.57143  16.00000
   1.19048   0.71429   0.57143  16.00000
   1.23810   0.76190   0.57143   8.00000
   0.66667   0.14286   0.61905  16.00000
   0.71429   0.19048   0.61905  16.00000
   0.76190   0.23810   0.61905   8.00000
   1.00000   0.47619   0.61905   8.00000
   1.04762   0.52381   0.61905  16.00000
   1.09524   0.57143   0.61905  16.00000
   1.14286   0.61905   0.61905  16.00000
   1.19048   0.66667   0.61905  16.00000
   1.23810   0.71429   0.61905  16.00000
   0.71429   0.14286   0.66667  16.00000
   0.76190   0.19048   0.66667  16.00000
   1.00000   0.42857   0.66667   8.00000
   1.04762   0.47619   0.66667  16.00000
   1.09524   0.52381   0.66667  16.00000
   1.14286   0.57143   0.66667  16.00000
   1.19048   0.61905   0.66667  16.00000
   1.23810   0.66667   0.66667  16.00000
   1.28571   0.71429   0.66667   8.00000
   0.76190   0.14286   0.71429  16.00000
   0.80952   0.19048   0.71429   8.00000
   1.00000   0.38095   0.71429   8.00000
   1.04762   0.42857   0.71429  16.00000
   1.09524   0.47619   0.71429  16.00000
   1.14286   0.52381   0.71429  16.00000
   1.19048   0.57143   0.71429  16.00000
   1.23810   0.61905   0.71429  16.00000
   1.28571   0.66667   0.71429  16.00000
   0.80952   0.14286   0.76190  16.00000
   1.00000   0.33333   0.76190   8.00000
   1.04762   0.38095   0.76190  16.00000
   1.09524   0.42857   0.76190  16.00000
   1.14286   0.47619   0.76190  16.00000
   1.19048   0.52381   0.76190  16.00000
   1.23810   0.57143   0.76190  16.00000
   1.28571   0.61905   0.76190  16.00000
   1.33333   0.66667   0.76190   8.00000
   0.85714   0.14286   0.80952   8.00000
   1.00000   0.28571   0.80952   8.00000
   1.04762   0.33333   0.80952  16.00000
   1.09524   0.38095   0.80952  16.00000
   1.14286   0.42857   0.80952  16.00000
   1.19048   0.47619   0.80952  16.00000
   1.23810   0.52381   0.80952  16.00000
   1.28571   0.57143   0.80952  16.00000
   1.33333   0.61905   0.80952  16.00000
   1.00000   0.23810   0.85714   8.00000
   1.04762   0.28571   0.85714  16.00000
   1.09524   0.33333   0.85714  16.00000
   1.14286   0.38095   0.85714  16.00000
   1.19048   0.42857   0.85714  16.00000
   1.23810   0.47619   0.85714  16.00000
   1.28571   0.52381   0.85714  16.00000
   1.33333   0.57143   0.85714  16.00000
   1.38095   0.61905   0.85714   8.00000
   1.00000   0.19048   0.90476   8.00000
   1.04762   0.23810   0.90476  16.00000
   1.09524   0.28571   0.90476  16.00000
   1.14286   0.33333   0.90476  16.00000
   1.19048   0.38095   0.90476  16.00000
   1.23810   0.42857   0.90476  16.00000
   1.28571   0.47619   0.90476  16.00000
   1.33333   0.52381   0.90476  16.00000
   1.38095   0.57143   0.90476  16.00000
   1.00000   0.14286   0.95238   8.00000
   1.04762   0.19048   0.95238  16.00000
   1.09524   0.23810   0.95238  16.00000
   1.14286   0.28571   0.95238  16.00000
   1.19048   0.33333   0.95238  16.00000
   1.23810   0.38095   0.95238  16.00000
   1.28571   0.42857   0.95238  16.00000
   1.33333   0.47619   0.95238  16.00000
   1.38095   0.52381   0.95238  16.00000
   1.42857   0.57143   0.95238   8.00000
   1.00000   0.09524   1.00000   4.00000
   1.04762   0.14286   1.00000   8.00000
   1.09524   0.19048   1.00000   8.00000
   1.14286   0.23810   1.00000   8.00000
   1.19048   0.28571   1.00000   8.00000
   1.23810   0.33333   1.00000   8.00000
   1.28571   0.38095   1.00000   8.00000
   1.33333   0.42857   1.00000   8.00000
   1.38095   0.47619   1.00000   8.00000
   1.42857   0.52381   1.00000   8.00000
   0.19048   0.19048   0.19048   8.00000
   0.23810   0.23810   0.19048   8.00000
   0.28571   0.28571   0.19048   8.00000
   0.33333   0.33333   0.19048   8.00000
   0.38095   0.38095   0.19048   8.00000
   0.42857   0.42857   0.19048   8.00000
   0.47619   0.47619   0.19048   8.00000
   1.00000   1.00000   0.19048   2.00000
   0.23810   0.19048   0.23810  16.00000
   0.28571   0.23810   0.23810  16.00000
   0.33333   0.28571   0.23810  16.00000
   0.38095   0.33333   0.23810  16.00000
   0.42857   0.38095   0.23810  16.00000
   0.47619   0.42857   0.23810  16.00000
   0.52381   0.47619   0.23810   8.00000
   1.00000   0.95238   0.23810   8.00000
   0.28571   0.19048   0.28571  16.00000
   0.33333   0.23810   0.28571  16.00000
   0.38095   0.28571   0.28571  16.00000
   0.42857   0.33333   0.28571  16.00000
   0.47619   0.38095   0.28571  16.00000
   0.52381   0.42857   0.28571  16.00000
   1.00000   0.90476   0.28571   8.00000
   1.04762   0.95238   0.28571   8.00000
   0.33333   0.19048   0.33333  16.00000
   0.38095   0.23810   0.33333  16.00000
   0.42857   0.28571   0.33333  16.00000
   0.47619   0.33333   0.33333  16.00000
   0.52381   0.38095   0.33333  16.00000
   0.57143   0.42857   0.33333   8.00000
   1.00000   0.85714   0.33333   8.00000
   1.04762   0.90476   0.33333  16.00000
   0.38095   0.19048   0.38095  16.00000
   0.42857   0.23810   0.38095  16.00000
   0.47619   0.28571   0.38095  16.00000
   0.52381   0.33333   0.38095  16.00000
   0.57143   0.38095   0.38095  16.00000
   1.00000   0.80952   0.38095   8.00000
   1.04762   0.85714   0.38095  16.00000
   1.09524   0.90476   0.38095   8.00000
   0.42857   0.19048   0.42857  16.00000
   0.47619   0.23810   0.42857  16.00000
   0.52381   0.28571   0.42857  16.00000
   0.57143   0.33333   0.42857  16.00000
   0.61905   0.38095   0.42857   8.00000
   1.00000   0.76190   0.42857   8.00000
   1.04762   0.80952   0.42857  16.00000
   1.09524   0.85714   0.42857  16.00000
   0.47619   0.19048   0.47619  16.00000
   0.52381   0.23810   0.47619  16.00000
   0.57143   0.28571   0.47619  16.00000
   0.61905   0.33333   0.47619  16.00000
   1.00000   0.71429   0.47619   8.00000
   1.04762   0.76190   0.47619  16.00000
   1.09524   0.80952   0.47619  16.00000
   1.14286   0.85714   0.47619   8.00000
   0.57143   0.23810   0.52381  16.00000
   0.61905   0.28571   0.52381  16.00000
   0.66667   0.33333   0.52381   8.00000
   1.00000   0.66667   0.52381   8.00000
   1.04762   0.71429   0.52381  16.00000
   1.09524   0.76190   0.52381  16.00000
   1.14286   0.80952   0.52381  16.00000
   0.61905   0.23810   0.57143  16.00000
   0.66667   0.28571   0.57143  16.00000
   1.00000   0.61905   0.57143   8.00000
   1.04762   0.66667   0.57143  16.00000
   1.09524   0.71429   0.57143  16.00000
   1.14286   0.76190   0.57143  16.00000
   1.19048   0.80952   0.57143   8.00000
   0.66667   0.23810   0.61905  16.00000
   0.71429   0.28571   0.61905   8.00000
   1.00000   0.57143   0.61905   8.00000
   1.04762   0.61905   0.61905  16.00000
   1.09524   0.66667   0.61905  16.00000
   1.14286   0.71429   0.61905  16.00000
   1.19048   0.76190   0.61905  16.00000
   0.71429   0.23810   0.66667  16.00000
   1.00000   0.52381   0.66667   8.00000
   1.04762   0.57143   0.66667  16.00000
   1.09524   0.61905   0.66667  16.00000
   1.14286   0.66667   0.66667  16.00000
   1.19048   0.71429   0.66667  16.00000
   1.23810   0.76190   0.66667   8.00000
   0.76190   0.23810   0.71429   8.00000
   1.00000   0.47619   0.71429   8.00000
   1.04762   0.52381   0.71429  16.00000
   1.09524   0.57143   0.71429  16.00000
   1.14286   0.61905   0.71429  16.00000
   1.19048   0.66667   0.71429  16.00000
   1.23810   0.71429   0.71429  16.00000
   1.00000   0.42857   0.76190   8.00000
   1.04762   0.47619   0.76190  16.00000
   1.09524   0.52381   0.76190  16.00000
   1.14286   0.57143   0.76190  16.00000
   1.19048   0.61905   0.76190  16.00000
   1.23810   0.66667   0.76190  16.00000
   1.28571   0.71429   0.76190   8.00000
   1.00000   0.38095   0.80952   8.00000
   1.04762   0.42857   0.80952  16.00000
   1.09524   0.47619   0.80952  16.00000
   1.14286   0.52381   0.80952  16.00000
   1.19048   0.57143   0.80952  16.00000
   1.23810   0.61905   0.80952  16.00000
   1.28571   0.66667   0.80952  16.00000
   1.00000   0.33333   0.85714   8.00000
   1.04762   0.38095   0.85714  16.00000
   1.09524   0.42857   0.85714  16.00000
   1.14286   0.47619   0.85714  16.00000
   1.19048   0.52381   0.85714  16.00000
   1.23810   0.57143   0.85714  16.00000
   1.28571   0.61905   0.85714  16.00000
   1.33333   0.66667   0.85714   8.00000
   1.00000   0.28571   0.90476   8.00000
   1.04762   0.33333   0.90476  16.00000
   1.09524   0.38095   0.90476  16.00000
   1.14286   0.42857   0.90476  16.00000
   1.19048   0.47619   0.90476  16.00000
   1.23810   0.52381   0.90476  16.00000
   1.28571   0.57143   0.90476  16.00000
   1.33333   0.61905   0.90476  16.00000
   1.00000   0.23810   0.95238   8.00000
   1.04762   0.28571   0.95238  16.00000
   1.09524   0.33333   0.95238  16.00000
   1.14286   0.38095   0.95238  16.00000
   1.19048   0.42857   0.95238  16.00000
   1.23810   0.47619   0.95238  16.00000
   1.28571   0.52381   0.95238  16.00000
   1.33333   0.57143   0.95238  16.00000
   1.38095   0.61905   0.95238   8.00000
   1.00000   0.19048   1.00000   4.00000
   1.04762   0.23810   1.00000   8.00000
   1.09524   0.28571   1.00000   8.00000
   1.14286   0.33333   1.00000   8.00000
   1.19048   0.38095   1.00000   8.00000
   1.23810   0.42857   1.00000   8.00000
   1.28571   0.47619   1.00000   8.00000
   1.33333   0.52381   1.00000   8.00000
   1.38095   0.57143   1.00000   8.00000
   0.28571   0.28571   0.28571   8.00000
   0.33333   0.33333   0.28571   8.00000
   0.38095   0.38095   0.28571   8.00000
   0.42857   0.42857   0.28571   8.00000
   0.47619   0.47619   0.28571   8.00000
   1.00000   1.00000   0.28571   2.00000
   0.33333   0.28571   0.33333  16.00000
   0.38095   0.33333   0.33333  16.00000
   0.42857   0.38095   0.33333  16.00000
   0.47619   0.42857   0.33333  16.00000
   0.52381   0.47619   0.33333   8.00000
   1.00000   0.95238   0.33333   8.00000
   0.38095   0.28571   0.38095  16.00000
   0.42857   0.33333   0.38095  16.00000
   0.47619   0.38095   0.38095  16.00000
   0.52381   0.42857   0.38095  16.00000
   1.00000   0.90476   0.38095   8.00000
   1.04762   0.95238   0.38095   8.00000
   0.42857   0.28571   0.42857  16.00000
   0.47619   0.33333   0.42857  16.00000
   0.52381   0.38095   0.42857  16.00000
   0.57143   0.42857   0.42857   8.00000
   1.00000   0.85714   0.42857   8.00000
   1.04762   0.90476   0.42857  16.00000
   0.47619   0.28571   0.47619  16.00000
   0.52381   0.33333   0.47619  16.00000
   0.57143   0.38095   0.47619  16.00000
   1.00000   0.80952   0.47619   8.00000
   1.04762   0.85714   0.47619  16.00000
   1.09524   0.90476   0.47619   8.00000
   0.57143   0.33333   0.52381  16.00000
   0.61905   0.38095   0.52381   8.00000
   1.00000   0.76190   0.52381   8.00000
   1.04762   0.80952   0.52381  16.00000
   1.09524   0.85714   0.52381  16.00000
   0.61905   0.33333   0.57143  16.00000
   1.00000   0.71429   0.57143   8.00000
   1.04762   0.76190   0.57143  16.00000
   1.09524   0.80952   0.57143  16.00000
   1.14286   0.85714   0.57143   8.00000
   0.66667   0.33333   0.61905   8.00000
   1.00000   0.66667   0.61905   8.00000
   1.04762   0.71429   0.61905  16.00000
   1.09524   0.76190   0.61905  16.00000
   1.14286   0.80952   0.61905  16.00000
   1.00000   0.61905   0.66667   8.00000
   1.04762   0.66667   0.66667  16.00000
   1.09524   0.71429   0.66667  16.00000
   1.14286   0.76190   0.66667  16.00000
   1.19048   0.80952   0.66667   8.00000
   1.00000   0.57143   0.71429   8.00000
   1.04762   0.61905   0.71429  16.00000
   1.09524   0.66667   0.71429  16.00000
   1.14286   0.71429   0.71429  16.00000
   1.19048   0.76190   0.71429  16.00000
   1.00000   0.52381   0.76190   8.00000
   1.04762   0.57143   0.76190  16.00000
   1.09524   0.61905   0.76190  16.00000
   1.14286   0.66667   0.76190  16.00000
   1.19048   0.71429   0.76190  16.00000
   1.23810   0.76190   0.76190   8.00000
   1.00000   0.47619   0.80952   8.00000
   1.04762   0.52381   0.80952  16.00000
   1.09524   0.57143   0.80952  16.00000
   1.14286   0.61905   0.80952  16.00000
   1.19048   0.66667   0.80952  16.00000
   1.23810   0.71429   0.80952  16.00000
   1.00000   0.42857   0.85714   8.00000
   1.04762   0.47619   0.85714  16.00000
   1.09524   0.52381   0.85714  16.00000
   1.14286   0.57143   0.85714  16.00000
   1.19048   0.61905   0.85714  16.00000
   1.23810   0.66667   0.85714  16.00000
   1.28571   0.71429   0.85714   8.00000
   1.00000   0.38095   0.90476   8.00000
   1.04762   0.42857   0.90476  16.00000
   1.09524   0.47619   0.90476  16.00000
   1.14286   0.52381   0.90476  16.00000
   1.19048   0.57143   0.90476  16.00000
   1.23810   0.61905   0.90476  16.00000
   1.28571   0.66667   0.90476  16.00000
   1.00000   0.33333   0.95238   8.00000
   1.04762   0.38095   0.95238  16.00000
   1.09524   0.42857   0.95238  16.00000
   1.14286   0.47619   0.95238  16.00000
   1.19048   0.52381   0.95238  16.00000
   1.23810   0.57143   0.95238  16.00000
   1.28571   0.61905   0.95238  16.00000
   1.33333   0.66667   0.95238   8.00000
   1.00000   0.28571   1.00000   4.00000
   1.04762   0.33333   1.00000   8.00000
   1.09524   0.38095   1.00000   8.00000
   1.14286   0.42857   1.00000   8.00000
   1.19048   0.47619   1.00000   8.00000
   1.23810   0.52381   1.00000   8.00000
   1.28571   0.57143   1.00000   8.00000
   1.33333   0.61905   1.00000   8.00000
   0.38095   0.38095   0.38095   8.00000
   0.42857   0.42857   0.38095   8.00000
   0.47619   0.47619   0.38095   8.00000
   1.00000   1.00000   0.38095   2.00000
   0.42857   0.38095   0.42857  16.00000
   0.47619   0.42857   0.42857  16.00000
   0.52381   0.47619   0.42857   8.00000
   1.00000   0.95238   0.42857   8.00000
   0.47619   0.38095   0.47619  16.00000
   0.52381   0.42857   0.47619  16.00000
   1.00000   0.90476   0.47619   8.00000
   1.04762   0.95238   0.47619   8.00000
   0.57143   0.42857   0.52381   8.00000
   1.00000   0.85714   0.52381   8.00000
   1.04762   0.90476   0.52381  16.00000
   1.00000   0.80952   0.57143   8.00000
   1.04762   0.85714   0.57143  16.00000
   1.09524   0.90476   0.57143   8.00000
   1.00000   0.76190   0.61905   8.00000
   1.04762   0.80952   0.61905  16.00000
   1.09524   0.85714   0.61905  16.00000
   1.00000   0.71429   0.66667   8.00000
   1.04762   0.76190   0.66667  16.00000
   1.09524   0.80952   0.66667  16.00000
   1.14286   0.85714   0.66667   8.00000
   1.00000   0.66667   0.71429   8.00000
   1.04762   0.71429   0.71429  16.00000
   1.09524   0.76190   0.71429  16.00000
   1.14286   0.80952   0.71429  16.00000
   1.00000   0.61905   0.76190   8.00000
   1.04762   0.66667   0.76190  16.00000
   1.09524   0.71429   0.76190  16.00000
   1.14286   0.76190   0.76190  16.00000
   1.19048   0.80952   0.76190   8.00000
   1.00000   0.57143   0.80952   8.00000
   1.04762   0.61905   0.80952  16.00000
   1.09524   0.66667   0.80952  16.00000
   1.14286   0.71429   0.80952  16.00000
   1.19048   0.76190   0.80952  16.00000
   1.00000   0.52381   0.85714   8.00000
   1.04762   0.57143   0.85714  16.00000
   1.09524   0.61905   0.85714  16.00000
   1.14286   0.66667   0.85714  16.00000
   1.19048   0.71429   0.85714  16.00000
   1.23810   0.76190   0.85714   8.00000
   1.00000   0.47619   0.90476   8.00000
   1.04762   0.52381   0.90476  16.00000
   1.09524   0.57143   0.90476  16.00000
   1.14286   0.61905   0.90476  16.00000
   1.19048   0.66667   0.90476  16.00000
   1.23810   0.71429   0.90476  16.00000
   1.00000   0.42857   0.95238   8.00000
   1.04762   0.47619   0.95238  16.00000
   1.09524   0.52381   0.95238  16.00000
   1.14286   0.57143   0.95238  16.00000
   1.19048   0.61905   0.95238  16.00000
   1.23810   0.66667   0.95238  16.00000
   1.28571   0.71429   0.95238   8.00000
   1.00000   0.38095   1.00000   4.00000
   1.04762   0.42857   1.00000   8.00000
   1.09524   0.47619   1.00000   8.00000
   1.14286   0.52381   1.00000   8.00000
   1.19048   0.57143   1.00000   8.00000
   1.23810   0.61905   1.00000   8.00000
   1.28571   0.66667   1.00000   8.00000
   0.47619   0.47619   0.47619   8.00000
   1.00000   1.00000   0.47619   2.00000
   1.00000   0.95238   0.52381   8.00000
   1.00000   0.90476   0.57143   8.00000
   1.04762   0.95238   0.57143   8.00000
   1.00000   0.85714   0.61905   8.00000
   1.04762   0.90476   0.61905  16.00000
   1.00000   0.80952   0.66667   8.00000
   1.04762   0.85714   0.66667  16.00000
   1.09524   0.90476   0.66667   8.00000
   1.00000   0.76190   0.71429   8.00000
   1.04762   0.80952   0.71429  16.00000
   1.09524   0.85714   0.71429  16.00000
   1.00000   0.71429   0.76190   8.00000
   1.04762   0.76190   0.76190  16.00000
   1.09524   0.80952   0.76190  16.00000
   1.14286   0.85714   0.76190   8.00000
   1.00000   0.66667   0.80952   8.00000
   1.04762   0.71429   0.80952  16.00000
   1.09524   0.76190   0.80952  16.00000
   1.14286   0.80952   0.80952  16.00000
   1.00000   0.61905   0.85714   8.00000
   1.04762   0.66667   0.85714  16.00000
   1.09524   0.71429   0.85714  16.00000
   1.14286   0.76190   0.85714  16.00000
   1.19048   0.80952   0.85714   8.00000
   1.00000   0.57143   0.90476   8.00000
   1.04762   0.61905   0.90476  16.00000
   1.09524   0.66667   0.90476  16.00000
   1.14286   0.71429   0.90476  16.00000
   1.19048   0.76190   0.90476  16.00000
   1.00000   0.52381   0.95238   8.00000
   1.04762   0.57143   0.95238  16.00000
   1.09524   0.61905   0.95238  16.00000
   1.14286   0.66667   0.95238  16.00000
   1.19048   0.71429   0.95238  16.00000
   1.23810   0.76190   0.95238   8.00000
   1.00000   0.47619   1.00000   4.00000
   1.04762   0.52381   1.00000   8.00000
   1.09524   0.57143   1.00000   8.00000
   1.14286   0.61905   1.00000   8.00000
   1.19048   0.66667   1.00000   8.00000
   1.23810   0.71429   1.00000   8.00000
   1.00000   1.00000   0.57143   2.00000
   1.00000   0.95238   0.61905   8.00000
   1.00000   0.90476   0.66667   8.00000
   1.04762   0.95238   0.66667   8.00000
   1.00000   0.85714   0.71429   8.00000
   1.04762   0.90476   0.71429  16.00000
   1.00000   0.80952   0.76190   8.00000
   1.04762   0.85714   0.76190  16.00000
   1.09524   0.90476   0.76190   8.00000
   1.00000   0.76190   0.80952   8.00000
   1.04762   0.80952   0.80952  16.00000
   1.09524   0.85714   0.80952  16.00000
   1.00000   0.71429   0.85714   8.00000
   1.04762   0.76190   0.85714  16.00000
   1.09524   0.80952   0.85714  16.00000
   1.14286   0.85714   0.85714   8.00000
   1.00000   0.66667   0.90476   8.00000
   1.04762   0.71429   0.90476  16.00000
   1.09524   0.76190   0.90476  16.00000
   1.14286   0.80952   0.90476  16.00000
   1.00000   0.61905   0.95238   8.00000
   1.04762   0.66667   0.95238  16.00000
   1.09524   0.71429   0.95238  16.00000
   1.14286   0.76190   0.95238  16.00000
   1.19048   0.80952   0.95238   8.00000
   1.00000   0.57143   1.00000   4.00000
   1.04762   0.61905   1.00000   8.00000
   1.09524   0.66667   1.00000   8.00000
   1.14286   0.71429   1.00000   8.00000
   1.19048   0.76190   1.00000   8.00000
   1.00000   1.00000   0.66667   2.00000
   1.00000   0.95238   0.71429   8.00000
   1.00000   0.90476   0.76190   8.00000
   1.04762   0.95238   0.76190   8.00000
   1.00000   0.85714   0.80952   8.00000
   1.04762   0.90476   0.80952  16.00000
   1.00000   0.80952   0.85714   8.00000
   1.04762   0.85714   0.85714  16.00000
   1.09524   0.90476   0.85714   8.00000
   1.00000   0.76190   0.90476   8.00000
   1.04762   0.80952   0.90476  16.00000
   1.09524   0.85714   0.90476  16.00000
   1.00000   0.71429   0.95238   8.00000
   1.04762   0.76190   0.95238  16.00000
   1.09524   0.80952   0.95238  16.00000
   1.14286   0.85714   0.95238   8.00000
   1.00000   0.66667   1.00000   4.00000
   1.04762   0.71429   1.00000   8.00000
   1.09524   0.76190   1.00000   8.00000
   1.14286   0.80952   1.00000   8.00000
   1.00000   1.00000   0.76190   2.00000
   1.00000   0.95238   0.80952   8.00000
   1.00000   0.90476   0.85714   8.00000
   1.04762   0.95238   0.85714   8.00000
   1.00000   0.85714   0.90476   8.00000
   1.04762   0.90476   0.90476  16.00000
   1.00000   0.80952   0.95238   8.00000
   1.04762   0.85714   0.95238  16.00000
   1.09524   0.90476   0.95238   8.00000
   1.00000   0.76190   1.00000   4.00000
   1.04762   0.80952   1.00000   8.00000
   1.09524   0.85714   1.00000   8.00000
   1.00000   1.00000   0.85714   2.00000
   1.00000   0.95238   0.90476   8.00000
   1.00000   0.90476   0.95238   8.00000
   1.04762   0.95238   0.95238   8.00000
   1.00000   0.85714   1.00000   4.00000
   1.04762   0.90476   1.00000   8.00000
   1.00000   1.00000   0.95238   2.00000
   1.00000   0.95238   1.00000   4.00000




                              --------------------------------------------------
                                 S T R U C T U R A L   I N F O R M A T I O N
                              --------------------------------------------------


   SUBSTANCE                    = tetragonal body-centered  (delta')                                              

   LATTICE                      = B   
   LATTICE CONSTANTS ARE        =    6.0177940   6.0177940   8.0129110
   NUMBER OF ATOMS IN UNITCELL  =   1
   MODE OF CALCULATION IS       = RELA
 IORD=          16
 FNAMES=
 ./deltaprime_Pu_7.vectorso_1                                                   
                                                                                
                                           
 ./deltaprime_Pu_7.vectorsodn_1                                                 
                                                                                
                                           
 deltaprime_Pu_7.energyso_1                                                     
                                                                                
                                           
 deltaprime_Pu_7.energysodn_1                                                   
                                                                                
                                           
  BR1,  BR2
   1.04410   0.00000   0.00000      0.00000   1.04410   1.04410
   0.00000   1.04410   0.00000      1.04410   0.00000   1.04410
   0.00000   0.00000   0.78413      0.78413   0.78413   0.00000
 projector corrected--must be 1,2, or 3! Now projector= 2
 Energy window:   -0.4410 < E <      0.441
 Projected density of states calculation for  1 atoms
--------- atom  1 -------------
l=  3  qsplit=  4
 Symmetrization over eq. k-points is performed
 ********** Start Reading Cix file *************
  Correlated block number           1
  Correlated index=
  1  0  0  0  0  0  0  0  0  0  0  0  0  0
  0  1  0  0  0  0  0  0  0  0  0  0  0  0
  0  0  1  0  0  0  0  0  0  0  0  0  0  0
  0  0  0  1  0  0  0  0  0  0  0  0  0  0
  0  0  0  0  1  0  0  0  0  0  0  0  0  0
  0  0  0  0  0  1  0  0  0  0  0  0  0  0
  0  0  0  0  0  0  2  0  0  0  0  0  0  0
  0  0  0  0  0  0  0  2  0  0  0  0  0  0
  0  0  0  0  0  0  0  0  2  0  0  0  0  0
  0  0  0  0  0  0  0  0  0  2  0  0  0  0
  0  0  0  0  0  0  0  0  0  0  2  0  0  0
  0  0  0  0  0  0  0  0  0  0  0  2  0  0
  0  0  0  0  0  0  0  0  0  0  0  0  2  0
  0  0  0  0  0  0  0  0  0  0  0  0  0  2
  Real part of unitary matrix=
  0.9258  0.0000  0.0000  0.0000  0.0000  0.0000  0.0000  0.0000 -0.3780  0.0000  0.0000  0.0000  0.0000  0.0000
  0.0000  0.8452  0.0000  0.0000  0.0000  0.0000  0.0000  0.0000  0.0000 -0.5345  0.0000  0.0000  0.0000  0.0000
  0.0000  0.0000  0.7559  0.0000  0.0000  0.0000  0.0000  0.0000  0.0000  0.0000 -0.6547  0.0000  0.0000  0.0000
  0.0000  0.0000  0.0000  0.6547  0.0000  0.0000  0.0000  0.0000  0.0000  0.0000  0.0000 -0.7559  0.0000  0.0000
  0.0000  0.0000  0.0000  0.0000  0.5345  0.0000  0.0000  0.0000  0.0000  0.0000  0.0000  0.0000 -0.8452  0.0000
  0.0000  0.0000  0.0000  0.0000  0.0000  0.3780  0.0000  0.0000  0.0000  0.0000  0.0000  0.0000  0.0000 -0.9258
  0.0000  0.0000  0.0000  0.0000  0.0000  0.0000  0.0000  1.0000  0.0000  0.0000  0.0000  0.0000  0.0000  0.0000
  0.3780  0.0000  0.0000  0.0000  0.0000  0.0000  0.0000  0.0000  0.9258  0.0000  0.0000  0.0000  0.0000  0.0000
  0.0000  0.5345  0.0000  0.0000  0.0000  0.0000  0.0000  0.0000  0.0000  0.8452  0.0000  0.0000  0.0000  0.0000
  0.0000  0.0000  0.6547  0.0000  0.0000  0.0000  0.0000  0.0000  0.0000  0.0000  0.7559  0.0000  0.0000  0.0000
  0.0000  0.0000  0.0000  0.7559  0.0000  0.0000  0.0000  0.0000  0.0000  0.0000  0.0000  0.6547  0.0000  0.0000
  0.0000  0.0000  0.0000  0.0000  0.8452  0.0000  0.0000  0.0000  0.0000  0.0000  0.0000  0.0000  0.5345  0.0000
  0.0000  0.0000  0.0000  0.0000  0.0000  0.9258  0.0000  0.0000  0.0000  0.0000  0.0000  0.0000  0.0000  0.3780
  0.0000  0.0000  0.0000  0.0000  0.0000  0.0000  1.0000  0.0000  0.0000  0.0000  0.0000  0.0000  0.0000  0.0000
  Imaginary part of unitary matrix=
  0.0000  0.0000  0.0000  0.0000  0.0000  0.0000  0.0000  0.0000  0.0000  0.0000  0.0000  0.0000  0.0000  0.0000
  0.0000  0.0000  0.0000  0.0000  0.0000  0.0000  0.0000  0.0000  0.0000  0.0000  0.0000  0.0000  0.0000  0.0000
  0.0000  0.0000  0.0000  0.0000  0.0000  0.0000  0.0000  0.0000  0.0000  0.0000  0.0000  0.0000  0.0000  0.0000
  0.0000  0.0000  0.0000  0.0000  0.0000  0.0000  0.0000  0.0000  0.0000  0.0000  0.0000  0.0000  0.0000  0.0000
  0.0000  0.0000  0.0000  0.0000  0.0000  0.0000  0.0000  0.0000  0.0000  0.0000  0.0000  0.0000  0.0000  0.0000
  0.0000  0.0000  0.0000  0.0000  0.0000  0.0000  0.0000  0.0000  0.0000  0.0000  0.0000  0.0000  0.0000  0.0000
  0.0000  0.0000  0.0000  0.0000  0.0000  0.0000  0.0000  0.0000  0.0000  0.0000  0.0000  0.0000  0.0000  0.0000
  0.0000  0.0000  0.0000  0.0000  0.0000  0.0000  0.0000  0.0000  0.0000  0.0000  0.0000  0.0000  0.0000  0.0000
  0.0000  0.0000  0.0000  0.0000  0.0000  0.0000  0.0000  0.0000  0.0000  0.0000  0.0000  0.0000  0.0000  0.0000
  0.0000  0.0000  0.0000  0.0000  0.0000  0.0000  0.0000  0.0000  0.0000  0.0000  0.0000  0.0000  0.0000  0.0000
  0.0000  0.0000  0.0000  0.0000  0.0000  0.0000  0.0000  0.0000  0.0000  0.0000  0.0000  0.0000  0.0000  0.0000
  0.0000  0.0000  0.0000  0.0000  0.0000  0.0000  0.0000  0.0000  0.0000  0.0000  0.0000  0.0000  0.0000  0.0000
  0.0000  0.0000  0.0000  0.0000  0.0000  0.0000  0.0000  0.0000  0.0000  0.0000  0.0000  0.0000  0.0000  0.0000
  0.0000  0.0000  0.0000  0.0000  0.0000  0.0000  0.0000  0.0000  0.0000  0.0000  0.0000  0.0000  0.0000  0.0000
  At least one transformation matrix is not Identity
 Magnetic system with s-o coupling; M theta, phi:  0.0000  0.0000
 Inside ROTDEF
Operation  1 transforms atom   1 from first atom   1
Actual position of atom  1 is:  0.000000    0.000000    0.000000
 
Combined transformation (acting on k-point) for correlated atoms
including users rotation and internal local rotation
catom  1 atom   1
   1.04410   0.00000   0.00000
   0.00000  -1.04410   0.00000
   0.00000   0.00000  -0.78413
 
 
 SPIN COORD SYSTEM:
    1.000000    0.000000    0.000000
    0.000000    1.000000    0.000000
    0.000000    0.000000    1.000000
 
 in global cartezian coordinates:
    1.000000    0.000000    0.000000
    0.000000   -1.000000    0.000000
    0.000000    0.000000   -1.000000
 ____________________________
 in spin coordinates:
    1.000000    0.000000    0.000000
    0.000000   -1.000000    0.000000
    0.000000    0.000000   -1.000000
           1   3.14159266849095       -1.00000000000000     
 
 in global cartezian coordinates:
    0.000000    1.000000    0.000000
   -1.000000    0.000000    0.000000
    0.000000    0.000000   -1.000000
 ____________________________
 in spin coordinates:
    0.000000    1.000000    0.000000
   -1.000000    0.000000    0.000000
    0.000000    0.000000   -1.000000
           2   1.57079632679490        1.00000000000000     
 
 in global cartezian coordinates:
   -1.000000    0.000000    0.000000
    0.000000   -1.000000    0.000000
    0.000000    0.000000   -1.000000
 ____________________________
 in spin coordinates:
   -1.000000    0.000000    0.000000
    0.000000   -1.000000    0.000000
    0.000000    0.000000   -1.000000
           3  1.490116119384766E-008   1.00000000000000     
 
 in global cartezian coordinates:
    0.000000    1.000000    0.000000
    1.000000    0.000000    0.000000
    0.000000    0.000000   -1.000000
 ____________________________
 in spin coordinates:
    0.000000    1.000000    0.000000
    1.000000    0.000000    0.000000
    0.000000    0.000000   -1.000000
           4   1.57079632679490       -1.00000000000000     
 
 in global cartezian coordinates:
    0.000000   -1.000000    0.000000
   -1.000000    0.000000    0.000000
    0.000000    0.000000   -1.000000
 ____________________________
 in spin coordinates:
    0.000000   -1.000000    0.000000
   -1.000000    0.000000    0.000000
    0.000000    0.000000   -1.000000
           5   4.71238898038469       -1.00000000000000     
 
 in global cartezian coordinates:
    1.000000    0.000000    0.000000
    0.000000    1.000000    0.000000
    0.000000    0.000000   -1.000000
 ____________________________
 in spin coordinates:
    1.000000    0.000000    0.000000
    0.000000    1.000000    0.000000
    0.000000    0.000000   -1.000000
           6   3.14159263868863        1.00000000000000     
 
 in global cartezian coordinates:
    1.000000    0.000000    0.000000
    0.000000   -1.000000    0.000000
    0.000000    0.000000    1.000000
 ____________________________
 in spin coordinates:
    1.000000    0.000000    0.000000
    0.000000   -1.000000    0.000000
    0.000000    0.000000    1.000000
           7   6.28318529227843       -1.00000000000000     
 
 in global cartezian coordinates:
    0.000000    1.000000    0.000000
   -1.000000    0.000000    0.000000
    0.000000    0.000000    1.000000
 ____________________________
 in spin coordinates:
    0.000000    1.000000    0.000000
   -1.000000    0.000000    0.000000
    0.000000    0.000000    1.000000
           8  -1.57079632679490        1.00000000000000     
 
 in global cartezian coordinates:
    0.000000   -1.000000    0.000000
    1.000000    0.000000    0.000000
    0.000000    0.000000   -1.000000
 ____________________________
 in spin coordinates:
    0.000000   -1.000000    0.000000
    1.000000    0.000000    0.000000
    0.000000    0.000000   -1.000000
           9  -1.57079632679490        1.00000000000000     
 
 in global cartezian coordinates:
   -1.000000    0.000000    0.000000
    0.000000    1.000000    0.000000
    0.000000    0.000000   -1.000000
 ____________________________
 in spin coordinates:
   -1.000000    0.000000    0.000000
    0.000000    1.000000    0.000000
    0.000000    0.000000   -1.000000
          10   6.28318529227843       -1.00000000000000     
 
 in global cartezian coordinates:
   -1.000000    0.000000    0.000000
    0.000000   -1.000000    0.000000
    0.000000    0.000000    1.000000
 ____________________________
 in spin coordinates:
   -1.000000    0.000000    0.000000
    0.000000   -1.000000    0.000000
    0.000000    0.000000    1.000000
          11   3.14159263868863        1.00000000000000     
 
 in global cartezian coordinates:
    0.000000    1.000000    0.000000
    1.000000    0.000000    0.000000
    0.000000    0.000000    1.000000
 ____________________________
 in spin coordinates:
    0.000000    1.000000    0.000000
    1.000000    0.000000    0.000000
    0.000000    0.000000    1.000000
          12   4.71238898038469       -1.00000000000000     
 
 in global cartezian coordinates:
    0.000000   -1.000000    0.000000
   -1.000000    0.000000    0.000000
    0.000000    0.000000    1.000000
 ____________________________
 in spin coordinates:
    0.000000   -1.000000    0.000000
   -1.000000    0.000000    0.000000
    0.000000    0.000000    1.000000
          13   1.57079632679490       -1.00000000000000     
 
 in global cartezian coordinates:
    1.000000    0.000000    0.000000
    0.000000    1.000000    0.000000
    0.000000    0.000000    1.000000
 ____________________________
 in spin coordinates:
    1.000000    0.000000    0.000000
    0.000000    1.000000    0.000000
    0.000000    0.000000    1.000000
          14  1.490116119384766E-008   1.00000000000000     
 
 in global cartezian coordinates:
    0.000000   -1.000000    0.000000
    1.000000    0.000000    0.000000
    0.000000    0.000000    1.000000
 ____________________________
 in spin coordinates:
    0.000000   -1.000000    0.000000
    1.000000    0.000000    0.000000
    0.000000    0.000000    1.000000
          15   1.57079632679490        1.00000000000000     
 
 in global cartezian coordinates:
   -1.000000    0.000000    0.000000
    0.000000    1.000000    0.000000
    0.000000    0.000000    1.000000
 ____________________________
 in spin coordinates:
   -1.000000    0.000000    0.000000
    0.000000    1.000000    0.000000
    0.000000    0.000000    1.000000
          16   3.14159266849095       -1.00000000000000     
 
 FNAME=
 deltaprime_Pu_7.energyso_1                                                     
                                                                                
                                                     60
 FNAME=
 deltaprime_Pu_7.energysodn_1                                                   
                                                                                
                                                     59
 BZ-integration with TETRA-program.   icor=: 1
 Equal occupancy of degenerate states, tol=: 0.1E-05
 call eord...
 call dos...
 ILOOP            1
   FERMI ENERGY AT    1.35944452313759     
 RESULT OF INTEGRATION:      16.000006200078; SHOULD BE:      15.999999999900
 call eweigh...
   number of occupied bands:          18
   highest energy:   1.36707490912836     
 FERMI-LDA=   1.359 Ryd,  18.496 eV.
 ABSOLUTE EMIN=   0.918 Ryd.  12.496 eV.
 ABSOLUTE EMAX=   1.800 Ryd.  24.496 eV.


:NLDA  : NUMBER OF ELECTRONS          =  16.000

:FLDA  : F E R M I - ENERGY           =   1.35944
 
 ********** Information about the atomic index arrays ************
 iatom=           1
 isort=           1
 csort=           1
 maxucase=           1
icase, iucase, jatom, latom=     1     1     1     1
 
 *****  Arrays for correlated blocks ******
 norbitals=           1
 maxdim2=          14
iorbital( 1, 1)=   1
cix( 1, 1)=   1
icase,lcase,icix,iorb,nind1,ip1,iSx=    1    1    1    1   14    1    1
icase,lcase,icix,iorb,nind1,ip1,iSx=    1    1    1    1   14    2    2
icase,lcase,icix,iorb,nind1,ip1,iSx=    1    1    1    1   14    3    3
icase,lcase,icix,iorb,nind1,ip1,iSx=    1    1    1    1   14    4    4
icase,lcase,icix,iorb,nind1,ip1,iSx=    1    1    1    1   14    5    5
icase,lcase,icix,iorb,nind1,ip1,iSx=    1    1    1    1   14    6    6
icase,lcase,icix,iorb,nind1,ip1,iSx=    1    1    1    1   14    7    7
icase,lcase,icix,iorb,nind1,ip1,iSx=    1    1    1    1   14    8    8
icase,lcase,icix,iorb,nind1,ip1,iSx=    1    1    1    1   14    9    9
icase,lcase,icix,iorb,nind1,ip1,iSx=    1    1    1    1   14   10   10
icase,lcase,icix,iorb,nind1,ip1,iSx=    1    1    1    1   14   11   11
icase,lcase,icix,iorb,nind1,ip1,iSx=    1    1    1    1   14   12   12
icase,lcase,icix,iorb,nind1,ip1,iSx=    1    1    1    1   14   13   13
icase,lcase,icix,iorb,nind1,ip1,iSx=    1    1    1    1   14   14   14
cixdim( 1)=14
noccur( 1, 1)=   6
noccur( 2, 1)=   8
iSx( 1, 1)=  1
iSx( 2, 1)=  2
iSx( 3, 1)=  3
iSx( 4, 1)=  4
iSx( 5, 1)=  5
iSx( 6, 1)=  6
iSx( 7, 1)=  7
iSx( 8, 1)=  8
iSx( 9, 1)=  9
iSx(10, 1)= 10
iSx(11, 1)= 11
iSx(12, 1)= 12
iSx(13, 1)= 13
iSx(14, 1)= 14
nindo( 1)= 14
CF for iorb1= 1 iorb2= 1
    0.92582010     0.00000000       0.00000000     0.00000000       0.00000000     0.00000000       0.00000000     0.00000000       0.00000000     0.00000000       0.00000000     0.00000000       0.00000000     0.00000000       0.00000000     0.00000000      -0.37796447     0.00000000       0.00000000     0.00000000       0.00000000     0.00000000       0.00000000     0.00000000       0.00000000     0.00000000       0.00000000     0.00000000   
    0.00000000     0.00000000       0.84515425     0.00000000       0.00000000     0.00000000       0.00000000     0.00000000       0.00000000     0.00000000       0.00000000     0.00000000       0.00000000     0.00000000       0.00000000     0.00000000       0.00000000     0.00000000      -0.53452248     0.00000000       0.00000000     0.00000000       0.00000000     0.00000000       0.00000000     0.00000000       0.00000000     0.00000000   
    0.00000000     0.00000000       0.00000000     0.00000000       0.75592895     0.00000000       0.00000000     0.00000000       0.00000000     0.00000000       0.00000000     0.00000000       0.00000000     0.00000000       0.00000000     0.00000000       0.00000000     0.00000000       0.00000000     0.00000000      -0.65465367     0.00000000       0.00000000     0.00000000       0.00000000     0.00000000       0.00000000     0.00000000   
    0.00000000     0.00000000       0.00000000     0.00000000       0.00000000     0.00000000       0.65465367     0.00000000       0.00000000     0.00000000       0.00000000     0.00000000       0.00000000     0.00000000       0.00000000     0.00000000       0.00000000     0.00000000       0.00000000     0.00000000       0.00000000     0.00000000      -0.75592895     0.00000000       0.00000000     0.00000000       0.00000000     0.00000000   
    0.00000000     0.00000000       0.00000000     0.00000000       0.00000000     0.00000000       0.00000000     0.00000000       0.53452248     0.00000000       0.00000000     0.00000000       0.00000000     0.00000000       0.00000000     0.00000000       0.00000000     0.00000000       0.00000000     0.00000000       0.00000000     0.00000000       0.00000000     0.00000000      -0.84515425     0.00000000       0.00000000     0.00000000   
    0.00000000     0.00000000       0.00000000     0.00000000       0.00000000     0.00000000       0.00000000     0.00000000       0.00000000     0.00000000       0.37796447     0.00000000       0.00000000     0.00000000       0.00000000     0.00000000       0.00000000     0.00000000       0.00000000     0.00000000       0.00000000     0.00000000       0.00000000     0.00000000       0.00000000     0.00000000      -0.92582010     0.00000000   
    0.00000000     0.00000000       0.00000000     0.00000000       0.00000000     0.00000000       0.00000000     0.00000000       0.00000000     0.00000000       0.00000000     0.00000000       0.00000000     0.00000000       1.00000000     0.00000000       0.00000000     0.00000000       0.00000000     0.00000000       0.00000000     0.00000000       0.00000000     0.00000000       0.00000000     0.00000000       0.00000000     0.00000000   
    0.37796447     0.00000000       0.00000000     0.00000000       0.00000000     0.00000000       0.00000000     0.00000000       0.00000000     0.00000000       0.00000000     0.00000000       0.00000000     0.00000000       0.00000000     0.00000000       0.92582010     0.00000000       0.00000000     0.00000000       0.00000000     0.00000000       0.00000000     0.00000000       0.00000000     0.00000000       0.00000000     0.00000000   
    0.00000000     0.00000000       0.53452248     0.00000000       0.00000000     0.00000000       0.00000000     0.00000000       0.00000000     0.00000000       0.00000000     0.00000000       0.00000000     0.00000000       0.00000000     0.00000000       0.00000000     0.00000000       0.84515425     0.00000000       0.00000000     0.00000000       0.00000000     0.00000000       0.00000000     0.00000000       0.00000000     0.00000000   
    0.00000000     0.00000000       0.00000000     0.00000000       0.65465367     0.00000000       0.00000000     0.00000000       0.00000000     0.00000000       0.00000000     0.00000000       0.00000000     0.00000000       0.00000000     0.00000000       0.00000000     0.00000000       0.00000000     0.00000000       0.75592895     0.00000000       0.00000000     0.00000000       0.00000000     0.00000000       0.00000000     0.00000000   
    0.00000000     0.00000000       0.00000000     0.00000000       0.00000000     0.00000000       0.75592895     0.00000000       0.00000000     0.00000000       0.00000000     0.00000000       0.00000000     0.00000000       0.00000000     0.00000000       0.00000000     0.00000000       0.00000000     0.00000000       0.00000000     0.00000000       0.65465367     0.00000000       0.00000000     0.00000000       0.00000000     0.00000000   
    0.00000000     0.00000000       0.00000000     0.00000000       0.00000000     0.00000000       0.00000000     0.00000000       0.84515425     0.00000000       0.00000000     0.00000000       0.00000000     0.00000000       0.00000000     0.00000000       0.00000000     0.00000000       0.00000000     0.00000000       0.00000000     0.00000000       0.00000000     0.00000000       0.53452248     0.00000000       0.00000000     0.00000000   
    0.00000000     0.00000000       0.00000000     0.00000000       0.00000000     0.00000000       0.00000000     0.00000000       0.00000000     0.00000000       0.92582010     0.00000000       0.00000000     0.00000000       0.00000000     0.00000000       0.00000000     0.00000000       0.00000000     0.00000000       0.00000000     0.00000000       0.00000000     0.00000000       0.00000000     0.00000000       0.37796447     0.00000000   
    0.00000000     0.00000000       0.00000000     0.00000000       0.00000000     0.00000000       0.00000000     0.00000000       0.00000000     0.00000000       0.00000000     0.00000000       1.00000000     0.00000000       0.00000000     0.00000000       0.00000000     0.00000000       0.00000000     0.00000000       0.00000000     0.00000000       0.00000000     0.00000000       0.00000000     0.00000000       0.00000000     0.00000000   
Rspin for iorb=  1
 angles=  0.000000000000000E+000   3.14159265358979       0.000000000000000E+000
  0.000000000000000E+000  0.000000000000000E+000  0.000000000000000E+000
 Rspin=
    0.000000    0.000000      0.000000    1.000000
    0.000000    1.000000      0.000000    0.000000
 Calculation for atom  1 which has iucase=  1
 ATPAR for spin up

          ATOMIC PARAMETERS FOR Pu  0+    

           ENERGY PARAMETERS ARE   1.13  -1.15   1.13   1.13

           L     U(R)          U'(R)         DU/DE        DU'/DE      NORM-U'
           0  0.551963E+00  0.812548E+00  0.111965E+00 -0.227107E+00
           1  0.537422E+00 -0.150338E-03 -0.144139E+00 -0.402516E+00
           2 -0.617406E+00  0.260266E-01  0.985774E-01  0.346281E+00
           3 -0.314454E+00  0.129784E+00  0.365186E+00  0.537442E+00
LO COEFFICIENT: l,A,B,C   0          0.65240    -3.21618     0.00000     0.00000
 
LO COEFFICIENT: l,A,B,C   0          0.32150     0.00000     0.78034     0.00000
 
LO COEFFICIENT: l,A,B,C   1          0.87935     3.27866     0.00000     0.00000
 
LO COEFFICIENT: l,A,B,C   1          0.26698     0.00000    -1.23688     0.00000
 
LO COEFFICIENT: l,A,B,C   2          0.85311     5.34313     0.00000     0.00000
 
LO COEFFICIENT: l,A,B,C   3          0.94107     0.81033     0.00000     0.00000
 
 ATPAR for spin down

          ATOMIC PARAMETERS FOR Pu  0+    

           ENERGY PARAMETERS ARE   1.13  -1.15   1.13   1.13

           L     U(R)          U'(R)         DU/DE        DU'/DE      NORM-U'
           0  0.551963E+00  0.812548E+00  0.111965E+00 -0.227107E+00
           1  0.537422E+00 -0.150338E-03 -0.144139E+00 -0.402516E+00
           2 -0.617406E+00  0.260266E-01  0.985774E-01  0.346281E+00
           3 -0.314454E+00  0.129784E+00  0.365186E+00  0.537442E+00
LO COEFFICIENT: l,A,B,C   0          0.65240    -3.21618     0.00000     0.00000
 
LO COEFFICIENT: l,A,B,C   0          0.32150     0.00000     0.78034     0.00000
 
LO COEFFICIENT: l,A,B,C   1          0.87935     3.27866     0.00000     0.00000
 
LO COEFFICIENT: l,A,B,C   1          0.26698     0.00000    -1.23688     0.00000
 
LO COEFFICIENT: l,A,B,C   2          0.85311     5.34313     0.00000     0.00000
 
LO COEFFICIENT: l,A,B,C   3          0.94107     0.81033     0.00000     0.00000
 
 L1=           0  L2=           0
 RADIAL INTEGRALS:
           1           1                 1           1   1.00000000000000     
           1           3                 1           1  0.573393110370235     
           1           1                 1           2   1.00000000000000     
           1           3                 1           2  0.573393110370235     
           1           1                 2           1   1.00000000000000     
           1           3                 2           1  0.573393110370235     
           1           1                 2           2   1.00000000000000     
           1           3                 2           2  0.573393110370235     
           2           2                 1           1  5.552817751287863E-002
           2           3                 1           1 -0.190776384551753     
           2           2                 1           2  5.552817751287863E-002
           2           3                 1           2 -0.190776384551753     
           2           2                 2           1  5.552817751287863E-002
           2           3                 2           1 -0.190776384551753     
           2           2                 2           2  5.552817751287863E-002
           2           3                 2           2 -0.190776384551753     
           3           1                 1           1  0.573393110370235     
           3           2                 1           1 -0.190776384551753     
           3           3                 1           1   1.00000000000000     
           3           1                 1           2  0.573393110370235     
           3           2                 1           2 -0.190776384551753     
           3           3                 1           2   1.00000000000000     
           3           1                 2           1  0.573393110370235     
           3           2                 2           1 -0.190776384551753     
           3           3                 2           1   1.00000000000000     
           3           1                 2           2  0.573393110370235     
           3           2                 2           2 -0.190776384551753     
           3           3                 2           2   1.00000000000000     
 L1=           1  L2=           1
 RADIAL INTEGRALS:
           1           1                 1           1   1.00000000000000     
           1           3                 1           1  0.910219267081946     
           1           1                 1           2   1.00000000000000     
           1           3                 1           2  0.910219267081946     
           1           1                 2           1   1.00000000000000     
           1           3                 2           1  0.910219267081946     
           1           1                 2           2   1.00000000000000     
           1           3                 2           2  0.910219267081946     
           2           2                 1           1  2.109299407061027E-002
           2           3                 1           1  5.997870159123562E-002
           2           2                 1           2  2.109299407061027E-002
           2           3                 1           2  5.997870159123562E-002
           2           2                 2           1  2.109299407061027E-002
           2           3                 2           1  5.997870159123562E-002
           2           2                 2           2  2.109299407061027E-002
           2           3                 2           2  5.997870159123562E-002
           3           1                 1           1  0.910219267081946     
           3           2                 1           1  5.997870159123562E-002
           3           3                 1           1   1.00000000000000     
           3           1                 1           2  0.910219267081946     
           3           2                 1           2  5.997870159123562E-002
           3           3                 1           2   1.00000000000000     
           3           1                 2           1  0.910219267081946     
           3           2                 2           1  5.997870159123562E-002
           3           3                 2           1   1.00000000000000     
           3           1                 2           2  0.910219267081946     
           3           2                 2           2  5.997870159123562E-002
           3           3                 2           2   1.00000000000000     
 L1=           2  L2=           2
 RADIAL INTEGRALS:
           1           1                 1           1   1.00000000000000     
           1           1                 1           2   1.00000000000000     
           1           1                 2           1   1.00000000000000     
           1           1                 2           2   1.00000000000000     
           2           2                 1           1  9.534848294909784E-003
           2           2                 1           2  9.534848294909784E-003
           2           2                 2           1  9.534848294909784E-003
           2           2                 2           2  9.534848294909784E-003
 L1=           3  L2=           3
 RADIAL INTEGRALS:
           1           1                 1           1   1.00000000000000     
           1           1                 1           2   1.00000000000000     
           1           1                 2           1   1.00000000000000     
           1           1                 2           2   1.00000000000000     
           2           2                 1           1  0.174204677827773     
           2           2                 1           2  0.174204677827773     
           2           2                 2           1  0.174204677827773     
           2           2                 2           2  0.174204677827773     
Saving potential parameters for atom 1 into  1
pr_proc=363  tot-k=726
 ------------------------------------------------------------------------------


   =====>>> CPU TIME SUMMARY

            TOTAL       :      2.7
 OMP_NUM_THREADS= 2
 GUTZ_SOLVER VO.1.5 BUILT ON Jan 19 2014 AT22:25:59
 NT=  1 SEC_N%DIM=   10 WITH ID:
           1       2      16     107     471    1472    3474    6477    9909   12912
       14914
 MEAN U/J:  0.2940  0.0265
 NEL_FIX_VDC1=      5.19
 ATOM DEPENDENT NELF1:
      5.1889
 DCMIX_A=  0.200000
 SYMMETRICALLY NON-EQUIVALENT ATOMS:
          1
 VARIATIONAL-SETUP-NON-EQUIVALENT ATOMS:
          1
 COMPLEMENTARY VARIATIONAL-SETUP-EQUIVALENT ATOMS:

 GYZ%SYM%IDSUM:
  1
 DIM(X_Gutz)=  4
 CALC SET: GAPJ-SHFT FULL       -JH-PROJ SLATER    VAR-FIXDC    Ryd.   
 NT= 1
 LOCAL INTERACTION PART   :
 U              :   0.2940
 J              :   0.0265
 FOCK SPACE PART:
 NA             :  7
 FS%OCC(1) L.B. :  0
 FS%OCC(2) U.B. :  9
 FS%DIM         :     14913
 HL%OCC(1) L.B. :  0
 HL%OCC(2) U.B. :  9
 ISO= 2 ISPIN_IN= 1 ISPIN= 1 ISPO= 2
 BND%NMAX=  66
 BZ INTEGRATION WITH TETRA METHOD, ICOR= 1
 EQUAL OCCUPANCY OF DEGENERATE STATES, TOL= 0.1E-05
 VALENCE ELECTRONS: TOTAL=    16.0
                    CORRELATED PART=     8.0
 SYM%IDI/IDF=  1 16
 BND%NMAXIN=   24
      GUTZ5_INI_CORR_UVEK takes  0 hours  0 minutes and    0.09 seconds (CPU).
                          takes  0 hours  0 minutes and    0.09 seconds (WALL).
                 SETUP_TB takes  0 hours  0 minutes and    3.06 seconds (CPU).
                          takes  0 hours  0 minutes and    1.55 seconds (WALL).
************  EL-  ************
 NI=  1 NI_GLOBAL=  1
   1.3570   1.3554   1.3562   1.3562   1.3554   1.3570   1.4370   1.4362   1.4350   1.4366   1.4366   1.4350   1.4362   1.4370
************  EL=  ************
 NI=  1 NI_GLOBAL=  1
   1.3570   0.0000   0.0000   0.0000  -0.0004   0.0000   0.0000   0.0007   0.0000   0.0000   0.0000  -0.0043   0.0000   0.0000
   0.0000   1.3554   0.0000   0.0000   0.0000  -0.0004   0.0000   0.0000   0.0004   0.0000   0.0000   0.0000   0.0049   0.0000
   0.0000   0.0000   1.3562   0.0000   0.0000   0.0000   0.0000   0.0000   0.0000  -0.0021   0.0000   0.0000   0.0000  -0.0033
   0.0000   0.0000   0.0000   1.3562   0.0000   0.0000   0.0033   0.0000   0.0000   0.0000   0.0021   0.0000   0.0000   0.0000
  -0.0004   0.0000   0.0000   0.0000   1.3554   0.0000   0.0000  -0.0049   0.0000   0.0000   0.0000  -0.0004   0.0000   0.0000
   0.0000  -0.0004   0.0000   0.0000   0.0000   1.3570   0.0000   0.0000   0.0043   0.0000   0.0000   0.0000  -0.0007   0.0000
   0.0000   0.0000   0.0000   0.0033   0.0000   0.0000   1.4370   0.0000   0.0000   0.0000  -0.0023   0.0000   0.0000   0.0000
   0.0007   0.0000   0.0000   0.0000  -0.0049   0.0000   0.0000   1.4362   0.0000   0.0000   0.0000   0.0014   0.0000   0.0000
   0.0000   0.0004   0.0000   0.0000   0.0000   0.0043   0.0000   0.0000   1.4350   0.0000   0.0000   0.0000   0.0014   0.0000
   0.0000   0.0000  -0.0021   0.0000   0.0000   0.0000   0.0000   0.0000   0.0000   1.4366   0.0000   0.0000   0.0000  -0.0023
   0.0000   0.0000   0.0000   0.0021   0.0000   0.0000  -0.0023   0.0000   0.0000   0.0000   1.4366   0.0000   0.0000   0.0000
  -0.0043   0.0000   0.0000   0.0000  -0.0004   0.0000   0.0000   0.0014   0.0000   0.0000   0.0000   1.4350   0.0000   0.0000
   0.0000   0.0049   0.0000   0.0000   0.0000  -0.0007   0.0000   0.0000   0.0014   0.0000   0.0000   0.0000   1.4362   0.0000
   0.0000   0.0000  -0.0033   0.0000   0.0000   0.0000   0.0000   0.0000   0.0000  -0.0023   0.0000   0.0000   0.0000   1.4370
 NI=  1 LOCAL ORBITAL LEVEL CENTER(ELC)=   1.402
************  EL0  ************
 NI=  1 NI_GLOBAL=  1
   1.3562   1.3562   1.3562   1.3562   1.3562   1.3562   1.4362   1.4362   1.4362   1.4362   1.4362   1.4362   1.4362   1.4362
************  ELL  ************
 NI=  1 NI_GLOBAL=  1
   1.3562   0.0000   0.0000   0.0000   0.0000   0.0000   0.0000   0.0000   0.0000   0.0000   0.0000   0.0000   0.0000   0.0000
   0.0000   1.3562   0.0000   0.0000   0.0000   0.0000   0.0000   0.0000   0.0000   0.0000   0.0000   0.0000   0.0000   0.0000
   0.0000   0.0000   1.3562   0.0000   0.0000   0.0000   0.0000   0.0000   0.0000   0.0000   0.0000   0.0000   0.0000   0.0000
   0.0000   0.0000   0.0000   1.3562   0.0000   0.0000   0.0000   0.0000   0.0000   0.0000   0.0000   0.0000   0.0000   0.0000
   0.0000   0.0000   0.0000   0.0000   1.3562   0.0000   0.0000   0.0000   0.0000   0.0000   0.0000   0.0000   0.0000   0.0000
   0.0000   0.0000   0.0000   0.0000   0.0000   1.3562   0.0000   0.0000   0.0000   0.0000   0.0000   0.0000   0.0000   0.0000
   0.0000   0.0000   0.0000   0.0000   0.0000   0.0000   1.4362   0.0000   0.0000   0.0000   0.0000   0.0000   0.0000   0.0000
   0.0000   0.0000   0.0000   0.0000   0.0000   0.0000   0.0000   1.4362   0.0000   0.0000   0.0000   0.0000   0.0000   0.0000
   0.0000   0.0000   0.0000   0.0000   0.0000   0.0000   0.0000   0.0000   1.4362   0.0000   0.0000   0.0000   0.0000   0.0000
   0.0000   0.0000   0.0000   0.0000   0.0000   0.0000   0.0000   0.0000   0.0000   1.4362   0.0000   0.0000   0.0000   0.0000
   0.0000   0.0000   0.0000   0.0000   0.0000   0.0000   0.0000   0.0000   0.0000   0.0000   1.4362   0.0000   0.0000   0.0000
   0.0000   0.0000   0.0000   0.0000   0.0000   0.0000   0.0000   0.0000   0.0000   0.0000   0.0000   1.4362   0.0000   0.0000
   0.0000   0.0000   0.0000   0.0000   0.0000   0.0000   0.0000   0.0000   0.0000   0.0000   0.0000   0.0000   1.4362   0.0000
   0.0000   0.0000   0.0000   0.0000   0.0000   0.0000   0.0000   0.0000   0.0000   0.0000   0.0000   0.0000   0.0000   1.4362
                  GET_EL0 takes  0 hours  0 minutes and    0.03 seconds (CPU).
                          takes  0 hours  0 minutes and    0.02 seconds (WALL).
 There are  4 blocks of bands, with band energy windows:
  -2.070  -2.020 |   -0.521  -0.408 |    0.006   0.289 |    0.957   4.499 | 
 Band window indices:
         1      2 |          3      4 |          5      8 |          9     67 | 
 Band width
       0.050   |         0.113   |         0.283   |         3.542   |  
 Band gap
       1.500   |         0.414   |         0.669   |  
 CORRELATED BLOCK: EMIN/EMIX=    0.9575    1.8004
 CORRELATED BAND WIDTH=   0.843
         GUTZ_RED_PRJ_NEQ takes  0 hours  1 minutes and    4.51 seconds (CPU).
                          takes  0 hours  1 minutes and    4.48 seconds (WALL).
 NI=  1 DIM_PHIK=   41227 HL%DIM=  14913
       ID_PHIK_N=
      1      2      4     33    264   1639   6153  15546  27321  36714
  41228
       ID_PHIK_J=
      1      2      3      4      8      9     18     19     28     29
     33     37     73    122    171    220    245    254    263    264
    300    349    638    807   1168   1364   1533   1582   1631   1635
   1639   1739   2180   2964   3864   4705   5381   5781   6037   6118
   6143   6152   6153   6349   6710   8079   9448  11564  12933  14377
  14953  15353  15474  15538  15542  15546  15835  16796  18560  21060
  23176  24940  26165  26841  27165  27286  27311  27320  27321  27517
  27878  29247  30616  32732  34101  35545  36121  36521  36642  36706
  36710  36714  36814  37255  38039  38939  39780  40456  40856  41112
  41193  41218  41227  41228
          GUTZ_SET_PRJ_EQ takes  0 hours  0 minutes and    0.00 seconds (CPU).
                          takes  0 hours  0 minutes and    0.00 seconds (WALL).
************   WH%X  ************
    0.89821720    0.91667395
    1.31522597    1.47023651
************  RIN  ************
 NI=  1 NI_GLOBAL=  1
   0.8982   0.8982   0.8982   0.8982   0.8982   0.8982   0.9167   0.9167   0.9167   0.9167   0.9167   0.9167   0.9167   0.9167
************  LA1  ************
 NI=  1 NI_GLOBAL=  1
   1.3152   1.3152   1.3152   1.3152   1.3152   1.3152   1.4702   1.4702   1.4702   1.4702   1.4702   1.4702   1.4702   1.4702
             CALC_BAND_AL takes  0 hours  0 minutes and    1.39 seconds (CPU).
                          takes  0 hours  0 minutes and    0.70 seconds (WALL).
 ILOOP            1
 ILOOP            2
   FERMI ENERGY AT    1.33020390891688     
   SUM RULE OF TETRAHEDRON INTEGRATION CHECKED 
   number of occupied bands:          18
   highest energy:   1.37154435288245     
************  NK-  ************
 NI=  1 NI_GLOBAL=  1
   0.7957   0.7820   0.7933   0.7933   0.7820   0.7957   0.0534   0.0629   0.0562   0.0515   0.0515   0.0562   0.0629   0.0534
************  NNK  ************
 NI=  1 NI_GLOBAL=  1
   0.7957   0.0000   0.0000   0.0000  -0.0004   0.0000   0.0000  -0.0032   0.0000   0.0000   0.0000   0.0129   0.0000   0.0000
   0.0000   0.7820   0.0000   0.0000   0.0000  -0.0004   0.0000   0.0000  -0.0002   0.0000   0.0000   0.0000  -0.0261   0.0000
   0.0000   0.0000   0.7933   0.0000   0.0000   0.0000   0.0000   0.0000   0.0000   0.0150   0.0000   0.0000   0.0000   0.0128
   0.0000   0.0000   0.0000   0.7933   0.0000   0.0000  -0.0128   0.0000   0.0000   0.0000  -0.0150   0.0000   0.0000   0.0000
  -0.0004   0.0000   0.0000   0.0000   0.7820   0.0000   0.0000   0.0261   0.0000   0.0000   0.0000   0.0002   0.0000   0.0000
   0.0000  -0.0004   0.0000   0.0000   0.0000   0.7957   0.0000   0.0000  -0.0129   0.0000   0.0000   0.0000   0.0032   0.0000
   0.0000   0.0000   0.0000  -0.0128   0.0000   0.0000   0.0534   0.0000   0.0000   0.0000   0.0028   0.0000   0.0000   0.0000
  -0.0032   0.0000   0.0000   0.0000   0.0261   0.0000   0.0000   0.0629   0.0000   0.0000   0.0000   0.0002   0.0000   0.0000
   0.0000  -0.0002   0.0000   0.0000   0.0000  -0.0129   0.0000   0.0000   0.0562   0.0000   0.0000   0.0000   0.0002   0.0000
   0.0000   0.0000   0.0150   0.0000   0.0000   0.0000   0.0000   0.0000   0.0000   0.0515   0.0000   0.0000   0.0000   0.0028
   0.0000   0.0000   0.0000  -0.0150   0.0000   0.0000   0.0028   0.0000   0.0000   0.0000   0.0515   0.0000   0.0000   0.0000
   0.0129   0.0000   0.0000   0.0000   0.0002   0.0000   0.0000   0.0002   0.0000   0.0000   0.0000   0.0562   0.0000   0.0000
   0.0000  -0.0261   0.0000   0.0000   0.0000   0.0032   0.0000   0.0000   0.0002   0.0000   0.0000   0.0000   0.0629   0.0000
   0.0000   0.0000   0.0128   0.0000   0.0000   0.0000   0.0000   0.0000   0.0000   0.0028   0.0000   0.0000   0.0000   0.0534
************  NKS  ************
 NI=  1 NI_GLOBAL=  1
   0.7903   0.7903   0.7903   0.7903   0.7903   0.7903   0.0560   0.0560   0.0560   0.0560   0.0560   0.0560   0.0560   0.0560
 NELE_LOC TOTAL:
           5.1898803388904193
              CALC_DA_BND takes  0 hours  0 minutes and    0.22 seconds (CPU).
                          takes  0 hours  0 minutes and    0.21 seconds (WALL).
************  DA-  ************
 NI=  1 NI_GLOBAL=  1
  -0.0224  -0.0243  -0.0230  -0.0230  -0.0243  -0.0224  -0.0116  -0.0140  -0.0121  -0.0117  -0.0117  -0.0121  -0.0140  -0.0116
************  DAA  ************
 NI=  1 NI_GLOBAL=  1
  -0.0233  -0.0233  -0.0233  -0.0233  -0.0233  -0.0233  -0.0124  -0.0124  -0.0124  -0.0124  -0.0124  -0.0124  -0.0124  -0.0124
 NI=  1 VDC=    1.3231
************  LA2  ************
 NI=  1 NI_GLOBAL=  1
  -2.7115  -2.7115  -2.7115  -2.7115  -2.7115  -2.7115  -2.6029  -2.6029  -2.6029  -2.6029  -2.6029  -2.6029  -2.6029  -2.6029
 NI=  1 PHI-step gap=  0.15E+00
************  RAA  ************
 NI=  1 NI_GLOBAL=  1
   0.8982   0.8982   0.8982   0.8982   0.8982   0.8982   0.9167   0.9167   0.9167   0.9167   0.9167   0.9167   0.9167   0.9167
************  NC0  ************
 NI=  1 NI_GLOBAL=  1
   0.7903   0.7903   0.7903   0.7903   0.7903   0.7903   0.0560   0.0560   0.0560   0.0560   0.0560   0.0560   0.0560   0.0560
                  CALC_LC takes  0 hours 10 minutes and    4.52 seconds (CPU).
                          takes  0 hours 10 minutes and    4.52 seconds (WALL).
                GUTZ_FCN1 takes  0 hours 10 minutes and    6.55 seconds (CPU).
                          takes  0 hours 10 minutes and    5.71 seconds (WALL).
************  DIF_X  ************
   -0.000032021520    0.000033238329
    0.000024202157    0.000004550641
 ITER1=  1 MAXERR=    0.00003324
************   WH%X  ************
    0.89822689    0.91667328
    1.31520515    1.47021804
************  RIN  ************
 NI=  1 NI_GLOBAL=  1
   0.8982   0.8982   0.8982   0.8982   0.8982   0.8982   0.9167   0.9167   0.9167   0.9167   0.9167   0.9167   0.9167   0.9167
************  LA1  ************
 NI=  1 NI_GLOBAL=  1
   1.3152   1.3152   1.3152   1.3152   1.3152   1.3152   1.4702   1.4702   1.4702   1.4702   1.4702   1.4702   1.4702   1.4702
             CALC_BAND_AL takes  0 hours  0 minutes and    1.38 seconds (CPU).
                          takes  0 hours  0 minutes and    0.68 seconds (WALL).
 ILOOP            1
 ILOOP            2
   FERMI ENERGY AT    1.33018773279390     
   SUM RULE OF TETRAHEDRON INTEGRATION CHECKED 
   number of occupied bands:          18
   highest energy:   1.37153779508930     
************  NK-  ************
 NI=  1 NI_GLOBAL=  1
   0.7958   0.7820   0.7933   0.7933   0.7820   0.7958   0.0534   0.0629   0.0562   0.0515   0.0515   0.0562   0.0629   0.0534
************  NNK  ************
 NI=  1 NI_GLOBAL=  1
   0.7958   0.0000   0.0000   0.0000  -0.0004   0.0000   0.0000  -0.0032   0.0000   0.0000   0.0000   0.0129   0.0000   0.0000
   0.0000   0.7820   0.0000   0.0000   0.0000  -0.0004   0.0000   0.0000  -0.0002   0.0000   0.0000   0.0000  -0.0261   0.0000
   0.0000   0.0000   0.7933   0.0000   0.0000   0.0000   0.0000   0.0000   0.0000   0.0150   0.0000   0.0000   0.0000   0.0128
   0.0000   0.0000   0.0000   0.7933   0.0000   0.0000  -0.0128   0.0000   0.0000   0.0000  -0.0150   0.0000   0.0000   0.0000
  -0.0004   0.0000   0.0000   0.0000   0.7820   0.0000   0.0000   0.0261   0.0000   0.0000   0.0000   0.0002   0.0000   0.0000
   0.0000  -0.0004   0.0000   0.0000   0.0000   0.7958   0.0000   0.0000  -0.0129   0.0000   0.0000   0.0000   0.0032   0.0000
   0.0000   0.0000   0.0000  -0.0128   0.0000   0.0000   0.0534   0.0000   0.0000   0.0000   0.0028   0.0000   0.0000   0.0000
  -0.0032   0.0000   0.0000   0.0000   0.0261   0.0000   0.0000   0.0629   0.0000   0.0000   0.0000   0.0002   0.0000   0.0000
   0.0000  -0.0002   0.0000   0.0000   0.0000  -0.0129   0.0000   0.0000   0.0562   0.0000   0.0000   0.0000   0.0002   0.0000
   0.0000   0.0000   0.0150   0.0000   0.0000   0.0000   0.0000   0.0000   0.0000   0.0515   0.0000   0.0000   0.0000   0.0028
   0.0000   0.0000   0.0000  -0.0150   0.0000   0.0000   0.0028   0.0000   0.0000   0.0000   0.0515   0.0000   0.0000   0.0000
   0.0129   0.0000   0.0000   0.0000   0.0002   0.0000   0.0000   0.0002   0.0000   0.0000   0.0000   0.0562   0.0000   0.0000
   0.0000  -0.0261   0.0000   0.0000   0.0000   0.0032   0.0000   0.0000   0.0002   0.0000   0.0000   0.0000   0.0629   0.0000
   0.0000   0.0000   0.0128   0.0000   0.0000   0.0000   0.0000   0.0000   0.0000   0.0028   0.0000   0.0000   0.0000   0.0534
************  NKS  ************
 NI=  1 NI_GLOBAL=  1
   0.7903   0.7903   0.7903   0.7903   0.7903   0.7903   0.0560   0.0560   0.0560   0.0560   0.0560   0.0560   0.0560   0.0560
 NELE_LOC TOTAL:
           5.1900348066385655
              CALC_DA_BND takes  0 hours  0 minutes and    0.22 seconds (CPU).
                          takes  0 hours  0 minutes and    0.22 seconds (WALL).
************  DA-  ************
 NI=  1 NI_GLOBAL=  1
  -0.0224  -0.0243  -0.0230  -0.0230  -0.0243  -0.0224  -0.0116  -0.0140  -0.0121  -0.0117  -0.0117  -0.0121  -0.0140  -0.0116
************  DAA  ************
 NI=  1 NI_GLOBAL=  1
  -0.0233  -0.0233  -0.0233  -0.0233  -0.0233  -0.0233  -0.0124  -0.0124  -0.0124  -0.0124  -0.0124  -0.0124  -0.0124  -0.0124
 NI=  1 VDC=    1.3231
************  LA2  ************
 NI=  1 NI_GLOBAL=  1
  -2.7115  -2.7115  -2.7115  -2.7115  -2.7115  -2.7115  -2.6029  -2.6029  -2.6029  -2.6029  -2.6029  -2.6029  -2.6029  -2.6029
 NI=  1 PHI-step gap=  0.15E+00
************  RAA  ************
 NI=  1 NI_GLOBAL=  1
   0.8982   0.8982   0.8982   0.8982   0.8982   0.8982   0.9167   0.9167   0.9167   0.9167   0.9167   0.9167   0.9167   0.9167
************  NC0  ************
 NI=  1 NI_GLOBAL=  1
   0.7903   0.7903   0.7903   0.7903   0.7903   0.7903   0.0560   0.0560   0.0560   0.0560   0.0560   0.0560   0.0560   0.0560
                  CALC_LC takes  0 hours 10 minutes and   12.99 seconds (CPU).
                          takes  0 hours 10 minutes and   13.04 seconds (WALL).
                GUTZ_FCN1 takes  0 hours 10 minutes and   14.96 seconds (CPU).
                          takes  0 hours 10 minutes and   14.22 seconds (WALL).
************  DIF_X  ************
    0.000000255663   -0.000000974058
   -0.000000791219   -0.000000262955
 ITER1=  2 MAXERR=    0.00000097
************   WH%X  ************
    0.89822584    0.91667430
    1.31520589    1.47021910
************  RIN  ************
 NI=  1 NI_GLOBAL=  1
   0.8982   0.8982   0.8982   0.8982   0.8982   0.8982   0.9167   0.9167   0.9167   0.9167   0.9167   0.9167   0.9167   0.9167
************  LA1  ************
 NI=  1 NI_GLOBAL=  1
   1.3152   1.3152   1.3152   1.3152   1.3152   1.3152   1.4702   1.4702   1.4702   1.4702   1.4702   1.4702   1.4702   1.4702
             CALC_BAND_AL takes  0 hours  0 minutes and    1.39 seconds (CPU).
                          takes  0 hours  0 minutes and    0.70 seconds (WALL).
 ILOOP            1
 ILOOP            2
   FERMI ENERGY AT    1.33018829926726     
   SUM RULE OF TETRAHEDRON INTEGRATION CHECKED 
   number of occupied bands:          18
   highest energy:   1.37153802127691     
************  NK-  ************
 NI=  1 NI_GLOBAL=  1
   0.7958   0.7820   0.7933   0.7933   0.7820   0.7958   0.0534   0.0629   0.0562   0.0515   0.0515   0.0562   0.0629   0.0534
************  NNK  ************
 NI=  1 NI_GLOBAL=  1
   0.7958   0.0000   0.0000   0.0000  -0.0004   0.0000   0.0000  -0.0032   0.0000   0.0000   0.0000   0.0129   0.0000   0.0000
   0.0000   0.7820   0.0000   0.0000   0.0000  -0.0004   0.0000   0.0000  -0.0002   0.0000   0.0000   0.0000  -0.0261   0.0000
   0.0000   0.0000   0.7933   0.0000   0.0000   0.0000   0.0000   0.0000   0.0000   0.0150   0.0000   0.0000   0.0000   0.0128
   0.0000   0.0000   0.0000   0.7933   0.0000   0.0000  -0.0128   0.0000   0.0000   0.0000  -0.0150   0.0000   0.0000   0.0000
  -0.0004   0.0000   0.0000   0.0000   0.7820   0.0000   0.0000   0.0261   0.0000   0.0000   0.0000   0.0002   0.0000   0.0000
   0.0000  -0.0004   0.0000   0.0000   0.0000   0.7958   0.0000   0.0000  -0.0129   0.0000   0.0000   0.0000   0.0032   0.0000
   0.0000   0.0000   0.0000  -0.0128   0.0000   0.0000   0.0534   0.0000   0.0000   0.0000   0.0028   0.0000   0.0000   0.0000
  -0.0032   0.0000   0.0000   0.0000   0.0261   0.0000   0.0000   0.0629   0.0000   0.0000   0.0000   0.0002   0.0000   0.0000
   0.0000  -0.0002   0.0000   0.0000   0.0000  -0.0129   0.0000   0.0000   0.0562   0.0000   0.0000   0.0000   0.0002   0.0000
   0.0000   0.0000   0.0150   0.0000   0.0000   0.0000   0.0000   0.0000   0.0000   0.0515   0.0000   0.0000   0.0000   0.0028
   0.0000   0.0000   0.0000  -0.0150   0.0000   0.0000   0.0028   0.0000   0.0000   0.0000   0.0515   0.0000   0.0000   0.0000
   0.0129   0.0000   0.0000   0.0000   0.0002   0.0000   0.0000   0.0002   0.0000   0.0000   0.0000   0.0562   0.0000   0.0000
   0.0000  -0.0261   0.0000   0.0000   0.0000   0.0032   0.0000   0.0000   0.0002   0.0000   0.0000   0.0000   0.0629   0.0000
   0.0000   0.0000   0.0128   0.0000   0.0000   0.0000   0.0000   0.0000   0.0000   0.0028   0.0000   0.0000   0.0000   0.0534
************  NKS  ************
 NI=  1 NI_GLOBAL=  1
   0.7903   0.7903   0.7903   0.7903   0.7903   0.7903   0.0560   0.0560   0.0560   0.0560   0.0560   0.0560   0.0560   0.0560
 NELE_LOC TOTAL:
           5.1900292376253567
              CALC_DA_BND takes  0 hours  0 minutes and    0.24 seconds (CPU).
                          takes  0 hours  0 minutes and    0.24 seconds (WALL).
************  DA-  ************
 NI=  1 NI_GLOBAL=  1
  -0.0224  -0.0243  -0.0230  -0.0230  -0.0243  -0.0224  -0.0116  -0.0140  -0.0121  -0.0117  -0.0117  -0.0121  -0.0140  -0.0116
************  DAA  ************
 NI=  1 NI_GLOBAL=  1
  -0.0233  -0.0233  -0.0233  -0.0233  -0.0233  -0.0233  -0.0124  -0.0124  -0.0124  -0.0124  -0.0124  -0.0124  -0.0124  -0.0124
 NI=  1 VDC=    1.3231
************  LA2  ************
 NI=  1 NI_GLOBAL=  1
  -2.7115  -2.7115  -2.7115  -2.7115  -2.7115  -2.7115  -2.6029  -2.6029  -2.6029  -2.6029  -2.6029  -2.6029  -2.6029  -2.6029
 NI=  1 PHI-step gap=  0.15E+00
************  RAA  ************
 NI=  1 NI_GLOBAL=  1
   0.8982   0.8982   0.8982   0.8982   0.8982   0.8982   0.9167   0.9167   0.9167   0.9167   0.9167   0.9167   0.9167   0.9167
************  NC0  ************
 NI=  1 NI_GLOBAL=  1
   0.7903   0.7903   0.7903   0.7903   0.7903   0.7903   0.0560   0.0560   0.0560   0.0560   0.0560   0.0560   0.0560   0.0560
                  CALC_LC takes  0 hours  7 minutes and   51.73 seconds (CPU).
                          takes  0 hours  7 minutes and   51.68 seconds (WALL).
                GUTZ_FCN1 takes  0 hours  7 minutes and   53.64 seconds (CPU).
                          takes  0 hours  7 minutes and   52.90 seconds (WALL).
************  DIF_X  ************
    0.000000007179   -0.000000022613
   -0.000000017941    0.000000002053
 ITER1=  3 MAXERR=    0.00000002
************   WH%X  ************
    0.89822581    0.91667425
    1.31520590    1.47021908
************  RIN  ************
 NI=  1 NI_GLOBAL=  1
   0.8982   0.8982   0.8982   0.8982   0.8982   0.8982   0.9167   0.9167   0.9167   0.9167   0.9167   0.9167   0.9167   0.9167
************  LA1  ************
 NI=  1 NI_GLOBAL=  1
   1.3152   1.3152   1.3152   1.3152   1.3152   1.3152   1.4702   1.4702   1.4702   1.4702   1.4702   1.4702   1.4702   1.4702
             CALC_BAND_AL takes  0 hours  0 minutes and    1.39 seconds (CPU).
                          takes  0 hours  0 minutes and    0.69 seconds (WALL).
 ILOOP            1
 ILOOP            2
   FERMI ENERGY AT    1.33018830838504     
   SUM RULE OF TETRAHEDRON INTEGRATION CHECKED 
   number of occupied bands:          18
   highest energy:   1.37153802360634     
************  NK-  ************
 NI=  1 NI_GLOBAL=  1
   0.7958   0.7820   0.7933   0.7933   0.7820   0.7958   0.0534   0.0629   0.0562   0.0515   0.0515   0.0562   0.0629   0.0534
************  NNK  ************
 NI=  1 NI_GLOBAL=  1
   0.7958   0.0000   0.0000   0.0000  -0.0004   0.0000   0.0000  -0.0032   0.0000   0.0000   0.0000   0.0129   0.0000   0.0000
   0.0000   0.7820   0.0000   0.0000   0.0000  -0.0004   0.0000   0.0000  -0.0002   0.0000   0.0000   0.0000  -0.0261   0.0000
   0.0000   0.0000   0.7933   0.0000   0.0000   0.0000   0.0000   0.0000   0.0000   0.0150   0.0000   0.0000   0.0000   0.0128
   0.0000   0.0000   0.0000   0.7933   0.0000   0.0000  -0.0128   0.0000   0.0000   0.0000  -0.0150   0.0000   0.0000   0.0000
  -0.0004   0.0000   0.0000   0.0000   0.7820   0.0000   0.0000   0.0261   0.0000   0.0000   0.0000   0.0002   0.0000   0.0000
   0.0000  -0.0004   0.0000   0.0000   0.0000   0.7958   0.0000   0.0000  -0.0129   0.0000   0.0000   0.0000   0.0032   0.0000
   0.0000   0.0000   0.0000  -0.0128   0.0000   0.0000   0.0534   0.0000   0.0000   0.0000   0.0028   0.0000   0.0000   0.0000
  -0.0032   0.0000   0.0000   0.0000   0.0261   0.0000   0.0000   0.0629   0.0000   0.0000   0.0000   0.0002   0.0000   0.0000
   0.0000  -0.0002   0.0000   0.0000   0.0000  -0.0129   0.0000   0.0000   0.0562   0.0000   0.0000   0.0000   0.0002   0.0000
   0.0000   0.0000   0.0150   0.0000   0.0000   0.0000   0.0000   0.0000   0.0000   0.0515   0.0000   0.0000   0.0000   0.0028
   0.0000   0.0000   0.0000  -0.0150   0.0000   0.0000   0.0028   0.0000   0.0000   0.0000   0.0515   0.0000   0.0000   0.0000
   0.0129   0.0000   0.0000   0.0000   0.0002   0.0000   0.0000   0.0002   0.0000   0.0000   0.0000   0.0562   0.0000   0.0000
   0.0000  -0.0261   0.0000   0.0000   0.0000   0.0032   0.0000   0.0000   0.0002   0.0000   0.0000   0.0000   0.0629   0.0000
   0.0000   0.0000   0.0128   0.0000   0.0000   0.0000   0.0000   0.0000   0.0000   0.0028   0.0000   0.0000   0.0000   0.0534
************  NKS  ************
 NI=  1 NI_GLOBAL=  1
   0.7903   0.7903   0.7903   0.7903   0.7903   0.7903   0.0560   0.0560   0.0560   0.0560   0.0560   0.0560   0.0560   0.0560
 NELE_LOC TOTAL:
           5.1900291551669397
              CALC_DA_BND takes  0 hours  0 minutes and    0.24 seconds (CPU).
                          takes  0 hours  0 minutes and    0.23 seconds (WALL).
************  DA-  ************
 NI=  1 NI_GLOBAL=  1
  -0.0224  -0.0243  -0.0230  -0.0230  -0.0243  -0.0224  -0.0116  -0.0140  -0.0121  -0.0117  -0.0117  -0.0121  -0.0140  -0.0116
************  DAA  ************
 NI=  1 NI_GLOBAL=  1
  -0.0233  -0.0233  -0.0233  -0.0233  -0.0233  -0.0233  -0.0124  -0.0124  -0.0124  -0.0124  -0.0124  -0.0124  -0.0124  -0.0124
 NI=  1 VDC=    1.3231
************  LA2  ************
 NI=  1 NI_GLOBAL=  1
  -2.7115  -2.7115  -2.7115  -2.7115  -2.7115  -2.7115  -2.6029  -2.6029  -2.6029  -2.6029  -2.6029  -2.6029  -2.6029  -2.6029
 NI=  1 PHI-step gap=  0.15E+00
************  RAA  ************
 NI=  1 NI_GLOBAL=  1
   0.8982   0.8982   0.8982   0.8982   0.8982   0.8982   0.9167   0.9167   0.9167   0.9167   0.9167   0.9167   0.9167   0.9167
************  NC0  ************
 NI=  1 NI_GLOBAL=  1
   0.7903   0.7903   0.7903   0.7903   0.7903   0.7903   0.0560   0.0560   0.0560   0.0560   0.0560   0.0560   0.0560   0.0560
                  CALC_LC takes  0 hours  8 minutes and   38.05 seconds (CPU).
                          takes  0 hours  8 minutes and   38.01 seconds (WALL).
                GUTZ_FCN1 takes  0 hours  8 minutes and   39.99 seconds (CPU).
                          takes  0 hours  8 minutes and   39.22 seconds (WALL).
************  DIF_X  ************
   -0.000000000433    0.000000000507
    0.000000000518   -0.000000000300
 ITER1=  4 MAXERR=    0.00000000
 NFJAC=   0
 SOLVE1 FINISHED WITH       4 ITERATIONS.
               GUTZ_SOLVE takes  0 hours 36 minutes and   55.14 seconds (CPU).
                          takes  0 hours 36 minutes and   52.05 seconds (WALL).
 MAX. NELF1 DIFF=    0.00108688
               CALC_PJRHO takes  0 hours  0 minutes and    0.48 seconds (CPU).
                          takes  0 hours  0 minutes and    0.40 seconds (WALL).
 NI=  1 SUM_PHY-SUM_KS=      0.00000000 WOULD BE RENORMALIZED
************  NC1  ************
 NI=  1 NI_GLOBAL=  1
   0.7787   0.7787   0.7787   0.7787   0.7787   0.7787   0.0647   0.0647   0.0647   0.0647   0.0647   0.0647   0.0647   0.0647
               CALC_NCPHY takes  0 hours  0 minutes and   50.37 seconds (CPU).
                          takes  0 hours  0 minutes and   50.27 seconds (WALL).
 GYZ%PJ%EGAMM:
    10.14671
 ENG%GAMM:    10.14671
 ENG%POT2:     3.06656
 EDCLA1(NI) ARRAY:
    -6.895
 EDCUJ(NI) ARRAY:
    -3.087
 EDCUJV(NI) ARRAY:
    -6.867
 EDC(NI) ARRAY:
    -9.983
 ENG%DBLC:    -9.98254
 ENG%DC1 :    -6.89540
 ENG%DC2 :    -3.08714
 ENG%DC2V:    -6.86695
 DC_E_STD_TO_E_V:    -3.77981
 ENG%BAND:     5.45901
 ENG%DL(DEEP LEVEL):    -4.60045
 ENG%TB=     5.62319
 ENG%TB-DC2=     8.71033
 NI=  1 OCC_CONFIG_WEIGHT:
        OCC= 0 WEIGHT=   0.00000
        OCC= 1 WEIGHT=   0.00000
        OCC= 2 WEIGHT=   0.00015
        OCC= 3 WEIGHT=   0.00887
        OCC= 4 WEIGHT=   0.14562
        OCC= 5 WEIGHT=   0.52285
        OCC= 6 WEIGHT=   0.29206
        OCC= 7 WEIGHT=   0.02950
        OCC= 8 WEIGHT=   0.00092
        OCC= 9 WEIGHT=   0.00001
                 CALC_RCW takes  0 hours  0 minutes and    0.00 seconds (CPU).
                          takes  0 hours  0 minutes and    0.00 seconds (WALL).
 NI=  1 J2=   16.2163
                 CALC_SLJ takes  0 hours  0 minutes and    0.00 seconds (CPU).
                          takes  0 hours  0 minutes and    0.00 seconds (WALL).
 NI=  1 ENTANGLEMENT ENTROPY=      4.6121
           CALC_ENTANGLES takes  0 hours  0 minutes and    1.03 seconds (CPU).
                          takes  0 hours  0 minutes and    1.02 seconds (WALL).
 CORRELATED SUBSPACE, SUM_FERWT=      8.0000000 SUM_KSWT=      8.0000000
 MAX OFF DIAGONAL KS.WT=    0.000645
 MAX/MIN R=    0.916674    0.898226
                CALC_KSWT takes  0 hours  0 minutes and    0.04 seconds (CPU).
                          takes  0 hours  0 minutes and    0.02 seconds (WALL).
                    TOTAL takes  0 hours 38 minutes and   55.26 seconds (CPU).
                          takes  0 hours 38 minutes and   50.23 seconds (WALL).
