******Program DMFT: Computes Gloc and Delta for Dynamical Mean Field Theory calculation ******
 CALCULATION WITH COMPLEX VECTORS
 CALCULATION WITH SOC VECTORS REQUIRED
 Running DMFT in mpi mode
  
 numkpt=         560
   0.00000   0.00000   0.00000   1.00000
   0.03704   0.03704  -0.03704   8.00000
   0.07407   0.07407  -0.07407   8.00000
   0.11111   0.11111  -0.11111   8.00000
   0.14815   0.14815  -0.14815   8.00000
   0.18519   0.18519  -0.18519   8.00000
   0.22222   0.22222  -0.22222   8.00000
   0.25926   0.25926  -0.25926   8.00000
   0.29630   0.29630  -0.29630   8.00000
   0.33333   0.33333  -0.33333   8.00000
   0.37037   0.37037  -0.37037   8.00000
   0.40741   0.40741  -0.40741   8.00000
   0.44444   0.44444  -0.44444   8.00000
   0.48148   0.48148  -0.48148   8.00000
   0.07407   0.00000   0.00000   6.00000
   0.11111   0.03704  -0.03704  24.00000
   0.14815   0.07407  -0.07407  24.00000
   0.18519   0.11111  -0.11111  24.00000
   0.22222   0.14815  -0.14815  24.00000
   0.25926   0.18519  -0.18519  24.00000
   0.29630   0.22222  -0.22222  24.00000
   0.33333   0.25926  -0.25926  24.00000
   0.37037   0.29630  -0.29630  24.00000
   0.40741   0.33333  -0.33333  24.00000
   0.44444   0.37037  -0.37037  24.00000
   0.48148   0.40741  -0.40741  24.00000
   0.51852   0.44444  -0.44444  24.00000
   0.55556   0.48148  -0.48148  24.00000
   0.59259   0.51852  -0.51852  24.00000
   0.62963   0.55556  -0.55556  24.00000
   0.66667   0.59259  -0.59259  24.00000
   0.70370   0.62963  -0.62963  24.00000
   0.74074   0.66667  -0.66667  24.00000
   0.77778   0.70370  -0.70370  24.00000
   0.81481   0.74074  -0.74074  24.00000
   0.85185   0.77778  -0.77778  24.00000
   0.88889   0.81481  -0.81481  24.00000
   0.92593   0.85185  -0.85185  24.00000
   0.96296   0.88889  -0.88889  24.00000
   1.00000   0.92593  -0.92593  12.00000
   0.14815   0.00000   0.00000   6.00000
   0.18519   0.03704  -0.03704  24.00000
   0.22222   0.07407  -0.07407  24.00000
   0.25926   0.11111  -0.11111  24.00000
   0.29630   0.14815  -0.14815  24.00000
   0.33333   0.18519  -0.18519  24.00000
   0.37037   0.22222  -0.22222  24.00000
   0.40741   0.25926  -0.25926  24.00000
   0.44444   0.29630  -0.29630  24.00000
   0.48148   0.33333  -0.33333  24.00000
   0.51852   0.37037  -0.37037  24.00000
   0.55556   0.40741  -0.40741  24.00000
   0.59259   0.44444  -0.44444  24.00000
   0.62963   0.48148  -0.48148  24.00000
   0.66667   0.51852  -0.51852  24.00000
   0.70370   0.55556  -0.55556  24.00000
   0.74074   0.59259  -0.59259  24.00000
   0.77778   0.62963  -0.62963  24.00000
   0.81481   0.66667  -0.66667  24.00000
   0.85185   0.70370  -0.70370  24.00000
   0.88889   0.74074  -0.74074  24.00000
   0.92593   0.77778  -0.77778  24.00000
   0.96296   0.81481  -0.81481  24.00000
   1.00000   0.85185  -0.85185  12.00000
   0.22222   0.00000   0.00000   6.00000
   0.25926   0.03704  -0.03704  24.00000
   0.29630   0.07407  -0.07407  24.00000
   0.33333   0.11111  -0.11111  24.00000
   0.37037   0.14815  -0.14815  24.00000
   0.40741   0.18519  -0.18519  24.00000
   0.44444   0.22222  -0.22222  24.00000
   0.48148   0.25926  -0.25926  24.00000
   0.51852   0.29630  -0.29630  24.00000
   0.55556   0.33333  -0.33333  24.00000
   0.59259   0.37037  -0.37037  24.00000
   0.62963   0.40741  -0.40741  24.00000
   0.66667   0.44444  -0.44444  24.00000
   0.70370   0.48148  -0.48148  24.00000
   0.74074   0.51852  -0.51852  24.00000
   0.77778   0.55556  -0.55556  24.00000
   0.81481   0.59259  -0.59259  24.00000
   0.85185   0.62963  -0.62963  24.00000
   0.88889   0.66667  -0.66667  24.00000
   0.92593   0.70370  -0.70370  24.00000
   0.96296   0.74074  -0.74074  24.00000
   1.00000   0.77778  -0.77778  12.00000
   0.29630   0.00000   0.00000   6.00000
   0.33333   0.03704  -0.03704  24.00000
   0.37037   0.07407  -0.07407  24.00000
   0.40741   0.11111  -0.11111  24.00000
   0.44444   0.14815  -0.14815  24.00000
   0.48148   0.18519  -0.18519  24.00000
   0.51852   0.22222  -0.22222  24.00000
   0.55556   0.25926  -0.25926  24.00000
   0.59259   0.29630  -0.29630  24.00000
   0.62963   0.33333  -0.33333  24.00000
   0.66667   0.37037  -0.37037  24.00000
   0.70370   0.40741  -0.40741  24.00000
   0.74074   0.44444  -0.44444  24.00000
   0.77778   0.48148  -0.48148  24.00000
   0.81481   0.51852  -0.51852  24.00000
   0.85185   0.55556  -0.55556  24.00000
   0.88889   0.59259  -0.59259  24.00000
   0.92593   0.62963  -0.62963  24.00000
   0.96296   0.66667  -0.66667  24.00000
   1.00000   0.70370  -0.70370  12.00000
   0.37037   0.00000   0.00000   6.00000
   0.40741   0.03704  -0.03704  24.00000
   0.44444   0.07407  -0.07407  24.00000
   0.48148   0.11111  -0.11111  24.00000
   0.51852   0.14815  -0.14815  24.00000
   0.55556   0.18519  -0.18519  24.00000
   0.59259   0.22222  -0.22222  24.00000
   0.62963   0.25926  -0.25926  24.00000
   0.66667   0.29630  -0.29630  24.00000
   0.70370   0.33333  -0.33333  24.00000
   0.74074   0.37037  -0.37037  24.00000
   0.77778   0.40741  -0.40741  24.00000
   0.81481   0.44444  -0.44444  24.00000
   0.85185   0.48148  -0.48148  24.00000
   0.88889   0.51852  -0.51852  24.00000
   0.92593   0.55556  -0.55556  24.00000
   0.96296   0.59259  -0.59259  24.00000
   1.00000   0.62963  -0.62963  12.00000
   0.44444   0.00000   0.00000   6.00000
   0.48148   0.03704  -0.03704  24.00000
   0.51852   0.07407  -0.07407  24.00000
   0.55556   0.11111  -0.11111  24.00000
   0.59259   0.14815  -0.14815  24.00000
   0.62963   0.18519  -0.18519  24.00000
   0.66667   0.22222  -0.22222  24.00000
   0.70370   0.25926  -0.25926  24.00000
   0.74074   0.29630  -0.29630  24.00000
   0.77778   0.33333  -0.33333  24.00000
   0.81481   0.37037  -0.37037  24.00000
   0.85185   0.40741  -0.40741  24.00000
   0.88889   0.44444  -0.44444  24.00000
   0.92593   0.48148  -0.48148  24.00000
   0.96296   0.51852  -0.51852  24.00000
   1.00000   0.55556  -0.55556  12.00000
   0.51852   0.00000   0.00000   6.00000
   0.55556   0.03704  -0.03704  24.00000
   0.59259   0.07407  -0.07407  24.00000
   0.62963   0.11111  -0.11111  24.00000
   0.66667   0.14815  -0.14815  24.00000
   0.70370   0.18519  -0.18519  24.00000
   0.74074   0.22222  -0.22222  24.00000
   0.77778   0.25926  -0.25926  24.00000
   0.81481   0.29630  -0.29630  24.00000
   0.85185   0.33333  -0.33333  24.00000
   0.88889   0.37037  -0.37037  24.00000
   0.92593   0.40741  -0.40741  24.00000
   0.96296   0.44444  -0.44444  24.00000
   1.00000   0.48148  -0.48148  12.00000
   0.59259   0.00000   0.00000   6.00000
   0.62963   0.03704  -0.03704  24.00000
   0.66667   0.07407  -0.07407  24.00000
   0.70370   0.11111  -0.11111  24.00000
   0.74074   0.14815  -0.14815  24.00000
   0.77778   0.18519  -0.18519  24.00000
   0.81481   0.22222  -0.22222  24.00000
   0.85185   0.25926  -0.25926  24.00000
   0.88889   0.29630  -0.29630  24.00000
   0.92593   0.33333  -0.33333  24.00000
   0.96296   0.37037  -0.37037  24.00000
   1.00000   0.40741  -0.40741  12.00000
   0.66667   0.00000   0.00000   6.00000
   0.70370   0.03704  -0.03704  24.00000
   0.74074   0.07407  -0.07407  24.00000
   0.77778   0.11111  -0.11111  24.00000
   0.81481   0.14815  -0.14815  24.00000
   0.85185   0.18519  -0.18519  24.00000
   0.88889   0.22222  -0.22222  24.00000
   0.92593   0.25926  -0.25926  24.00000
   0.96296   0.29630  -0.29630  24.00000
   1.00000   0.33333  -0.33333  12.00000
   0.74074   0.00000   0.00000   6.00000
   0.77778   0.03704  -0.03704  24.00000
   0.81481   0.07407  -0.07407  24.00000
   0.85185   0.11111  -0.11111  24.00000
   0.88889   0.14815  -0.14815  24.00000
   0.92593   0.18519  -0.18519  24.00000
   0.96296   0.22222  -0.22222  24.00000
   1.00000   0.25926  -0.25926  12.00000
   0.81481   0.00000   0.00000   6.00000
   0.85185   0.03704  -0.03704  24.00000
   0.88889   0.07407  -0.07407  24.00000
   0.92593   0.11111  -0.11111  24.00000
   0.96296   0.14815  -0.14815  24.00000
   1.00000   0.18519  -0.18519  12.00000
   0.88889   0.00000   0.00000   6.00000
   0.92593   0.03704  -0.03704  24.00000
   0.96296   0.07407  -0.07407  24.00000
   1.00000   0.11111  -0.11111  12.00000
   0.96296   0.00000   0.00000   6.00000
   1.00000   0.03704  -0.03704  12.00000
   0.14815   0.07407   0.00000  24.00000
   0.18519   0.11111  -0.03704  48.00000
   0.22222   0.14815  -0.07407  48.00000
   0.25926   0.18519  -0.11111  48.00000
   0.29630   0.22222  -0.14815  48.00000
   0.33333   0.25926  -0.18519  48.00000
   0.37037   0.29630  -0.22222  48.00000
   0.40741   0.33333  -0.25926  48.00000
   0.44444   0.37037  -0.29630  48.00000
   0.48148   0.40741  -0.33333  48.00000
   0.51852   0.44444  -0.37037  48.00000
   0.55556   0.48148  -0.40741  48.00000
   0.22222   0.07407   0.00000  24.00000
   0.25926   0.11111  -0.03704  48.00000
   0.29630   0.14815  -0.07407  48.00000
   0.33333   0.18519  -0.11111  48.00000
   0.37037   0.22222  -0.14815  48.00000
   0.40741   0.25926  -0.18519  48.00000
   0.44444   0.29630  -0.22222  48.00000
   0.48148   0.33333  -0.25926  48.00000
   0.51852   0.37037  -0.29630  48.00000
   0.55556   0.40741  -0.33333  48.00000
   0.59259   0.44444  -0.37037  48.00000
   0.62963   0.48148  -0.40741  48.00000
   0.66667   0.51852  -0.44444  48.00000
   0.70370   0.55556  -0.48148  48.00000
   0.74074   0.59259  -0.51852  48.00000
   0.77778   0.62963  -0.55556  48.00000
   0.81481   0.66667  -0.59259  48.00000
   0.85185   0.70370  -0.62963  48.00000
   0.88889   0.74074  -0.66667  48.00000
   0.92593   0.77778  -0.70370  48.00000
   0.96296   0.81481  -0.74074  48.00000
   1.00000   0.85185  -0.77778  24.00000
   0.29630   0.07407   0.00000  24.00000
   0.33333   0.11111  -0.03704  48.00000
   0.37037   0.14815  -0.07407  48.00000
   0.40741   0.18519  -0.11111  48.00000
   0.44444   0.22222  -0.14815  48.00000
   0.48148   0.25926  -0.18519  48.00000
   0.51852   0.29630  -0.22222  48.00000
   0.55556   0.33333  -0.25926  48.00000
   0.59259   0.37037  -0.29630  48.00000
   0.62963   0.40741  -0.33333  48.00000
   0.66667   0.44444  -0.37037  48.00000
   0.70370   0.48148  -0.40741  48.00000
   0.74074   0.51852  -0.44444  48.00000
   0.77778   0.55556  -0.48148  48.00000
   0.81481   0.59259  -0.51852  48.00000
   0.85185   0.62963  -0.55556  48.00000
   0.88889   0.66667  -0.59259  48.00000
   0.92593   0.70370  -0.62963  48.00000
   0.96296   0.74074  -0.66667  48.00000
   1.00000   0.77778  -0.70370  24.00000
   0.37037   0.07407   0.00000  24.00000
   0.40741   0.11111  -0.03704  48.00000
   0.44444   0.14815  -0.07407  48.00000
   0.48148   0.18519  -0.11111  48.00000
   0.51852   0.22222  -0.14815  48.00000
   0.55556   0.25926  -0.18519  48.00000
   0.59259   0.29630  -0.22222  48.00000
   0.62963   0.33333  -0.25926  48.00000
   0.66667   0.37037  -0.29630  48.00000
   0.70370   0.40741  -0.33333  48.00000
   0.74074   0.44444  -0.37037  48.00000
   0.77778   0.48148  -0.40741  48.00000
   0.81481   0.51852  -0.44444  48.00000
   0.85185   0.55556  -0.48148  48.00000
   0.88889   0.59259  -0.51852  48.00000
   0.92593   0.62963  -0.55556  48.00000
   0.96296   0.66667  -0.59259  48.00000
   1.00000   0.70370  -0.62963  24.00000
   0.44444   0.07407   0.00000  24.00000
   0.48148   0.11111  -0.03704  48.00000
   0.51852   0.14815  -0.07407  48.00000
   0.55556   0.18519  -0.11111  48.00000
   0.59259   0.22222  -0.14815  48.00000
   0.62963   0.25926  -0.18519  48.00000
   0.66667   0.29630  -0.22222  48.00000
   0.70370   0.33333  -0.25926  48.00000
   0.74074   0.37037  -0.29630  48.00000
   0.77778   0.40741  -0.33333  48.00000
   0.81481   0.44444  -0.37037  48.00000
   0.85185   0.48148  -0.40741  48.00000
   0.88889   0.51852  -0.44444  48.00000
   0.92593   0.55556  -0.48148  48.00000
   0.96296   0.59259  -0.51852  48.00000
   1.00000   0.62963  -0.55556  24.00000
   0.51852   0.07407   0.00000  24.00000
   0.55556   0.11111  -0.03704  48.00000
   0.59259   0.14815  -0.07407  48.00000
   0.62963   0.18519  -0.11111  48.00000
   0.66667   0.22222  -0.14815  48.00000
   0.70370   0.25926  -0.18519  48.00000
   0.74074   0.29630  -0.22222  48.00000
   0.77778   0.33333  -0.25926  48.00000
   0.81481   0.37037  -0.29630  48.00000
   0.85185   0.40741  -0.33333  48.00000
   0.88889   0.44444  -0.37037  48.00000
   0.92593   0.48148  -0.40741  48.00000
   0.96296   0.51852  -0.44444  48.00000
   1.00000   0.55556  -0.48148  24.00000
   0.59259   0.07407   0.00000  24.00000
   0.62963   0.11111  -0.03704  48.00000
   0.66667   0.14815  -0.07407  48.00000
   0.70370   0.18519  -0.11111  48.00000
   0.74074   0.22222  -0.14815  48.00000
   0.77778   0.25926  -0.18519  48.00000
   0.81481   0.29630  -0.22222  48.00000
   0.85185   0.33333  -0.25926  48.00000
   0.88889   0.37037  -0.29630  48.00000
   0.92593   0.40741  -0.33333  48.00000
   0.96296   0.44444  -0.37037  48.00000
   1.00000   0.48148  -0.40741  24.00000
   0.66667   0.07407   0.00000  24.00000
   0.70370   0.11111  -0.03704  48.00000
   0.74074   0.14815  -0.07407  48.00000
   0.77778   0.18519  -0.11111  48.00000
   0.81481   0.22222  -0.14815  48.00000
   0.85185   0.25926  -0.18519  48.00000
   0.88889   0.29630  -0.22222  48.00000
   0.92593   0.33333  -0.25926  48.00000
   0.96296   0.37037  -0.29630  48.00000
   1.00000   0.40741  -0.33333  24.00000
   0.74074   0.07407   0.00000  24.00000
   0.77778   0.11111  -0.03704  48.00000
   0.81481   0.14815  -0.07407  48.00000
   0.85185   0.18519  -0.11111  48.00000
   0.88889   0.22222  -0.14815  48.00000
   0.92593   0.25926  -0.18519  48.00000
   0.96296   0.29630  -0.22222  48.00000
   1.00000   0.33333  -0.25926  24.00000
   0.81481   0.07407   0.00000  24.00000
   0.85185   0.11111  -0.03704  48.00000
   0.88889   0.14815  -0.07407  48.00000
   0.92593   0.18519  -0.11111  48.00000
   0.96296   0.22222  -0.14815  48.00000
   1.00000   0.25926  -0.18519  24.00000
   0.88889   0.07407   0.00000  24.00000
   0.92593   0.11111  -0.03704  48.00000
   0.96296   0.14815  -0.07407  48.00000
   1.00000   0.18519  -0.11111  24.00000
   0.96296   0.07407   0.00000  24.00000
   1.00000   0.11111  -0.03704  24.00000
   0.29630   0.14815   0.00000  24.00000
   0.33333   0.18519  -0.03704  48.00000
   0.37037   0.22222  -0.07407  48.00000
   0.40741   0.25926  -0.11111  48.00000
   0.44444   0.29630  -0.14815  48.00000
   0.48148   0.33333  -0.18519  48.00000
   0.51852   0.37037  -0.22222  48.00000
   0.55556   0.40741  -0.25926  48.00000
   0.59259   0.44444  -0.29630  48.00000
   0.62963   0.48148  -0.33333  48.00000
   0.37037   0.14815   0.00000  24.00000
   0.40741   0.18519  -0.03704  48.00000
   0.44444   0.22222  -0.07407  48.00000
   0.48148   0.25926  -0.11111  48.00000
   0.51852   0.29630  -0.14815  48.00000
   0.55556   0.33333  -0.18519  48.00000
   0.59259   0.37037  -0.22222  48.00000
   0.62963   0.40741  -0.25926  48.00000
   0.66667   0.44444  -0.29630  48.00000
   0.70370   0.48148  -0.33333  48.00000
   0.74074   0.51852  -0.37037  48.00000
   0.77778   0.55556  -0.40741  48.00000
   0.81481   0.59259  -0.44444  48.00000
   0.85185   0.62963  -0.48148  48.00000
   0.88889   0.66667  -0.51852  48.00000
   0.92593   0.70370  -0.55556  48.00000
   0.96296   0.74074  -0.59259  48.00000
   1.00000   0.77778  -0.62963  24.00000
   0.44444   0.14815   0.00000  24.00000
   0.48148   0.18519  -0.03704  48.00000
   0.51852   0.22222  -0.07407  48.00000
   0.55556   0.25926  -0.11111  48.00000
   0.59259   0.29630  -0.14815  48.00000
   0.62963   0.33333  -0.18519  48.00000
   0.66667   0.37037  -0.22222  48.00000
   0.70370   0.40741  -0.25926  48.00000
   0.74074   0.44444  -0.29630  48.00000
   0.77778   0.48148  -0.33333  48.00000
   0.81481   0.51852  -0.37037  48.00000
   0.85185   0.55556  -0.40741  48.00000
   0.88889   0.59259  -0.44444  48.00000
   0.92593   0.62963  -0.48148  48.00000
   0.96296   0.66667  -0.51852  48.00000
   1.00000   0.70370  -0.55556  24.00000
   0.51852   0.14815   0.00000  24.00000
   0.55556   0.18519  -0.03704  48.00000
   0.59259   0.22222  -0.07407  48.00000
   0.62963   0.25926  -0.11111  48.00000
   0.66667   0.29630  -0.14815  48.00000
   0.70370   0.33333  -0.18519  48.00000
   0.74074   0.37037  -0.22222  48.00000
   0.77778   0.40741  -0.25926  48.00000
   0.81481   0.44444  -0.29630  48.00000
   0.85185   0.48148  -0.33333  48.00000
   0.88889   0.51852  -0.37037  48.00000
   0.92593   0.55556  -0.40741  48.00000
   0.96296   0.59259  -0.44444  48.00000
   1.00000   0.62963  -0.48148  24.00000
   0.59259   0.14815   0.00000  24.00000
   0.62963   0.18519  -0.03704  48.00000
   0.66667   0.22222  -0.07407  48.00000
   0.70370   0.25926  -0.11111  48.00000
   0.74074   0.29630  -0.14815  48.00000
   0.77778   0.33333  -0.18519  48.00000
   0.81481   0.37037  -0.22222  48.00000
   0.85185   0.40741  -0.25926  48.00000
   0.88889   0.44444  -0.29630  48.00000
   0.92593   0.48148  -0.33333  48.00000
   0.96296   0.51852  -0.37037  48.00000
   1.00000   0.55556  -0.40741  24.00000
   0.66667   0.14815   0.00000  24.00000
   0.70370   0.18519  -0.03704  48.00000
   0.74074   0.22222  -0.07407  48.00000
   0.77778   0.25926  -0.11111  48.00000
   0.81481   0.29630  -0.14815  48.00000
   0.85185   0.33333  -0.18519  48.00000
   0.88889   0.37037  -0.22222  48.00000
   0.92593   0.40741  -0.25926  48.00000
   0.96296   0.44444  -0.29630  48.00000
   1.00000   0.48148  -0.33333  24.00000
   0.74074   0.14815   0.00000  24.00000
   0.77778   0.18519  -0.03704  48.00000
   0.81481   0.22222  -0.07407  48.00000
   0.85185   0.25926  -0.11111  48.00000
   0.88889   0.29630  -0.14815  48.00000
   0.92593   0.33333  -0.18519  48.00000
   0.96296   0.37037  -0.22222  48.00000
   1.00000   0.40741  -0.25926  24.00000
   0.81481   0.14815   0.00000  24.00000
   0.85185   0.18519  -0.03704  48.00000
   0.88889   0.22222  -0.07407  48.00000
   0.92593   0.25926  -0.11111  48.00000
   0.96296   0.29630  -0.14815  48.00000
   1.00000   0.33333  -0.18519  24.00000
   0.88889   0.14815   0.00000  24.00000
   0.92593   0.18519  -0.03704  48.00000
   0.96296   0.22222  -0.07407  48.00000
   1.00000   0.25926  -0.11111  24.00000
   0.96296   0.14815   0.00000  24.00000
   1.00000   0.18519  -0.03704  24.00000
   0.44444   0.22222   0.00000  24.00000
   0.48148   0.25926  -0.03704  48.00000
   0.51852   0.29630  -0.07407  48.00000
   0.55556   0.33333  -0.11111  48.00000
   0.59259   0.37037  -0.14815  48.00000
   0.62963   0.40741  -0.18519  48.00000
   0.66667   0.44444  -0.22222  48.00000
   0.70370   0.48148  -0.25926  48.00000
   0.51852   0.22222   0.00000  24.00000
   0.55556   0.25926  -0.03704  48.00000
   0.59259   0.29630  -0.07407  48.00000
   0.62963   0.33333  -0.11111  48.00000
   0.66667   0.37037  -0.14815  48.00000
   0.70370   0.40741  -0.18519  48.00000
   0.74074   0.44444  -0.22222  48.00000
   0.77778   0.48148  -0.25926  48.00000
   0.81481   0.51852  -0.29630  48.00000
   0.85185   0.55556  -0.33333  48.00000
   0.88889   0.59259  -0.37037  48.00000
   0.92593   0.62963  -0.40741  48.00000
   0.96296   0.66667  -0.44444  48.00000
   1.00000   0.70370  -0.48148  24.00000
   0.59259   0.22222   0.00000  24.00000
   0.62963   0.25926  -0.03704  48.00000
   0.66667   0.29630  -0.07407  48.00000
   0.70370   0.33333  -0.11111  48.00000
   0.74074   0.37037  -0.14815  48.00000
   0.77778   0.40741  -0.18519  48.00000
   0.81481   0.44444  -0.22222  48.00000
   0.85185   0.48148  -0.25926  48.00000
   0.88889   0.51852  -0.29630  48.00000
   0.92593   0.55556  -0.33333  48.00000
   0.96296   0.59259  -0.37037  48.00000
   1.00000   0.62963  -0.40741  24.00000
   0.66667   0.22222   0.00000  24.00000
   0.70370   0.25926  -0.03704  48.00000
   0.74074   0.29630  -0.07407  48.00000
   0.77778   0.33333  -0.11111  48.00000
   0.81481   0.37037  -0.14815  48.00000
   0.85185   0.40741  -0.18519  48.00000
   0.88889   0.44444  -0.22222  48.00000
   0.92593   0.48148  -0.25926  48.00000
   0.96296   0.51852  -0.29630  48.00000
   1.00000   0.55556  -0.33333  24.00000
   0.74074   0.22222   0.00000  24.00000
   0.77778   0.25926  -0.03704  48.00000
   0.81481   0.29630  -0.07407  48.00000
   0.85185   0.33333  -0.11111  48.00000
   0.88889   0.37037  -0.14815  48.00000
   0.92593   0.40741  -0.18519  48.00000
   0.96296   0.44444  -0.22222  48.00000
   1.00000   0.48148  -0.25926  24.00000
   0.81481   0.22222   0.00000  24.00000
   0.85185   0.25926  -0.03704  48.00000
   0.88889   0.29630  -0.07407  48.00000
   0.92593   0.33333  -0.11111  48.00000
   0.96296   0.37037  -0.14815  48.00000
   1.00000   0.40741  -0.18519  24.00000
   0.88889   0.22222   0.00000  24.00000
   0.92593   0.25926  -0.03704  48.00000
   0.96296   0.29630  -0.07407  48.00000
   1.00000   0.33333  -0.11111  24.00000
   0.96296   0.22222   0.00000  24.00000
   1.00000   0.25926  -0.03704  24.00000
   0.59259   0.29630   0.00000  24.00000
   0.62963   0.33333  -0.03704  48.00000
   0.66667   0.37037  -0.07407  48.00000
   0.70370   0.40741  -0.11111  48.00000
   0.74074   0.44444  -0.14815  48.00000
   0.77778   0.48148  -0.18519  48.00000
   0.66667   0.29630   0.00000  24.00000
   0.70370   0.33333  -0.03704  48.00000
   0.74074   0.37037  -0.07407  48.00000
   0.77778   0.40741  -0.11111  48.00000
   0.81481   0.44444  -0.14815  48.00000
   0.85185   0.48148  -0.18519  48.00000
   0.88889   0.51852  -0.22222  48.00000
   0.92593   0.55556  -0.25926  48.00000
   0.96296   0.59259  -0.29630  48.00000
   1.00000   0.62963  -0.33333  24.00000
   0.74074   0.29630   0.00000  24.00000
   0.77778   0.33333  -0.03704  48.00000
   0.81481   0.37037  -0.07407  48.00000
   0.85185   0.40741  -0.11111  48.00000
   0.88889   0.44444  -0.14815  48.00000
   0.92593   0.48148  -0.18519  48.00000
   0.96296   0.51852  -0.22222  48.00000
   1.00000   0.55556  -0.25926  24.00000
   0.81481   0.29630   0.00000  24.00000
   0.85185   0.33333  -0.03704  48.00000
   0.88889   0.37037  -0.07407  48.00000
   0.92593   0.40741  -0.11111  48.00000
   0.96296   0.44444  -0.14815  48.00000
   1.00000   0.48148  -0.18519  24.00000
   0.88889   0.29630   0.00000  24.00000
   0.92593   0.33333  -0.03704  48.00000
   0.96296   0.37037  -0.07407  48.00000
   1.00000   0.40741  -0.11111  24.00000
   0.96296   0.29630   0.00000  24.00000
   1.00000   0.33333  -0.03704  24.00000
   0.74074   0.37037   0.00000  24.00000
   0.77778   0.40741  -0.03704  48.00000
   0.81481   0.44444  -0.07407  48.00000
   0.85185   0.48148  -0.11111  48.00000
   0.81481   0.37037   0.00000  24.00000
   0.85185   0.40741  -0.03704  48.00000
   0.88889   0.44444  -0.07407  48.00000
   0.92593   0.48148  -0.11111  48.00000
   0.96296   0.51852  -0.14815  48.00000
   1.00000   0.55556  -0.18519  24.00000
   0.88889   0.37037   0.00000  24.00000
   0.92593   0.40741  -0.03704  48.00000
   0.96296   0.44444  -0.07407  48.00000
   1.00000   0.48148  -0.11111  24.00000
   0.96296   0.37037   0.00000  24.00000
   1.00000   0.40741  -0.03704  24.00000
   0.88889   0.44444   0.00000  24.00000
   0.92593   0.48148  -0.03704  48.00000
   0.96296   0.44444   0.00000  24.00000
   1.00000   0.48148  -0.03704  24.00000




                              --------------------------------------------------
                                 S T R U C T U R A L   I N F O R M A T I O N
                              --------------------------------------------------


   SUBSTANCE                    = cubic fcc  (delta)                                                              

   LATTICE                      = F   
   LATTICE CONSTANTS ARE        =    9.2688570   9.2688570   9.2688570
   NUMBER OF ATOMS IN UNITCELL  =   1
   MODE OF CALCULATION IS       = RELA
 IORD=          48
 FNAMES=
 ./delta_Pu_15.vectorso_1                                                       
                                                                                
                                           
 ./delta_Pu_15.vectorsodn_1                                                     
                                                                                
                                           
 delta_Pu_15.energyso_1                                                         
                                                                                
                                           
 delta_Pu_15.energysodn_1                                                       
                                                                                
                                           
  BR1,  BR2
   0.67788   0.00000   0.00000     -0.67788   0.67788   0.67788
   0.00000   0.67788   0.00000      0.67788  -0.67788   0.67788
   0.00000   0.00000   0.67788      0.67788   0.67788  -0.67788
 projector corrected--must be 1,2, or 3! Now projector= 2
 Energy window:   -0.4410 < E <      0.441
 Projected density of states calculation for  1 atoms
--------- atom  1 -------------
l=  3  qsplit=  4
 Symmetrization over eq. k-points is performed
 ********** Start Reading Cix file *************
  Correlated block number           1
  Correlated index=
  1  0  0  0  0  0  0  0  0  0  0  0  0  0
  0  1  0  0  0  0  0  0  0  0  0  0  0  0
  0  0  1  0  0  0  0  0  0  0  0  0  0  0
  0  0  0  1  0  0  0  0  0  0  0  0  0  0
  0  0  0  0  1  0  0  0  0  0  0  0  0  0
  0  0  0  0  0  1  0  0  0  0  0  0  0  0
  0  0  0  0  0  0  2  0  0  0  0  0  0  0
  0  0  0  0  0  0  0  2  0  0  0  0  0  0
  0  0  0  0  0  0  0  0  2  0  0  0  0  0
  0  0  0  0  0  0  0  0  0  2  0  0  0  0
  0  0  0  0  0  0  0  0  0  0  2  0  0  0
  0  0  0  0  0  0  0  0  0  0  0  2  0  0
  0  0  0  0  0  0  0  0  0  0  0  0  2  0
  0  0  0  0  0  0  0  0  0  0  0  0  0  2
  Real part of unitary matrix=
  0.9258  0.0000  0.0000  0.0000  0.0000  0.0000  0.0000  0.0000 -0.3780  0.0000  0.0000  0.0000  0.0000  0.0000
  0.0000  0.8452  0.0000  0.0000  0.0000  0.0000  0.0000  0.0000  0.0000 -0.5345  0.0000  0.0000  0.0000  0.0000
  0.0000  0.0000  0.7559  0.0000  0.0000  0.0000  0.0000  0.0000  0.0000  0.0000 -0.6547  0.0000  0.0000  0.0000
  0.0000  0.0000  0.0000  0.6547  0.0000  0.0000  0.0000  0.0000  0.0000  0.0000  0.0000 -0.7559  0.0000  0.0000
  0.0000  0.0000  0.0000  0.0000  0.5345  0.0000  0.0000  0.0000  0.0000  0.0000  0.0000  0.0000 -0.8452  0.0000
  0.0000  0.0000  0.0000  0.0000  0.0000  0.3780  0.0000  0.0000  0.0000  0.0000  0.0000  0.0000  0.0000 -0.9258
  0.0000  0.0000  0.0000  0.0000  0.0000  0.0000  0.0000  1.0000  0.0000  0.0000  0.0000  0.0000  0.0000  0.0000
  0.3780  0.0000  0.0000  0.0000  0.0000  0.0000  0.0000  0.0000  0.9258  0.0000  0.0000  0.0000  0.0000  0.0000
  0.0000  0.5345  0.0000  0.0000  0.0000  0.0000  0.0000  0.0000  0.0000  0.8452  0.0000  0.0000  0.0000  0.0000
  0.0000  0.0000  0.6547  0.0000  0.0000  0.0000  0.0000  0.0000  0.0000  0.0000  0.7559  0.0000  0.0000  0.0000
  0.0000  0.0000  0.0000  0.7559  0.0000  0.0000  0.0000  0.0000  0.0000  0.0000  0.0000  0.6547  0.0000  0.0000
  0.0000  0.0000  0.0000  0.0000  0.8452  0.0000  0.0000  0.0000  0.0000  0.0000  0.0000  0.0000  0.5345  0.0000
  0.0000  0.0000  0.0000  0.0000  0.0000  0.9258  0.0000  0.0000  0.0000  0.0000  0.0000  0.0000  0.0000  0.3780
  0.0000  0.0000  0.0000  0.0000  0.0000  0.0000  1.0000  0.0000  0.0000  0.0000  0.0000  0.0000  0.0000  0.0000
  Imaginary part of unitary matrix=
  0.0000  0.0000  0.0000  0.0000  0.0000  0.0000  0.0000  0.0000  0.0000  0.0000  0.0000  0.0000  0.0000  0.0000
  0.0000  0.0000  0.0000  0.0000  0.0000  0.0000  0.0000  0.0000  0.0000  0.0000  0.0000  0.0000  0.0000  0.0000
  0.0000  0.0000  0.0000  0.0000  0.0000  0.0000  0.0000  0.0000  0.0000  0.0000  0.0000  0.0000  0.0000  0.0000
  0.0000  0.0000  0.0000  0.0000  0.0000  0.0000  0.0000  0.0000  0.0000  0.0000  0.0000  0.0000  0.0000  0.0000
  0.0000  0.0000  0.0000  0.0000  0.0000  0.0000  0.0000  0.0000  0.0000  0.0000  0.0000  0.0000  0.0000  0.0000
  0.0000  0.0000  0.0000  0.0000  0.0000  0.0000  0.0000  0.0000  0.0000  0.0000  0.0000  0.0000  0.0000  0.0000
  0.0000  0.0000  0.0000  0.0000  0.0000  0.0000  0.0000  0.0000  0.0000  0.0000  0.0000  0.0000  0.0000  0.0000
  0.0000  0.0000  0.0000  0.0000  0.0000  0.0000  0.0000  0.0000  0.0000  0.0000  0.0000  0.0000  0.0000  0.0000
  0.0000  0.0000  0.0000  0.0000  0.0000  0.0000  0.0000  0.0000  0.0000  0.0000  0.0000  0.0000  0.0000  0.0000
  0.0000  0.0000  0.0000  0.0000  0.0000  0.0000  0.0000  0.0000  0.0000  0.0000  0.0000  0.0000  0.0000  0.0000
  0.0000  0.0000  0.0000  0.0000  0.0000  0.0000  0.0000  0.0000  0.0000  0.0000  0.0000  0.0000  0.0000  0.0000
  0.0000  0.0000  0.0000  0.0000  0.0000  0.0000  0.0000  0.0000  0.0000  0.0000  0.0000  0.0000  0.0000  0.0000
  0.0000  0.0000  0.0000  0.0000  0.0000  0.0000  0.0000  0.0000  0.0000  0.0000  0.0000  0.0000  0.0000  0.0000
  0.0000  0.0000  0.0000  0.0000  0.0000  0.0000  0.0000  0.0000  0.0000  0.0000  0.0000  0.0000  0.0000  0.0000
  At least one transformation matrix is not Identity
 Magnetic system with s-o coupling; M theta, phi:  0.0000  0.0000
 Inside ROTDEF
Operation  1 transforms atom   1 from first atom   1
Actual position of atom  1 is:  0.000000    0.000000    0.000000
 
Combined transformation (acting on k-point) for correlated atoms
including users rotation and internal local rotation
catom  1 atom   1
   0.67788   0.00000   0.00000
   0.00000  -0.67788   0.00000
   0.00000   0.00000  -0.67788
 
 
 SPIN COORD SYSTEM:
    1.000000    0.000000    0.000000
    0.000000    1.000000    0.000000
    0.000000    0.000000    1.000000
 
 in global cartezian coordinates:
    1.000000    0.000000    0.000000
    0.000000   -1.000000    0.000000
    0.000000    0.000000   -1.000000
 ____________________________
 in spin coordinates:
    1.000000    0.000000    0.000000
    0.000000   -1.000000    0.000000
    0.000000    0.000000   -1.000000
           1   3.14159268339212       -1.00000000000000     
 
 in global cartezian coordinates:
    1.000000    0.000000    0.000000
    0.000000    0.000000   -1.000000
    0.000000   -1.000000    0.000000
 ____________________________
 in spin coordinates:
    1.000000    0.000000    0.000000
    0.000000    0.000000   -1.000000
    0.000000   -1.000000    0.000000
           2   1.57079632679490       0.000000000000000E+000
 
 symm. operation            2  removed !!!! so-det=  0.000000000000000E+000
 in global cartezian coordinates:
   -1.000000    0.000000    0.000000
    0.000000   -1.000000    0.000000
    0.000000    0.000000   -1.000000
 ____________________________
 in spin coordinates:
   -1.000000    0.000000    0.000000
    0.000000   -1.000000    0.000000
    0.000000    0.000000   -1.000000
           3  2.980232238769531E-008   1.00000000000000     
 
 in global cartezian coordinates:
   -1.000000    0.000000    0.000000
    0.000000    0.000000   -1.000000
    0.000000   -1.000000    0.000000
 ____________________________
 in spin coordinates:
   -1.000000    0.000000    0.000000
    0.000000    0.000000   -1.000000
    0.000000   -1.000000    0.000000
           4   1.57079632679490       0.000000000000000E+000
 
 symm. operation            4  removed !!!! so-det=  0.000000000000000E+000
 in global cartezian coordinates:
    0.000000   -1.000000    0.000000
    1.000000    0.000000    0.000000
    0.000000    0.000000   -1.000000
 ____________________________
 in spin coordinates:
    0.000000   -1.000000    0.000000
    1.000000    0.000000    0.000000
    0.000000    0.000000   -1.000000
           5  -1.57079632679490        1.00000000000000     
 
 in global cartezian coordinates:
    0.000000   -1.000000    0.000000
    0.000000    0.000000   -1.000000
    1.000000    0.000000    0.000000
 ____________________________
 in spin coordinates:
    0.000000   -1.000000    0.000000
    0.000000    0.000000   -1.000000
    1.000000    0.000000    0.000000
           6 NaN                      0.000000000000000E+000
 
 symm. operation            6  removed !!!! so-det=  0.000000000000000E+000
 in global cartezian coordinates:
    0.000000    1.000000    0.000000
    1.000000    0.000000    0.000000
    0.000000    0.000000   -1.000000
 ____________________________
 in spin coordinates:
    0.000000    1.000000    0.000000
    1.000000    0.000000    0.000000
    0.000000    0.000000   -1.000000
           7   1.57079632679490       -1.00000000000000     
 
 in global cartezian coordinates:
    0.000000    1.000000    0.000000
    0.000000    0.000000   -1.000000
    1.000000    0.000000    0.000000
 ____________________________
 in spin coordinates:
    0.000000    1.000000    0.000000
    0.000000    0.000000   -1.000000
    1.000000    0.000000    0.000000
           8 NaN                      0.000000000000000E+000
 
 symm. operation            8  removed !!!! so-det=  0.000000000000000E+000
 in global cartezian coordinates:
    0.000000    0.000000   -1.000000
    1.000000    0.000000    0.000000
    0.000000   -1.000000    0.000000
 ____________________________
 in spin coordinates:
    0.000000    0.000000   -1.000000
    1.000000    0.000000    0.000000
    0.000000   -1.000000    0.000000
           9   1.57079632679490       0.000000000000000E+000
 
 symm. operation            9  removed !!!! so-det=  0.000000000000000E+000
 in global cartezian coordinates:
    0.000000    0.000000   -1.000000
    0.000000   -1.000000    0.000000
    1.000000    0.000000    0.000000
 ____________________________
 in spin coordinates:
    0.000000    0.000000   -1.000000
    0.000000   -1.000000    0.000000
    1.000000    0.000000    0.000000
          10   1.57079632679490       0.000000000000000E+000
 
 symm. operation           10  removed !!!! so-det=  0.000000000000000E+000
 in global cartezian coordinates:
    0.000000    0.000000    1.000000
    1.000000    0.000000    0.000000
    0.000000   -1.000000    0.000000
 ____________________________
 in spin coordinates:
    0.000000    0.000000    1.000000
    1.000000    0.000000    0.000000
    0.000000   -1.000000    0.000000
          11   1.57079632679490       0.000000000000000E+000
 
 symm. operation           11  removed !!!! so-det=  0.000000000000000E+000
 in global cartezian coordinates:
    0.000000    0.000000    1.000000
    0.000000   -1.000000    0.000000
    1.000000    0.000000    0.000000
 ____________________________
 in spin coordinates:
    0.000000    0.000000    1.000000
    0.000000   -1.000000    0.000000
    1.000000    0.000000    0.000000
          12   1.57079632679490       0.000000000000000E+000
 
 symm. operation           12  removed !!!! so-det=  0.000000000000000E+000
 in global cartezian coordinates:
    0.000000   -1.000000    0.000000
   -1.000000    0.000000    0.000000
    0.000000    0.000000   -1.000000
 ____________________________
 in spin coordinates:
    0.000000   -1.000000    0.000000
   -1.000000    0.000000    0.000000
    0.000000    0.000000   -1.000000
          13   4.71238898038469       -1.00000000000000     
 
 in global cartezian coordinates:
    0.000000    1.000000    0.000000
   -1.000000    0.000000    0.000000
    0.000000    0.000000   -1.000000
 ____________________________
 in spin coordinates:
    0.000000    1.000000    0.000000
   -1.000000    0.000000    0.000000
    0.000000    0.000000   -1.000000
          14   1.57079632679490        1.00000000000000     
 
 in global cartezian coordinates:
    0.000000   -1.000000    0.000000
    0.000000    0.000000   -1.000000
   -1.000000    0.000000    0.000000
 ____________________________
 in spin coordinates:
    0.000000   -1.000000    0.000000
    0.000000    0.000000   -1.000000
   -1.000000    0.000000    0.000000
          15 NaN                      0.000000000000000E+000
 
 symm. operation           15  removed !!!! so-det=  0.000000000000000E+000
 in global cartezian coordinates:
    0.000000    1.000000    0.000000
    0.000000    0.000000   -1.000000
   -1.000000    0.000000    0.000000
 ____________________________
 in spin coordinates:
    0.000000    1.000000    0.000000
    0.000000    0.000000   -1.000000
   -1.000000    0.000000    0.000000
          16 NaN                      0.000000000000000E+000
 
 symm. operation           16  removed !!!! so-det=  0.000000000000000E+000
 in global cartezian coordinates:
    1.000000    0.000000    0.000000
    0.000000    1.000000    0.000000
    0.000000    0.000000   -1.000000
 ____________________________
 in spin coordinates:
    1.000000    0.000000    0.000000
    0.000000    1.000000    0.000000
    0.000000    0.000000   -1.000000
          17   3.14159262378747        1.00000000000000     
 
 in global cartezian coordinates:
   -1.000000    0.000000    0.000000
    0.000000    1.000000    0.000000
    0.000000    0.000000   -1.000000
 ____________________________
 in spin coordinates:
   -1.000000    0.000000    0.000000
    0.000000    1.000000    0.000000
    0.000000    0.000000   -1.000000
          18   6.28318527737726       -1.00000000000000     
 
 in global cartezian coordinates:
    1.000000    0.000000    0.000000
    0.000000    0.000000   -1.000000
    0.000000    1.000000    0.000000
 ____________________________
 in spin coordinates:
    1.000000    0.000000    0.000000
    0.000000    0.000000   -1.000000
    0.000000    1.000000    0.000000
          19   1.57079632679490       0.000000000000000E+000
 
 symm. operation           19  removed !!!! so-det=  0.000000000000000E+000
 in global cartezian coordinates:
   -1.000000    0.000000    0.000000
    0.000000    0.000000   -1.000000
    0.000000    1.000000    0.000000
 ____________________________
 in spin coordinates:
   -1.000000    0.000000    0.000000
    0.000000    0.000000   -1.000000
    0.000000    1.000000    0.000000
          20   1.57079632679490       0.000000000000000E+000
 
 symm. operation           20  removed !!!! so-det=  0.000000000000000E+000
 in global cartezian coordinates:
    0.000000    0.000000   -1.000000
   -1.000000    0.000000    0.000000
    0.000000   -1.000000    0.000000
 ____________________________
 in spin coordinates:
    0.000000    0.000000   -1.000000
   -1.000000    0.000000    0.000000
    0.000000   -1.000000    0.000000
          21   1.57079632679490       0.000000000000000E+000
 
 symm. operation           21  removed !!!! so-det=  0.000000000000000E+000
 in global cartezian coordinates:
    0.000000    0.000000   -1.000000
    0.000000   -1.000000    0.000000
   -1.000000    0.000000    0.000000
 ____________________________
 in spin coordinates:
    0.000000    0.000000   -1.000000
    0.000000   -1.000000    0.000000
   -1.000000    0.000000    0.000000
          22   1.57079632679490       0.000000000000000E+000
 
 symm. operation           22  removed !!!! so-det=  0.000000000000000E+000
 in global cartezian coordinates:
    0.000000    0.000000    1.000000
   -1.000000    0.000000    0.000000
    0.000000   -1.000000    0.000000
 ____________________________
 in spin coordinates:
    0.000000    0.000000    1.000000
   -1.000000    0.000000    0.000000
    0.000000   -1.000000    0.000000
          23   1.57079632679490       0.000000000000000E+000
 
 symm. operation           23  removed !!!! so-det=  0.000000000000000E+000
 in global cartezian coordinates:
    0.000000    0.000000    1.000000
    0.000000   -1.000000    0.000000
   -1.000000    0.000000    0.000000
 ____________________________
 in spin coordinates:
    0.000000    0.000000    1.000000
    0.000000   -1.000000    0.000000
   -1.000000    0.000000    0.000000
          24   1.57079632679490       0.000000000000000E+000
 
 symm. operation           24  removed !!!! so-det=  0.000000000000000E+000
 in global cartezian coordinates:
    0.000000    0.000000   -1.000000
    0.000000    1.000000    0.000000
    1.000000    0.000000    0.000000
 ____________________________
 in spin coordinates:
    0.000000    0.000000   -1.000000
    0.000000    1.000000    0.000000
    1.000000    0.000000    0.000000
          25   1.57079632679490       0.000000000000000E+000
 
 symm. operation           25  removed !!!! so-det=  0.000000000000000E+000
 in global cartezian coordinates:
    0.000000    0.000000   -1.000000
    1.000000    0.000000    0.000000
    0.000000    1.000000    0.000000
 ____________________________
 in spin coordinates:
    0.000000    0.000000   -1.000000
    1.000000    0.000000    0.000000
    0.000000    1.000000    0.000000
          26   1.57079632679490       0.000000000000000E+000
 
 symm. operation           26  removed !!!! so-det=  0.000000000000000E+000
 in global cartezian coordinates:
    0.000000    0.000000    1.000000
    0.000000    1.000000    0.000000
    1.000000    0.000000    0.000000
 ____________________________
 in spin coordinates:
    0.000000    0.000000    1.000000
    0.000000    1.000000    0.000000
    1.000000    0.000000    0.000000
          27   1.57079632679490       0.000000000000000E+000
 
 symm. operation           27  removed !!!! so-det=  0.000000000000000E+000
 in global cartezian coordinates:
    0.000000    0.000000    1.000000
    1.000000    0.000000    0.000000
    0.000000    1.000000    0.000000
 ____________________________
 in spin coordinates:
    0.000000    0.000000    1.000000
    1.000000    0.000000    0.000000
    0.000000    1.000000    0.000000
          28   1.57079632679490       0.000000000000000E+000
 
 symm. operation           28  removed !!!! so-det=  0.000000000000000E+000
 in global cartezian coordinates:
    1.000000    0.000000    0.000000
    0.000000    0.000000    1.000000
    0.000000   -1.000000    0.000000
 ____________________________
 in spin coordinates:
    1.000000    0.000000    0.000000
    0.000000    0.000000    1.000000
    0.000000   -1.000000    0.000000
          29   1.57079632679490       0.000000000000000E+000
 
 symm. operation           29  removed !!!! so-det=  0.000000000000000E+000
 in global cartezian coordinates:
   -1.000000    0.000000    0.000000
    0.000000    0.000000    1.000000
    0.000000   -1.000000    0.000000
 ____________________________
 in spin coordinates:
   -1.000000    0.000000    0.000000
    0.000000    0.000000    1.000000
    0.000000   -1.000000    0.000000
          30   1.57079632679490       0.000000000000000E+000
 
 symm. operation           30  removed !!!! so-det=  0.000000000000000E+000
 in global cartezian coordinates:
    1.000000    0.000000    0.000000
    0.000000   -1.000000    0.000000
    0.000000    0.000000    1.000000
 ____________________________
 in spin coordinates:
    1.000000    0.000000    0.000000
    0.000000   -1.000000    0.000000
    0.000000    0.000000    1.000000
          31   6.28318527737726       -1.00000000000000     
 
 in global cartezian coordinates:
   -1.000000    0.000000    0.000000
    0.000000   -1.000000    0.000000
    0.000000    0.000000    1.000000
 ____________________________
 in spin coordinates:
   -1.000000    0.000000    0.000000
    0.000000   -1.000000    0.000000
    0.000000    0.000000    1.000000
          32   3.14159262378747        1.00000000000000     
 
 in global cartezian coordinates:
    0.000000   -1.000000    0.000000
    0.000000    0.000000    1.000000
    1.000000    0.000000    0.000000
 ____________________________
 in spin coordinates:
    0.000000   -1.000000    0.000000
    0.000000    0.000000    1.000000
    1.000000    0.000000    0.000000
          33 NaN                      0.000000000000000E+000
 
 symm. operation           33  removed !!!! so-det=  0.000000000000000E+000
 in global cartezian coordinates:
    0.000000    1.000000    0.000000
    0.000000    0.000000    1.000000
    1.000000    0.000000    0.000000
 ____________________________
 in spin coordinates:
    0.000000    1.000000    0.000000
    0.000000    0.000000    1.000000
    1.000000    0.000000    0.000000
          34 NaN                      0.000000000000000E+000
 
 symm. operation           34  removed !!!! so-det=  0.000000000000000E+000
 in global cartezian coordinates:
    0.000000   -1.000000    0.000000
    1.000000    0.000000    0.000000
    0.000000    0.000000    1.000000
 ____________________________
 in spin coordinates:
    0.000000   -1.000000    0.000000
    1.000000    0.000000    0.000000
    0.000000    0.000000    1.000000
          35   1.57079632679490        1.00000000000000     
 
 in global cartezian coordinates:
    0.000000    1.000000    0.000000
    1.000000    0.000000    0.000000
    0.000000    0.000000    1.000000
 ____________________________
 in spin coordinates:
    0.000000    1.000000    0.000000
    1.000000    0.000000    0.000000
    0.000000    0.000000    1.000000
          36   4.71238898038469       -1.00000000000000     
 
 in global cartezian coordinates:
    0.000000    0.000000   -1.000000
    0.000000    1.000000    0.000000
   -1.000000    0.000000    0.000000
 ____________________________
 in spin coordinates:
    0.000000    0.000000   -1.000000
    0.000000    1.000000    0.000000
   -1.000000    0.000000    0.000000
          37   1.57079632679490       0.000000000000000E+000
 
 symm. operation           37  removed !!!! so-det=  0.000000000000000E+000
 in global cartezian coordinates:
    0.000000    0.000000   -1.000000
   -1.000000    0.000000    0.000000
    0.000000    1.000000    0.000000
 ____________________________
 in spin coordinates:
    0.000000    0.000000   -1.000000
   -1.000000    0.000000    0.000000
    0.000000    1.000000    0.000000
          38   1.57079632679490       0.000000000000000E+000
 
 symm. operation           38  removed !!!! so-det=  0.000000000000000E+000
 in global cartezian coordinates:
    0.000000    0.000000    1.000000
    0.000000    1.000000    0.000000
   -1.000000    0.000000    0.000000
 ____________________________
 in spin coordinates:
    0.000000    0.000000    1.000000
    0.000000    1.000000    0.000000
   -1.000000    0.000000    0.000000
          39   1.57079632679490       0.000000000000000E+000
 
 symm. operation           39  removed !!!! so-det=  0.000000000000000E+000
 in global cartezian coordinates:
    0.000000    0.000000    1.000000
   -1.000000    0.000000    0.000000
    0.000000    1.000000    0.000000
 ____________________________
 in spin coordinates:
    0.000000    0.000000    1.000000
   -1.000000    0.000000    0.000000
    0.000000    1.000000    0.000000
          40   1.57079632679490       0.000000000000000E+000
 
 symm. operation           40  removed !!!! so-det=  0.000000000000000E+000
 in global cartezian coordinates:
    0.000000   -1.000000    0.000000
    0.000000    0.000000    1.000000
   -1.000000    0.000000    0.000000
 ____________________________
 in spin coordinates:
    0.000000   -1.000000    0.000000
    0.000000    0.000000    1.000000
   -1.000000    0.000000    0.000000
          41 NaN                      0.000000000000000E+000
 
 symm. operation           41  removed !!!! so-det=  0.000000000000000E+000
 in global cartezian coordinates:
    0.000000   -1.000000    0.000000
   -1.000000    0.000000    0.000000
    0.000000    0.000000    1.000000
 ____________________________
 in spin coordinates:
    0.000000   -1.000000    0.000000
   -1.000000    0.000000    0.000000
    0.000000    0.000000    1.000000
          42   1.57079632679490       -1.00000000000000     
 
 in global cartezian coordinates:
    0.000000    1.000000    0.000000
    0.000000    0.000000    1.000000
   -1.000000    0.000000    0.000000
 ____________________________
 in spin coordinates:
    0.000000    1.000000    0.000000
    0.000000    0.000000    1.000000
   -1.000000    0.000000    0.000000
          43 NaN                      0.000000000000000E+000
 
 symm. operation           43  removed !!!! so-det=  0.000000000000000E+000
 in global cartezian coordinates:
    0.000000    1.000000    0.000000
   -1.000000    0.000000    0.000000
    0.000000    0.000000    1.000000
 ____________________________
 in spin coordinates:
    0.000000    1.000000    0.000000
   -1.000000    0.000000    0.000000
    0.000000    0.000000    1.000000
          44  -1.57079632679490        1.00000000000000     
 
 in global cartezian coordinates:
    1.000000    0.000000    0.000000
    0.000000    0.000000    1.000000
    0.000000    1.000000    0.000000
 ____________________________
 in spin coordinates:
    1.000000    0.000000    0.000000
    0.000000    0.000000    1.000000
    0.000000    1.000000    0.000000
          45   1.57079632679490       0.000000000000000E+000
 
 symm. operation           45  removed !!!! so-det=  0.000000000000000E+000
 in global cartezian coordinates:
    1.000000    0.000000    0.000000
    0.000000    1.000000    0.000000
    0.000000    0.000000    1.000000
 ____________________________
 in spin coordinates:
    1.000000    0.000000    0.000000
    0.000000    1.000000    0.000000
    0.000000    0.000000    1.000000
          46  2.980232238769531E-008   1.00000000000000     
 
 in global cartezian coordinates:
   -1.000000    0.000000    0.000000
    0.000000    0.000000    1.000000
    0.000000    1.000000    0.000000
 ____________________________
 in spin coordinates:
   -1.000000    0.000000    0.000000
    0.000000    0.000000    1.000000
    0.000000    1.000000    0.000000
          47   1.57079632679490       0.000000000000000E+000
 
 symm. operation           47  removed !!!! so-det=  0.000000000000000E+000
 in global cartezian coordinates:
   -1.000000    0.000000    0.000000
    0.000000    1.000000    0.000000
    0.000000    0.000000    1.000000
 ____________________________
 in spin coordinates:
   -1.000000    0.000000    0.000000
    0.000000    1.000000    0.000000
    0.000000    0.000000    1.000000
          48   3.14159268339212       -1.00000000000000     
 
 Original and SO-compatible symops changed:          48          16
 FNAME=
 delta_Pu_15.energyso_1                                                         
                                                                                
                                                     60
 FNAME=
 delta_Pu_15.energysodn_1                                                       
                                                                                
                                                     59
 BZ-integration with TETRA-program.   icor=: 1
 Equal occupancy of degenerate states, tol=: 0.1E-05
 call eord...
 call dos...
 ILOOP            1
 ILOOP            2
   FERMI ENERGY AT   0.966316323461488     
 RESULT OF INTEGRATION:      15.999999999825; SHOULD BE:      15.999999999900
   SUM RULE OF TETRAHEDRON INTEGRATION CHECKED 
 call eweigh...
   number of occupied bands:          18
   highest energy:  0.969815043104631     
 FERMI-LDA=   0.966 Ryd,  13.147 eV.
 ABSOLUTE EMIN=   0.525 Ryd.   7.147 eV.
 ABSOLUTE EMAX=   1.407 Ryd.  19.147 eV.


:NLDA  : NUMBER OF ELECTRONS          =  16.000

:FLDA  : F E R M I - ENERGY           =   0.96632
 
 ********** Information about the atomic index arrays ************
 iatom=           1
 isort=           1
 csort=           1
 maxucase=           1
icase, iucase, jatom, latom=     1     1     1     1
 
 *****  Arrays for correlated blocks ******
 norbitals=           1
 maxdim2=          14
iorbital( 1, 1)=   1
cix( 1, 1)=   1
icase,lcase,icix,iorb,nind1,ip1,iSx=    1    1    1    1   14    1    1
icase,lcase,icix,iorb,nind1,ip1,iSx=    1    1    1    1   14    2    2
icase,lcase,icix,iorb,nind1,ip1,iSx=    1    1    1    1   14    3    3
icase,lcase,icix,iorb,nind1,ip1,iSx=    1    1    1    1   14    4    4
icase,lcase,icix,iorb,nind1,ip1,iSx=    1    1    1    1   14    5    5
icase,lcase,icix,iorb,nind1,ip1,iSx=    1    1    1    1   14    6    6
icase,lcase,icix,iorb,nind1,ip1,iSx=    1    1    1    1   14    7    7
icase,lcase,icix,iorb,nind1,ip1,iSx=    1    1    1    1   14    8    8
icase,lcase,icix,iorb,nind1,ip1,iSx=    1    1    1    1   14    9    9
icase,lcase,icix,iorb,nind1,ip1,iSx=    1    1    1    1   14   10   10
icase,lcase,icix,iorb,nind1,ip1,iSx=    1    1    1    1   14   11   11
icase,lcase,icix,iorb,nind1,ip1,iSx=    1    1    1    1   14   12   12
icase,lcase,icix,iorb,nind1,ip1,iSx=    1    1    1    1   14   13   13
icase,lcase,icix,iorb,nind1,ip1,iSx=    1    1    1    1   14   14   14
cixdim( 1)=14
noccur( 1, 1)=   6
noccur( 2, 1)=   8
iSx( 1, 1)=  1
iSx( 2, 1)=  2
iSx( 3, 1)=  3
iSx( 4, 1)=  4
iSx( 5, 1)=  5
iSx( 6, 1)=  6
iSx( 7, 1)=  7
iSx( 8, 1)=  8
iSx( 9, 1)=  9
iSx(10, 1)= 10
iSx(11, 1)= 11
iSx(12, 1)= 12
iSx(13, 1)= 13
iSx(14, 1)= 14
nindo( 1)= 14
CF for iorb1= 1 iorb2= 1
    0.92582010     0.00000000       0.00000000     0.00000000       0.00000000     0.00000000       0.00000000     0.00000000       0.00000000     0.00000000       0.00000000     0.00000000       0.00000000     0.00000000       0.00000000     0.00000000      -0.37796447     0.00000000       0.00000000     0.00000000       0.00000000     0.00000000       0.00000000     0.00000000       0.00000000     0.00000000       0.00000000     0.00000000   
    0.00000000     0.00000000       0.84515425     0.00000000       0.00000000     0.00000000       0.00000000     0.00000000       0.00000000     0.00000000       0.00000000     0.00000000       0.00000000     0.00000000       0.00000000     0.00000000       0.00000000     0.00000000      -0.53452248     0.00000000       0.00000000     0.00000000       0.00000000     0.00000000       0.00000000     0.00000000       0.00000000     0.00000000   
    0.00000000     0.00000000       0.00000000     0.00000000       0.75592895     0.00000000       0.00000000     0.00000000       0.00000000     0.00000000       0.00000000     0.00000000       0.00000000     0.00000000       0.00000000     0.00000000       0.00000000     0.00000000       0.00000000     0.00000000      -0.65465367     0.00000000       0.00000000     0.00000000       0.00000000     0.00000000       0.00000000     0.00000000   
    0.00000000     0.00000000       0.00000000     0.00000000       0.00000000     0.00000000       0.65465367     0.00000000       0.00000000     0.00000000       0.00000000     0.00000000       0.00000000     0.00000000       0.00000000     0.00000000       0.00000000     0.00000000       0.00000000     0.00000000       0.00000000     0.00000000      -0.75592895     0.00000000       0.00000000     0.00000000       0.00000000     0.00000000   
    0.00000000     0.00000000       0.00000000     0.00000000       0.00000000     0.00000000       0.00000000     0.00000000       0.53452248     0.00000000       0.00000000     0.00000000       0.00000000     0.00000000       0.00000000     0.00000000       0.00000000     0.00000000       0.00000000     0.00000000       0.00000000     0.00000000       0.00000000     0.00000000      -0.84515425     0.00000000       0.00000000     0.00000000   
    0.00000000     0.00000000       0.00000000     0.00000000       0.00000000     0.00000000       0.00000000     0.00000000       0.00000000     0.00000000       0.37796447     0.00000000       0.00000000     0.00000000       0.00000000     0.00000000       0.00000000     0.00000000       0.00000000     0.00000000       0.00000000     0.00000000       0.00000000     0.00000000       0.00000000     0.00000000      -0.92582010     0.00000000   
    0.00000000     0.00000000       0.00000000     0.00000000       0.00000000     0.00000000       0.00000000     0.00000000       0.00000000     0.00000000       0.00000000     0.00000000       0.00000000     0.00000000       1.00000000     0.00000000       0.00000000     0.00000000       0.00000000     0.00000000       0.00000000     0.00000000       0.00000000     0.00000000       0.00000000     0.00000000       0.00000000     0.00000000   
    0.37796447     0.00000000       0.00000000     0.00000000       0.00000000     0.00000000       0.00000000     0.00000000       0.00000000     0.00000000       0.00000000     0.00000000       0.00000000     0.00000000       0.00000000     0.00000000       0.92582010     0.00000000       0.00000000     0.00000000       0.00000000     0.00000000       0.00000000     0.00000000       0.00000000     0.00000000       0.00000000     0.00000000   
    0.00000000     0.00000000       0.53452248     0.00000000       0.00000000     0.00000000       0.00000000     0.00000000       0.00000000     0.00000000       0.00000000     0.00000000       0.00000000     0.00000000       0.00000000     0.00000000       0.00000000     0.00000000       0.84515425     0.00000000       0.00000000     0.00000000       0.00000000     0.00000000       0.00000000     0.00000000       0.00000000     0.00000000   
    0.00000000     0.00000000       0.00000000     0.00000000       0.65465367     0.00000000       0.00000000     0.00000000       0.00000000     0.00000000       0.00000000     0.00000000       0.00000000     0.00000000       0.00000000     0.00000000       0.00000000     0.00000000       0.00000000     0.00000000       0.75592895     0.00000000       0.00000000     0.00000000       0.00000000     0.00000000       0.00000000     0.00000000   
    0.00000000     0.00000000       0.00000000     0.00000000       0.00000000     0.00000000       0.75592895     0.00000000       0.00000000     0.00000000       0.00000000     0.00000000       0.00000000     0.00000000       0.00000000     0.00000000       0.00000000     0.00000000       0.00000000     0.00000000       0.00000000     0.00000000       0.65465367     0.00000000       0.00000000     0.00000000       0.00000000     0.00000000   
    0.00000000     0.00000000       0.00000000     0.00000000       0.00000000     0.00000000       0.00000000     0.00000000       0.84515425     0.00000000       0.00000000     0.00000000       0.00000000     0.00000000       0.00000000     0.00000000       0.00000000     0.00000000       0.00000000     0.00000000       0.00000000     0.00000000       0.00000000     0.00000000       0.53452248     0.00000000       0.00000000     0.00000000   
    0.00000000     0.00000000       0.00000000     0.00000000       0.00000000     0.00000000       0.00000000     0.00000000       0.00000000     0.00000000       0.92582010     0.00000000       0.00000000     0.00000000       0.00000000     0.00000000       0.00000000     0.00000000       0.00000000     0.00000000       0.00000000     0.00000000       0.00000000     0.00000000       0.00000000     0.00000000       0.37796447     0.00000000   
    0.00000000     0.00000000       0.00000000     0.00000000       0.00000000     0.00000000       0.00000000     0.00000000       0.00000000     0.00000000       0.00000000     0.00000000       1.00000000     0.00000000       0.00000000     0.00000000       0.00000000     0.00000000       0.00000000     0.00000000       0.00000000     0.00000000       0.00000000     0.00000000       0.00000000     0.00000000       0.00000000     0.00000000   
Rspin for iorb=  1
 angles=  0.000000000000000E+000   3.14159265358979       0.000000000000000E+000
  0.000000000000000E+000  0.000000000000000E+000  0.000000000000000E+000
 Rspin=
    0.000000    0.000000      0.000000    1.000000
    0.000000    1.000000      0.000000    0.000000
 Calculation for atom  1 which has iucase=  1
 ATPAR for spin up

          ATOMIC PARAMETERS FOR Pu  0+    

           ENERGY PARAMETERS ARE   0.73  -1.38   0.73   0.73

           L     U(R)          U'(R)         DU/DE        DU'/DE      NORM-U'
           0  0.550080E+00  0.815622E+00  0.113073E+00 -0.225616E+00
           1  0.512098E+00 -0.700634E-01 -0.149911E+00 -0.401955E+00
           2 -0.617747E+00  0.248149E-01  0.984347E-01  0.346290E+00
           3 -0.320460E+00  0.123399E+00  0.360991E+00  0.536258E+00
LO COEFFICIENT: l,A,B,C   0          0.65629    -3.19272     0.00000     0.00000
 
LO COEFFICIENT: l,A,B,C   0          0.32251     0.00000     0.77889     0.00000
 
LO COEFFICIENT: l,A,B,C   1          0.88886     3.03635     0.00000     0.00000
 
LO COEFFICIENT: l,A,B,C   1          0.28952     0.00000    -1.26032     0.00000
 
LO COEFFICIENT: l,A,B,C   2          0.85292     5.35264     0.00000     0.00000
 
LO COEFFICIENT: l,A,B,C   3          0.93891     0.83349     0.00000     0.00000
 
 ATPAR for spin down

          ATOMIC PARAMETERS FOR Pu  0+    

           ENERGY PARAMETERS ARE   0.73  -1.38   0.73   0.73

           L     U(R)          U'(R)         DU/DE        DU'/DE      NORM-U'
           0  0.550080E+00  0.815622E+00  0.113073E+00 -0.225616E+00
           1  0.512098E+00 -0.700634E-01 -0.149911E+00 -0.401955E+00
           2 -0.617747E+00  0.248149E-01  0.984347E-01  0.346290E+00
           3 -0.320460E+00  0.123399E+00  0.360991E+00  0.536258E+00
LO COEFFICIENT: l,A,B,C   0          0.65629    -3.19272     0.00000     0.00000
 
LO COEFFICIENT: l,A,B,C   0          0.32251     0.00000     0.77889     0.00000
 
LO COEFFICIENT: l,A,B,C   1          0.88886     3.03635     0.00000     0.00000
 
LO COEFFICIENT: l,A,B,C   1          0.28952     0.00000    -1.26032     0.00000
 
LO COEFFICIENT: l,A,B,C   2          0.85292     5.35264     0.00000     0.00000
 
LO COEFFICIENT: l,A,B,C   3          0.93891     0.83349     0.00000     0.00000
 
 L1=           0  L2=           0
 RADIAL INTEGRALS:
           1           1                 1           1   1.00000000000000     
           1           3                 1           1  0.575886678912307     
           1           1                 1           2   1.00000000000000     
           1           3                 1           2  0.575886678912307     
           1           1                 2           1   1.00000000000000     
           1           3                 2           1  0.575886678912307     
           1           1                 2           2   1.00000000000000     
           1           3                 2           2  0.575886678912307     
           2           2                 1           1  5.584857300828461E-002
           2           3                 1           1 -0.190943945737473     
           2           2                 1           2  5.584857300828461E-002
           2           3                 1           2 -0.190943945737473     
           2           2                 2           1  5.584857300828461E-002
           2           3                 2           1 -0.190943945737473     
           2           2                 2           2  5.584857300828461E-002
           2           3                 2           2 -0.190943945737473     
           3           1                 1           1  0.575886678912307     
           3           2                 1           1 -0.190943945737473     
           3           3                 1           1   1.00000000000000     
           3           1                 1           2  0.575886678912307     
           3           2                 1           2 -0.190943945737473     
           3           3                 1           2   1.00000000000000     
           3           1                 2           1  0.575886678912307     
           3           2                 2           1 -0.190943945737473     
           3           3                 2           1   1.00000000000000     
           3           1                 2           2  0.575886678912307     
           3           2                 2           2 -0.190943945737473     
           3           3                 2           2   1.00000000000000     
 L1=           1  L2=           1
 RADIAL INTEGRALS:
           1           1                 1           1   1.00000000000000     
           1           3                 1           1  0.921150457288572     
           1           1                 1           2   1.00000000000000     
           1           3                 1           2  0.921150457288572     
           1           1                 2           1   1.00000000000000     
           1           3                 2           1  0.921150457288572     
           1           1                 2           2   1.00000000000000     
           1           3                 2           2  0.921150457288572     
           2           2                 1           1  2.277015917070209E-002
           2           3                 1           1  5.859395327556471E-002
           2           2                 1           2  2.277015917070209E-002
           2           3                 1           2  5.859395327556471E-002
           2           2                 2           1  2.277015917070209E-002
           2           3                 2           1  5.859395327556471E-002
           2           2                 2           2  2.277015917070209E-002
           2           3                 2           2  5.859395327556471E-002
           3           1                 1           1  0.921150457288572     
           3           2                 1           1  5.859395327556471E-002
           3           3                 1           1   1.00000000000000     
           3           1                 1           2  0.921150457288572     
           3           2                 1           2  5.859395327556471E-002
           3           3                 1           2   1.00000000000000     
           3           1                 2           1  0.921150457288572     
           3           2                 2           1  5.859395327556471E-002
           3           3                 2           1   1.00000000000000     
           3           1                 2           2  0.921150457288572     
           3           2                 2           2  5.859395327556471E-002
           3           3                 2           2   1.00000000000000     
 L1=           2  L2=           2
 RADIAL INTEGRALS:
           1           1                 1           1   1.00000000000000     
           1           1                 1           2   1.00000000000000     
           1           1                 2           1   1.00000000000000     
           1           1                 2           2   1.00000000000000     
           2           2                 1           1  9.512298242306099E-003
           2           2                 1           2  9.512298242306099E-003
           2           2                 2           1  9.512298242306099E-003
           2           2                 2           2  9.512298242306099E-003
 L1=           3  L2=           3
 RADIAL INTEGRALS:
           1           1                 1           1   1.00000000000000     
           1           1                 1           2   1.00000000000000     
           1           1                 2           1   1.00000000000000     
           1           1                 2           2   1.00000000000000     
           2           2                 1           1  0.170498124787519     
           2           2                 1           2  0.170498124787519     
           2           2                 2           1  0.170498124787519     
           2           2                 2           2  0.170498124787519     
Saving potential parameters for atom 1 into  1
pr_proc=280  tot-k=560
 ------------------------------------------------------------------------------


   =====>>> CPU TIME SUMMARY

            TOTAL       :      2.5
 OMP_NUM_THREADS= 2
 GUTZ_SOLVER VO.1.5 BUILT ON Jan 19 2014 AT22:25:59
 NT=  1 SEC_N%DIM=   10 WITH ID:
           1       2      16     107     471    1472    3474    6477    9909   12912
       14914
 MEAN U/J:  0.2940  0.0265
 NEL_FIX_VDC1=      5.26
 ATOM DEPENDENT NELF1:
      5.2565
 DCMIX_A=  0.200000
 SYMMETRICALLY NON-EQUIVALENT ATOMS:
          1
 VARIATIONAL-SETUP-NON-EQUIVALENT ATOMS:
          1
 COMPLEMENTARY VARIATIONAL-SETUP-EQUIVALENT ATOMS:

 GYZ%SYM%IDSUM:
  1
 DIM(X_Gutz)=  4
 CALC SET: GAPJ-SHFT FULL       -JH-PROJ SLATER    VAR-FIXDC    Ryd.   
 NT= 1
 LOCAL INTERACTION PART   :
 U              :   0.2940
 J              :   0.0265
 FOCK SPACE PART:
 NA             :  7
 FS%OCC(1) L.B. :  0
 FS%OCC(2) U.B. :  9
 FS%DIM         :     14913
 HL%OCC(1) L.B. :  0
 HL%OCC(2) U.B. :  9
 ISO= 2 ISPIN_IN= 1 ISPIN= 1 ISPO= 2
 BND%NMAX=  86
 BZ INTEGRATION WITH TETRA METHOD, ICOR= 1
 EQUAL OCCUPANCY OF DEGENERATE STATES, TOL= 0.1E-05
 VALENCE ELECTRONS: TOTAL=    16.0
                    CORRELATED PART=     8.0
 SYM%IDI/IDF=  1 16
 BND%NMAXIN=   26
      GUTZ5_INI_CORR_UVEK takes  0 hours  0 minutes and    0.07 seconds (CPU).
                          takes  0 hours  0 minutes and    0.08 seconds (WALL).
                 SETUP_TB takes  0 hours  0 minutes and    2.63 seconds (CPU).
                          takes  0 hours  0 minutes and    1.31 seconds (WALL).
************  EL-  ************
 NI=  1 NI_GLOBAL=  1
   0.9706   0.9694   0.9703   0.9703   0.9694   0.9706   1.0505   1.0485   1.0490   1.0490   1.0490   1.0490   1.0485   1.0505
************  EL=  ************
 NI=  1 NI_GLOBAL=  1
   0.9706   0.0000   0.0000   0.0000   0.0001   0.0000   0.0000   0.0009   0.0000   0.0000   0.0000   0.0015   0.0000   0.0000
   0.0000   0.9694   0.0000   0.0000   0.0000   0.0001   0.0000   0.0000  -0.0002   0.0000   0.0000   0.0000  -0.0015   0.0000
   0.0000   0.0000   0.9703   0.0000   0.0000   0.0000   0.0000   0.0000   0.0000  -0.0001   0.0000   0.0000   0.0000   0.0009
   0.0000   0.0000   0.0000   0.9703   0.0000   0.0000  -0.0009   0.0000   0.0000   0.0000   0.0001   0.0000   0.0000   0.0000
   0.0001   0.0000   0.0000   0.0000   0.9694   0.0000   0.0000   0.0015   0.0000   0.0000   0.0000   0.0002   0.0000   0.0000
   0.0000   0.0001   0.0000   0.0000   0.0000   0.9706   0.0000   0.0000  -0.0015   0.0000   0.0000   0.0000  -0.0009   0.0000
   0.0000   0.0000   0.0000  -0.0009   0.0000   0.0000   1.0505   0.0000   0.0000   0.0000   0.0009   0.0000   0.0000   0.0000
   0.0009   0.0000   0.0000   0.0000   0.0015   0.0000   0.0000   1.0485   0.0000   0.0000   0.0000   0.0000   0.0000   0.0000
   0.0000  -0.0002   0.0000   0.0000   0.0000  -0.0015   0.0000   0.0000   1.0490   0.0000   0.0000   0.0000   0.0000   0.0000
   0.0000   0.0000  -0.0001   0.0000   0.0000   0.0000   0.0000   0.0000   0.0000   1.0490   0.0000   0.0000   0.0000   0.0009
   0.0000   0.0000   0.0000   0.0001   0.0000   0.0000   0.0009   0.0000   0.0000   0.0000   1.0490   0.0000   0.0000   0.0000
   0.0015   0.0000   0.0000   0.0000   0.0002   0.0000   0.0000   0.0000   0.0000   0.0000   0.0000   1.0490   0.0000   0.0000
   0.0000  -0.0015   0.0000   0.0000   0.0000  -0.0009   0.0000   0.0000   0.0000   0.0000   0.0000   0.0000   1.0485   0.0000
   0.0000   0.0000   0.0009   0.0000   0.0000   0.0000   0.0000   0.0000   0.0000   0.0009   0.0000   0.0000   0.0000   1.0505
 NI=  1 LOCAL ORBITAL LEVEL CENTER(ELC)=   1.015
************  EL0  ************
 NI=  1 NI_GLOBAL=  1
   0.9701   0.9701   0.9701   0.9701   0.9701   0.9701   1.0492   1.0492   1.0492   1.0492   1.0492   1.0492   1.0492   1.0492
************  ELL  ************
 NI=  1 NI_GLOBAL=  1
   0.9701   0.0000   0.0000   0.0000   0.0000   0.0000   0.0000   0.0000   0.0000   0.0000   0.0000   0.0000   0.0000   0.0000
   0.0000   0.9701   0.0000   0.0000   0.0000   0.0000   0.0000   0.0000   0.0000   0.0000   0.0000   0.0000   0.0000   0.0000
   0.0000   0.0000   0.9701   0.0000   0.0000   0.0000   0.0000   0.0000   0.0000   0.0000   0.0000   0.0000   0.0000   0.0000
   0.0000   0.0000   0.0000   0.9701   0.0000   0.0000   0.0000   0.0000   0.0000   0.0000   0.0000   0.0000   0.0000   0.0000
   0.0000   0.0000   0.0000   0.0000   0.9701   0.0000   0.0000   0.0000   0.0000   0.0000   0.0000   0.0000   0.0000   0.0000
   0.0000   0.0000   0.0000   0.0000   0.0000   0.9701   0.0000   0.0000   0.0000   0.0000   0.0000   0.0000   0.0000   0.0000
   0.0000   0.0000   0.0000   0.0000   0.0000   0.0000   1.0492   0.0000   0.0000   0.0000   0.0000   0.0000   0.0000   0.0000
   0.0000   0.0000   0.0000   0.0000   0.0000   0.0000   0.0000   1.0492   0.0000   0.0000   0.0000   0.0000   0.0000   0.0000
   0.0000   0.0000   0.0000   0.0000   0.0000   0.0000   0.0000   0.0000   1.0492   0.0000   0.0000   0.0000   0.0000   0.0000
   0.0000   0.0000   0.0000   0.0000   0.0000   0.0000   0.0000   0.0000   0.0000   1.0492   0.0000   0.0000   0.0000   0.0000
   0.0000   0.0000   0.0000   0.0000   0.0000   0.0000   0.0000   0.0000   0.0000   0.0000   1.0492   0.0000   0.0000   0.0000
   0.0000   0.0000   0.0000   0.0000   0.0000   0.0000   0.0000   0.0000   0.0000   0.0000   0.0000   1.0492   0.0000   0.0000
   0.0000   0.0000   0.0000   0.0000   0.0000   0.0000   0.0000   0.0000   0.0000   0.0000   0.0000   0.0000   1.0492   0.0000
   0.0000   0.0000   0.0000   0.0000   0.0000   0.0000   0.0000   0.0000   0.0000   0.0000   0.0000   0.0000   0.0000   1.0492
                  GET_EL0 takes  0 hours  0 minutes and    0.02 seconds (CPU).
                          takes  0 hours  0 minutes and    0.02 seconds (WALL).
 There are  4 blocks of bands, with band energy windows:
  -2.437  -2.424 |   -0.889  -0.839 |   -0.326  -0.187 |    0.558   4.499 | 
 Band window indices:
         1      2 |          3      4 |          5      8 |          9     87 | 
 Band width
       0.013   |         0.051   |         0.139   |         3.941   |  
 Band gap
       1.535   |         0.513   |         0.745   |  
 CORRELATED BLOCK: EMIN/EMIX=    0.5580    1.4066
 CORRELATED BAND WIDTH=   0.849
         GUTZ_RED_PRJ_NEQ takes  0 hours  1 minutes and    2.31 seconds (CPU).
                          takes  0 hours  1 minutes and    2.23 seconds (WALL).
 NI=  1 DIM_PHIK=   41227 HL%DIM=  14913
       ID_PHIK_N=
      1      2      4     33    264   1639   6153  15546  27321  36714
  41228
       ID_PHIK_J=
      1      2      3      4      8      9     18     19     28     29
     33     37     73    122    171    220    245    254    263    264
    300    349    638    807   1168   1364   1533   1582   1631   1635
   1639   1739   2180   2964   3864   4705   5381   5781   6037   6118
   6143   6152   6153   6349   6710   8079   9448  11564  12933  14377
  14953  15353  15474  15538  15542  15546  15835  16796  18560  21060
  23176  24940  26165  26841  27165  27286  27311  27320  27321  27517
  27878  29247  30616  32732  34101  35545  36121  36521  36642  36706
  36710  36714  36814  37255  38039  38939  39780  40456  40856  41112
  41193  41218  41227  41228
          GUTZ_SET_PRJ_EQ takes  0 hours  0 minutes and    0.00 seconds (CPU).
                          takes  0 hours  0 minutes and    0.00 seconds (WALL).
************   WH%X  ************
    0.87376650    0.90310922
    0.92165451    1.09099747
************  RIN  ************
 NI=  1 NI_GLOBAL=  1
   0.8738   0.8738   0.8738   0.8738   0.8738   0.8738   0.9031   0.9031   0.9031   0.9031   0.9031   0.9031   0.9031   0.9031
************  LA1  ************
 NI=  1 NI_GLOBAL=  1
   0.9217   0.9217   0.9217   0.9217   0.9217   0.9217   1.0910   1.0910   1.0910   1.0910   1.0910   1.0910   1.0910   1.0910
             CALC_BAND_AL takes  0 hours  0 minutes and    1.26 seconds (CPU).
                          takes  0 hours  0 minutes and    0.62 seconds (WALL).
 ILOOP            1
 ILOOP            2
   FERMI ENERGY AT   0.929849081401288     
   SUM RULE OF TETRAHEDRON INTEGRATION CHECKED 
   number of occupied bands:          18
   highest energy:  0.942728197248517     
************  NK-  ************
 NI=  1 NI_GLOBAL=  1
   0.8525   0.8311   0.8735   0.8735   0.8311   0.8525   0.0203   0.0184   0.0166   0.0171   0.0171   0.0166   0.0184   0.0203
************  NNK  ************
 NI=  1 NI_GLOBAL=  1
   0.8525   0.0000   0.0000   0.0000   0.0022   0.0000   0.0000  -0.0016   0.0000   0.0000   0.0000   0.0081   0.0000   0.0000
   0.0000   0.8311   0.0000   0.0000   0.0000   0.0022   0.0000   0.0000  -0.0001   0.0000   0.0000   0.0000  -0.0149   0.0000
   0.0000   0.0000   0.8735   0.0000   0.0000   0.0000   0.0000   0.0000   0.0000   0.0103   0.0000   0.0000   0.0000   0.0017
   0.0000   0.0000   0.0000   0.8735   0.0000   0.0000  -0.0017   0.0000   0.0000   0.0000  -0.0103   0.0000   0.0000   0.0000
   0.0022   0.0000   0.0000   0.0000   0.8311   0.0000   0.0000   0.0149   0.0000   0.0000   0.0000   0.0001   0.0000   0.0000
   0.0000   0.0022   0.0000   0.0000   0.0000   0.8525   0.0000   0.0000  -0.0081   0.0000   0.0000   0.0000   0.0016   0.0000
   0.0000   0.0000   0.0000  -0.0017   0.0000   0.0000   0.0203   0.0000   0.0000   0.0000  -0.0004   0.0000   0.0000   0.0000
  -0.0016   0.0000   0.0000   0.0000   0.0149   0.0000   0.0000   0.0184   0.0000   0.0000   0.0000  -0.0029   0.0000   0.0000
   0.0000  -0.0001   0.0000   0.0000   0.0000  -0.0081   0.0000   0.0000   0.0166   0.0000   0.0000   0.0000  -0.0029   0.0000
   0.0000   0.0000   0.0103   0.0000   0.0000   0.0000   0.0000   0.0000   0.0000   0.0171   0.0000   0.0000   0.0000  -0.0004
   0.0000   0.0000   0.0000  -0.0103   0.0000   0.0000  -0.0004   0.0000   0.0000   0.0000   0.0171   0.0000   0.0000   0.0000
   0.0081   0.0000   0.0000   0.0000   0.0001   0.0000   0.0000  -0.0029   0.0000   0.0000   0.0000   0.0166   0.0000   0.0000
   0.0000  -0.0149   0.0000   0.0000   0.0000   0.0016   0.0000   0.0000  -0.0029   0.0000   0.0000   0.0000   0.0184   0.0000
   0.0000   0.0000   0.0017   0.0000   0.0000   0.0000   0.0000   0.0000   0.0000  -0.0004   0.0000   0.0000   0.0000   0.0203
************  NKS  ************
 NI=  1 NI_GLOBAL=  1
   0.8524   0.8524   0.8524   0.8524   0.8524   0.8524   0.0181   0.0181   0.0181   0.0181   0.0181   0.0181   0.0181   0.0181
 NELE_LOC TOTAL:
           5.2589094080730936
              CALC_DA_BND takes  0 hours  0 minutes and    0.21 seconds (CPU).
                          takes  0 hours  0 minutes and    0.22 seconds (WALL).
************  DA-  ************
 NI=  1 NI_GLOBAL=  1
  -0.0144  -0.0157  -0.0139  -0.0139  -0.0157  -0.0144  -0.0045  -0.0041  -0.0036  -0.0038  -0.0038  -0.0036  -0.0041  -0.0045
************  DAA  ************
 NI=  1 NI_GLOBAL=  1
  -0.0147  -0.0147  -0.0147  -0.0147  -0.0147  -0.0147  -0.0040  -0.0040  -0.0040  -0.0040  -0.0040  -0.0040  -0.0040  -0.0040
 NI=  1 VDC=    1.3421
************  LA2  ************
 NI=  1 NI_GLOBAL=  1
  -2.3356  -2.3356  -2.3356  -2.3356  -2.3356  -2.3356  -2.2365  -2.2365  -2.2365  -2.2365  -2.2365  -2.2365  -2.2365  -2.2365
 NI=  1 PHI-step gap=  0.14E+00
************  RAA  ************
 NI=  1 NI_GLOBAL=  1
   0.8736   0.8736   0.8736   0.8736   0.8736   0.8736   0.9031   0.9031   0.9031   0.9031   0.9031   0.9031   0.9031   0.9031
************  NC0  ************
 NI=  1 NI_GLOBAL=  1
   0.8525   0.8525   0.8525   0.8525   0.8525   0.8525   0.0181   0.0181   0.0181   0.0181   0.0181   0.0181   0.0181   0.0181
                  CALC_LC takes  0 hours  9 minutes and   14.32 seconds (CPU).
                          takes  0 hours  9 minutes and   14.27 seconds (WALL).
                GUTZ_FCN1 takes  0 hours  9 minutes and   15.94 seconds (CPU).
                          takes  0 hours  9 minutes and   15.25 seconds (WALL).
************  DIF_X  ************
   -0.000195850756    0.000039605074
    0.000114829995    0.000002041693
 ITER1=  1 MAXERR=    0.00019585
************   WH%X  ************
    0.87389235    0.90312801
    0.92158355    1.09099288
************  RIN  ************
 NI=  1 NI_GLOBAL=  1
   0.8739   0.8739   0.8739   0.8739   0.8739   0.8739   0.9031   0.9031   0.9031   0.9031   0.9031   0.9031   0.9031   0.9031
************  LA1  ************
 NI=  1 NI_GLOBAL=  1
   0.9216   0.9216   0.9216   0.9216   0.9216   0.9216   1.0910   1.0910   1.0910   1.0910   1.0910   1.0910   1.0910   1.0910
             CALC_BAND_AL takes  0 hours  0 minutes and    1.26 seconds (CPU).
                          takes  0 hours  0 minutes and    0.64 seconds (WALL).
 ILOOP            1
 ILOOP            2
   FERMI ENERGY AT   0.929801723508686     
   SUM RULE OF TETRAHEDRON INTEGRATION CHECKED 
   number of occupied bands:          18
   highest energy:  0.942703920668170     
************  NK-  ************
 NI=  1 NI_GLOBAL=  1
   0.8526   0.8313   0.8736   0.8736   0.8313   0.8526   0.0203   0.0184   0.0166   0.0171   0.0171   0.0166   0.0184   0.0203
************  NNK  ************
 NI=  1 NI_GLOBAL=  1
   0.8526   0.0000   0.0000   0.0000   0.0023   0.0000   0.0000  -0.0016   0.0000   0.0000   0.0000   0.0081   0.0000   0.0000
   0.0000   0.8313   0.0000   0.0000   0.0000   0.0023   0.0000   0.0000  -0.0001   0.0000   0.0000   0.0000  -0.0149   0.0000
   0.0000   0.0000   0.8736   0.0000   0.0000   0.0000   0.0000   0.0000   0.0000   0.0103   0.0000   0.0000   0.0000   0.0017
   0.0000   0.0000   0.0000   0.8736   0.0000   0.0000  -0.0017   0.0000   0.0000   0.0000  -0.0103   0.0000   0.0000   0.0000
   0.0023   0.0000   0.0000   0.0000   0.8313   0.0000   0.0000   0.0149   0.0000   0.0000   0.0000   0.0001   0.0000   0.0000
   0.0000   0.0023   0.0000   0.0000   0.0000   0.8526   0.0000   0.0000  -0.0081   0.0000   0.0000   0.0000   0.0016   0.0000
   0.0000   0.0000   0.0000  -0.0017   0.0000   0.0000   0.0203   0.0000   0.0000   0.0000  -0.0004   0.0000   0.0000   0.0000
  -0.0016   0.0000   0.0000   0.0000   0.0149   0.0000   0.0000   0.0184   0.0000   0.0000   0.0000  -0.0029   0.0000   0.0000
   0.0000  -0.0001   0.0000   0.0000   0.0000  -0.0081   0.0000   0.0000   0.0166   0.0000   0.0000   0.0000  -0.0029   0.0000
   0.0000   0.0000   0.0103   0.0000   0.0000   0.0000   0.0000   0.0000   0.0000   0.0171   0.0000   0.0000   0.0000  -0.0004
   0.0000   0.0000   0.0000  -0.0103   0.0000   0.0000  -0.0004   0.0000   0.0000   0.0000   0.0171   0.0000   0.0000   0.0000
   0.0081   0.0000   0.0000   0.0000   0.0001   0.0000   0.0000  -0.0029   0.0000   0.0000   0.0000   0.0166   0.0000   0.0000
   0.0000  -0.0149   0.0000   0.0000   0.0000   0.0016   0.0000   0.0000  -0.0029   0.0000   0.0000   0.0000   0.0184   0.0000
   0.0000   0.0000   0.0017   0.0000   0.0000   0.0000   0.0000   0.0000   0.0000  -0.0004   0.0000   0.0000   0.0000   0.0203
************  NKS  ************
 NI=  1 NI_GLOBAL=  1
   0.8525   0.8525   0.8525   0.8525   0.8525   0.8525   0.0181   0.0181   0.0181   0.0181   0.0181   0.0181   0.0181   0.0181
 NELE_LOC TOTAL:
           5.2596196662256487
              CALC_DA_BND takes  0 hours  0 minutes and    0.20 seconds (CPU).
                          takes  0 hours  0 minutes and    0.20 seconds (WALL).
************  DA-  ************
 NI=  1 NI_GLOBAL=  1
  -0.0144  -0.0157  -0.0139  -0.0139  -0.0157  -0.0144  -0.0045  -0.0041  -0.0036  -0.0038  -0.0038  -0.0036  -0.0041  -0.0045
************  DAA  ************
 NI=  1 NI_GLOBAL=  1
  -0.0147  -0.0147  -0.0147  -0.0147  -0.0147  -0.0147  -0.0040  -0.0040  -0.0040  -0.0040  -0.0040  -0.0040  -0.0040  -0.0040
 NI=  1 VDC=    1.3421
************  LA2  ************
 NI=  1 NI_GLOBAL=  1
  -2.3356  -2.3356  -2.3356  -2.3356  -2.3356  -2.3356  -2.2364  -2.2364  -2.2364  -2.2364  -2.2364  -2.2364  -2.2364  -2.2364
 NI=  1 PHI-step gap=  0.14E+00
************  RAA  ************
 NI=  1 NI_GLOBAL=  1
   0.8739   0.8739   0.8739   0.8739   0.8739   0.8739   0.9031   0.9031   0.9031   0.9031   0.9031   0.9031   0.9031   0.9031
************  NC0  ************
 NI=  1 NI_GLOBAL=  1
   0.8525   0.8525   0.8525   0.8525   0.8525   0.8525   0.0181   0.0181   0.0181   0.0181   0.0181   0.0181   0.0181   0.0181
                  CALC_LC takes  0 hours  8 minutes and   46.61 seconds (CPU).
                          takes  0 hours  8 minutes and   46.45 seconds (WALL).
                GUTZ_FCN1 takes  0 hours  8 minutes and   48.32 seconds (CPU).
                          takes  0 hours  8 minutes and   47.42 seconds (WALL).
************  DIF_X  ************
    0.000005683084   -0.000004544826
   -0.000001706708   -0.000000205080
 ITER1=  2 MAXERR=    0.00000568
************   WH%X  ************
    0.87389345    0.90312824
    0.92158436    1.09099416
************  RIN  ************
 NI=  1 NI_GLOBAL=  1
   0.8739   0.8739   0.8739   0.8739   0.8739   0.8739   0.9031   0.9031   0.9031   0.9031   0.9031   0.9031   0.9031   0.9031
************  LA1  ************
 NI=  1 NI_GLOBAL=  1
   0.9216   0.9216   0.9216   0.9216   0.9216   0.9216   1.0910   1.0910   1.0910   1.0910   1.0910   1.0910   1.0910   1.0910
             CALC_BAND_AL takes  0 hours  0 minutes and    1.26 seconds (CPU).
                          takes  0 hours  0 minutes and    0.64 seconds (WALL).
 ILOOP            1
 ILOOP            2
   FERMI ENERGY AT   0.929802331788902     
   SUM RULE OF TETRAHEDRON INTEGRATION CHECKED 
   number of occupied bands:          18
   highest energy:  0.942704278959850     
************  NK-  ************
 NI=  1 NI_GLOBAL=  1
   0.8526   0.8313   0.8736   0.8736   0.8313   0.8526   0.0203   0.0184   0.0166   0.0171   0.0171   0.0166   0.0184   0.0203
************  NNK  ************
 NI=  1 NI_GLOBAL=  1
   0.8526   0.0000   0.0000   0.0000   0.0023   0.0000   0.0000  -0.0016   0.0000   0.0000   0.0000   0.0081   0.0000   0.0000
   0.0000   0.8313   0.0000   0.0000   0.0000   0.0023   0.0000   0.0000  -0.0001   0.0000   0.0000   0.0000  -0.0149   0.0000
   0.0000   0.0000   0.8736   0.0000   0.0000   0.0000   0.0000   0.0000   0.0000   0.0103   0.0000   0.0000   0.0000   0.0017
   0.0000   0.0000   0.0000   0.8736   0.0000   0.0000  -0.0017   0.0000   0.0000   0.0000  -0.0103   0.0000   0.0000   0.0000
   0.0023   0.0000   0.0000   0.0000   0.8313   0.0000   0.0000   0.0149   0.0000   0.0000   0.0000   0.0001   0.0000   0.0000
   0.0000   0.0023   0.0000   0.0000   0.0000   0.8526   0.0000   0.0000  -0.0081   0.0000   0.0000   0.0000   0.0016   0.0000
   0.0000   0.0000   0.0000  -0.0017   0.0000   0.0000   0.0203   0.0000   0.0000   0.0000  -0.0004   0.0000   0.0000   0.0000
  -0.0016   0.0000   0.0000   0.0000   0.0149   0.0000   0.0000   0.0184   0.0000   0.0000   0.0000  -0.0029   0.0000   0.0000
   0.0000  -0.0001   0.0000   0.0000   0.0000  -0.0081   0.0000   0.0000   0.0166   0.0000   0.0000   0.0000  -0.0029   0.0000
   0.0000   0.0000   0.0103   0.0000   0.0000   0.0000   0.0000   0.0000   0.0000   0.0171   0.0000   0.0000   0.0000  -0.0004
   0.0000   0.0000   0.0000  -0.0103   0.0000   0.0000  -0.0004   0.0000   0.0000   0.0000   0.0171   0.0000   0.0000   0.0000
   0.0081   0.0000   0.0000   0.0000   0.0001   0.0000   0.0000  -0.0029   0.0000   0.0000   0.0000   0.0166   0.0000   0.0000
   0.0000  -0.0149   0.0000   0.0000   0.0000   0.0016   0.0000   0.0000  -0.0029   0.0000   0.0000   0.0000   0.0184   0.0000
   0.0000   0.0000   0.0017   0.0000   0.0000   0.0000   0.0000   0.0000   0.0000  -0.0004   0.0000   0.0000   0.0000   0.0203
************  NKS  ************
 NI=  1 NI_GLOBAL=  1
   0.8525   0.8525   0.8525   0.8525   0.8525   0.8525   0.0181   0.0181   0.0181   0.0181   0.0181   0.0181   0.0181   0.0181
 NELE_LOC TOTAL:
           5.2596107925541276
              CALC_DA_BND takes  0 hours  0 minutes and    0.22 seconds (CPU).
                          takes  0 hours  0 minutes and    0.20 seconds (WALL).
************  DA-  ************
 NI=  1 NI_GLOBAL=  1
  -0.0144  -0.0157  -0.0139  -0.0139  -0.0157  -0.0144  -0.0045  -0.0041  -0.0036  -0.0038  -0.0038  -0.0036  -0.0041  -0.0045
************  DAA  ************
 NI=  1 NI_GLOBAL=  1
  -0.0147  -0.0147  -0.0147  -0.0147  -0.0147  -0.0147  -0.0040  -0.0040  -0.0040  -0.0040  -0.0040  -0.0040  -0.0040  -0.0040
 NI=  1 VDC=    1.3421
************  LA2  ************
 NI=  1 NI_GLOBAL=  1
  -2.3356  -2.3356  -2.3356  -2.3356  -2.3356  -2.3356  -2.2364  -2.2364  -2.2364  -2.2364  -2.2364  -2.2364  -2.2364  -2.2364
 NI=  1 PHI-step gap=  0.14E+00
************  RAA  ************
 NI=  1 NI_GLOBAL=  1
   0.8739   0.8739   0.8739   0.8739   0.8739   0.8739   0.9031   0.9031   0.9031   0.9031   0.9031   0.9031   0.9031   0.9031
************  NC0  ************
 NI=  1 NI_GLOBAL=  1
   0.8525   0.8525   0.8525   0.8525   0.8525   0.8525   0.0181   0.0181   0.0181   0.0181   0.0181   0.0181   0.0181   0.0181
                  CALC_LC takes  0 hours  9 minutes and   14.28 seconds (CPU).
                          takes  0 hours  9 minutes and   14.30 seconds (WALL).
                GUTZ_FCN1 takes  0 hours  9 minutes and   16.03 seconds (CPU).
                          takes  0 hours  9 minutes and   15.27 seconds (WALL).
************  DIF_X  ************
    0.000000923760   -0.000000717232
   -0.000000290047   -0.000000032582
 ITER1=  3 MAXERR=    0.00000092
************   WH%X  ************
    0.87389361    0.90312828
    0.92158453    1.09099440
************  RIN  ************
 NI=  1 NI_GLOBAL=  1
   0.8739   0.8739   0.8739   0.8739   0.8739   0.8739   0.9031   0.9031   0.9031   0.9031   0.9031   0.9031   0.9031   0.9031
************  LA1  ************
 NI=  1 NI_GLOBAL=  1
   0.9216   0.9216   0.9216   0.9216   0.9216   0.9216   1.0910   1.0910   1.0910   1.0910   1.0910   1.0910   1.0910   1.0910
             CALC_BAND_AL takes  0 hours  0 minutes and    1.26 seconds (CPU).
                          takes  0 hours  0 minutes and    0.64 seconds (WALL).
 ILOOP            1
 ILOOP            2
   FERMI ENERGY AT   0.929802454935906     
   SUM RULE OF TETRAHEDRON INTEGRATION CHECKED 
   number of occupied bands:          18
   highest energy:  0.942704350564173     
************  NK-  ************
 NI=  1 NI_GLOBAL=  1
   0.8526   0.8313   0.8736   0.8736   0.8313   0.8526   0.0203   0.0184   0.0166   0.0171   0.0171   0.0166   0.0184   0.0203
************  NNK  ************
 NI=  1 NI_GLOBAL=  1
   0.8526   0.0000   0.0000   0.0000   0.0023   0.0000   0.0000  -0.0016   0.0000   0.0000   0.0000   0.0081   0.0000   0.0000
   0.0000   0.8313   0.0000   0.0000   0.0000   0.0023   0.0000   0.0000  -0.0001   0.0000   0.0000   0.0000  -0.0149   0.0000
   0.0000   0.0000   0.8736   0.0000   0.0000   0.0000   0.0000   0.0000   0.0000   0.0103   0.0000   0.0000   0.0000   0.0017
   0.0000   0.0000   0.0000   0.8736   0.0000   0.0000  -0.0017   0.0000   0.0000   0.0000  -0.0103   0.0000   0.0000   0.0000
   0.0023   0.0000   0.0000   0.0000   0.8313   0.0000   0.0000   0.0149   0.0000   0.0000   0.0000   0.0001   0.0000   0.0000
   0.0000   0.0023   0.0000   0.0000   0.0000   0.8526   0.0000   0.0000  -0.0081   0.0000   0.0000   0.0000   0.0016   0.0000
   0.0000   0.0000   0.0000  -0.0017   0.0000   0.0000   0.0203   0.0000   0.0000   0.0000  -0.0004   0.0000   0.0000   0.0000
  -0.0016   0.0000   0.0000   0.0000   0.0149   0.0000   0.0000   0.0184   0.0000   0.0000   0.0000  -0.0029   0.0000   0.0000
   0.0000  -0.0001   0.0000   0.0000   0.0000  -0.0081   0.0000   0.0000   0.0166   0.0000   0.0000   0.0000  -0.0029   0.0000
   0.0000   0.0000   0.0103   0.0000   0.0000   0.0000   0.0000   0.0000   0.0000   0.0171   0.0000   0.0000   0.0000  -0.0004
   0.0000   0.0000   0.0000  -0.0103   0.0000   0.0000  -0.0004   0.0000   0.0000   0.0000   0.0171   0.0000   0.0000   0.0000
   0.0081   0.0000   0.0000   0.0000   0.0001   0.0000   0.0000  -0.0029   0.0000   0.0000   0.0000   0.0166   0.0000   0.0000
   0.0000  -0.0149   0.0000   0.0000   0.0000   0.0016   0.0000   0.0000  -0.0029   0.0000   0.0000   0.0000   0.0184   0.0000
   0.0000   0.0000   0.0017   0.0000   0.0000   0.0000   0.0000   0.0000   0.0000  -0.0004   0.0000   0.0000   0.0000   0.0203
************  NKS  ************
 NI=  1 NI_GLOBAL=  1
   0.8525   0.8525   0.8525   0.8525   0.8525   0.8525   0.0181   0.0181   0.0181   0.0181   0.0181   0.0181   0.0181   0.0181
 NELE_LOC TOTAL:
           5.2596089917703726
              CALC_DA_BND takes  0 hours  0 minutes and    0.20 seconds (CPU).
                          takes  0 hours  0 minutes and    0.20 seconds (WALL).
************  DA-  ************
 NI=  1 NI_GLOBAL=  1
  -0.0144  -0.0157  -0.0139  -0.0139  -0.0157  -0.0144  -0.0045  -0.0041  -0.0036  -0.0038  -0.0038  -0.0036  -0.0041  -0.0045
************  DAA  ************
 NI=  1 NI_GLOBAL=  1
  -0.0147  -0.0147  -0.0147  -0.0147  -0.0147  -0.0147  -0.0040  -0.0040  -0.0040  -0.0040  -0.0040  -0.0040  -0.0040  -0.0040
 NI=  1 VDC=    1.3421
************  LA2  ************
 NI=  1 NI_GLOBAL=  1
  -2.3356  -2.3356  -2.3356  -2.3356  -2.3356  -2.3356  -2.2364  -2.2364  -2.2364  -2.2364  -2.2364  -2.2364  -2.2364  -2.2364
 NI=  1 PHI-step gap=  0.14E+00
************  RAA  ************
 NI=  1 NI_GLOBAL=  1
   0.8739   0.8739   0.8739   0.8739   0.8739   0.8739   0.9031   0.9031   0.9031   0.9031   0.9031   0.9031   0.9031   0.9031
************  NC0  ************
 NI=  1 NI_GLOBAL=  1
   0.8525   0.8525   0.8525   0.8525   0.8525   0.8525   0.0181   0.0181   0.0181   0.0181   0.0181   0.0181   0.0181   0.0181
                  CALC_LC takes  0 hours  9 minutes and   49.00 seconds (CPU).
                          takes  0 hours  9 minutes and   48.97 seconds (WALL).
                GUTZ_FCN1 takes  0 hours  9 minutes and   50.59 seconds (CPU).
                          takes  0 hours  9 minutes and   49.95 seconds (WALL).
************  DIF_X  ************
    0.000000006690   -0.000000005182
   -0.000000002116   -0.000000000236
 ITER1=  4 MAXERR=    0.00000001
 NFJAC=   0
 SOLVE1 FINISHED WITH       4 ITERATIONS.
               GUTZ_SOLVE takes  0 hours 37 minutes and   10.88 seconds (CPU).
                          takes  0 hours 37 minutes and    7.89 seconds (WALL).
 MAX. NELF1 DIFF=    0.00311588
               CALC_PJRHO takes  0 hours  0 minutes and    0.58 seconds (CPU).
                          takes  0 hours  0 minutes and    0.39 seconds (WALL).
 NI=  1 SUM_PHY-SUM_KS=     -0.00000001 WOULD BE RENORMALIZED
************  NC1  ************
 NI=  1 NI_GLOBAL=  1
   0.8332   0.8332   0.8332   0.8332   0.8332   0.8332   0.0325   0.0325   0.0325   0.0325   0.0325   0.0325   0.0325   0.0325
               CALC_NCPHY takes  0 hours  0 minutes and   50.55 seconds (CPU).
                          takes  0 hours  0 minutes and   50.55 seconds (WALL).
 GYZ%PJ%EGAMM:
     8.24328
 ENG%GAMM:     8.24328
 ENG%POT2:     3.12037
 EDCLA1(NI) ARRAY:
    -4.872
 EDCUJ(NI) ARRAY:
    -3.180
 EDCUJV(NI) ARRAY:
    -7.059
 EDC(NI) ARRAY:
    -8.052
 ENG%DBLC:    -8.05157
 ENG%DC1 :    -4.87167
 ENG%DC2 :    -3.17990
 ENG%DC2V:    -7.05877
 DC_E_STD_TO_E_V:    -3.87887
 ENG%BAND:    -0.65931
 ENG%DL(DEEP LEVEL):    -7.69229
 ENG%TB=    -0.46761
 ENG%TB-DC2=     2.71229
 NI=  1 OCC_CONFIG_WEIGHT:
        OCC= 0 WEIGHT=   0.00000
        OCC= 1 WEIGHT=   0.00000
        OCC= 2 WEIGHT=   0.00002
        OCC= 3 WEIGHT=   0.00240
        OCC= 4 WEIGHT=   0.08533
        OCC= 5 WEIGHT=   0.57502
        OCC= 6 WEIGHT=   0.32481
        OCC= 7 WEIGHT=   0.01230
        OCC= 8 WEIGHT=   0.00013
        OCC= 9 WEIGHT=   0.00000
                 CALC_RCW takes  0 hours  0 minutes and    0.00 seconds (CPU).
                          takes  0 hours  0 minutes and    0.00 seconds (WALL).
 NI=  1 J2=    9.4416
                 CALC_SLJ takes  0 hours  0 minutes and    0.00 seconds (CPU).
                          takes  0 hours  0 minutes and    0.00 seconds (WALL).
 NI=  1 ENTANGLEMENT ENTROPY=      3.0802
           CALC_ENTANGLES takes  0 hours  0 minutes and    1.06 seconds (CPU).
                          takes  0 hours  0 minutes and    1.02 seconds (WALL).
 CORRELATED SUBSPACE, SUM_FERWT=      8.0000000 SUM_KSWT=      8.0000000
 MAX OFF DIAGONAL KS.WT=    0.000847
 MAX/MIN R=    0.903128    0.873894
                CALC_KSWT takes  0 hours  0 minutes and    0.04 seconds (CPU).
                          takes  0 hours  0 minutes and    0.03 seconds (WALL).
                    TOTAL takes  0 hours 39 minutes and    8.65 seconds (CPU).
                          takes  0 hours 39 minutes and    3.84 seconds (WALL).
