******Program DMFT: Computes Gloc and Delta for Dynamical Mean Field Theory calculation ******
 CALCULATION WITH COMPLEX VECTORS
 CALCULATION WITH SOC VECTORS REQUIRED
 Running DMFT in mpi mode
  
 numkpt=         286
   0.00000   0.00000   0.00000   1.00000
   0.04762   0.04762  -0.04762   8.00000
   0.09524   0.09524  -0.09524   8.00000
   0.14286   0.14286  -0.14286   8.00000
   0.19048   0.19048  -0.19048   8.00000
   0.23810   0.23810  -0.23810   8.00000
   0.28571   0.28571  -0.28571   8.00000
   0.33333   0.33333  -0.33333   8.00000
   0.38095   0.38095  -0.38095   8.00000
   0.42857   0.42857  -0.42857   8.00000
   0.47619   0.47619  -0.47619   8.00000
   0.09524   0.00000   0.00000   6.00000
   0.14286   0.04762  -0.04762  24.00000
   0.19048   0.09524  -0.09524  24.00000
   0.23810   0.14286  -0.14286  24.00000
   0.28571   0.19048  -0.19048  24.00000
   0.33333   0.23810  -0.23810  24.00000
   0.38095   0.28571  -0.28571  24.00000
   0.42857   0.33333  -0.33333  24.00000
   0.47619   0.38095  -0.38095  24.00000
   0.52381   0.42857  -0.42857  24.00000
   0.57143   0.47619  -0.47619  24.00000
   0.61905   0.52381  -0.52381  24.00000
   0.66667   0.57143  -0.57143  24.00000
   0.71429   0.61905  -0.61905  24.00000
   0.76190   0.66667  -0.66667  24.00000
   0.80952   0.71429  -0.71429  24.00000
   0.85714   0.76190  -0.76190  24.00000
   0.90476   0.80952  -0.80952  24.00000
   0.95238   0.85714  -0.85714  24.00000
   1.00000   0.90476  -0.90476  12.00000
   0.19048   0.00000   0.00000   6.00000
   0.23810   0.04762  -0.04762  24.00000
   0.28571   0.09524  -0.09524  24.00000
   0.33333   0.14286  -0.14286  24.00000
   0.38095   0.19048  -0.19048  24.00000
   0.42857   0.23810  -0.23810  24.00000
   0.47619   0.28571  -0.28571  24.00000
   0.52381   0.33333  -0.33333  24.00000
   0.57143   0.38095  -0.38095  24.00000
   0.61905   0.42857  -0.42857  24.00000
   0.66667   0.47619  -0.47619  24.00000
   0.71429   0.52381  -0.52381  24.00000
   0.76190   0.57143  -0.57143  24.00000
   0.80952   0.61905  -0.61905  24.00000
   0.85714   0.66667  -0.66667  24.00000
   0.90476   0.71429  -0.71429  24.00000
   0.95238   0.76190  -0.76190  24.00000
   1.00000   0.80952  -0.80952  12.00000
   0.28571   0.00000   0.00000   6.00000
   0.33333   0.04762  -0.04762  24.00000
   0.38095   0.09524  -0.09524  24.00000
   0.42857   0.14286  -0.14286  24.00000
   0.47619   0.19048  -0.19048  24.00000
   0.52381   0.23810  -0.23810  24.00000
   0.57143   0.28571  -0.28571  24.00000
   0.61905   0.33333  -0.33333  24.00000
   0.66667   0.38095  -0.38095  24.00000
   0.71429   0.42857  -0.42857  24.00000
   0.76190   0.47619  -0.47619  24.00000
   0.80952   0.52381  -0.52381  24.00000
   0.85714   0.57143  -0.57143  24.00000
   0.90476   0.61905  -0.61905  24.00000
   0.95238   0.66667  -0.66667  24.00000
   1.00000   0.71429  -0.71429  12.00000
   0.38095   0.00000   0.00000   6.00000
   0.42857   0.04762  -0.04762  24.00000
   0.47619   0.09524  -0.09524  24.00000
   0.52381   0.14286  -0.14286  24.00000
   0.57143   0.19048  -0.19048  24.00000
   0.61905   0.23810  -0.23810  24.00000
   0.66667   0.28571  -0.28571  24.00000
   0.71429   0.33333  -0.33333  24.00000
   0.76190   0.38095  -0.38095  24.00000
   0.80952   0.42857  -0.42857  24.00000
   0.85714   0.47619  -0.47619  24.00000
   0.90476   0.52381  -0.52381  24.00000
   0.95238   0.57143  -0.57143  24.00000
   1.00000   0.61905  -0.61905  12.00000
   0.47619   0.00000   0.00000   6.00000
   0.52381   0.04762  -0.04762  24.00000
   0.57143   0.09524  -0.09524  24.00000
   0.61905   0.14286  -0.14286  24.00000
   0.66667   0.19048  -0.19048  24.00000
   0.71429   0.23810  -0.23810  24.00000
   0.76190   0.28571  -0.28571  24.00000
   0.80952   0.33333  -0.33333  24.00000
   0.85714   0.38095  -0.38095  24.00000
   0.90476   0.42857  -0.42857  24.00000
   0.95238   0.47619  -0.47619  24.00000
   1.00000   0.52381  -0.52381  12.00000
   0.57143   0.00000   0.00000   6.00000
   0.61905   0.04762  -0.04762  24.00000
   0.66667   0.09524  -0.09524  24.00000
   0.71429   0.14286  -0.14286  24.00000
   0.76190   0.19048  -0.19048  24.00000
   0.80952   0.23810  -0.23810  24.00000
   0.85714   0.28571  -0.28571  24.00000
   0.90476   0.33333  -0.33333  24.00000
   0.95238   0.38095  -0.38095  24.00000
   1.00000   0.42857  -0.42857  12.00000
   0.66667   0.00000   0.00000   6.00000
   0.71429   0.04762  -0.04762  24.00000
   0.76190   0.09524  -0.09524  24.00000
   0.80952   0.14286  -0.14286  24.00000
   0.85714   0.19048  -0.19048  24.00000
   0.90476   0.23810  -0.23810  24.00000
   0.95238   0.28571  -0.28571  24.00000
   1.00000   0.33333  -0.33333  12.00000
   0.76190   0.00000   0.00000   6.00000
   0.80952   0.04762  -0.04762  24.00000
   0.85714   0.09524  -0.09524  24.00000
   0.90476   0.14286  -0.14286  24.00000
   0.95238   0.19048  -0.19048  24.00000
   1.00000   0.23810  -0.23810  12.00000
   0.85714   0.00000   0.00000   6.00000
   0.90476   0.04762  -0.04762  24.00000
   0.95238   0.09524  -0.09524  24.00000
   1.00000   0.14286  -0.14286  12.00000
   0.95238   0.00000   0.00000   6.00000
   1.00000   0.04762  -0.04762  12.00000
   0.19048   0.09524   0.00000  24.00000
   0.23810   0.14286  -0.04762  48.00000
   0.28571   0.19048  -0.09524  48.00000
   0.33333   0.23810  -0.14286  48.00000
   0.38095   0.28571  -0.19048  48.00000
   0.42857   0.33333  -0.23810  48.00000
   0.47619   0.38095  -0.28571  48.00000
   0.52381   0.42857  -0.33333  48.00000
   0.57143   0.47619  -0.38095  48.00000
   0.28571   0.09524   0.00000  24.00000
   0.33333   0.14286  -0.04762  48.00000
   0.38095   0.19048  -0.09524  48.00000
   0.42857   0.23810  -0.14286  48.00000
   0.47619   0.28571  -0.19048  48.00000
   0.52381   0.33333  -0.23810  48.00000
   0.57143   0.38095  -0.28571  48.00000
   0.61905   0.42857  -0.33333  48.00000
   0.66667   0.47619  -0.38095  48.00000
   0.71429   0.52381  -0.42857  48.00000
   0.76190   0.57143  -0.47619  48.00000
   0.80952   0.61905  -0.52381  48.00000
   0.85714   0.66667  -0.57143  48.00000
   0.90476   0.71429  -0.61905  48.00000
   0.95238   0.76190  -0.66667  48.00000
   1.00000   0.80952  -0.71429  24.00000
   0.38095   0.09524   0.00000  24.00000
   0.42857   0.14286  -0.04762  48.00000
   0.47619   0.19048  -0.09524  48.00000
   0.52381   0.23810  -0.14286  48.00000
   0.57143   0.28571  -0.19048  48.00000
   0.61905   0.33333  -0.23810  48.00000
   0.66667   0.38095  -0.28571  48.00000
   0.71429   0.42857  -0.33333  48.00000
   0.76190   0.47619  -0.38095  48.00000
   0.80952   0.52381  -0.42857  48.00000
   0.85714   0.57143  -0.47619  48.00000
   0.90476   0.61905  -0.52381  48.00000
   0.95238   0.66667  -0.57143  48.00000
   1.00000   0.71429  -0.61905  24.00000
   0.47619   0.09524   0.00000  24.00000
   0.52381   0.14286  -0.04762  48.00000
   0.57143   0.19048  -0.09524  48.00000
   0.61905   0.23810  -0.14286  48.00000
   0.66667   0.28571  -0.19048  48.00000
   0.71429   0.33333  -0.23810  48.00000
   0.76190   0.38095  -0.28571  48.00000
   0.80952   0.42857  -0.33333  48.00000
   0.85714   0.47619  -0.38095  48.00000
   0.90476   0.52381  -0.42857  48.00000
   0.95238   0.57143  -0.47619  48.00000
   1.00000   0.61905  -0.52381  24.00000
   0.57143   0.09524   0.00000  24.00000
   0.61905   0.14286  -0.04762  48.00000
   0.66667   0.19048  -0.09524  48.00000
   0.71429   0.23810  -0.14286  48.00000
   0.76190   0.28571  -0.19048  48.00000
   0.80952   0.33333  -0.23810  48.00000
   0.85714   0.38095  -0.28571  48.00000
   0.90476   0.42857  -0.33333  48.00000
   0.95238   0.47619  -0.38095  48.00000
   1.00000   0.52381  -0.42857  24.00000
   0.66667   0.09524   0.00000  24.00000
   0.71429   0.14286  -0.04762  48.00000
   0.76190   0.19048  -0.09524  48.00000
   0.80952   0.23810  -0.14286  48.00000
   0.85714   0.28571  -0.19048  48.00000
   0.90476   0.33333  -0.23810  48.00000
   0.95238   0.38095  -0.28571  48.00000
   1.00000   0.42857  -0.33333  24.00000
   0.76190   0.09524   0.00000  24.00000
   0.80952   0.14286  -0.04762  48.00000
   0.85714   0.19048  -0.09524  48.00000
   0.90476   0.23810  -0.14286  48.00000
   0.95238   0.28571  -0.19048  48.00000
   1.00000   0.33333  -0.23810  24.00000
   0.85714   0.09524   0.00000  24.00000
   0.90476   0.14286  -0.04762  48.00000
   0.95238   0.19048  -0.09524  48.00000
   1.00000   0.23810  -0.14286  24.00000
   0.95238   0.09524   0.00000  24.00000
   1.00000   0.14286  -0.04762  24.00000
   0.38095   0.19048   0.00000  24.00000
   0.42857   0.23810  -0.04762  48.00000
   0.47619   0.28571  -0.09524  48.00000
   0.52381   0.33333  -0.14286  48.00000
   0.57143   0.38095  -0.19048  48.00000
   0.61905   0.42857  -0.23810  48.00000
   0.66667   0.47619  -0.28571  48.00000
   0.47619   0.19048   0.00000  24.00000
   0.52381   0.23810  -0.04762  48.00000
   0.57143   0.28571  -0.09524  48.00000
   0.61905   0.33333  -0.14286  48.00000
   0.66667   0.38095  -0.19048  48.00000
   0.71429   0.42857  -0.23810  48.00000
   0.76190   0.47619  -0.28571  48.00000
   0.80952   0.52381  -0.33333  48.00000
   0.85714   0.57143  -0.38095  48.00000
   0.90476   0.61905  -0.42857  48.00000
   0.95238   0.66667  -0.47619  48.00000
   1.00000   0.71429  -0.52381  24.00000
   0.57143   0.19048   0.00000  24.00000
   0.61905   0.23810  -0.04762  48.00000
   0.66667   0.28571  -0.09524  48.00000
   0.71429   0.33333  -0.14286  48.00000
   0.76190   0.38095  -0.19048  48.00000
   0.80952   0.42857  -0.23810  48.00000
   0.85714   0.47619  -0.28571  48.00000
   0.90476   0.52381  -0.33333  48.00000
   0.95238   0.57143  -0.38095  48.00000
   1.00000   0.61905  -0.42857  24.00000
   0.66667   0.19048   0.00000  24.00000
   0.71429   0.23810  -0.04762  48.00000
   0.76190   0.28571  -0.09524  48.00000
   0.80952   0.33333  -0.14286  48.00000
   0.85714   0.38095  -0.19048  48.00000
   0.90476   0.42857  -0.23810  48.00000
   0.95238   0.47619  -0.28571  48.00000
   1.00000   0.52381  -0.33333  24.00000
   0.76190   0.19048   0.00000  24.00000
   0.80952   0.23810  -0.04762  48.00000
   0.85714   0.28571  -0.09524  48.00000
   0.90476   0.33333  -0.14286  48.00000
   0.95238   0.38095  -0.19048  48.00000
   1.00000   0.42857  -0.23810  24.00000
   0.85714   0.19048   0.00000  24.00000
   0.90476   0.23810  -0.04762  48.00000
   0.95238   0.28571  -0.09524  48.00000
   1.00000   0.33333  -0.14286  24.00000
   0.95238   0.19048   0.00000  24.00000
   1.00000   0.23810  -0.04762  24.00000
   0.57143   0.28571   0.00000  24.00000
   0.61905   0.33333  -0.04762  48.00000
   0.66667   0.38095  -0.09524  48.00000
   0.71429   0.42857  -0.14286  48.00000
   0.76190   0.47619  -0.19048  48.00000
   0.66667   0.28571   0.00000  24.00000
   0.71429   0.33333  -0.04762  48.00000
   0.76190   0.38095  -0.09524  48.00000
   0.80952   0.42857  -0.14286  48.00000
   0.85714   0.47619  -0.19048  48.00000
   0.90476   0.52381  -0.23810  48.00000
   0.95238   0.57143  -0.28571  48.00000
   1.00000   0.61905  -0.33333  24.00000
   0.76190   0.28571   0.00000  24.00000
   0.80952   0.33333  -0.04762  48.00000
   0.85714   0.38095  -0.09524  48.00000
   0.90476   0.42857  -0.14286  48.00000
   0.95238   0.47619  -0.19048  48.00000
   1.00000   0.52381  -0.23810  24.00000
   0.85714   0.28571   0.00000  24.00000
   0.90476   0.33333  -0.04762  48.00000
   0.95238   0.38095  -0.09524  48.00000
   1.00000   0.42857  -0.14286  24.00000
   0.95238   0.28571   0.00000  24.00000
   1.00000   0.33333  -0.04762  24.00000
   0.76190   0.38095   0.00000  24.00000
   0.80952   0.42857  -0.04762  48.00000
   0.85714   0.47619  -0.09524  48.00000
   0.85714   0.38095   0.00000  24.00000
   0.90476   0.42857  -0.04762  48.00000
   0.95238   0.47619  -0.09524  48.00000
   1.00000   0.52381  -0.14286  24.00000
   0.95238   0.38095   0.00000  24.00000
   1.00000   0.42857  -0.04762  24.00000
   0.95238   0.47619   0.00000  24.00000




                              --------------------------------------------------
                                 S T R U C T U R A L   I N F O R M A T I O N
                              --------------------------------------------------


   SUBSTANCE                    = cubic fcc  (delta)                                                              

   LATTICE                      = F   
   LATTICE CONSTANTS ARE        =    9.6701620   9.6701620   9.6701620
   NUMBER OF ATOMS IN UNITCELL  =   1
   MODE OF CALCULATION IS       = RELA
 IORD=          48
 FNAMES=
 ./delta_Pu_19.vectorso_1                                                       
                                                                                
                                           
 ./delta_Pu_19.vectorsodn_1                                                     
                                                                                
                                           
 delta_Pu_19.energyso_1                                                         
                                                                                
                                           
 delta_Pu_19.energysodn_1                                                       
                                                                                
                                           
  BR1,  BR2
   0.64975   0.00000   0.00000     -0.64975   0.64975   0.64975
   0.00000   0.64975   0.00000      0.64975  -0.64975   0.64975
   0.00000   0.00000   0.64975      0.64975   0.64975  -0.64975
 projector corrected--must be 1,2, or 3! Now projector= 2
 Energy window:   -0.4410 < E <      0.441
 Projected density of states calculation for  1 atoms
--------- atom  1 -------------
l=  3  qsplit=  4
 Symmetrization over eq. k-points is performed
 ********** Start Reading Cix file *************
  Correlated block number           1
  Correlated index=
  1  0  0  0  0  0  0  0  0  0  0  0  0  0
  0  1  0  0  0  0  0  0  0  0  0  0  0  0
  0  0  1  0  0  0  0  0  0  0  0  0  0  0
  0  0  0  1  0  0  0  0  0  0  0  0  0  0
  0  0  0  0  1  0  0  0  0  0  0  0  0  0
  0  0  0  0  0  1  0  0  0  0  0  0  0  0
  0  0  0  0  0  0  2  0  0  0  0  0  0  0
  0  0  0  0  0  0  0  2  0  0  0  0  0  0
  0  0  0  0  0  0  0  0  2  0  0  0  0  0
  0  0  0  0  0  0  0  0  0  2  0  0  0  0
  0  0  0  0  0  0  0  0  0  0  2  0  0  0
  0  0  0  0  0  0  0  0  0  0  0  2  0  0
  0  0  0  0  0  0  0  0  0  0  0  0  2  0
  0  0  0  0  0  0  0  0  0  0  0  0  0  2
  Real part of unitary matrix=
  0.9258  0.0000  0.0000  0.0000  0.0000  0.0000  0.0000  0.0000 -0.3780  0.0000  0.0000  0.0000  0.0000  0.0000
  0.0000  0.8452  0.0000  0.0000  0.0000  0.0000  0.0000  0.0000  0.0000 -0.5345  0.0000  0.0000  0.0000  0.0000
  0.0000  0.0000  0.7559  0.0000  0.0000  0.0000  0.0000  0.0000  0.0000  0.0000 -0.6547  0.0000  0.0000  0.0000
  0.0000  0.0000  0.0000  0.6547  0.0000  0.0000  0.0000  0.0000  0.0000  0.0000  0.0000 -0.7559  0.0000  0.0000
  0.0000  0.0000  0.0000  0.0000  0.5345  0.0000  0.0000  0.0000  0.0000  0.0000  0.0000  0.0000 -0.8452  0.0000
  0.0000  0.0000  0.0000  0.0000  0.0000  0.3780  0.0000  0.0000  0.0000  0.0000  0.0000  0.0000  0.0000 -0.9258
  0.0000  0.0000  0.0000  0.0000  0.0000  0.0000  0.0000  1.0000  0.0000  0.0000  0.0000  0.0000  0.0000  0.0000
  0.3780  0.0000  0.0000  0.0000  0.0000  0.0000  0.0000  0.0000  0.9258  0.0000  0.0000  0.0000  0.0000  0.0000
  0.0000  0.5345  0.0000  0.0000  0.0000  0.0000  0.0000  0.0000  0.0000  0.8452  0.0000  0.0000  0.0000  0.0000
  0.0000  0.0000  0.6547  0.0000  0.0000  0.0000  0.0000  0.0000  0.0000  0.0000  0.7559  0.0000  0.0000  0.0000
  0.0000  0.0000  0.0000  0.7559  0.0000  0.0000  0.0000  0.0000  0.0000  0.0000  0.0000  0.6547  0.0000  0.0000
  0.0000  0.0000  0.0000  0.0000  0.8452  0.0000  0.0000  0.0000  0.0000  0.0000  0.0000  0.0000  0.5345  0.0000
  0.0000  0.0000  0.0000  0.0000  0.0000  0.9258  0.0000  0.0000  0.0000  0.0000  0.0000  0.0000  0.0000  0.3780
  0.0000  0.0000  0.0000  0.0000  0.0000  0.0000  1.0000  0.0000  0.0000  0.0000  0.0000  0.0000  0.0000  0.0000
  Imaginary part of unitary matrix=
  0.0000  0.0000  0.0000  0.0000  0.0000  0.0000  0.0000  0.0000  0.0000  0.0000  0.0000  0.0000  0.0000  0.0000
  0.0000  0.0000  0.0000  0.0000  0.0000  0.0000  0.0000  0.0000  0.0000  0.0000  0.0000  0.0000  0.0000  0.0000
  0.0000  0.0000  0.0000  0.0000  0.0000  0.0000  0.0000  0.0000  0.0000  0.0000  0.0000  0.0000  0.0000  0.0000
  0.0000  0.0000  0.0000  0.0000  0.0000  0.0000  0.0000  0.0000  0.0000  0.0000  0.0000  0.0000  0.0000  0.0000
  0.0000  0.0000  0.0000  0.0000  0.0000  0.0000  0.0000  0.0000  0.0000  0.0000  0.0000  0.0000  0.0000  0.0000
  0.0000  0.0000  0.0000  0.0000  0.0000  0.0000  0.0000  0.0000  0.0000  0.0000  0.0000  0.0000  0.0000  0.0000
  0.0000  0.0000  0.0000  0.0000  0.0000  0.0000  0.0000  0.0000  0.0000  0.0000  0.0000  0.0000  0.0000  0.0000
  0.0000  0.0000  0.0000  0.0000  0.0000  0.0000  0.0000  0.0000  0.0000  0.0000  0.0000  0.0000  0.0000  0.0000
  0.0000  0.0000  0.0000  0.0000  0.0000  0.0000  0.0000  0.0000  0.0000  0.0000  0.0000  0.0000  0.0000  0.0000
  0.0000  0.0000  0.0000  0.0000  0.0000  0.0000  0.0000  0.0000  0.0000  0.0000  0.0000  0.0000  0.0000  0.0000
  0.0000  0.0000  0.0000  0.0000  0.0000  0.0000  0.0000  0.0000  0.0000  0.0000  0.0000  0.0000  0.0000  0.0000
  0.0000  0.0000  0.0000  0.0000  0.0000  0.0000  0.0000  0.0000  0.0000  0.0000  0.0000  0.0000  0.0000  0.0000
  0.0000  0.0000  0.0000  0.0000  0.0000  0.0000  0.0000  0.0000  0.0000  0.0000  0.0000  0.0000  0.0000  0.0000
  0.0000  0.0000  0.0000  0.0000  0.0000  0.0000  0.0000  0.0000  0.0000  0.0000  0.0000  0.0000  0.0000  0.0000
  At least one transformation matrix is not Identity
 Magnetic system with s-o coupling; M theta, phi:  0.0000  0.0000
 Inside ROTDEF
Operation  1 transforms atom   1 from first atom   1
Actual position of atom  1 is:  0.000000    0.000000    0.000000
 
Combined transformation (acting on k-point) for correlated atoms
including users rotation and internal local rotation
catom  1 atom   1
   0.64975   0.00000   0.00000
   0.00000  -0.64975   0.00000
   0.00000   0.00000  -0.64975
 
 
 SPIN COORD SYSTEM:
    1.000000    0.000000    0.000000
    0.000000    1.000000    0.000000
    0.000000    0.000000    1.000000
 
 in global cartezian coordinates:
    1.000000    0.000000    0.000000
    0.000000   -1.000000    0.000000
    0.000000    0.000000   -1.000000
 ____________________________
 in spin coordinates:
    1.000000    0.000000    0.000000
    0.000000   -1.000000    0.000000
    0.000000    0.000000   -1.000000
           1   3.14159265358979       -1.00000000000000     
 
 in global cartezian coordinates:
    1.000000    0.000000    0.000000
    0.000000    0.000000   -1.000000
    0.000000   -1.000000    0.000000
 ____________________________
 in spin coordinates:
    1.000000    0.000000    0.000000
    0.000000    0.000000   -1.000000
    0.000000   -1.000000    0.000000
           2   1.57079632679490       0.000000000000000E+000
 
 symm. operation            2  removed !!!! so-det=  0.000000000000000E+000
 in global cartezian coordinates:
   -1.000000    0.000000    0.000000
    0.000000   -1.000000    0.000000
    0.000000    0.000000   -1.000000
 ____________________________
 in spin coordinates:
   -1.000000    0.000000    0.000000
    0.000000   -1.000000    0.000000
    0.000000    0.000000   -1.000000
           3  0.000000000000000E+000   1.00000000000000     
 
 in global cartezian coordinates:
   -1.000000    0.000000    0.000000
    0.000000    0.000000   -1.000000
    0.000000   -1.000000    0.000000
 ____________________________
 in spin coordinates:
   -1.000000    0.000000    0.000000
    0.000000    0.000000   -1.000000
    0.000000   -1.000000    0.000000
           4   1.57079632679490       0.000000000000000E+000
 
 symm. operation            4  removed !!!! so-det=  0.000000000000000E+000
 in global cartezian coordinates:
    0.000000   -1.000000    0.000000
    1.000000    0.000000    0.000000
    0.000000    0.000000   -1.000000
 ____________________________
 in spin coordinates:
    0.000000   -1.000000    0.000000
    1.000000    0.000000    0.000000
    0.000000    0.000000   -1.000000
           5  -1.57079632679490        1.00000000000000     
 
 in global cartezian coordinates:
    0.000000   -1.000000    0.000000
    0.000000    0.000000   -1.000000
    1.000000    0.000000    0.000000
 ____________________________
 in spin coordinates:
    0.000000   -1.000000    0.000000
    0.000000    0.000000   -1.000000
    1.000000    0.000000    0.000000
           6 NaN                      0.000000000000000E+000
 
 symm. operation            6  removed !!!! so-det=  0.000000000000000E+000
 in global cartezian coordinates:
    0.000000    1.000000    0.000000
    1.000000    0.000000    0.000000
    0.000000    0.000000   -1.000000
 ____________________________
 in spin coordinates:
    0.000000    1.000000    0.000000
    1.000000    0.000000    0.000000
    0.000000    0.000000   -1.000000
           7   1.57079632679490       -1.00000000000000     
 
 in global cartezian coordinates:
    0.000000    1.000000    0.000000
    0.000000    0.000000   -1.000000
    1.000000    0.000000    0.000000
 ____________________________
 in spin coordinates:
    0.000000    1.000000    0.000000
    0.000000    0.000000   -1.000000
    1.000000    0.000000    0.000000
           8 NaN                      0.000000000000000E+000
 
 symm. operation            8  removed !!!! so-det=  0.000000000000000E+000
 in global cartezian coordinates:
    0.000000    0.000000   -1.000000
    1.000000    0.000000    0.000000
    0.000000   -1.000000    0.000000
 ____________________________
 in spin coordinates:
    0.000000    0.000000   -1.000000
    1.000000    0.000000    0.000000
    0.000000   -1.000000    0.000000
           9   1.57079632679490       0.000000000000000E+000
 
 symm. operation            9  removed !!!! so-det=  0.000000000000000E+000
 in global cartezian coordinates:
    0.000000    0.000000   -1.000000
    0.000000   -1.000000    0.000000
    1.000000    0.000000    0.000000
 ____________________________
 in spin coordinates:
    0.000000    0.000000   -1.000000
    0.000000   -1.000000    0.000000
    1.000000    0.000000    0.000000
          10   1.57079632679490       0.000000000000000E+000
 
 symm. operation           10  removed !!!! so-det=  0.000000000000000E+000
 in global cartezian coordinates:
    0.000000    0.000000    1.000000
    1.000000    0.000000    0.000000
    0.000000   -1.000000    0.000000
 ____________________________
 in spin coordinates:
    0.000000    0.000000    1.000000
    1.000000    0.000000    0.000000
    0.000000   -1.000000    0.000000
          11   1.57079632679490       0.000000000000000E+000
 
 symm. operation           11  removed !!!! so-det=  0.000000000000000E+000
 in global cartezian coordinates:
    0.000000    0.000000    1.000000
    0.000000   -1.000000    0.000000
    1.000000    0.000000    0.000000
 ____________________________
 in spin coordinates:
    0.000000    0.000000    1.000000
    0.000000   -1.000000    0.000000
    1.000000    0.000000    0.000000
          12   1.57079632679490       0.000000000000000E+000
 
 symm. operation           12  removed !!!! so-det=  0.000000000000000E+000
 in global cartezian coordinates:
    0.000000   -1.000000    0.000000
   -1.000000    0.000000    0.000000
    0.000000    0.000000   -1.000000
 ____________________________
 in spin coordinates:
    0.000000   -1.000000    0.000000
   -1.000000    0.000000    0.000000
    0.000000    0.000000   -1.000000
          13   4.71238898038469       -1.00000000000000     
 
 in global cartezian coordinates:
    0.000000    1.000000    0.000000
   -1.000000    0.000000    0.000000
    0.000000    0.000000   -1.000000
 ____________________________
 in spin coordinates:
    0.000000    1.000000    0.000000
   -1.000000    0.000000    0.000000
    0.000000    0.000000   -1.000000
          14   1.57079632679490        1.00000000000000     
 
 in global cartezian coordinates:
    0.000000   -1.000000    0.000000
    0.000000    0.000000   -1.000000
   -1.000000    0.000000    0.000000
 ____________________________
 in spin coordinates:
    0.000000   -1.000000    0.000000
    0.000000    0.000000   -1.000000
   -1.000000    0.000000    0.000000
          15 NaN                      0.000000000000000E+000
 
 symm. operation           15  removed !!!! so-det=  0.000000000000000E+000
 in global cartezian coordinates:
    0.000000    1.000000    0.000000
    0.000000    0.000000   -1.000000
   -1.000000    0.000000    0.000000
 ____________________________
 in spin coordinates:
    0.000000    1.000000    0.000000
    0.000000    0.000000   -1.000000
   -1.000000    0.000000    0.000000
          16 NaN                      0.000000000000000E+000
 
 symm. operation           16  removed !!!! so-det=  0.000000000000000E+000
 in global cartezian coordinates:
    1.000000    0.000000    0.000000
    0.000000    1.000000    0.000000
    0.000000    0.000000   -1.000000
 ____________________________
 in spin coordinates:
    1.000000    0.000000    0.000000
    0.000000    1.000000    0.000000
    0.000000    0.000000   -1.000000
          17   3.14159274101257        1.00000000000000     
 
 in global cartezian coordinates:
   -1.000000    0.000000    0.000000
    0.000000    1.000000    0.000000
    0.000000    0.000000   -1.000000
 ____________________________
 in spin coordinates:
   -1.000000    0.000000    0.000000
    0.000000    1.000000    0.000000
    0.000000    0.000000   -1.000000
          18   6.28318539460237       -1.00000000000000     
 
 in global cartezian coordinates:
    1.000000    0.000000    0.000000
    0.000000    0.000000   -1.000000
    0.000000    1.000000    0.000000
 ____________________________
 in spin coordinates:
    1.000000    0.000000    0.000000
    0.000000    0.000000   -1.000000
    0.000000    1.000000    0.000000
          19   1.57079632679490       0.000000000000000E+000
 
 symm. operation           19  removed !!!! so-det=  0.000000000000000E+000
 in global cartezian coordinates:
   -1.000000    0.000000    0.000000
    0.000000    0.000000   -1.000000
    0.000000    1.000000    0.000000
 ____________________________
 in spin coordinates:
   -1.000000    0.000000    0.000000
    0.000000    0.000000   -1.000000
    0.000000    1.000000    0.000000
          20   1.57079632679490       0.000000000000000E+000
 
 symm. operation           20  removed !!!! so-det=  0.000000000000000E+000
 in global cartezian coordinates:
    0.000000    0.000000   -1.000000
   -1.000000    0.000000    0.000000
    0.000000   -1.000000    0.000000
 ____________________________
 in spin coordinates:
    0.000000    0.000000   -1.000000
   -1.000000    0.000000    0.000000
    0.000000   -1.000000    0.000000
          21   1.57079632679490       0.000000000000000E+000
 
 symm. operation           21  removed !!!! so-det=  0.000000000000000E+000
 in global cartezian coordinates:
    0.000000    0.000000   -1.000000
    0.000000   -1.000000    0.000000
   -1.000000    0.000000    0.000000
 ____________________________
 in spin coordinates:
    0.000000    0.000000   -1.000000
    0.000000   -1.000000    0.000000
   -1.000000    0.000000    0.000000
          22   1.57079632679490       0.000000000000000E+000
 
 symm. operation           22  removed !!!! so-det=  0.000000000000000E+000
 in global cartezian coordinates:
    0.000000    0.000000    1.000000
   -1.000000    0.000000    0.000000
    0.000000   -1.000000    0.000000
 ____________________________
 in spin coordinates:
    0.000000    0.000000    1.000000
   -1.000000    0.000000    0.000000
    0.000000   -1.000000    0.000000
          23   1.57079632679490       0.000000000000000E+000
 
 symm. operation           23  removed !!!! so-det=  0.000000000000000E+000
 in global cartezian coordinates:
    0.000000    0.000000    1.000000
    0.000000   -1.000000    0.000000
   -1.000000    0.000000    0.000000
 ____________________________
 in spin coordinates:
    0.000000    0.000000    1.000000
    0.000000   -1.000000    0.000000
   -1.000000    0.000000    0.000000
          24   1.57079632679490       0.000000000000000E+000
 
 symm. operation           24  removed !!!! so-det=  0.000000000000000E+000
 in global cartezian coordinates:
    0.000000    0.000000   -1.000000
    0.000000    1.000000    0.000000
    1.000000    0.000000    0.000000
 ____________________________
 in spin coordinates:
    0.000000    0.000000   -1.000000
    0.000000    1.000000    0.000000
    1.000000    0.000000    0.000000
          25   1.57079632679490       0.000000000000000E+000
 
 symm. operation           25  removed !!!! so-det=  0.000000000000000E+000
 in global cartezian coordinates:
    0.000000    0.000000   -1.000000
    1.000000    0.000000    0.000000
    0.000000    1.000000    0.000000
 ____________________________
 in spin coordinates:
    0.000000    0.000000   -1.000000
    1.000000    0.000000    0.000000
    0.000000    1.000000    0.000000
          26   1.57079632679490       0.000000000000000E+000
 
 symm. operation           26  removed !!!! so-det=  0.000000000000000E+000
 in global cartezian coordinates:
    0.000000    0.000000    1.000000
    0.000000    1.000000    0.000000
    1.000000    0.000000    0.000000
 ____________________________
 in spin coordinates:
    0.000000    0.000000    1.000000
    0.000000    1.000000    0.000000
    1.000000    0.000000    0.000000
          27   1.57079632679490       0.000000000000000E+000
 
 symm. operation           27  removed !!!! so-det=  0.000000000000000E+000
 in global cartezian coordinates:
    0.000000    0.000000    1.000000
    1.000000    0.000000    0.000000
    0.000000    1.000000    0.000000
 ____________________________
 in spin coordinates:
    0.000000    0.000000    1.000000
    1.000000    0.000000    0.000000
    0.000000    1.000000    0.000000
          28   1.57079632679490       0.000000000000000E+000
 
 symm. operation           28  removed !!!! so-det=  0.000000000000000E+000
 in global cartezian coordinates:
    1.000000    0.000000    0.000000
    0.000000    0.000000    1.000000
    0.000000   -1.000000    0.000000
 ____________________________
 in spin coordinates:
    1.000000    0.000000    0.000000
    0.000000    0.000000    1.000000
    0.000000   -1.000000    0.000000
          29   1.57079632679490       0.000000000000000E+000
 
 symm. operation           29  removed !!!! so-det=  0.000000000000000E+000
 in global cartezian coordinates:
   -1.000000    0.000000    0.000000
    0.000000    0.000000    1.000000
    0.000000   -1.000000    0.000000
 ____________________________
 in spin coordinates:
   -1.000000    0.000000    0.000000
    0.000000    0.000000    1.000000
    0.000000   -1.000000    0.000000
          30   1.57079632679490       0.000000000000000E+000
 
 symm. operation           30  removed !!!! so-det=  0.000000000000000E+000
 in global cartezian coordinates:
    1.000000    0.000000    0.000000
    0.000000   -1.000000    0.000000
    0.000000    0.000000    1.000000
 ____________________________
 in spin coordinates:
    1.000000    0.000000    0.000000
    0.000000   -1.000000    0.000000
    0.000000    0.000000    1.000000
          31   6.28318539460237       -1.00000000000000     
 
 in global cartezian coordinates:
   -1.000000    0.000000    0.000000
    0.000000   -1.000000    0.000000
    0.000000    0.000000    1.000000
 ____________________________
 in spin coordinates:
   -1.000000    0.000000    0.000000
    0.000000   -1.000000    0.000000
    0.000000    0.000000    1.000000
          32   3.14159274101257        1.00000000000000     
 
 in global cartezian coordinates:
    0.000000   -1.000000    0.000000
    0.000000    0.000000    1.000000
    1.000000    0.000000    0.000000
 ____________________________
 in spin coordinates:
    0.000000   -1.000000    0.000000
    0.000000    0.000000    1.000000
    1.000000    0.000000    0.000000
          33 NaN                      0.000000000000000E+000
 
 symm. operation           33  removed !!!! so-det=  0.000000000000000E+000
 in global cartezian coordinates:
    0.000000    1.000000    0.000000
    0.000000    0.000000    1.000000
    1.000000    0.000000    0.000000
 ____________________________
 in spin coordinates:
    0.000000    1.000000    0.000000
    0.000000    0.000000    1.000000
    1.000000    0.000000    0.000000
          34 NaN                      0.000000000000000E+000
 
 symm. operation           34  removed !!!! so-det=  0.000000000000000E+000
 in global cartezian coordinates:
    0.000000   -1.000000    0.000000
    1.000000    0.000000    0.000000
    0.000000    0.000000    1.000000
 ____________________________
 in spin coordinates:
    0.000000   -1.000000    0.000000
    1.000000    0.000000    0.000000
    0.000000    0.000000    1.000000
          35   1.57079632679490        1.00000000000000     
 
 in global cartezian coordinates:
    0.000000    1.000000    0.000000
    1.000000    0.000000    0.000000
    0.000000    0.000000    1.000000
 ____________________________
 in spin coordinates:
    0.000000    1.000000    0.000000
    1.000000    0.000000    0.000000
    0.000000    0.000000    1.000000
          36   4.71238898038469       -1.00000000000000     
 
 in global cartezian coordinates:
    0.000000    0.000000   -1.000000
    0.000000    1.000000    0.000000
   -1.000000    0.000000    0.000000
 ____________________________
 in spin coordinates:
    0.000000    0.000000   -1.000000
    0.000000    1.000000    0.000000
   -1.000000    0.000000    0.000000
          37   1.57079632679490       0.000000000000000E+000
 
 symm. operation           37  removed !!!! so-det=  0.000000000000000E+000
 in global cartezian coordinates:
    0.000000    0.000000   -1.000000
   -1.000000    0.000000    0.000000
    0.000000    1.000000    0.000000
 ____________________________
 in spin coordinates:
    0.000000    0.000000   -1.000000
   -1.000000    0.000000    0.000000
    0.000000    1.000000    0.000000
          38   1.57079632679490       0.000000000000000E+000
 
 symm. operation           38  removed !!!! so-det=  0.000000000000000E+000
 in global cartezian coordinates:
    0.000000    0.000000    1.000000
    0.000000    1.000000    0.000000
   -1.000000    0.000000    0.000000
 ____________________________
 in spin coordinates:
    0.000000    0.000000    1.000000
    0.000000    1.000000    0.000000
   -1.000000    0.000000    0.000000
          39   1.57079632679490       0.000000000000000E+000
 
 symm. operation           39  removed !!!! so-det=  0.000000000000000E+000
 in global cartezian coordinates:
    0.000000    0.000000    1.000000
   -1.000000    0.000000    0.000000
    0.000000    1.000000    0.000000
 ____________________________
 in spin coordinates:
    0.000000    0.000000    1.000000
   -1.000000    0.000000    0.000000
    0.000000    1.000000    0.000000
          40   1.57079632679490       0.000000000000000E+000
 
 symm. operation           40  removed !!!! so-det=  0.000000000000000E+000
 in global cartezian coordinates:
    0.000000   -1.000000    0.000000
    0.000000    0.000000    1.000000
   -1.000000    0.000000    0.000000
 ____________________________
 in spin coordinates:
    0.000000   -1.000000    0.000000
    0.000000    0.000000    1.000000
   -1.000000    0.000000    0.000000
          41 NaN                      0.000000000000000E+000
 
 symm. operation           41  removed !!!! so-det=  0.000000000000000E+000
 in global cartezian coordinates:
    0.000000   -1.000000    0.000000
   -1.000000    0.000000    0.000000
    0.000000    0.000000    1.000000
 ____________________________
 in spin coordinates:
    0.000000   -1.000000    0.000000
   -1.000000    0.000000    0.000000
    0.000000    0.000000    1.000000
          42   1.57079632679490       -1.00000000000000     
 
 in global cartezian coordinates:
    0.000000    1.000000    0.000000
    0.000000    0.000000    1.000000
   -1.000000    0.000000    0.000000
 ____________________________
 in spin coordinates:
    0.000000    1.000000    0.000000
    0.000000    0.000000    1.000000
   -1.000000    0.000000    0.000000
          43 NaN                      0.000000000000000E+000
 
 symm. operation           43  removed !!!! so-det=  0.000000000000000E+000
 in global cartezian coordinates:
    0.000000    1.000000    0.000000
   -1.000000    0.000000    0.000000
    0.000000    0.000000    1.000000
 ____________________________
 in spin coordinates:
    0.000000    1.000000    0.000000
   -1.000000    0.000000    0.000000
    0.000000    0.000000    1.000000
          44  -1.57079632679490        1.00000000000000     
 
 in global cartezian coordinates:
    1.000000    0.000000    0.000000
    0.000000    0.000000    1.000000
    0.000000    1.000000    0.000000
 ____________________________
 in spin coordinates:
    1.000000    0.000000    0.000000
    0.000000    0.000000    1.000000
    0.000000    1.000000    0.000000
          45   1.57079632679490       0.000000000000000E+000
 
 symm. operation           45  removed !!!! so-det=  0.000000000000000E+000
 in global cartezian coordinates:
    1.000000    0.000000    0.000000
    0.000000    1.000000    0.000000
    0.000000    0.000000    1.000000
 ____________________________
 in spin coordinates:
    1.000000    0.000000    0.000000
    0.000000    1.000000    0.000000
    0.000000    0.000000    1.000000
          46  0.000000000000000E+000   1.00000000000000     
 
 in global cartezian coordinates:
   -1.000000    0.000000    0.000000
    0.000000    0.000000    1.000000
    0.000000    1.000000    0.000000
 ____________________________
 in spin coordinates:
   -1.000000    0.000000    0.000000
    0.000000    0.000000    1.000000
    0.000000    1.000000    0.000000
          47   1.57079632679490       0.000000000000000E+000
 
 symm. operation           47  removed !!!! so-det=  0.000000000000000E+000
 in global cartezian coordinates:
   -1.000000    0.000000    0.000000
    0.000000    1.000000    0.000000
    0.000000    0.000000    1.000000
 ____________________________
 in spin coordinates:
   -1.000000    0.000000    0.000000
    0.000000    1.000000    0.000000
    0.000000    0.000000    1.000000
          48   3.14159265358979       -1.00000000000000     
 
 Original and SO-compatible symops changed:          48          16
 FNAME=
 delta_Pu_19.energyso_1                                                         
                                                                                
                                                     60
 FNAME=
 delta_Pu_19.energysodn_1                                                       
                                                                                
                                                     59
 BZ-integration with TETRA-program.   icor=: 1
 Equal occupancy of degenerate states, tol=: 0.1E-05
 call eord...
 call dos...
 ILOOP            1
 ILOOP            2
   FERMI ENERGY AT   0.842739860469221     
 RESULT OF INTEGRATION:      15.999999997797; SHOULD BE:      15.999999999900
 call eweigh...
   number of occupied bands:          18
   highest energy:  0.844417716181859     
 FERMI-LDA=   0.843 Ryd,  11.466 eV.
 ABSOLUTE EMIN=   0.402 Ryd.   5.466 eV.
 ABSOLUTE EMAX=   1.284 Ryd.  17.466 eV.


:NLDA  : NUMBER OF ELECTRONS          =  16.000

:FLDA  : F E R M I - ENERGY           =   0.84274
 
 ********** Information about the atomic index arrays ************
 iatom=           1
 isort=           1
 csort=           1
 maxucase=           1
icase, iucase, jatom, latom=     1     1     1     1
 
 *****  Arrays for correlated blocks ******
 norbitals=           1
 maxdim2=          14
iorbital( 1, 1)=   1
cix( 1, 1)=   1
icase,lcase,icix,iorb,nind1,ip1,iSx=    1    1    1    1   14    1    1
icase,lcase,icix,iorb,nind1,ip1,iSx=    1    1    1    1   14    2    2
icase,lcase,icix,iorb,nind1,ip1,iSx=    1    1    1    1   14    3    3
icase,lcase,icix,iorb,nind1,ip1,iSx=    1    1    1    1   14    4    4
icase,lcase,icix,iorb,nind1,ip1,iSx=    1    1    1    1   14    5    5
icase,lcase,icix,iorb,nind1,ip1,iSx=    1    1    1    1   14    6    6
icase,lcase,icix,iorb,nind1,ip1,iSx=    1    1    1    1   14    7    7
icase,lcase,icix,iorb,nind1,ip1,iSx=    1    1    1    1   14    8    8
icase,lcase,icix,iorb,nind1,ip1,iSx=    1    1    1    1   14    9    9
icase,lcase,icix,iorb,nind1,ip1,iSx=    1    1    1    1   14   10   10
icase,lcase,icix,iorb,nind1,ip1,iSx=    1    1    1    1   14   11   11
icase,lcase,icix,iorb,nind1,ip1,iSx=    1    1    1    1   14   12   12
icase,lcase,icix,iorb,nind1,ip1,iSx=    1    1    1    1   14   13   13
icase,lcase,icix,iorb,nind1,ip1,iSx=    1    1    1    1   14   14   14
cixdim( 1)=14
noccur( 1, 1)=   6
noccur( 2, 1)=   8
iSx( 1, 1)=  1
iSx( 2, 1)=  2
iSx( 3, 1)=  3
iSx( 4, 1)=  4
iSx( 5, 1)=  5
iSx( 6, 1)=  6
iSx( 7, 1)=  7
iSx( 8, 1)=  8
iSx( 9, 1)=  9
iSx(10, 1)= 10
iSx(11, 1)= 11
iSx(12, 1)= 12
iSx(13, 1)= 13
iSx(14, 1)= 14
nindo( 1)= 14
CF for iorb1= 1 iorb2= 1
    0.92582010     0.00000000       0.00000000     0.00000000       0.00000000     0.00000000       0.00000000     0.00000000       0.00000000     0.00000000       0.00000000     0.00000000       0.00000000     0.00000000       0.00000000     0.00000000      -0.37796447     0.00000000       0.00000000     0.00000000       0.00000000     0.00000000       0.00000000     0.00000000       0.00000000     0.00000000       0.00000000     0.00000000   
    0.00000000     0.00000000       0.84515425     0.00000000       0.00000000     0.00000000       0.00000000     0.00000000       0.00000000     0.00000000       0.00000000     0.00000000       0.00000000     0.00000000       0.00000000     0.00000000       0.00000000     0.00000000      -0.53452248     0.00000000       0.00000000     0.00000000       0.00000000     0.00000000       0.00000000     0.00000000       0.00000000     0.00000000   
    0.00000000     0.00000000       0.00000000     0.00000000       0.75592895     0.00000000       0.00000000     0.00000000       0.00000000     0.00000000       0.00000000     0.00000000       0.00000000     0.00000000       0.00000000     0.00000000       0.00000000     0.00000000       0.00000000     0.00000000      -0.65465367     0.00000000       0.00000000     0.00000000       0.00000000     0.00000000       0.00000000     0.00000000   
    0.00000000     0.00000000       0.00000000     0.00000000       0.00000000     0.00000000       0.65465367     0.00000000       0.00000000     0.00000000       0.00000000     0.00000000       0.00000000     0.00000000       0.00000000     0.00000000       0.00000000     0.00000000       0.00000000     0.00000000       0.00000000     0.00000000      -0.75592895     0.00000000       0.00000000     0.00000000       0.00000000     0.00000000   
    0.00000000     0.00000000       0.00000000     0.00000000       0.00000000     0.00000000       0.00000000     0.00000000       0.53452248     0.00000000       0.00000000     0.00000000       0.00000000     0.00000000       0.00000000     0.00000000       0.00000000     0.00000000       0.00000000     0.00000000       0.00000000     0.00000000       0.00000000     0.00000000      -0.84515425     0.00000000       0.00000000     0.00000000   
    0.00000000     0.00000000       0.00000000     0.00000000       0.00000000     0.00000000       0.00000000     0.00000000       0.00000000     0.00000000       0.37796447     0.00000000       0.00000000     0.00000000       0.00000000     0.00000000       0.00000000     0.00000000       0.00000000     0.00000000       0.00000000     0.00000000       0.00000000     0.00000000       0.00000000     0.00000000      -0.92582010     0.00000000   
    0.00000000     0.00000000       0.00000000     0.00000000       0.00000000     0.00000000       0.00000000     0.00000000       0.00000000     0.00000000       0.00000000     0.00000000       0.00000000     0.00000000       1.00000000     0.00000000       0.00000000     0.00000000       0.00000000     0.00000000       0.00000000     0.00000000       0.00000000     0.00000000       0.00000000     0.00000000       0.00000000     0.00000000   
    0.37796447     0.00000000       0.00000000     0.00000000       0.00000000     0.00000000       0.00000000     0.00000000       0.00000000     0.00000000       0.00000000     0.00000000       0.00000000     0.00000000       0.00000000     0.00000000       0.92582010     0.00000000       0.00000000     0.00000000       0.00000000     0.00000000       0.00000000     0.00000000       0.00000000     0.00000000       0.00000000     0.00000000   
    0.00000000     0.00000000       0.53452248     0.00000000       0.00000000     0.00000000       0.00000000     0.00000000       0.00000000     0.00000000       0.00000000     0.00000000       0.00000000     0.00000000       0.00000000     0.00000000       0.00000000     0.00000000       0.84515425     0.00000000       0.00000000     0.00000000       0.00000000     0.00000000       0.00000000     0.00000000       0.00000000     0.00000000   
    0.00000000     0.00000000       0.00000000     0.00000000       0.65465367     0.00000000       0.00000000     0.00000000       0.00000000     0.00000000       0.00000000     0.00000000       0.00000000     0.00000000       0.00000000     0.00000000       0.00000000     0.00000000       0.00000000     0.00000000       0.75592895     0.00000000       0.00000000     0.00000000       0.00000000     0.00000000       0.00000000     0.00000000   
    0.00000000     0.00000000       0.00000000     0.00000000       0.00000000     0.00000000       0.75592895     0.00000000       0.00000000     0.00000000       0.00000000     0.00000000       0.00000000     0.00000000       0.00000000     0.00000000       0.00000000     0.00000000       0.00000000     0.00000000       0.00000000     0.00000000       0.65465367     0.00000000       0.00000000     0.00000000       0.00000000     0.00000000   
    0.00000000     0.00000000       0.00000000     0.00000000       0.00000000     0.00000000       0.00000000     0.00000000       0.84515425     0.00000000       0.00000000     0.00000000       0.00000000     0.00000000       0.00000000     0.00000000       0.00000000     0.00000000       0.00000000     0.00000000       0.00000000     0.00000000       0.00000000     0.00000000       0.53452248     0.00000000       0.00000000     0.00000000   
    0.00000000     0.00000000       0.00000000     0.00000000       0.00000000     0.00000000       0.00000000     0.00000000       0.00000000     0.00000000       0.92582010     0.00000000       0.00000000     0.00000000       0.00000000     0.00000000       0.00000000     0.00000000       0.00000000     0.00000000       0.00000000     0.00000000       0.00000000     0.00000000       0.00000000     0.00000000       0.37796447     0.00000000   
    0.00000000     0.00000000       0.00000000     0.00000000       0.00000000     0.00000000       0.00000000     0.00000000       0.00000000     0.00000000       0.00000000     0.00000000       1.00000000     0.00000000       0.00000000     0.00000000       0.00000000     0.00000000       0.00000000     0.00000000       0.00000000     0.00000000       0.00000000     0.00000000       0.00000000     0.00000000       0.00000000     0.00000000   
Rspin for iorb=  1
 angles=  0.000000000000000E+000   3.14159265358979       0.000000000000000E+000
  0.000000000000000E+000  0.000000000000000E+000  0.000000000000000E+000
 Rspin=
    0.000000    0.000000      0.000000    1.000000
    0.000000    1.000000      0.000000    0.000000
 Calculation for atom  1 which has iucase=  1
 ATPAR for spin up

          ATOMIC PARAMETERS FOR Pu  0+    

           ENERGY PARAMETERS ARE   0.60  -1.38   0.60   0.60

           L     U(R)          U'(R)         DU/DE        DU'/DE      NORM-U'
           0  0.549066E+00  0.816160E+00  0.113535E+00 -0.225236E+00
           1  0.492668E+00 -0.122469E+00 -0.154270E+00 -0.400780E+00
           2 -0.617620E+00  0.259950E-01  0.983808E-01  0.346175E+00
           3 -0.323111E+00  0.121419E+00  0.358868E+00  0.534868E+00
LO COEFFICIENT: l,A,B,C   0          0.65804    -3.18235     0.00000     0.00000
 
LO COEFFICIENT: l,A,B,C   0          0.32322     0.00000     0.77806     0.00000
 
LO COEFFICIENT: l,A,B,C   1          0.89598     2.86134     0.00000     0.00000
 
LO COEFFICIENT: l,A,B,C   1          0.30657     0.00000    -1.27826     0.00000
 
LO COEFFICIENT: l,A,B,C   2          0.85293     5.35456     0.00000     0.00000
 
LO COEFFICIENT: l,A,B,C   3          0.93793     0.84447     0.00000     0.00000
 
 ATPAR for spin down

          ATOMIC PARAMETERS FOR Pu  0+    

           ENERGY PARAMETERS ARE   0.60  -1.38   0.60   0.60

           L     U(R)          U'(R)         DU/DE        DU'/DE      NORM-U'
           0  0.549066E+00  0.816160E+00  0.113535E+00 -0.225236E+00
           1  0.492668E+00 -0.122469E+00 -0.154270E+00 -0.400780E+00
           2 -0.617620E+00  0.259950E-01  0.983808E-01  0.346175E+00
           3 -0.323111E+00  0.121419E+00  0.358868E+00  0.534868E+00
LO COEFFICIENT: l,A,B,C   0          0.65804    -3.18235     0.00000     0.00000
 
LO COEFFICIENT: l,A,B,C   0          0.32322     0.00000     0.77806     0.00000
 
LO COEFFICIENT: l,A,B,C   1          0.89598     2.86134     0.00000     0.00000
 
LO COEFFICIENT: l,A,B,C   1          0.30657     0.00000    -1.27826     0.00000
 
LO COEFFICIENT: l,A,B,C   2          0.85293     5.35456     0.00000     0.00000
 
LO COEFFICIENT: l,A,B,C   3          0.93793     0.84447     0.00000     0.00000
 
 L1=           0  L2=           0
 RADIAL INTEGRALS:
           1           1                 1           1   1.00000000000000     
           1           3                 1           1  0.576895299466565     
           1           1                 1           2   1.00000000000000     
           1           3                 1           2  0.576895299466565     
           1           1                 2           1   1.00000000000000     
           1           3                 2           1  0.576895299466565     
           1           1                 2           2   1.00000000000000     
           1           3                 2           2  0.576895299466565     
           2           2                 1           1  5.598548028962824E-002
           2           3                 1           1 -0.191021751602618     
           2           2                 1           2  5.598548028962824E-002
           2           3                 1           2 -0.191021751602618     
           2           2                 2           1  5.598548028962824E-002
           2           3                 2           1 -0.191021751602618     
           2           2                 2           2  5.598548028962824E-002
           2           3                 2           2 -0.191021751602618     
           3           1                 1           1  0.576895299466565     
           3           2                 1           1 -0.191021751602618     
           3           3                 1           1   1.00000000000000     
           3           1                 1           2  0.576895299466565     
           3           2                 1           2 -0.191021751602618     
           3           3                 1           2   1.00000000000000     
           3           1                 2           1  0.576895299466565     
           3           2                 2           1 -0.191021751602618     
           3           3                 2           1   1.00000000000000     
           3           1                 2           2  0.576895299466565     
           3           2                 2           2 -0.191021751602618     
           3           3                 2           2   1.00000000000000     
 L1=           1  L2=           1
 RADIAL INTEGRALS:
           1           1                 1           1   1.00000000000000     
           1           3                 1           1  0.928769474339017     
           1           1                 1           2   1.00000000000000     
           1           3                 1           2  0.928769474339017     
           1           1                 2           1   1.00000000000000     
           1           3                 2           1  0.928769474339017     
           1           1                 2           2   1.00000000000000     
           1           3                 2           2  0.928769474339017     
           2           2                 1           1  2.408846948010083E-002
           2           3                 1           1  5.741104300572627E-002
           2           2                 1           2  2.408846948010083E-002
           2           3                 1           2  5.741104300572627E-002
           2           2                 2           1  2.408846948010083E-002
           2           3                 2           1  5.741104300572627E-002
           2           2                 2           2  2.408846948010083E-002
           2           3                 2           2  5.741104300572627E-002
           3           1                 1           1  0.928769474339017     
           3           2                 1           1  5.741104300572627E-002
           3           3                 1           1   1.00000000000000     
           3           1                 1           2  0.928769474339017     
           3           2                 1           2  5.741104300572627E-002
           3           3                 1           2   1.00000000000000     
           3           1                 2           1  0.928769474339017     
           3           2                 2           1  5.741104300572627E-002
           3           3                 2           1   1.00000000000000     
           3           1                 2           2  0.928769474339017     
           3           2                 2           2  5.741104300572627E-002
           3           3                 2           2   1.00000000000000     
 L1=           2  L2=           2
 RADIAL INTEGRALS:
           1           1                 1           1   1.00000000000000     
           1           1                 1           2   1.00000000000000     
           1           1                 2           1   1.00000000000000     
           1           1                 2           2   1.00000000000000     
           2           2                 1           1  9.504696323568469E-003
           2           2                 1           2  9.504696323568469E-003
           2           2                 2           1  9.504696323568469E-003
           2           2                 2           2  9.504696323568469E-003
 L1=           3  L2=           3
 RADIAL INTEGRALS:
           1           1                 1           1   1.00000000000000     
           1           1                 1           2   1.00000000000000     
           1           1                 2           1   1.00000000000000     
           1           1                 2           2   1.00000000000000     
           2           2                 1           1  0.168684521734190     
           2           2                 1           2  0.168684521734190     
           2           2                 2           1  0.168684521734190     
           2           2                 2           2  0.168684521734190     
Saving potential parameters for atom 1 into  1
pr_proc=143  tot-k=286
 ------------------------------------------------------------------------------


   =====>>> CPU TIME SUMMARY

            TOTAL       :      1.6
 OMP_NUM_THREADS= 2
 GUTZ_SOLVER VO.1.5 BUILT ON Jan 19 2014 AT22:25:59
 NT=  1 SEC_N%DIM=   10 WITH ID:
           1       2      16     107     471    1472    3474    6477    9909   12912
       14914
 MEAN U/J:  0.2940  0.0265
 NEL_FIX_VDC1=      5.34
 ATOM DEPENDENT NELF1:
      5.3409
 DCMIX_A=  0.200000
 SYMMETRICALLY NON-EQUIVALENT ATOMS:
          1
 VARIATIONAL-SETUP-NON-EQUIVALENT ATOMS:
          1
 COMPLEMENTARY VARIATIONAL-SETUP-EQUIVALENT ATOMS:

 GYZ%SYM%IDSUM:
  1
 DIM(X_Gutz)=  4
 CALC SET: GAPJ-SHFT FULL       -JH-PROJ SLATER    VAR-FIXDC    Ryd.   
 NT= 1
 LOCAL INTERACTION PART   :
 U              :   0.2940
 J              :   0.0265
 FOCK SPACE PART:
 NA             :  7
 FS%OCC(1) L.B. :  0
 FS%OCC(2) U.B. :  9
 FS%DIM         :     14913
 HL%OCC(1) L.B. :  0
 HL%OCC(2) U.B. :  9
 ISO= 2 ISPIN_IN= 1 ISPIN= 1 ISPO= 2
 BND%NMAX= 100
 BZ INTEGRATION WITH TETRA METHOD, ICOR= 1
 EQUAL OCCUPANCY OF DEGENERATE STATES, TOL= 0.1E-05
 VALENCE ELECTRONS: TOTAL=    16.0
                    CORRELATED PART=     8.0
 SYM%IDI/IDF=  1 16
 BND%NMAXIN=   26
      GUTZ5_INI_CORR_UVEK takes  0 hours  0 minutes and    0.04 seconds (CPU).
                          takes  0 hours  0 minutes and    0.03 seconds (WALL).
                 SETUP_TB takes  0 hours  0 minutes and    1.39 seconds (CPU).
                          takes  0 hours  0 minutes and    0.70 seconds (WALL).
************  EL-  ************
 NI=  1 NI_GLOBAL=  1
   0.8481   0.8473   0.8479   0.8479   0.8473   0.8481   0.9269   0.9253   0.9263   0.9258   0.9258   0.9263   0.9253   0.9269
************  EL=  ************
 NI=  1 NI_GLOBAL=  1
   0.8481   0.0000   0.0000   0.0000   0.0000   0.0000   0.0000   0.0006   0.0000   0.0000   0.0000   0.0004   0.0000   0.0000
   0.0000   0.8473   0.0000   0.0000   0.0000   0.0000   0.0000   0.0000  -0.0005   0.0000   0.0000   0.0000  -0.0006   0.0000
   0.0000   0.0000   0.8479   0.0000   0.0000   0.0000   0.0000   0.0000   0.0000   0.0006   0.0000   0.0000   0.0000   0.0003
   0.0000   0.0000   0.0000   0.8479   0.0000   0.0000  -0.0003   0.0000   0.0000   0.0000  -0.0006   0.0000   0.0000   0.0000
   0.0000   0.0000   0.0000   0.0000   0.8473   0.0000   0.0000   0.0006   0.0000   0.0000   0.0000   0.0005   0.0000   0.0000
   0.0000   0.0000   0.0000   0.0000   0.0000   0.8481   0.0000   0.0000  -0.0004   0.0000   0.0000   0.0000  -0.0006   0.0000
   0.0000   0.0000   0.0000  -0.0003   0.0000   0.0000   0.9269   0.0000   0.0000   0.0000   0.0004   0.0000   0.0000   0.0000
   0.0006   0.0000   0.0000   0.0000   0.0006   0.0000   0.0000   0.9253   0.0000   0.0000   0.0000   0.0001   0.0000   0.0000
   0.0000  -0.0005   0.0000   0.0000   0.0000  -0.0004   0.0000   0.0000   0.9263   0.0000   0.0000   0.0000   0.0001   0.0000
   0.0000   0.0000   0.0006   0.0000   0.0000   0.0000   0.0000   0.0000   0.0000   0.9258   0.0000   0.0000   0.0000   0.0004
   0.0000   0.0000   0.0000  -0.0006   0.0000   0.0000   0.0004   0.0000   0.0000   0.0000   0.9258   0.0000   0.0000   0.0000
   0.0004   0.0000   0.0000   0.0000   0.0005   0.0000   0.0000   0.0001   0.0000   0.0000   0.0000   0.9263   0.0000   0.0000
   0.0000  -0.0006   0.0000   0.0000   0.0000  -0.0006   0.0000   0.0000   0.0001   0.0000   0.0000   0.0000   0.9253   0.0000
   0.0000   0.0000   0.0003   0.0000   0.0000   0.0000   0.0000   0.0000   0.0000   0.0004   0.0000   0.0000   0.0000   0.9269
 NI=  1 LOCAL ORBITAL LEVEL CENTER(ELC)=   0.893
************  EL0  ************
 NI=  1 NI_GLOBAL=  1
   0.8478   0.8478   0.8478   0.8478   0.8478   0.8478   0.9261   0.9261   0.9261   0.9261   0.9261   0.9261   0.9261   0.9261
************  ELL  ************
 NI=  1 NI_GLOBAL=  1
   0.8478   0.0000   0.0000   0.0000   0.0000   0.0000   0.0000   0.0000   0.0000   0.0000   0.0000   0.0000   0.0000   0.0000
   0.0000   0.8478   0.0000   0.0000   0.0000   0.0000   0.0000   0.0000   0.0000   0.0000   0.0000   0.0000   0.0000   0.0000
   0.0000   0.0000   0.8478   0.0000   0.0000   0.0000   0.0000   0.0000   0.0000   0.0000   0.0000   0.0000   0.0000   0.0000
   0.0000   0.0000   0.0000   0.8478   0.0000   0.0000   0.0000   0.0000   0.0000   0.0000   0.0000   0.0000   0.0000   0.0000
   0.0000   0.0000   0.0000   0.0000   0.8478   0.0000   0.0000   0.0000   0.0000   0.0000   0.0000   0.0000   0.0000   0.0000
   0.0000   0.0000   0.0000   0.0000   0.0000   0.8478   0.0000   0.0000   0.0000   0.0000   0.0000   0.0000   0.0000   0.0000
   0.0000   0.0000   0.0000   0.0000   0.0000   0.0000   0.9261   0.0000   0.0000   0.0000   0.0000   0.0000   0.0000   0.0000
   0.0000   0.0000   0.0000   0.0000   0.0000   0.0000   0.0000   0.9261   0.0000   0.0000   0.0000   0.0000   0.0000   0.0000
   0.0000   0.0000   0.0000   0.0000   0.0000   0.0000   0.0000   0.0000   0.9261   0.0000   0.0000   0.0000   0.0000   0.0000
   0.0000   0.0000   0.0000   0.0000   0.0000   0.0000   0.0000   0.0000   0.0000   0.9261   0.0000   0.0000   0.0000   0.0000
   0.0000   0.0000   0.0000   0.0000   0.0000   0.0000   0.0000   0.0000   0.0000   0.0000   0.9261   0.0000   0.0000   0.0000
   0.0000   0.0000   0.0000   0.0000   0.0000   0.0000   0.0000   0.0000   0.0000   0.0000   0.0000   0.9261   0.0000   0.0000
   0.0000   0.0000   0.0000   0.0000   0.0000   0.0000   0.0000   0.0000   0.0000   0.0000   0.0000   0.0000   0.9261   0.0000
   0.0000   0.0000   0.0000   0.0000   0.0000   0.0000   0.0000   0.0000   0.0000   0.0000   0.0000   0.0000   0.0000   0.9261
                  GET_EL0 takes  0 hours  0 minutes and    0.01 seconds (CPU).
                          takes  0 hours  0 minutes and    0.00 seconds (WALL).
 There are  5 blocks of bands, with band energy windows:
  -2.559  -2.551 |   -1.013  -0.975 |   -0.438  -0.336 |    0.440   1.473 |    1.480   4.466 | 
 Band window indices:
         1      2 |          3      4 |          5      8 |          9     34 |         35    101 | 
 Band width
       0.008   |         0.038   |         0.103   |         1.033   |         2.985   |  
 Band gap
       1.538   |         0.537   |         0.776   |         0.007   |  
 CORRELATED BLOCK: EMIN/EMIX=    0.4397    1.2833
 CORRELATED BAND WIDTH=   0.844
         GUTZ_RED_PRJ_NEQ takes  0 hours  1 minutes and    3.02 seconds (CPU).
                          takes  0 hours  1 minutes and    2.92 seconds (WALL).
 NI=  1 DIM_PHIK=   41227 HL%DIM=  14913
       ID_PHIK_N=
      1      2      4     33    264   1639   6153  15546  27321  36714
  41228
       ID_PHIK_J=
      1      2      3      4      8      9     18     19     28     29
     33     37     73    122    171    220    245    254    263    264
    300    349    638    807   1168   1364   1533   1582   1631   1635
   1639   1739   2180   2964   3864   4705   5381   5781   6037   6118
   6143   6152   6153   6349   6710   8079   9448  11564  12933  14377
  14953  15353  15474  15538  15542  15546  15835  16796  18560  21060
  23176  24940  26165  26841  27165  27286  27311  27320  27321  27517
  27878  29247  30616  32732  34101  35545  36121  36521  36642  36706
  36710  36714  36814  37255  38039  38939  39780  40456  40856  41112
  41193  41218  41227  41228
          GUTZ_SET_PRJ_EQ takes  0 hours  0 minutes and    0.00 seconds (CPU).
                          takes  0 hours  0 minutes and    0.00 seconds (WALL).
************   WH%X  ************
    0.87581019    0.89930955
    0.79239807    0.96891972
************  RIN  ************
 NI=  1 NI_GLOBAL=  1
   0.8758   0.8758   0.8758   0.8758   0.8758   0.8758   0.8993   0.8993   0.8993   0.8993   0.8993   0.8993   0.8993   0.8993
************  LA1  ************
 NI=  1 NI_GLOBAL=  1
   0.7924   0.7924   0.7924   0.7924   0.7924   0.7924   0.9689   0.9689   0.9689   0.9689   0.9689   0.9689   0.9689   0.9689
             CALC_BAND_AL takes  0 hours  0 minutes and    0.65 seconds (CPU).
                          takes  0 hours  0 minutes and    0.33 seconds (WALL).
 ILOOP            1
 ILOOP            2
   FERMI ENERGY AT   0.799845567565442     
   SUM RULE OF TETRAHEDRON INTEGRATION CHECKED 
   number of occupied bands:          18
   highest energy:  0.814287372241500     
************  NK-  ************
 NI=  1 NI_GLOBAL=  1
   0.8766   0.8582   0.8933   0.8933   0.8582   0.8766   0.0124   0.0111   0.0097   0.0103   0.0103   0.0097   0.0111   0.0124
************  NNK  ************
 NI=  1 NI_GLOBAL=  1
   0.8766   0.0000   0.0000   0.0000   0.0056   0.0000   0.0000  -0.0030   0.0000   0.0000   0.0000   0.0098   0.0000   0.0000
   0.0000   0.8582   0.0000   0.0000   0.0000   0.0056   0.0000   0.0000   0.0020   0.0000   0.0000   0.0000  -0.0159   0.0000
   0.0000   0.0000   0.8933   0.0000   0.0000   0.0000   0.0000   0.0000   0.0000   0.0062   0.0000   0.0000   0.0000   0.0037
   0.0000   0.0000   0.0000   0.8933   0.0000   0.0000  -0.0037   0.0000   0.0000   0.0000  -0.0062   0.0000   0.0000   0.0000
   0.0056   0.0000   0.0000   0.0000   0.8582   0.0000   0.0000   0.0159   0.0000   0.0000   0.0000  -0.0020   0.0000   0.0000
   0.0000   0.0056   0.0000   0.0000   0.0000   0.8766   0.0000   0.0000  -0.0098   0.0000   0.0000   0.0000   0.0030   0.0000
   0.0000   0.0000   0.0000  -0.0037   0.0000   0.0000   0.0124   0.0000   0.0000   0.0000  -0.0001   0.0000   0.0000   0.0000
  -0.0030   0.0000   0.0000   0.0000   0.0159   0.0000   0.0000   0.0111   0.0000   0.0000   0.0000  -0.0018   0.0000   0.0000
   0.0000   0.0020   0.0000   0.0000   0.0000  -0.0098   0.0000   0.0000   0.0097   0.0000   0.0000   0.0000  -0.0018   0.0000
   0.0000   0.0000   0.0062   0.0000   0.0000   0.0000   0.0000   0.0000   0.0000   0.0103   0.0000   0.0000   0.0000  -0.0001
   0.0000   0.0000   0.0000  -0.0062   0.0000   0.0000  -0.0001   0.0000   0.0000   0.0000   0.0103   0.0000   0.0000   0.0000
   0.0098   0.0000   0.0000   0.0000  -0.0020   0.0000   0.0000  -0.0018   0.0000   0.0000   0.0000   0.0097   0.0000   0.0000
   0.0000  -0.0159   0.0000   0.0000   0.0000   0.0030   0.0000   0.0000  -0.0018   0.0000   0.0000   0.0000   0.0111   0.0000
   0.0000   0.0000   0.0037   0.0000   0.0000   0.0000   0.0000   0.0000   0.0000  -0.0001   0.0000   0.0000   0.0000   0.0124
************  NKS  ************
 NI=  1 NI_GLOBAL=  1
   0.8760   0.8760   0.8760   0.8760   0.8760   0.8760   0.0109   0.0109   0.0109   0.0109   0.0109   0.0109   0.0109   0.0109
 NELE_LOC TOTAL:
           5.3433558364293088
              CALC_DA_BND takes  0 hours  0 minutes and    0.12 seconds (CPU).
                          takes  0 hours  0 minutes and    0.11 seconds (WALL).
************  DA-  ************
 NI=  1 NI_GLOBAL=  1
  -0.0120  -0.0133  -0.0114  -0.0114  -0.0133  -0.0120  -0.0028  -0.0025  -0.0021  -0.0023  -0.0023  -0.0021  -0.0025  -0.0028
************  DAA  ************
 NI=  1 NI_GLOBAL=  1
  -0.0122  -0.0122  -0.0122  -0.0122  -0.0122  -0.0122  -0.0024  -0.0024  -0.0024  -0.0024  -0.0024  -0.0024  -0.0024  -0.0024
 NI=  1 VDC=    1.3658
************  LA2  ************
 NI=  1 NI_GLOBAL=  1
  -2.2323  -2.2323  -2.2323  -2.2323  -2.2323  -2.2323  -2.1345  -2.1345  -2.1345  -2.1345  -2.1345  -2.1345  -2.1345  -2.1345
 NI=  1 PHI-step gap=  0.13E+00
************  RAA  ************
 NI=  1 NI_GLOBAL=  1
   0.8756   0.8756   0.8756   0.8756   0.8756   0.8756   0.8993   0.8993   0.8993   0.8993   0.8993   0.8993   0.8993   0.8993
************  NC0  ************
 NI=  1 NI_GLOBAL=  1
   0.8762   0.8762   0.8762   0.8762   0.8762   0.8762   0.0109   0.0109   0.0109   0.0109   0.0109   0.0109   0.0109   0.0109
                  CALC_LC takes  0 hours  9 minutes and   11.88 seconds (CPU).
                          takes  0 hours  9 minutes and   11.80 seconds (WALL).
                GUTZ_FCN1 takes  0 hours  9 minutes and   12.78 seconds (CPU).
                          takes  0 hours  9 minutes and   12.30 seconds (WALL).
************  DIF_X  ************
   -0.000229549879   -0.000003797577
    0.000113473750    0.000000392019
 ITER1=  1 MAXERR=    0.00022955
************   WH%X  ************
    0.87599110    0.89934950
    0.79232896    0.96895147
************  RIN  ************
 NI=  1 NI_GLOBAL=  1
   0.8760   0.8760   0.8760   0.8760   0.8760   0.8760   0.8993   0.8993   0.8993   0.8993   0.8993   0.8993   0.8993   0.8993
************  LA1  ************
 NI=  1 NI_GLOBAL=  1
   0.7923   0.7923   0.7923   0.7923   0.7923   0.7923   0.9690   0.9690   0.9690   0.9690   0.9690   0.9690   0.9690   0.9690
             CALC_BAND_AL takes  0 hours  0 minutes and    0.67 seconds (CPU).
                          takes  0 hours  0 minutes and    0.34 seconds (WALL).
 ILOOP            1
 ILOOP            2
   FERMI ENERGY AT   0.799801883618652     
   SUM RULE OF TETRAHEDRON INTEGRATION CHECKED 
   number of occupied bands:          18
   highest energy:  0.814272972369798     
************  NK-  ************
 NI=  1 NI_GLOBAL=  1
   0.8768   0.8584   0.8934   0.8934   0.8584   0.8768   0.0124   0.0111   0.0097   0.0103   0.0103   0.0097   0.0111   0.0124
************  NNK  ************
 NI=  1 NI_GLOBAL=  1
   0.8768   0.0000   0.0000   0.0000   0.0056   0.0000   0.0000  -0.0030   0.0000   0.0000   0.0000   0.0098   0.0000   0.0000
   0.0000   0.8584   0.0000   0.0000   0.0000   0.0056   0.0000   0.0000   0.0020   0.0000   0.0000   0.0000  -0.0159   0.0000
   0.0000   0.0000   0.8934   0.0000   0.0000   0.0000   0.0000   0.0000   0.0000   0.0062   0.0000   0.0000   0.0000   0.0037
   0.0000   0.0000   0.0000   0.8934   0.0000   0.0000  -0.0037   0.0000   0.0000   0.0000  -0.0062   0.0000   0.0000   0.0000
   0.0056   0.0000   0.0000   0.0000   0.8584   0.0000   0.0000   0.0159   0.0000   0.0000   0.0000  -0.0020   0.0000   0.0000
   0.0000   0.0056   0.0000   0.0000   0.0000   0.8768   0.0000   0.0000  -0.0098   0.0000   0.0000   0.0000   0.0030   0.0000
   0.0000   0.0000   0.0000  -0.0037   0.0000   0.0000   0.0124   0.0000   0.0000   0.0000  -0.0001   0.0000   0.0000   0.0000
  -0.0030   0.0000   0.0000   0.0000   0.0159   0.0000   0.0000   0.0111   0.0000   0.0000   0.0000  -0.0018   0.0000   0.0000
   0.0000   0.0020   0.0000   0.0000   0.0000  -0.0098   0.0000   0.0000   0.0097   0.0000   0.0000   0.0000  -0.0018   0.0000
   0.0000   0.0000   0.0062   0.0000   0.0000   0.0000   0.0000   0.0000   0.0000   0.0103   0.0000   0.0000   0.0000  -0.0001
   0.0000   0.0000   0.0000  -0.0062   0.0000   0.0000  -0.0001   0.0000   0.0000   0.0000   0.0103   0.0000   0.0000   0.0000
   0.0098   0.0000   0.0000   0.0000  -0.0020   0.0000   0.0000  -0.0018   0.0000   0.0000   0.0000   0.0097   0.0000   0.0000
   0.0000  -0.0159   0.0000   0.0000   0.0000   0.0030   0.0000   0.0000  -0.0018   0.0000   0.0000   0.0000   0.0111   0.0000
   0.0000   0.0000   0.0037   0.0000   0.0000   0.0000   0.0000   0.0000   0.0000  -0.0001   0.0000   0.0000   0.0000   0.0124
************  NKS  ************
 NI=  1 NI_GLOBAL=  1
   0.8762   0.8762   0.8762   0.8762   0.8762   0.8762   0.0109   0.0109   0.0109   0.0109   0.0109   0.0109   0.0109   0.0109
 NELE_LOC TOTAL:
           5.3440792602076996
              CALC_DA_BND takes  0 hours  0 minutes and    0.12 seconds (CPU).
                          takes  0 hours  0 minutes and    0.12 seconds (WALL).
************  DA-  ************
 NI=  1 NI_GLOBAL=  1
  -0.0120  -0.0133  -0.0114  -0.0114  -0.0133  -0.0120  -0.0028  -0.0025  -0.0021  -0.0023  -0.0023  -0.0021  -0.0025  -0.0028
************  DAA  ************
 NI=  1 NI_GLOBAL=  1
  -0.0122  -0.0122  -0.0122  -0.0122  -0.0122  -0.0122  -0.0024  -0.0024  -0.0024  -0.0024  -0.0024  -0.0024  -0.0024  -0.0024
 NI=  1 VDC=    1.3658
************  LA2  ************
 NI=  1 NI_GLOBAL=  1
  -2.2323  -2.2323  -2.2323  -2.2323  -2.2323  -2.2323  -2.1344  -2.1344  -2.1344  -2.1344  -2.1344  -2.1344  -2.1344  -2.1344
 NI=  1 PHI-step gap=  0.13E+00
************  RAA  ************
 NI=  1 NI_GLOBAL=  1
   0.8760   0.8760   0.8760   0.8760   0.8760   0.8760   0.8993   0.8993   0.8993   0.8993   0.8993   0.8993   0.8993   0.8993
************  NC0  ************
 NI=  1 NI_GLOBAL=  1
   0.8762   0.8762   0.8762   0.8762   0.8762   0.8762   0.0109   0.0109   0.0109   0.0109   0.0109   0.0109   0.0109   0.0109
                  CALC_LC takes  0 hours 10 minutes and   28.52 seconds (CPU).
                          takes  0 hours 10 minutes and   28.48 seconds (WALL).
                GUTZ_FCN1 takes  0 hours 10 minutes and   29.46 seconds (CPU).
                          takes  0 hours 10 minutes and   29.02 seconds (WALL).
************  DIF_X  ************
   -0.000009473318   -0.000002382011
    0.000002565358    0.000000439062
 ITER1=  2 MAXERR=    0.00000947
************   WH%X  ************
    0.87598983    0.89932917
    0.79232761    0.96894250
************  RIN  ************
 NI=  1 NI_GLOBAL=  1
   0.8760   0.8760   0.8760   0.8760   0.8760   0.8760   0.8993   0.8993   0.8993   0.8993   0.8993   0.8993   0.8993   0.8993
************  LA1  ************
 NI=  1 NI_GLOBAL=  1
   0.7923   0.7923   0.7923   0.7923   0.7923   0.7923   0.9689   0.9689   0.9689   0.9689   0.9689   0.9689   0.9689   0.9689
             CALC_BAND_AL takes  0 hours  0 minutes and    0.67 seconds (CPU).
                          takes  0 hours  0 minutes and    0.34 seconds (WALL).
 ILOOP            1
 ILOOP            2
   FERMI ENERGY AT   0.799800945042553     
   SUM RULE OF TETRAHEDRON INTEGRATION CHECKED 
   number of occupied bands:          18
   highest energy:  0.814272581620855     
************  NK-  ************
 NI=  1 NI_GLOBAL=  1
   0.8768   0.8584   0.8934   0.8934   0.8584   0.8768   0.0124   0.0111   0.0097   0.0103   0.0103   0.0097   0.0111   0.0124
************  NNK  ************
 NI=  1 NI_GLOBAL=  1
   0.8768   0.0000   0.0000   0.0000   0.0056   0.0000   0.0000  -0.0030   0.0000   0.0000   0.0000   0.0098   0.0000   0.0000
   0.0000   0.8584   0.0000   0.0000   0.0000   0.0056   0.0000   0.0000   0.0020   0.0000   0.0000   0.0000  -0.0159   0.0000
   0.0000   0.0000   0.8934   0.0000   0.0000   0.0000   0.0000   0.0000   0.0000   0.0062   0.0000   0.0000   0.0000   0.0037
   0.0000   0.0000   0.0000   0.8934   0.0000   0.0000  -0.0037   0.0000   0.0000   0.0000  -0.0062   0.0000   0.0000   0.0000
   0.0056   0.0000   0.0000   0.0000   0.8584   0.0000   0.0000   0.0159   0.0000   0.0000   0.0000  -0.0020   0.0000   0.0000
   0.0000   0.0056   0.0000   0.0000   0.0000   0.8768   0.0000   0.0000  -0.0098   0.0000   0.0000   0.0000   0.0030   0.0000
   0.0000   0.0000   0.0000  -0.0037   0.0000   0.0000   0.0124   0.0000   0.0000   0.0000  -0.0001   0.0000   0.0000   0.0000
  -0.0030   0.0000   0.0000   0.0000   0.0159   0.0000   0.0000   0.0111   0.0000   0.0000   0.0000  -0.0018   0.0000   0.0000
   0.0000   0.0020   0.0000   0.0000   0.0000  -0.0098   0.0000   0.0000   0.0097   0.0000   0.0000   0.0000  -0.0018   0.0000
   0.0000   0.0000   0.0062   0.0000   0.0000   0.0000   0.0000   0.0000   0.0000   0.0103   0.0000   0.0000   0.0000  -0.0001
   0.0000   0.0000   0.0000  -0.0062   0.0000   0.0000  -0.0001   0.0000   0.0000   0.0000   0.0103   0.0000   0.0000   0.0000
   0.0098   0.0000   0.0000   0.0000  -0.0020   0.0000   0.0000  -0.0018   0.0000   0.0000   0.0000   0.0097   0.0000   0.0000
   0.0000  -0.0159   0.0000   0.0000   0.0000   0.0030   0.0000   0.0000  -0.0018   0.0000   0.0000   0.0000   0.0111   0.0000
   0.0000   0.0000   0.0037   0.0000   0.0000   0.0000   0.0000   0.0000   0.0000  -0.0001   0.0000   0.0000   0.0000   0.0124
************  NKS  ************
 NI=  1 NI_GLOBAL=  1
   0.8762   0.8762   0.8762   0.8762   0.8762   0.8762   0.0109   0.0109   0.0109   0.0109   0.0109   0.0109   0.0109   0.0109
 NELE_LOC TOTAL:
           5.3440963415636364
              CALC_DA_BND takes  0 hours  0 minutes and    0.17 seconds (CPU).
                          takes  0 hours  0 minutes and    0.11 seconds (WALL).
************  DA-  ************
 NI=  1 NI_GLOBAL=  1
  -0.0120  -0.0133  -0.0114  -0.0114  -0.0133  -0.0120  -0.0028  -0.0025  -0.0021  -0.0023  -0.0023  -0.0021  -0.0025  -0.0028
************  DAA  ************
 NI=  1 NI_GLOBAL=  1
  -0.0122  -0.0122  -0.0122  -0.0122  -0.0122  -0.0122  -0.0024  -0.0024  -0.0024  -0.0024  -0.0024  -0.0024  -0.0024  -0.0024
 NI=  1 VDC=    1.3658
************  LA2  ************
 NI=  1 NI_GLOBAL=  1
  -2.2323  -2.2323  -2.2323  -2.2323  -2.2323  -2.2323  -2.1344  -2.1344  -2.1344  -2.1344  -2.1344  -2.1344  -2.1344  -2.1344
 NI=  1 PHI-step gap=  0.13E+00
************  RAA  ************
 NI=  1 NI_GLOBAL=  1
   0.8760   0.8760   0.8760   0.8760   0.8760   0.8760   0.8993   0.8993   0.8993   0.8993   0.8993   0.8993   0.8993   0.8993
************  NC0  ************
 NI=  1 NI_GLOBAL=  1
   0.8762   0.8762   0.8762   0.8762   0.8762   0.8762   0.0109   0.0109   0.0109   0.0109   0.0109   0.0109   0.0109   0.0109
                  CALC_LC takes  0 hours  9 minutes and   53.66 seconds (CPU).
                          takes  0 hours  9 minutes and   53.56 seconds (WALL).
                GUTZ_FCN1 takes  0 hours  9 minutes and   54.64 seconds (CPU).
                          takes  0 hours  9 minutes and   54.09 seconds (WALL).
************  DIF_X  ************
   -0.000000545258   -0.000000045911
    0.000000153088   -0.000000008049
 ITER1=  3 MAXERR=    0.00000055
************   WH%X  ************
    0.87598981    0.89932953
    0.79232754    0.96894268
************  RIN  ************
 NI=  1 NI_GLOBAL=  1
   0.8760   0.8760   0.8760   0.8760   0.8760   0.8760   0.8993   0.8993   0.8993   0.8993   0.8993   0.8993   0.8993   0.8993
************  LA1  ************
 NI=  1 NI_GLOBAL=  1
   0.7923   0.7923   0.7923   0.7923   0.7923   0.7923   0.9689   0.9689   0.9689   0.9689   0.9689   0.9689   0.9689   0.9689
             CALC_BAND_AL takes  0 hours  0 minutes and    0.67 seconds (CPU).
                          takes  0 hours  0 minutes and    0.33 seconds (WALL).
 ILOOP            1
 ILOOP            2
   FERMI ENERGY AT   0.799800895898334     
   SUM RULE OF TETRAHEDRON INTEGRATION CHECKED 
   number of occupied bands:          18
   highest energy:  0.814272564173501     
************  NK-  ************
 NI=  1 NI_GLOBAL=  1
   0.8768   0.8584   0.8934   0.8934   0.8584   0.8768   0.0124   0.0111   0.0097   0.0103   0.0103   0.0097   0.0111   0.0124
************  NNK  ************
 NI=  1 NI_GLOBAL=  1
   0.8768   0.0000   0.0000   0.0000   0.0056   0.0000   0.0000  -0.0030   0.0000   0.0000   0.0000   0.0098   0.0000   0.0000
   0.0000   0.8584   0.0000   0.0000   0.0000   0.0056   0.0000   0.0000   0.0020   0.0000   0.0000   0.0000  -0.0159   0.0000
   0.0000   0.0000   0.8934   0.0000   0.0000   0.0000   0.0000   0.0000   0.0000   0.0062   0.0000   0.0000   0.0000   0.0037
   0.0000   0.0000   0.0000   0.8934   0.0000   0.0000  -0.0037   0.0000   0.0000   0.0000  -0.0062   0.0000   0.0000   0.0000
   0.0056   0.0000   0.0000   0.0000   0.8584   0.0000   0.0000   0.0159   0.0000   0.0000   0.0000  -0.0020   0.0000   0.0000
   0.0000   0.0056   0.0000   0.0000   0.0000   0.8768   0.0000   0.0000  -0.0098   0.0000   0.0000   0.0000   0.0030   0.0000
   0.0000   0.0000   0.0000  -0.0037   0.0000   0.0000   0.0124   0.0000   0.0000   0.0000  -0.0001   0.0000   0.0000   0.0000
  -0.0030   0.0000   0.0000   0.0000   0.0159   0.0000   0.0000   0.0111   0.0000   0.0000   0.0000  -0.0018   0.0000   0.0000
   0.0000   0.0020   0.0000   0.0000   0.0000  -0.0098   0.0000   0.0000   0.0097   0.0000   0.0000   0.0000  -0.0018   0.0000
   0.0000   0.0000   0.0062   0.0000   0.0000   0.0000   0.0000   0.0000   0.0000   0.0103   0.0000   0.0000   0.0000  -0.0001
   0.0000   0.0000   0.0000  -0.0062   0.0000   0.0000  -0.0001   0.0000   0.0000   0.0000   0.0103   0.0000   0.0000   0.0000
   0.0098   0.0000   0.0000   0.0000  -0.0020   0.0000   0.0000  -0.0018   0.0000   0.0000   0.0000   0.0097   0.0000   0.0000
   0.0000  -0.0159   0.0000   0.0000   0.0000   0.0030   0.0000   0.0000  -0.0018   0.0000   0.0000   0.0000   0.0111   0.0000
   0.0000   0.0000   0.0037   0.0000   0.0000   0.0000   0.0000   0.0000   0.0000  -0.0001   0.0000   0.0000   0.0000   0.0124
************  NKS  ************
 NI=  1 NI_GLOBAL=  1
   0.8762   0.8762   0.8762   0.8762   0.8762   0.8762   0.0109   0.0109   0.0109   0.0109   0.0109   0.0109   0.0109   0.0109
 NELE_LOC TOTAL:
           5.3440972026604081
              CALC_DA_BND takes  0 hours  0 minutes and    0.20 seconds (CPU).
                          takes  0 hours  0 minutes and    0.11 seconds (WALL).
************  DA-  ************
 NI=  1 NI_GLOBAL=  1
  -0.0120  -0.0133  -0.0114  -0.0114  -0.0133  -0.0120  -0.0028  -0.0025  -0.0021  -0.0023  -0.0023  -0.0021  -0.0025  -0.0028
************  DAA  ************
 NI=  1 NI_GLOBAL=  1
  -0.0122  -0.0122  -0.0122  -0.0122  -0.0122  -0.0122  -0.0024  -0.0024  -0.0024  -0.0024  -0.0024  -0.0024  -0.0024  -0.0024
 NI=  1 VDC=    1.3658
************  LA2  ************
 NI=  1 NI_GLOBAL=  1
  -2.2323  -2.2323  -2.2323  -2.2323  -2.2323  -2.2323  -2.1344  -2.1344  -2.1344  -2.1344  -2.1344  -2.1344  -2.1344  -2.1344
 NI=  1 PHI-step gap=  0.13E+00
************  RAA  ************
 NI=  1 NI_GLOBAL=  1
   0.8760   0.8760   0.8760   0.8760   0.8760   0.8760   0.8993   0.8993   0.8993   0.8993   0.8993   0.8993   0.8993   0.8993
************  NC0  ************
 NI=  1 NI_GLOBAL=  1
   0.8762   0.8762   0.8762   0.8762   0.8762   0.8762   0.0109   0.0109   0.0109   0.0109   0.0109   0.0109   0.0109   0.0109
                  CALC_LC takes  0 hours 10 minutes and   32.18 seconds (CPU).
                          takes  0 hours 10 minutes and   32.05 seconds (WALL).
                GUTZ_FCN1 takes  0 hours 10 minutes and   33.21 seconds (CPU).
                          takes  0 hours 10 minutes and   32.56 seconds (WALL).
************  DIF_X  ************
   -0.000000012278   -0.000000006195
    0.000000003882    0.000000000681
 ITER1=  4 MAXERR=    0.00000001
************   WH%X  ************
    0.87598981    0.89932950
    0.79232754    0.96894267
************  RIN  ************
 NI=  1 NI_GLOBAL=  1
   0.8760   0.8760   0.8760   0.8760   0.8760   0.8760   0.8993   0.8993   0.8993   0.8993   0.8993   0.8993   0.8993   0.8993
************  LA1  ************
 NI=  1 NI_GLOBAL=  1
   0.7923   0.7923   0.7923   0.7923   0.7923   0.7923   0.9689   0.9689   0.9689   0.9689   0.9689   0.9689   0.9689   0.9689
             CALC_BAND_AL takes  0 hours  0 minutes and    0.68 seconds (CPU).
                          takes  0 hours  0 minutes and    0.34 seconds (WALL).
 ILOOP            1
 ILOOP            2
   FERMI ENERGY AT   0.799800894469715     
   SUM RULE OF TETRAHEDRON INTEGRATION CHECKED 
   number of occupied bands:          18
   highest energy:  0.814272563607506     
************  NK-  ************
 NI=  1 NI_GLOBAL=  1
   0.8768   0.8584   0.8934   0.8934   0.8584   0.8768   0.0124   0.0111   0.0097   0.0103   0.0103   0.0097   0.0111   0.0124
************  NNK  ************
 NI=  1 NI_GLOBAL=  1
   0.8768   0.0000   0.0000   0.0000   0.0056   0.0000   0.0000  -0.0030   0.0000   0.0000   0.0000   0.0098   0.0000   0.0000
   0.0000   0.8584   0.0000   0.0000   0.0000   0.0056   0.0000   0.0000   0.0020   0.0000   0.0000   0.0000  -0.0159   0.0000
   0.0000   0.0000   0.8934   0.0000   0.0000   0.0000   0.0000   0.0000   0.0000   0.0062   0.0000   0.0000   0.0000   0.0037
   0.0000   0.0000   0.0000   0.8934   0.0000   0.0000  -0.0037   0.0000   0.0000   0.0000  -0.0062   0.0000   0.0000   0.0000
   0.0056   0.0000   0.0000   0.0000   0.8584   0.0000   0.0000   0.0159   0.0000   0.0000   0.0000  -0.0020   0.0000   0.0000
   0.0000   0.0056   0.0000   0.0000   0.0000   0.8768   0.0000   0.0000  -0.0098   0.0000   0.0000   0.0000   0.0030   0.0000
   0.0000   0.0000   0.0000  -0.0037   0.0000   0.0000   0.0124   0.0000   0.0000   0.0000  -0.0001   0.0000   0.0000   0.0000
  -0.0030   0.0000   0.0000   0.0000   0.0159   0.0000   0.0000   0.0111   0.0000   0.0000   0.0000  -0.0018   0.0000   0.0000
   0.0000   0.0020   0.0000   0.0000   0.0000  -0.0098   0.0000   0.0000   0.0097   0.0000   0.0000   0.0000  -0.0018   0.0000
   0.0000   0.0000   0.0062   0.0000   0.0000   0.0000   0.0000   0.0000   0.0000   0.0103   0.0000   0.0000   0.0000  -0.0001
   0.0000   0.0000   0.0000  -0.0062   0.0000   0.0000  -0.0001   0.0000   0.0000   0.0000   0.0103   0.0000   0.0000   0.0000
   0.0098   0.0000   0.0000   0.0000  -0.0020   0.0000   0.0000  -0.0018   0.0000   0.0000   0.0000   0.0097   0.0000   0.0000
   0.0000  -0.0159   0.0000   0.0000   0.0000   0.0030   0.0000   0.0000  -0.0018   0.0000   0.0000   0.0000   0.0111   0.0000
   0.0000   0.0000   0.0037   0.0000   0.0000   0.0000   0.0000   0.0000   0.0000  -0.0001   0.0000   0.0000   0.0000   0.0124
************  NKS  ************
 NI=  1 NI_GLOBAL=  1
   0.8762   0.8762   0.8762   0.8762   0.8762   0.8762   0.0109   0.0109   0.0109   0.0109   0.0109   0.0109   0.0109   0.0109
 NELE_LOC TOTAL:
           5.3440972285029815
              CALC_DA_BND takes  0 hours  0 minutes and    0.14 seconds (CPU).
                          takes  0 hours  0 minutes and    0.12 seconds (WALL).
************  DA-  ************
 NI=  1 NI_GLOBAL=  1
  -0.0120  -0.0133  -0.0114  -0.0114  -0.0133  -0.0120  -0.0028  -0.0025  -0.0021  -0.0023  -0.0023  -0.0021  -0.0025  -0.0028
************  DAA  ************
 NI=  1 NI_GLOBAL=  1
  -0.0122  -0.0122  -0.0122  -0.0122  -0.0122  -0.0122  -0.0024  -0.0024  -0.0024  -0.0024  -0.0024  -0.0024  -0.0024  -0.0024
 NI=  1 VDC=    1.3658
************  LA2  ************
 NI=  1 NI_GLOBAL=  1
  -2.2323  -2.2323  -2.2323  -2.2323  -2.2323  -2.2323  -2.1344  -2.1344  -2.1344  -2.1344  -2.1344  -2.1344  -2.1344  -2.1344
 NI=  1 PHI-step gap=  0.13E+00
************  RAA  ************
 NI=  1 NI_GLOBAL=  1
   0.8760   0.8760   0.8760   0.8760   0.8760   0.8760   0.8993   0.8993   0.8993   0.8993   0.8993   0.8993   0.8993   0.8993
************  NC0  ************
 NI=  1 NI_GLOBAL=  1
   0.8762   0.8762   0.8762   0.8762   0.8762   0.8762   0.0109   0.0109   0.0109   0.0109   0.0109   0.0109   0.0109   0.0109
                  CALC_LC takes  0 hours  9 minutes and   37.92 seconds (CPU).
                          takes  0 hours  9 minutes and   37.84 seconds (WALL).
                GUTZ_FCN1 takes  0 hours  9 minutes and   38.88 seconds (CPU).
                          takes  0 hours  9 minutes and   38.38 seconds (WALL).
************  DIF_X  ************
   -0.000000000894   -0.000000000509
    0.000000000284    0.000000000052
 ITER1=  5 MAXERR=    0.00000000
 NFJAC=   0
 SOLVE1 FINISHED WITH       5 ITERATIONS.
               GUTZ_SOLVE takes  0 hours 49 minutes and   48.97 seconds (CPU).
                          takes  0 hours 49 minutes and   46.34 seconds (WALL).
 MAX. NELF1 DIFF=    0.00323021
               CALC_PJRHO takes  0 hours  0 minutes and    0.39 seconds (CPU).
                          takes  0 hours  0 minutes and    0.38 seconds (WALL).
 NI=  1 SUM_PHY-SUM_KS=      0.00000000 WOULD BE RENORMALIZED
************  NC1  ************
 NI=  1 NI_GLOBAL=  1
   0.8539   0.8539   0.8539   0.8539   0.8539   0.8539   0.0276   0.0276   0.0276   0.0276   0.0276   0.0276   0.0276   0.0276
               CALC_NCPHY takes  0 hours  0 minutes and   49.86 seconds (CPU).
                          takes  0 hours  0 minutes and   49.81 seconds (WALL).
 GYZ%PJ%EGAMM:
     7.77155
 ENG%GAMM:     7.77155
 ENG%POT2:     3.22366
 EDCLA1(NI) ARRAY:
    -4.250
 EDCUJ(NI) ARRAY:
    -3.294
 EDCUJV(NI) ARRAY:
    -7.299
 EDC(NI) ARRAY:
    -7.544
 ENG%DBLC:    -7.54400
 ENG%DC1 :    -4.24964
 ENG%DC2 :    -3.29437
 ENG%DC2V:    -7.29876
 DC_E_STD_TO_E_V:    -4.00439
 ENG%BAND:    -2.66746
 ENG%DL(DEEP LEVEL):    -8.70003
 ENG%TB=    -2.43992
 ENG%TB-DC2=     0.85445
 NI=  1 OCC_CONFIG_WEIGHT:
        OCC= 0 WEIGHT=   0.00000
        OCC= 1 WEIGHT=   0.00000
        OCC= 2 WEIGHT=   0.00001
        OCC= 3 WEIGHT=   0.00114
        OCC= 4 WEIGHT=   0.05720
        OCC= 5 WEIGHT=   0.54778
        OCC= 6 WEIGHT=   0.38422
        OCC= 7 WEIGHT=   0.00960
        OCC= 8 WEIGHT=   0.00006
        OCC= 9 WEIGHT=   0.00000
                 CALC_RCW takes  0 hours  0 minutes and    0.00 seconds (CPU).
                          takes  0 hours  0 minutes and    0.00 seconds (WALL).
 NI=  1 J2=    7.5263
                 CALC_SLJ takes  0 hours  0 minutes and    0.00 seconds (CPU).
                          takes  0 hours  0 minutes and    0.00 seconds (WALL).
 NI=  1 ENTANGLEMENT ENTROPY=      2.6031
           CALC_ENTANGLES takes  0 hours  0 minutes and    0.95 seconds (CPU).
                          takes  0 hours  0 minutes and    0.94 seconds (WALL).
 CORRELATED SUBSPACE, SUM_FERWT=      8.0000000 SUM_KSWT=      8.0000000
 MAX OFF DIAGONAL KS.WT=    0.002083
 MAX/MIN R=    0.899329    0.875990
                CALC_KSWT takes  0 hours  0 minutes and    0.02 seconds (CPU).
                          takes  0 hours  0 minutes and    0.00 seconds (WALL).
                    TOTAL takes  0 hours 51 minutes and   45.15 seconds (CPU).
                          takes  0 hours 51 minutes and   41.50 seconds (WALL).
