******Program DMFT: Computes Gloc and Delta for Dynamical Mean Field Theory calculation ******
 CALCULATION WITH COMPLEX VECTORS
 CALCULATION WITH SOC VECTORS REQUIRED
 Running DMFT in mpi mode
  
 numkpt=         286
   0.00000   0.00000   0.00000   1.00000
   0.04762   0.04762  -0.04762   8.00000
   0.09524   0.09524  -0.09524   8.00000
   0.14286   0.14286  -0.14286   8.00000
   0.19048   0.19048  -0.19048   8.00000
   0.23810   0.23810  -0.23810   8.00000
   0.28571   0.28571  -0.28571   8.00000
   0.33333   0.33333  -0.33333   8.00000
   0.38095   0.38095  -0.38095   8.00000
   0.42857   0.42857  -0.42857   8.00000
   0.47619   0.47619  -0.47619   8.00000
   0.09524   0.00000   0.00000   6.00000
   0.14286   0.04762  -0.04762  24.00000
   0.19048   0.09524  -0.09524  24.00000
   0.23810   0.14286  -0.14286  24.00000
   0.28571   0.19048  -0.19048  24.00000
   0.33333   0.23810  -0.23810  24.00000
   0.38095   0.28571  -0.28571  24.00000
   0.42857   0.33333  -0.33333  24.00000
   0.47619   0.38095  -0.38095  24.00000
   0.52381   0.42857  -0.42857  24.00000
   0.57143   0.47619  -0.47619  24.00000
   0.61905   0.52381  -0.52381  24.00000
   0.66667   0.57143  -0.57143  24.00000
   0.71429   0.61905  -0.61905  24.00000
   0.76190   0.66667  -0.66667  24.00000
   0.80952   0.71429  -0.71429  24.00000
   0.85714   0.76190  -0.76190  24.00000
   0.90476   0.80952  -0.80952  24.00000
   0.95238   0.85714  -0.85714  24.00000
   1.00000   0.90476  -0.90476  12.00000
   0.19048   0.00000   0.00000   6.00000
   0.23810   0.04762  -0.04762  24.00000
   0.28571   0.09524  -0.09524  24.00000
   0.33333   0.14286  -0.14286  24.00000
   0.38095   0.19048  -0.19048  24.00000
   0.42857   0.23810  -0.23810  24.00000
   0.47619   0.28571  -0.28571  24.00000
   0.52381   0.33333  -0.33333  24.00000
   0.57143   0.38095  -0.38095  24.00000
   0.61905   0.42857  -0.42857  24.00000
   0.66667   0.47619  -0.47619  24.00000
   0.71429   0.52381  -0.52381  24.00000
   0.76190   0.57143  -0.57143  24.00000
   0.80952   0.61905  -0.61905  24.00000
   0.85714   0.66667  -0.66667  24.00000
   0.90476   0.71429  -0.71429  24.00000
   0.95238   0.76190  -0.76190  24.00000
   1.00000   0.80952  -0.80952  12.00000
   0.28571   0.00000   0.00000   6.00000
   0.33333   0.04762  -0.04762  24.00000
   0.38095   0.09524  -0.09524  24.00000
   0.42857   0.14286  -0.14286  24.00000
   0.47619   0.19048  -0.19048  24.00000
   0.52381   0.23810  -0.23810  24.00000
   0.57143   0.28571  -0.28571  24.00000
   0.61905   0.33333  -0.33333  24.00000
   0.66667   0.38095  -0.38095  24.00000
   0.71429   0.42857  -0.42857  24.00000
   0.76190   0.47619  -0.47619  24.00000
   0.80952   0.52381  -0.52381  24.00000
   0.85714   0.57143  -0.57143  24.00000
   0.90476   0.61905  -0.61905  24.00000
   0.95238   0.66667  -0.66667  24.00000
   1.00000   0.71429  -0.71429  12.00000
   0.38095   0.00000   0.00000   6.00000
   0.42857   0.04762  -0.04762  24.00000
   0.47619   0.09524  -0.09524  24.00000
   0.52381   0.14286  -0.14286  24.00000
   0.57143   0.19048  -0.19048  24.00000
   0.61905   0.23810  -0.23810  24.00000
   0.66667   0.28571  -0.28571  24.00000
   0.71429   0.33333  -0.33333  24.00000
   0.76190   0.38095  -0.38095  24.00000
   0.80952   0.42857  -0.42857  24.00000
   0.85714   0.47619  -0.47619  24.00000
   0.90476   0.52381  -0.52381  24.00000
   0.95238   0.57143  -0.57143  24.00000
   1.00000   0.61905  -0.61905  12.00000
   0.47619   0.00000   0.00000   6.00000
   0.52381   0.04762  -0.04762  24.00000
   0.57143   0.09524  -0.09524  24.00000
   0.61905   0.14286  -0.14286  24.00000
   0.66667   0.19048  -0.19048  24.00000
   0.71429   0.23810  -0.23810  24.00000
   0.76190   0.28571  -0.28571  24.00000
   0.80952   0.33333  -0.33333  24.00000
   0.85714   0.38095  -0.38095  24.00000
   0.90476   0.42857  -0.42857  24.00000
   0.95238   0.47619  -0.47619  24.00000
   1.00000   0.52381  -0.52381  12.00000
   0.57143   0.00000   0.00000   6.00000
   0.61905   0.04762  -0.04762  24.00000
   0.66667   0.09524  -0.09524  24.00000
   0.71429   0.14286  -0.14286  24.00000
   0.76190   0.19048  -0.19048  24.00000
   0.80952   0.23810  -0.23810  24.00000
   0.85714   0.28571  -0.28571  24.00000
   0.90476   0.33333  -0.33333  24.00000
   0.95238   0.38095  -0.38095  24.00000
   1.00000   0.42857  -0.42857  12.00000
   0.66667   0.00000   0.00000   6.00000
   0.71429   0.04762  -0.04762  24.00000
   0.76190   0.09524  -0.09524  24.00000
   0.80952   0.14286  -0.14286  24.00000
   0.85714   0.19048  -0.19048  24.00000
   0.90476   0.23810  -0.23810  24.00000
   0.95238   0.28571  -0.28571  24.00000
   1.00000   0.33333  -0.33333  12.00000
   0.76190   0.00000   0.00000   6.00000
   0.80952   0.04762  -0.04762  24.00000
   0.85714   0.09524  -0.09524  24.00000
   0.90476   0.14286  -0.14286  24.00000
   0.95238   0.19048  -0.19048  24.00000
   1.00000   0.23810  -0.23810  12.00000
   0.85714   0.00000   0.00000   6.00000
   0.90476   0.04762  -0.04762  24.00000
   0.95238   0.09524  -0.09524  24.00000
   1.00000   0.14286  -0.14286  12.00000
   0.95238   0.00000   0.00000   6.00000
   1.00000   0.04762  -0.04762  12.00000
   0.19048   0.09524   0.00000  24.00000
   0.23810   0.14286  -0.04762  48.00000
   0.28571   0.19048  -0.09524  48.00000
   0.33333   0.23810  -0.14286  48.00000
   0.38095   0.28571  -0.19048  48.00000
   0.42857   0.33333  -0.23810  48.00000
   0.47619   0.38095  -0.28571  48.00000
   0.52381   0.42857  -0.33333  48.00000
   0.57143   0.47619  -0.38095  48.00000
   0.28571   0.09524   0.00000  24.00000
   0.33333   0.14286  -0.04762  48.00000
   0.38095   0.19048  -0.09524  48.00000
   0.42857   0.23810  -0.14286  48.00000
   0.47619   0.28571  -0.19048  48.00000
   0.52381   0.33333  -0.23810  48.00000
   0.57143   0.38095  -0.28571  48.00000
   0.61905   0.42857  -0.33333  48.00000
   0.66667   0.47619  -0.38095  48.00000
   0.71429   0.52381  -0.42857  48.00000
   0.76190   0.57143  -0.47619  48.00000
   0.80952   0.61905  -0.52381  48.00000
   0.85714   0.66667  -0.57143  48.00000
   0.90476   0.71429  -0.61905  48.00000
   0.95238   0.76190  -0.66667  48.00000
   1.00000   0.80952  -0.71429  24.00000
   0.38095   0.09524   0.00000  24.00000
   0.42857   0.14286  -0.04762  48.00000
   0.47619   0.19048  -0.09524  48.00000
   0.52381   0.23810  -0.14286  48.00000
   0.57143   0.28571  -0.19048  48.00000
   0.61905   0.33333  -0.23810  48.00000
   0.66667   0.38095  -0.28571  48.00000
   0.71429   0.42857  -0.33333  48.00000
   0.76190   0.47619  -0.38095  48.00000
   0.80952   0.52381  -0.42857  48.00000
   0.85714   0.57143  -0.47619  48.00000
   0.90476   0.61905  -0.52381  48.00000
   0.95238   0.66667  -0.57143  48.00000
   1.00000   0.71429  -0.61905  24.00000
   0.47619   0.09524   0.00000  24.00000
   0.52381   0.14286  -0.04762  48.00000
   0.57143   0.19048  -0.09524  48.00000
   0.61905   0.23810  -0.14286  48.00000
   0.66667   0.28571  -0.19048  48.00000
   0.71429   0.33333  -0.23810  48.00000
   0.76190   0.38095  -0.28571  48.00000
   0.80952   0.42857  -0.33333  48.00000
   0.85714   0.47619  -0.38095  48.00000
   0.90476   0.52381  -0.42857  48.00000
   0.95238   0.57143  -0.47619  48.00000
   1.00000   0.61905  -0.52381  24.00000
   0.57143   0.09524   0.00000  24.00000
   0.61905   0.14286  -0.04762  48.00000
   0.66667   0.19048  -0.09524  48.00000
   0.71429   0.23810  -0.14286  48.00000
   0.76190   0.28571  -0.19048  48.00000
   0.80952   0.33333  -0.23810  48.00000
   0.85714   0.38095  -0.28571  48.00000
   0.90476   0.42857  -0.33333  48.00000
   0.95238   0.47619  -0.38095  48.00000
   1.00000   0.52381  -0.42857  24.00000
   0.66667   0.09524   0.00000  24.00000
   0.71429   0.14286  -0.04762  48.00000
   0.76190   0.19048  -0.09524  48.00000
   0.80952   0.23810  -0.14286  48.00000
   0.85714   0.28571  -0.19048  48.00000
   0.90476   0.33333  -0.23810  48.00000
   0.95238   0.38095  -0.28571  48.00000
   1.00000   0.42857  -0.33333  24.00000
   0.76190   0.09524   0.00000  24.00000
   0.80952   0.14286  -0.04762  48.00000
   0.85714   0.19048  -0.09524  48.00000
   0.90476   0.23810  -0.14286  48.00000
   0.95238   0.28571  -0.19048  48.00000
   1.00000   0.33333  -0.23810  24.00000
   0.85714   0.09524   0.00000  24.00000
   0.90476   0.14286  -0.04762  48.00000
   0.95238   0.19048  -0.09524  48.00000
   1.00000   0.23810  -0.14286  24.00000
   0.95238   0.09524   0.00000  24.00000
   1.00000   0.14286  -0.04762  24.00000
   0.38095   0.19048   0.00000  24.00000
   0.42857   0.23810  -0.04762  48.00000
   0.47619   0.28571  -0.09524  48.00000
   0.52381   0.33333  -0.14286  48.00000
   0.57143   0.38095  -0.19048  48.00000
   0.61905   0.42857  -0.23810  48.00000
   0.66667   0.47619  -0.28571  48.00000
   0.47619   0.19048   0.00000  24.00000
   0.52381   0.23810  -0.04762  48.00000
   0.57143   0.28571  -0.09524  48.00000
   0.61905   0.33333  -0.14286  48.00000
   0.66667   0.38095  -0.19048  48.00000
   0.71429   0.42857  -0.23810  48.00000
   0.76190   0.47619  -0.28571  48.00000
   0.80952   0.52381  -0.33333  48.00000
   0.85714   0.57143  -0.38095  48.00000
   0.90476   0.61905  -0.42857  48.00000
   0.95238   0.66667  -0.47619  48.00000
   1.00000   0.71429  -0.52381  24.00000
   0.57143   0.19048   0.00000  24.00000
   0.61905   0.23810  -0.04762  48.00000
   0.66667   0.28571  -0.09524  48.00000
   0.71429   0.33333  -0.14286  48.00000
   0.76190   0.38095  -0.19048  48.00000
   0.80952   0.42857  -0.23810  48.00000
   0.85714   0.47619  -0.28571  48.00000
   0.90476   0.52381  -0.33333  48.00000
   0.95238   0.57143  -0.38095  48.00000
   1.00000   0.61905  -0.42857  24.00000
   0.66667   0.19048   0.00000  24.00000
   0.71429   0.23810  -0.04762  48.00000
   0.76190   0.28571  -0.09524  48.00000
   0.80952   0.33333  -0.14286  48.00000
   0.85714   0.38095  -0.19048  48.00000
   0.90476   0.42857  -0.23810  48.00000
   0.95238   0.47619  -0.28571  48.00000
   1.00000   0.52381  -0.33333  24.00000
   0.76190   0.19048   0.00000  24.00000
   0.80952   0.23810  -0.04762  48.00000
   0.85714   0.28571  -0.09524  48.00000
   0.90476   0.33333  -0.14286  48.00000
   0.95238   0.38095  -0.19048  48.00000
   1.00000   0.42857  -0.23810  24.00000
   0.85714   0.19048   0.00000  24.00000
   0.90476   0.23810  -0.04762  48.00000
   0.95238   0.28571  -0.09524  48.00000
   1.00000   0.33333  -0.14286  24.00000
   0.95238   0.19048   0.00000  24.00000
   1.00000   0.23810  -0.04762  24.00000
   0.57143   0.28571   0.00000  24.00000
   0.61905   0.33333  -0.04762  48.00000
   0.66667   0.38095  -0.09524  48.00000
   0.71429   0.42857  -0.14286  48.00000
   0.76190   0.47619  -0.19048  48.00000
   0.66667   0.28571   0.00000  24.00000
   0.71429   0.33333  -0.04762  48.00000
   0.76190   0.38095  -0.09524  48.00000
   0.80952   0.42857  -0.14286  48.00000
   0.85714   0.47619  -0.19048  48.00000
   0.90476   0.52381  -0.23810  48.00000
   0.95238   0.57143  -0.28571  48.00000
   1.00000   0.61905  -0.33333  24.00000
   0.76190   0.28571   0.00000  24.00000
   0.80952   0.33333  -0.04762  48.00000
   0.85714   0.38095  -0.09524  48.00000
   0.90476   0.42857  -0.14286  48.00000
   0.95238   0.47619  -0.19048  48.00000
   1.00000   0.52381  -0.23810  24.00000
   0.85714   0.28571   0.00000  24.00000
   0.90476   0.33333  -0.04762  48.00000
   0.95238   0.38095  -0.09524  48.00000
   1.00000   0.42857  -0.14286  24.00000
   0.95238   0.28571   0.00000  24.00000
   1.00000   0.33333  -0.04762  24.00000
   0.76190   0.38095   0.00000  24.00000
   0.80952   0.42857  -0.04762  48.00000
   0.85714   0.47619  -0.09524  48.00000
   0.85714   0.38095   0.00000  24.00000
   0.90476   0.42857  -0.04762  48.00000
   0.95238   0.47619  -0.09524  48.00000
   1.00000   0.52381  -0.14286  24.00000
   0.95238   0.38095   0.00000  24.00000
   1.00000   0.42857  -0.04762  24.00000
   0.95238   0.47619   0.00000  24.00000




                              --------------------------------------------------
                                 S T R U C T U R A L   I N F O R M A T I O N
                              --------------------------------------------------


   SUBSTANCE                    = cubic fcc  (delta)                                                              

   LATTICE                      = F   
   LATTICE CONSTANTS ARE        =    7.6368360   7.6368360   7.6368360
   NUMBER OF ATOMS IN UNITCELL  =   1
   MODE OF CALCULATION IS       = RELA
 IORD=          48
 FNAMES=
 ./delta_Pu_2.vectorso_1                                                        
                                                                                
                                           
 ./delta_Pu_2.vectorsodn_1                                                      
                                                                                
                                           
 delta_Pu_2.energyso_1                                                          
                                                                                
                                           
 delta_Pu_2.energysodn_1                                                        
                                                                                
                                           
  BR1,  BR2
   0.82275   0.00000   0.00000     -0.82275   0.82275   0.82275
   0.00000   0.82275   0.00000      0.82275  -0.82275   0.82275
   0.00000   0.00000   0.82275      0.82275   0.82275  -0.82275
 projector corrected--must be 1,2, or 3! Now projector= 2
 Energy window:   -0.4410 < E <      0.441
 Projected density of states calculation for  1 atoms
--------- atom  1 -------------
l=  3  qsplit=  4
 Symmetrization over eq. k-points is performed
 ********** Start Reading Cix file *************
  Correlated block number           1
  Correlated index=
  1  0  0  0  0  0  0  0  0  0  0  0  0  0
  0  1  0  0  0  0  0  0  0  0  0  0  0  0
  0  0  1  0  0  0  0  0  0  0  0  0  0  0
  0  0  0  1  0  0  0  0  0  0  0  0  0  0
  0  0  0  0  1  0  0  0  0  0  0  0  0  0
  0  0  0  0  0  1  0  0  0  0  0  0  0  0
  0  0  0  0  0  0  2  0  0  0  0  0  0  0
  0  0  0  0  0  0  0  2  0  0  0  0  0  0
  0  0  0  0  0  0  0  0  2  0  0  0  0  0
  0  0  0  0  0  0  0  0  0  2  0  0  0  0
  0  0  0  0  0  0  0  0  0  0  2  0  0  0
  0  0  0  0  0  0  0  0  0  0  0  2  0  0
  0  0  0  0  0  0  0  0  0  0  0  0  2  0
  0  0  0  0  0  0  0  0  0  0  0  0  0  2
  Real part of unitary matrix=
  0.9258  0.0000  0.0000  0.0000  0.0000  0.0000  0.0000  0.0000 -0.3780  0.0000  0.0000  0.0000  0.0000  0.0000
  0.0000  0.8452  0.0000  0.0000  0.0000  0.0000  0.0000  0.0000  0.0000 -0.5345  0.0000  0.0000  0.0000  0.0000
  0.0000  0.0000  0.7559  0.0000  0.0000  0.0000  0.0000  0.0000  0.0000  0.0000 -0.6547  0.0000  0.0000  0.0000
  0.0000  0.0000  0.0000  0.6547  0.0000  0.0000  0.0000  0.0000  0.0000  0.0000  0.0000 -0.7559  0.0000  0.0000
  0.0000  0.0000  0.0000  0.0000  0.5345  0.0000  0.0000  0.0000  0.0000  0.0000  0.0000  0.0000 -0.8452  0.0000
  0.0000  0.0000  0.0000  0.0000  0.0000  0.3780  0.0000  0.0000  0.0000  0.0000  0.0000  0.0000  0.0000 -0.9258
  0.0000  0.0000  0.0000  0.0000  0.0000  0.0000  0.0000  1.0000  0.0000  0.0000  0.0000  0.0000  0.0000  0.0000
  0.3780  0.0000  0.0000  0.0000  0.0000  0.0000  0.0000  0.0000  0.9258  0.0000  0.0000  0.0000  0.0000  0.0000
  0.0000  0.5345  0.0000  0.0000  0.0000  0.0000  0.0000  0.0000  0.0000  0.8452  0.0000  0.0000  0.0000  0.0000
  0.0000  0.0000  0.6547  0.0000  0.0000  0.0000  0.0000  0.0000  0.0000  0.0000  0.7559  0.0000  0.0000  0.0000
  0.0000  0.0000  0.0000  0.7559  0.0000  0.0000  0.0000  0.0000  0.0000  0.0000  0.0000  0.6547  0.0000  0.0000
  0.0000  0.0000  0.0000  0.0000  0.8452  0.0000  0.0000  0.0000  0.0000  0.0000  0.0000  0.0000  0.5345  0.0000
  0.0000  0.0000  0.0000  0.0000  0.0000  0.9258  0.0000  0.0000  0.0000  0.0000  0.0000  0.0000  0.0000  0.3780
  0.0000  0.0000  0.0000  0.0000  0.0000  0.0000  1.0000  0.0000  0.0000  0.0000  0.0000  0.0000  0.0000  0.0000
  Imaginary part of unitary matrix=
  0.0000  0.0000  0.0000  0.0000  0.0000  0.0000  0.0000  0.0000  0.0000  0.0000  0.0000  0.0000  0.0000  0.0000
  0.0000  0.0000  0.0000  0.0000  0.0000  0.0000  0.0000  0.0000  0.0000  0.0000  0.0000  0.0000  0.0000  0.0000
  0.0000  0.0000  0.0000  0.0000  0.0000  0.0000  0.0000  0.0000  0.0000  0.0000  0.0000  0.0000  0.0000  0.0000
  0.0000  0.0000  0.0000  0.0000  0.0000  0.0000  0.0000  0.0000  0.0000  0.0000  0.0000  0.0000  0.0000  0.0000
  0.0000  0.0000  0.0000  0.0000  0.0000  0.0000  0.0000  0.0000  0.0000  0.0000  0.0000  0.0000  0.0000  0.0000
  0.0000  0.0000  0.0000  0.0000  0.0000  0.0000  0.0000  0.0000  0.0000  0.0000  0.0000  0.0000  0.0000  0.0000
  0.0000  0.0000  0.0000  0.0000  0.0000  0.0000  0.0000  0.0000  0.0000  0.0000  0.0000  0.0000  0.0000  0.0000
  0.0000  0.0000  0.0000  0.0000  0.0000  0.0000  0.0000  0.0000  0.0000  0.0000  0.0000  0.0000  0.0000  0.0000
  0.0000  0.0000  0.0000  0.0000  0.0000  0.0000  0.0000  0.0000  0.0000  0.0000  0.0000  0.0000  0.0000  0.0000
  0.0000  0.0000  0.0000  0.0000  0.0000  0.0000  0.0000  0.0000  0.0000  0.0000  0.0000  0.0000  0.0000  0.0000
  0.0000  0.0000  0.0000  0.0000  0.0000  0.0000  0.0000  0.0000  0.0000  0.0000  0.0000  0.0000  0.0000  0.0000
  0.0000  0.0000  0.0000  0.0000  0.0000  0.0000  0.0000  0.0000  0.0000  0.0000  0.0000  0.0000  0.0000  0.0000
  0.0000  0.0000  0.0000  0.0000  0.0000  0.0000  0.0000  0.0000  0.0000  0.0000  0.0000  0.0000  0.0000  0.0000
  0.0000  0.0000  0.0000  0.0000  0.0000  0.0000  0.0000  0.0000  0.0000  0.0000  0.0000  0.0000  0.0000  0.0000
  At least one transformation matrix is not Identity
 Magnetic system with s-o coupling; M theta, phi:  0.0000  0.0000
 Inside ROTDEF
Operation  1 transforms atom   1 from first atom   1
Actual position of atom  1 is:  0.000000    0.000000    0.000000
 
Combined transformation (acting on k-point) for correlated atoms
including users rotation and internal local rotation
catom  1 atom   1
   0.82275   0.00000   0.00000
   0.00000  -0.82275   0.00000
   0.00000   0.00000  -0.82275
 
 
 SPIN COORD SYSTEM:
    1.000000    0.000000    0.000000
    0.000000    1.000000    0.000000
    0.000000    0.000000    1.000000
 
 in global cartezian coordinates:
    1.000000    0.000000    0.000000
    0.000000   -1.000000    0.000000
    0.000000    0.000000   -1.000000
 ____________________________
 in spin coordinates:
    1.000000    0.000000    0.000000
    0.000000   -1.000000    0.000000
    0.000000    0.000000   -1.000000
           1   3.14159268339212       -1.00000000000000     
 
 in global cartezian coordinates:
    1.000000    0.000000    0.000000
    0.000000    0.000000   -1.000000
    0.000000   -1.000000    0.000000
 ____________________________
 in spin coordinates:
    1.000000    0.000000    0.000000
    0.000000    0.000000   -1.000000
    0.000000   -1.000000    0.000000
           2   1.57079632679490       0.000000000000000E+000
 
 symm. operation            2  removed !!!! so-det=  0.000000000000000E+000
 in global cartezian coordinates:
   -1.000000    0.000000    0.000000
    0.000000   -1.000000    0.000000
    0.000000    0.000000   -1.000000
 ____________________________
 in spin coordinates:
   -1.000000    0.000000    0.000000
    0.000000   -1.000000    0.000000
    0.000000    0.000000   -1.000000
           3  2.980232238769531E-008   1.00000000000000     
 
 in global cartezian coordinates:
   -1.000000    0.000000    0.000000
    0.000000    0.000000   -1.000000
    0.000000   -1.000000    0.000000
 ____________________________
 in spin coordinates:
   -1.000000    0.000000    0.000000
    0.000000    0.000000   -1.000000
    0.000000   -1.000000    0.000000
           4   1.57079632679490       0.000000000000000E+000
 
 symm. operation            4  removed !!!! so-det=  0.000000000000000E+000
 in global cartezian coordinates:
    0.000000   -1.000000    0.000000
    1.000000    0.000000    0.000000
    0.000000    0.000000   -1.000000
 ____________________________
 in spin coordinates:
    0.000000   -1.000000    0.000000
    1.000000    0.000000    0.000000
    0.000000    0.000000   -1.000000
           5  -1.57079632679490        1.00000000000000     
 
 in global cartezian coordinates:
    0.000000   -1.000000    0.000000
    0.000000    0.000000   -1.000000
    1.000000    0.000000    0.000000
 ____________________________
 in spin coordinates:
    0.000000   -1.000000    0.000000
    0.000000    0.000000   -1.000000
    1.000000    0.000000    0.000000
           6 NaN                      0.000000000000000E+000
 
 symm. operation            6  removed !!!! so-det=  0.000000000000000E+000
 in global cartezian coordinates:
    0.000000    1.000000    0.000000
    1.000000    0.000000    0.000000
    0.000000    0.000000   -1.000000
 ____________________________
 in spin coordinates:
    0.000000    1.000000    0.000000
    1.000000    0.000000    0.000000
    0.000000    0.000000   -1.000000
           7   1.57079632679490       -1.00000000000000     
 
 in global cartezian coordinates:
    0.000000    1.000000    0.000000
    0.000000    0.000000   -1.000000
    1.000000    0.000000    0.000000
 ____________________________
 in spin coordinates:
    0.000000    1.000000    0.000000
    0.000000    0.000000   -1.000000
    1.000000    0.000000    0.000000
           8 NaN                      0.000000000000000E+000
 
 symm. operation            8  removed !!!! so-det=  0.000000000000000E+000
 in global cartezian coordinates:
    0.000000    0.000000   -1.000000
    1.000000    0.000000    0.000000
    0.000000   -1.000000    0.000000
 ____________________________
 in spin coordinates:
    0.000000    0.000000   -1.000000
    1.000000    0.000000    0.000000
    0.000000   -1.000000    0.000000
           9   1.57079632679490       0.000000000000000E+000
 
 symm. operation            9  removed !!!! so-det=  0.000000000000000E+000
 in global cartezian coordinates:
    0.000000    0.000000   -1.000000
    0.000000   -1.000000    0.000000
    1.000000    0.000000    0.000000
 ____________________________
 in spin coordinates:
    0.000000    0.000000   -1.000000
    0.000000   -1.000000    0.000000
    1.000000    0.000000    0.000000
          10   1.57079632679490       0.000000000000000E+000
 
 symm. operation           10  removed !!!! so-det=  0.000000000000000E+000
 in global cartezian coordinates:
    0.000000    0.000000    1.000000
    1.000000    0.000000    0.000000
    0.000000   -1.000000    0.000000
 ____________________________
 in spin coordinates:
    0.000000    0.000000    1.000000
    1.000000    0.000000    0.000000
    0.000000   -1.000000    0.000000
          11   1.57079632679490       0.000000000000000E+000
 
 symm. operation           11  removed !!!! so-det=  0.000000000000000E+000
 in global cartezian coordinates:
    0.000000    0.000000    1.000000
    0.000000   -1.000000    0.000000
    1.000000    0.000000    0.000000
 ____________________________
 in spin coordinates:
    0.000000    0.000000    1.000000
    0.000000   -1.000000    0.000000
    1.000000    0.000000    0.000000
          12   1.57079632679490       0.000000000000000E+000
 
 symm. operation           12  removed !!!! so-det=  0.000000000000000E+000
 in global cartezian coordinates:
    0.000000   -1.000000    0.000000
   -1.000000    0.000000    0.000000
    0.000000    0.000000   -1.000000
 ____________________________
 in spin coordinates:
    0.000000   -1.000000    0.000000
   -1.000000    0.000000    0.000000
    0.000000    0.000000   -1.000000
          13   4.71238898038469       -1.00000000000000     
 
 in global cartezian coordinates:
    0.000000    1.000000    0.000000
   -1.000000    0.000000    0.000000
    0.000000    0.000000   -1.000000
 ____________________________
 in spin coordinates:
    0.000000    1.000000    0.000000
   -1.000000    0.000000    0.000000
    0.000000    0.000000   -1.000000
          14   1.57079632679490        1.00000000000000     
 
 in global cartezian coordinates:
    0.000000   -1.000000    0.000000
    0.000000    0.000000   -1.000000
   -1.000000    0.000000    0.000000
 ____________________________
 in spin coordinates:
    0.000000   -1.000000    0.000000
    0.000000    0.000000   -1.000000
   -1.000000    0.000000    0.000000
          15 NaN                      0.000000000000000E+000
 
 symm. operation           15  removed !!!! so-det=  0.000000000000000E+000
 in global cartezian coordinates:
    0.000000    1.000000    0.000000
    0.000000    0.000000   -1.000000
   -1.000000    0.000000    0.000000
 ____________________________
 in spin coordinates:
    0.000000    1.000000    0.000000
    0.000000    0.000000   -1.000000
   -1.000000    0.000000    0.000000
          16 NaN                      0.000000000000000E+000
 
 symm. operation           16  removed !!!! so-det=  0.000000000000000E+000
 in global cartezian coordinates:
    1.000000    0.000000    0.000000
    0.000000    1.000000    0.000000
    0.000000    0.000000   -1.000000
 ____________________________
 in spin coordinates:
    1.000000    0.000000    0.000000
    0.000000    1.000000    0.000000
    0.000000    0.000000   -1.000000
          17   3.14159262378747        1.00000000000000     
 
 in global cartezian coordinates:
   -1.000000    0.000000    0.000000
    0.000000    1.000000    0.000000
    0.000000    0.000000   -1.000000
 ____________________________
 in spin coordinates:
   -1.000000    0.000000    0.000000
    0.000000    1.000000    0.000000
    0.000000    0.000000   -1.000000
          18   6.28318527737726       -1.00000000000000     
 
 in global cartezian coordinates:
    1.000000    0.000000    0.000000
    0.000000    0.000000   -1.000000
    0.000000    1.000000    0.000000
 ____________________________
 in spin coordinates:
    1.000000    0.000000    0.000000
    0.000000    0.000000   -1.000000
    0.000000    1.000000    0.000000
          19   1.57079632679490       0.000000000000000E+000
 
 symm. operation           19  removed !!!! so-det=  0.000000000000000E+000
 in global cartezian coordinates:
   -1.000000    0.000000    0.000000
    0.000000    0.000000   -1.000000
    0.000000    1.000000    0.000000
 ____________________________
 in spin coordinates:
   -1.000000    0.000000    0.000000
    0.000000    0.000000   -1.000000
    0.000000    1.000000    0.000000
          20   1.57079632679490       0.000000000000000E+000
 
 symm. operation           20  removed !!!! so-det=  0.000000000000000E+000
 in global cartezian coordinates:
    0.000000    0.000000   -1.000000
   -1.000000    0.000000    0.000000
    0.000000   -1.000000    0.000000
 ____________________________
 in spin coordinates:
    0.000000    0.000000   -1.000000
   -1.000000    0.000000    0.000000
    0.000000   -1.000000    0.000000
          21   1.57079632679490       0.000000000000000E+000
 
 symm. operation           21  removed !!!! so-det=  0.000000000000000E+000
 in global cartezian coordinates:
    0.000000    0.000000   -1.000000
    0.000000   -1.000000    0.000000
   -1.000000    0.000000    0.000000
 ____________________________
 in spin coordinates:
    0.000000    0.000000   -1.000000
    0.000000   -1.000000    0.000000
   -1.000000    0.000000    0.000000
          22   1.57079632679490       0.000000000000000E+000
 
 symm. operation           22  removed !!!! so-det=  0.000000000000000E+000
 in global cartezian coordinates:
    0.000000    0.000000    1.000000
   -1.000000    0.000000    0.000000
    0.000000   -1.000000    0.000000
 ____________________________
 in spin coordinates:
    0.000000    0.000000    1.000000
   -1.000000    0.000000    0.000000
    0.000000   -1.000000    0.000000
          23   1.57079632679490       0.000000000000000E+000
 
 symm. operation           23  removed !!!! so-det=  0.000000000000000E+000
 in global cartezian coordinates:
    0.000000    0.000000    1.000000
    0.000000   -1.000000    0.000000
   -1.000000    0.000000    0.000000
 ____________________________
 in spin coordinates:
    0.000000    0.000000    1.000000
    0.000000   -1.000000    0.000000
   -1.000000    0.000000    0.000000
          24   1.57079632679490       0.000000000000000E+000
 
 symm. operation           24  removed !!!! so-det=  0.000000000000000E+000
 in global cartezian coordinates:
    0.000000    0.000000   -1.000000
    0.000000    1.000000    0.000000
    1.000000    0.000000    0.000000
 ____________________________
 in spin coordinates:
    0.000000    0.000000   -1.000000
    0.000000    1.000000    0.000000
    1.000000    0.000000    0.000000
          25   1.57079632679490       0.000000000000000E+000
 
 symm. operation           25  removed !!!! so-det=  0.000000000000000E+000
 in global cartezian coordinates:
    0.000000    0.000000   -1.000000
    1.000000    0.000000    0.000000
    0.000000    1.000000    0.000000
 ____________________________
 in spin coordinates:
    0.000000    0.000000   -1.000000
    1.000000    0.000000    0.000000
    0.000000    1.000000    0.000000
          26   1.57079632679490       0.000000000000000E+000
 
 symm. operation           26  removed !!!! so-det=  0.000000000000000E+000
 in global cartezian coordinates:
    0.000000    0.000000    1.000000
    0.000000    1.000000    0.000000
    1.000000    0.000000    0.000000
 ____________________________
 in spin coordinates:
    0.000000    0.000000    1.000000
    0.000000    1.000000    0.000000
    1.000000    0.000000    0.000000
          27   1.57079632679490       0.000000000000000E+000
 
 symm. operation           27  removed !!!! so-det=  0.000000000000000E+000
 in global cartezian coordinates:
    0.000000    0.000000    1.000000
    1.000000    0.000000    0.000000
    0.000000    1.000000    0.000000
 ____________________________
 in spin coordinates:
    0.000000    0.000000    1.000000
    1.000000    0.000000    0.000000
    0.000000    1.000000    0.000000
          28   1.57079632679490       0.000000000000000E+000
 
 symm. operation           28  removed !!!! so-det=  0.000000000000000E+000
 in global cartezian coordinates:
    1.000000    0.000000    0.000000
    0.000000    0.000000    1.000000
    0.000000   -1.000000    0.000000
 ____________________________
 in spin coordinates:
    1.000000    0.000000    0.000000
    0.000000    0.000000    1.000000
    0.000000   -1.000000    0.000000
          29   1.57079632679490       0.000000000000000E+000
 
 symm. operation           29  removed !!!! so-det=  0.000000000000000E+000
 in global cartezian coordinates:
   -1.000000    0.000000    0.000000
    0.000000    0.000000    1.000000
    0.000000   -1.000000    0.000000
 ____________________________
 in spin coordinates:
   -1.000000    0.000000    0.000000
    0.000000    0.000000    1.000000
    0.000000   -1.000000    0.000000
          30   1.57079632679490       0.000000000000000E+000
 
 symm. operation           30  removed !!!! so-det=  0.000000000000000E+000
 in global cartezian coordinates:
    1.000000    0.000000    0.000000
    0.000000   -1.000000    0.000000
    0.000000    0.000000    1.000000
 ____________________________
 in spin coordinates:
    1.000000    0.000000    0.000000
    0.000000   -1.000000    0.000000
    0.000000    0.000000    1.000000
          31   6.28318527737726       -1.00000000000000     
 
 in global cartezian coordinates:
   -1.000000    0.000000    0.000000
    0.000000   -1.000000    0.000000
    0.000000    0.000000    1.000000
 ____________________________
 in spin coordinates:
   -1.000000    0.000000    0.000000
    0.000000   -1.000000    0.000000
    0.000000    0.000000    1.000000
          32   3.14159262378747        1.00000000000000     
 
 in global cartezian coordinates:
    0.000000   -1.000000    0.000000
    0.000000    0.000000    1.000000
    1.000000    0.000000    0.000000
 ____________________________
 in spin coordinates:
    0.000000   -1.000000    0.000000
    0.000000    0.000000    1.000000
    1.000000    0.000000    0.000000
          33 NaN                      0.000000000000000E+000
 
 symm. operation           33  removed !!!! so-det=  0.000000000000000E+000
 in global cartezian coordinates:
    0.000000    1.000000    0.000000
    0.000000    0.000000    1.000000
    1.000000    0.000000    0.000000
 ____________________________
 in spin coordinates:
    0.000000    1.000000    0.000000
    0.000000    0.000000    1.000000
    1.000000    0.000000    0.000000
          34 NaN                      0.000000000000000E+000
 
 symm. operation           34  removed !!!! so-det=  0.000000000000000E+000
 in global cartezian coordinates:
    0.000000   -1.000000    0.000000
    1.000000    0.000000    0.000000
    0.000000    0.000000    1.000000
 ____________________________
 in spin coordinates:
    0.000000   -1.000000    0.000000
    1.000000    0.000000    0.000000
    0.000000    0.000000    1.000000
          35   1.57079632679490        1.00000000000000     
 
 in global cartezian coordinates:
    0.000000    1.000000    0.000000
    1.000000    0.000000    0.000000
    0.000000    0.000000    1.000000
 ____________________________
 in spin coordinates:
    0.000000    1.000000    0.000000
    1.000000    0.000000    0.000000
    0.000000    0.000000    1.000000
          36   4.71238898038469       -1.00000000000000     
 
 in global cartezian coordinates:
    0.000000    0.000000   -1.000000
    0.000000    1.000000    0.000000
   -1.000000    0.000000    0.000000
 ____________________________
 in spin coordinates:
    0.000000    0.000000   -1.000000
    0.000000    1.000000    0.000000
   -1.000000    0.000000    0.000000
          37   1.57079632679490       0.000000000000000E+000
 
 symm. operation           37  removed !!!! so-det=  0.000000000000000E+000
 in global cartezian coordinates:
    0.000000    0.000000   -1.000000
   -1.000000    0.000000    0.000000
    0.000000    1.000000    0.000000
 ____________________________
 in spin coordinates:
    0.000000    0.000000   -1.000000
   -1.000000    0.000000    0.000000
    0.000000    1.000000    0.000000
          38   1.57079632679490       0.000000000000000E+000
 
 symm. operation           38  removed !!!! so-det=  0.000000000000000E+000
 in global cartezian coordinates:
    0.000000    0.000000    1.000000
    0.000000    1.000000    0.000000
   -1.000000    0.000000    0.000000
 ____________________________
 in spin coordinates:
    0.000000    0.000000    1.000000
    0.000000    1.000000    0.000000
   -1.000000    0.000000    0.000000
          39   1.57079632679490       0.000000000000000E+000
 
 symm. operation           39  removed !!!! so-det=  0.000000000000000E+000
 in global cartezian coordinates:
    0.000000    0.000000    1.000000
   -1.000000    0.000000    0.000000
    0.000000    1.000000    0.000000
 ____________________________
 in spin coordinates:
    0.000000    0.000000    1.000000
   -1.000000    0.000000    0.000000
    0.000000    1.000000    0.000000
          40   1.57079632679490       0.000000000000000E+000
 
 symm. operation           40  removed !!!! so-det=  0.000000000000000E+000
 in global cartezian coordinates:
    0.000000   -1.000000    0.000000
    0.000000    0.000000    1.000000
   -1.000000    0.000000    0.000000
 ____________________________
 in spin coordinates:
    0.000000   -1.000000    0.000000
    0.000000    0.000000    1.000000
   -1.000000    0.000000    0.000000
          41 NaN                      0.000000000000000E+000
 
 symm. operation           41  removed !!!! so-det=  0.000000000000000E+000
 in global cartezian coordinates:
    0.000000   -1.000000    0.000000
   -1.000000    0.000000    0.000000
    0.000000    0.000000    1.000000
 ____________________________
 in spin coordinates:
    0.000000   -1.000000    0.000000
   -1.000000    0.000000    0.000000
    0.000000    0.000000    1.000000
          42   1.57079632679490       -1.00000000000000     
 
 in global cartezian coordinates:
    0.000000    1.000000    0.000000
    0.000000    0.000000    1.000000
   -1.000000    0.000000    0.000000
 ____________________________
 in spin coordinates:
    0.000000    1.000000    0.000000
    0.000000    0.000000    1.000000
   -1.000000    0.000000    0.000000
          43 NaN                      0.000000000000000E+000
 
 symm. operation           43  removed !!!! so-det=  0.000000000000000E+000
 in global cartezian coordinates:
    0.000000    1.000000    0.000000
   -1.000000    0.000000    0.000000
    0.000000    0.000000    1.000000
 ____________________________
 in spin coordinates:
    0.000000    1.000000    0.000000
   -1.000000    0.000000    0.000000
    0.000000    0.000000    1.000000
          44  -1.57079632679490        1.00000000000000     
 
 in global cartezian coordinates:
    1.000000    0.000000    0.000000
    0.000000    0.000000    1.000000
    0.000000    1.000000    0.000000
 ____________________________
 in spin coordinates:
    1.000000    0.000000    0.000000
    0.000000    0.000000    1.000000
    0.000000    1.000000    0.000000
          45   1.57079632679490       0.000000000000000E+000
 
 symm. operation           45  removed !!!! so-det=  0.000000000000000E+000
 in global cartezian coordinates:
    1.000000    0.000000    0.000000
    0.000000    1.000000    0.000000
    0.000000    0.000000    1.000000
 ____________________________
 in spin coordinates:
    1.000000    0.000000    0.000000
    0.000000    1.000000    0.000000
    0.000000    0.000000    1.000000
          46  2.980232238769531E-008   1.00000000000000     
 
 in global cartezian coordinates:
   -1.000000    0.000000    0.000000
    0.000000    0.000000    1.000000
    0.000000    1.000000    0.000000
 ____________________________
 in spin coordinates:
   -1.000000    0.000000    0.000000
    0.000000    0.000000    1.000000
    0.000000    1.000000    0.000000
          47   1.57079632679490       0.000000000000000E+000
 
 symm. operation           47  removed !!!! so-det=  0.000000000000000E+000
 in global cartezian coordinates:
   -1.000000    0.000000    0.000000
    0.000000    1.000000    0.000000
    0.000000    0.000000    1.000000
 ____________________________
 in spin coordinates:
   -1.000000    0.000000    0.000000
    0.000000    1.000000    0.000000
    0.000000    0.000000    1.000000
          48   3.14159268339212       -1.00000000000000     
 
 Original and SO-compatible symops changed:          48          16
 FNAME=
 delta_Pu_2.energyso_1                                                          
                                                                                
                                                     60
 FNAME=
 delta_Pu_2.energysodn_1                                                        
                                                                                
                                                     59
 BZ-integration with TETRA-program.   icor=: 1
 Equal occupancy of degenerate states, tol=: 0.1E-05
 call eord...
 call dos...
 ILOOP            1
 ILOOP            2
   FERMI ENERGY AT    1.78404001709909     
 RESULT OF INTEGRATION:      15.999999999865; SHOULD BE:      15.999999999900
   SUM RULE OF TETRAHEDRON INTEGRATION CHECKED 
 call eweigh...
   number of occupied bands:          18
   highest energy:   1.80472010984493     
 FERMI-LDA=   1.784 Ryd,  24.273 eV.
 ABSOLUTE EMIN=   1.343 Ryd.  18.273 eV.
 ABSOLUTE EMAX=   2.225 Ryd.  30.273 eV.


:NLDA  : NUMBER OF ELECTRONS          =  16.000

:FLDA  : F E R M I - ENERGY           =   1.78404
 
 ********** Information about the atomic index arrays ************
 iatom=           1
 isort=           1
 csort=           1
 maxucase=           1
icase, iucase, jatom, latom=     1     1     1     1
 
 *****  Arrays for correlated blocks ******
 norbitals=           1
 maxdim2=          14
iorbital( 1, 1)=   1
cix( 1, 1)=   1
icase,lcase,icix,iorb,nind1,ip1,iSx=    1    1    1    1   14    1    1
icase,lcase,icix,iorb,nind1,ip1,iSx=    1    1    1    1   14    2    2
icase,lcase,icix,iorb,nind1,ip1,iSx=    1    1    1    1   14    3    3
icase,lcase,icix,iorb,nind1,ip1,iSx=    1    1    1    1   14    4    4
icase,lcase,icix,iorb,nind1,ip1,iSx=    1    1    1    1   14    5    5
icase,lcase,icix,iorb,nind1,ip1,iSx=    1    1    1    1   14    6    6
icase,lcase,icix,iorb,nind1,ip1,iSx=    1    1    1    1   14    7    7
icase,lcase,icix,iorb,nind1,ip1,iSx=    1    1    1    1   14    8    8
icase,lcase,icix,iorb,nind1,ip1,iSx=    1    1    1    1   14    9    9
icase,lcase,icix,iorb,nind1,ip1,iSx=    1    1    1    1   14   10   10
icase,lcase,icix,iorb,nind1,ip1,iSx=    1    1    1    1   14   11   11
icase,lcase,icix,iorb,nind1,ip1,iSx=    1    1    1    1   14   12   12
icase,lcase,icix,iorb,nind1,ip1,iSx=    1    1    1    1   14   13   13
icase,lcase,icix,iorb,nind1,ip1,iSx=    1    1    1    1   14   14   14
cixdim( 1)=14
noccur( 1, 1)=   6
noccur( 2, 1)=   8
iSx( 1, 1)=  1
iSx( 2, 1)=  2
iSx( 3, 1)=  3
iSx( 4, 1)=  4
iSx( 5, 1)=  5
iSx( 6, 1)=  6
iSx( 7, 1)=  7
iSx( 8, 1)=  8
iSx( 9, 1)=  9
iSx(10, 1)= 10
iSx(11, 1)= 11
iSx(12, 1)= 12
iSx(13, 1)= 13
iSx(14, 1)= 14
nindo( 1)= 14
CF for iorb1= 1 iorb2= 1
    0.92582010     0.00000000       0.00000000     0.00000000       0.00000000     0.00000000       0.00000000     0.00000000       0.00000000     0.00000000       0.00000000     0.00000000       0.00000000     0.00000000       0.00000000     0.00000000      -0.37796447     0.00000000       0.00000000     0.00000000       0.00000000     0.00000000       0.00000000     0.00000000       0.00000000     0.00000000       0.00000000     0.00000000   
    0.00000000     0.00000000       0.84515425     0.00000000       0.00000000     0.00000000       0.00000000     0.00000000       0.00000000     0.00000000       0.00000000     0.00000000       0.00000000     0.00000000       0.00000000     0.00000000       0.00000000     0.00000000      -0.53452248     0.00000000       0.00000000     0.00000000       0.00000000     0.00000000       0.00000000     0.00000000       0.00000000     0.00000000   
    0.00000000     0.00000000       0.00000000     0.00000000       0.75592895     0.00000000       0.00000000     0.00000000       0.00000000     0.00000000       0.00000000     0.00000000       0.00000000     0.00000000       0.00000000     0.00000000       0.00000000     0.00000000       0.00000000     0.00000000      -0.65465367     0.00000000       0.00000000     0.00000000       0.00000000     0.00000000       0.00000000     0.00000000   
    0.00000000     0.00000000       0.00000000     0.00000000       0.00000000     0.00000000       0.65465367     0.00000000       0.00000000     0.00000000       0.00000000     0.00000000       0.00000000     0.00000000       0.00000000     0.00000000       0.00000000     0.00000000       0.00000000     0.00000000       0.00000000     0.00000000      -0.75592895     0.00000000       0.00000000     0.00000000       0.00000000     0.00000000   
    0.00000000     0.00000000       0.00000000     0.00000000       0.00000000     0.00000000       0.00000000     0.00000000       0.53452248     0.00000000       0.00000000     0.00000000       0.00000000     0.00000000       0.00000000     0.00000000       0.00000000     0.00000000       0.00000000     0.00000000       0.00000000     0.00000000       0.00000000     0.00000000      -0.84515425     0.00000000       0.00000000     0.00000000   
    0.00000000     0.00000000       0.00000000     0.00000000       0.00000000     0.00000000       0.00000000     0.00000000       0.00000000     0.00000000       0.37796447     0.00000000       0.00000000     0.00000000       0.00000000     0.00000000       0.00000000     0.00000000       0.00000000     0.00000000       0.00000000     0.00000000       0.00000000     0.00000000       0.00000000     0.00000000      -0.92582010     0.00000000   
    0.00000000     0.00000000       0.00000000     0.00000000       0.00000000     0.00000000       0.00000000     0.00000000       0.00000000     0.00000000       0.00000000     0.00000000       0.00000000     0.00000000       1.00000000     0.00000000       0.00000000     0.00000000       0.00000000     0.00000000       0.00000000     0.00000000       0.00000000     0.00000000       0.00000000     0.00000000       0.00000000     0.00000000   
    0.37796447     0.00000000       0.00000000     0.00000000       0.00000000     0.00000000       0.00000000     0.00000000       0.00000000     0.00000000       0.00000000     0.00000000       0.00000000     0.00000000       0.00000000     0.00000000       0.92582010     0.00000000       0.00000000     0.00000000       0.00000000     0.00000000       0.00000000     0.00000000       0.00000000     0.00000000       0.00000000     0.00000000   
    0.00000000     0.00000000       0.53452248     0.00000000       0.00000000     0.00000000       0.00000000     0.00000000       0.00000000     0.00000000       0.00000000     0.00000000       0.00000000     0.00000000       0.00000000     0.00000000       0.00000000     0.00000000       0.84515425     0.00000000       0.00000000     0.00000000       0.00000000     0.00000000       0.00000000     0.00000000       0.00000000     0.00000000   
    0.00000000     0.00000000       0.00000000     0.00000000       0.65465367     0.00000000       0.00000000     0.00000000       0.00000000     0.00000000       0.00000000     0.00000000       0.00000000     0.00000000       0.00000000     0.00000000       0.00000000     0.00000000       0.00000000     0.00000000       0.75592895     0.00000000       0.00000000     0.00000000       0.00000000     0.00000000       0.00000000     0.00000000   
    0.00000000     0.00000000       0.00000000     0.00000000       0.00000000     0.00000000       0.75592895     0.00000000       0.00000000     0.00000000       0.00000000     0.00000000       0.00000000     0.00000000       0.00000000     0.00000000       0.00000000     0.00000000       0.00000000     0.00000000       0.00000000     0.00000000       0.65465367     0.00000000       0.00000000     0.00000000       0.00000000     0.00000000   
    0.00000000     0.00000000       0.00000000     0.00000000       0.00000000     0.00000000       0.00000000     0.00000000       0.84515425     0.00000000       0.00000000     0.00000000       0.00000000     0.00000000       0.00000000     0.00000000       0.00000000     0.00000000       0.00000000     0.00000000       0.00000000     0.00000000       0.00000000     0.00000000       0.53452248     0.00000000       0.00000000     0.00000000   
    0.00000000     0.00000000       0.00000000     0.00000000       0.00000000     0.00000000       0.00000000     0.00000000       0.00000000     0.00000000       0.92582010     0.00000000       0.00000000     0.00000000       0.00000000     0.00000000       0.00000000     0.00000000       0.00000000     0.00000000       0.00000000     0.00000000       0.00000000     0.00000000       0.00000000     0.00000000       0.37796447     0.00000000   
    0.00000000     0.00000000       0.00000000     0.00000000       0.00000000     0.00000000       0.00000000     0.00000000       0.00000000     0.00000000       0.00000000     0.00000000       1.00000000     0.00000000       0.00000000     0.00000000       0.00000000     0.00000000       0.00000000     0.00000000       0.00000000     0.00000000       0.00000000     0.00000000       0.00000000     0.00000000       0.00000000     0.00000000   
Rspin for iorb=  1
 angles=  0.000000000000000E+000   3.14159265358979       0.000000000000000E+000
  0.000000000000000E+000  0.000000000000000E+000  0.000000000000000E+000
 Rspin=
    0.000000    0.000000      0.000000    1.000000
    0.000000    1.000000      0.000000    0.000000
 Calculation for atom  1 which has iucase=  1
 ATPAR for spin up

          ATOMIC PARAMETERS FOR Pu  0+    

           ENERGY PARAMETERS ARE   1.57  -0.74   1.57   1.57

           L     U(R)          U'(R)         DU/DE        DU'/DE      NORM-U'
           0  0.552580E+00  0.806843E+00  0.111016E+00 -0.229395E+00
           1  0.538479E+00 -0.275056E-03 -0.143715E+00 -0.401692E+00
           2 -0.615909E+00  0.343481E-01  0.987315E-01  0.345783E+00
           3 -0.310164E+00  0.137936E+00  0.366956E+00  0.534492E+00
LO COEFFICIENT: l,A,B,C   0          0.64968    -3.23377     0.00000     0.00000
 
LO COEFFICIENT: l,A,B,C   0          0.32210     0.00000     0.78049     0.00000
 
LO COEFFICIENT: l,A,B,C   1          0.87889     3.29309     0.00000     0.00000
 
LO COEFFICIENT: l,A,B,C   1          0.26008     0.00000    -1.23044     0.00000
 
LO COEFFICIENT: l,A,B,C   2          0.85369     5.32548     0.00000     0.00000
 
LO COEFFICIENT: l,A,B,C   3          0.94250     0.79664     0.00000     0.00000
 
 ATPAR for spin down

          ATOMIC PARAMETERS FOR Pu  0+    

           ENERGY PARAMETERS ARE   1.57  -0.74   1.57   1.57

           L     U(R)          U'(R)         DU/DE        DU'/DE      NORM-U'
           0  0.552580E+00  0.806843E+00  0.111016E+00 -0.229395E+00
           1  0.538479E+00 -0.275056E-03 -0.143715E+00 -0.401692E+00
           2 -0.615909E+00  0.343481E-01  0.987315E-01  0.345783E+00
           3 -0.310164E+00  0.137936E+00  0.366956E+00  0.534492E+00
LO COEFFICIENT: l,A,B,C   0          0.64968    -3.23377     0.00000     0.00000
 
LO COEFFICIENT: l,A,B,C   0          0.32210     0.00000     0.78049     0.00000
 
LO COEFFICIENT: l,A,B,C   1          0.87889     3.29309     0.00000     0.00000
 
LO COEFFICIENT: l,A,B,C   1          0.26008     0.00000    -1.23044     0.00000
 
LO COEFFICIENT: l,A,B,C   2          0.85369     5.32548     0.00000     0.00000
 
LO COEFFICIENT: l,A,B,C   3          0.94250     0.79664     0.00000     0.00000
 
 L1=           0  L2=           0
 RADIAL INTEGRALS:
           1           1                 1           1   1.00000000000000     
           1           3                 1           1  0.570994158827982     
           1           1                 1           2   1.00000000000000     
           1           3                 1           2  0.570994158827982     
           1           1                 2           1   1.00000000000000     
           1           3                 2           1  0.570994158827982     
           1           1                 2           2   1.00000000000000     
           1           3                 2           2  0.570994158827982     
           2           2                 1           1  5.526442560990641E-002
           2           3                 1           1 -0.190683785136293     
           2           2                 1           2  5.526442560990641E-002
           2           3                 1           2 -0.190683785136293     
           2           2                 2           1  5.526442560990641E-002
           2           3                 2           1 -0.190683785136293     
           2           2                 2           2  5.526442560990641E-002
           2           3                 2           2 -0.190683785136293     
           3           1                 1           1  0.570994158827982     
           3           2                 1           1 -0.190683785136293     
           3           3                 1           1   1.00000000000000     
           3           1                 1           2  0.570994158827982     
           3           2                 1           2 -0.190683785136293     
           3           3                 1           2   1.00000000000000     
           3           1                 2           1  0.570994158827982     
           3           2                 2           1 -0.190683785136293     
           3           3                 2           1   1.00000000000000     
           3           1                 2           2  0.570994158827982     
           3           2                 2           2 -0.190683785136293     
           3           3                 2           2   1.00000000000000     
 L1=           1  L2=           1
 RADIAL INTEGRALS:
           1           1                 1           1   1.00000000000000     
           1           3                 1           1  0.908763790380292     
           1           1                 1           2   1.00000000000000     
           1           3                 1           2  0.908763790380292     
           1           1                 2           1   1.00000000000000     
           1           3                 2           1  0.908763790380292     
           1           1                 2           2   1.00000000000000     
           1           3                 2           2  0.908763790380292     
           2           2                 1           1  2.098279991328689E-002
           2           3                 1           1  6.027849250807224E-002
           2           2                 1           2  2.098279991328689E-002
           2           3                 1           2  6.027849250807224E-002
           2           2                 2           1  2.098279991328689E-002
           2           3                 2           1  6.027849250807224E-002
           2           2                 2           2  2.098279991328689E-002
           2           3                 2           2  6.027849250807224E-002
           3           1                 1           1  0.908763790380292     
           3           2                 1           1  6.027849250807224E-002
           3           3                 1           1   1.00000000000000     
           3           1                 1           2  0.908763790380292     
           3           2                 1           2  6.027849250807224E-002
           3           3                 1           2   1.00000000000000     
           3           1                 2           1  0.908763790380292     
           3           2                 2           1  6.027849250807224E-002
           3           3                 2           1   1.00000000000000     
           3           1                 2           2  0.908763790380292     
           3           2                 2           2  6.027849250807224E-002
           3           3                 2           2   1.00000000000000     
 L1=           2  L2=           2
 RADIAL INTEGRALS:
           1           1                 1           1   1.00000000000000     
           1           1                 1           2   1.00000000000000     
           1           1                 2           1   1.00000000000000     
           1           1                 2           2   1.00000000000000     
           2           2                 1           1  9.563168327122102E-003
           2           2                 1           2  9.563168327122102E-003
           2           2                 2           1  9.563168327122102E-003
           2           2                 2           2  9.563168327122102E-003
 L1=           3  L2=           3
 RADIAL INTEGRALS:
           1           1                 1           1   1.00000000000000     
           1           1                 1           2   1.00000000000000     
           1           1                 2           1   1.00000000000000     
           1           1                 2           2   1.00000000000000     
           2           2                 1           1  0.175994151224809     
           2           2                 1           2  0.175994151224809     
           2           2                 2           1  0.175994151224809     
           2           2                 2           2  0.175994151224809     
Saving potential parameters for atom 1 into  1
pr_proc=143  tot-k=286
 ------------------------------------------------------------------------------


   =====>>> CPU TIME SUMMARY

            TOTAL       :      0.8
 OMP_NUM_THREADS= 2
 GUTZ_SOLVER VO.1.5 BUILT ON Jan 19 2014 AT22:25:59
 NT=  1 SEC_N%DIM=   10 WITH ID:
           1       2      16     107     471    1472    3474    6477    9909   12912
       14914
 MEAN U/J:  0.2940  0.0265
 NEL_FIX_VDC1=      5.32
 ATOM DEPENDENT NELF1:
      5.3213
 DCMIX_A=  0.200000
 SYMMETRICALLY NON-EQUIVALENT ATOMS:
          1
 VARIATIONAL-SETUP-NON-EQUIVALENT ATOMS:
          1
 COMPLEMENTARY VARIATIONAL-SETUP-EQUIVALENT ATOMS:

 GYZ%SYM%IDSUM:
  1
 DIM(X_Gutz)=  4
 CALC SET: GAPJ-SHFT FULL       -JH-PROJ SLATER    VAR-FIXDC    Ryd.   
 NT= 1
 LOCAL INTERACTION PART   :
 U              :   0.2940
 J              :   0.0265
 FOCK SPACE PART:
 NA             :  7
 FS%OCC(1) L.B. :  0
 FS%OCC(2) U.B. :  9
 FS%DIM         :     14913
 HL%OCC(1) L.B. :  0
 HL%OCC(2) U.B. :  9
 ISO= 2 ISPIN_IN= 1 ISPIN= 1 ISPO= 2
 BND%NMAX=  52
 BZ INTEGRATION WITH TETRA METHOD, ICOR= 1
 EQUAL OCCUPANCY OF DEGENERATE STATES, TOL= 0.1E-05
 VALENCE ELECTRONS: TOTAL=    16.0
                    CORRELATED PART=     8.0
 SYM%IDI/IDF=  1 16
 BND%NMAXIN=   22
      GUTZ5_INI_CORR_UVEK takes  0 hours  0 minutes and    0.03 seconds (CPU).
                          takes  0 hours  0 minutes and    0.05 seconds (WALL).
                 SETUP_TB takes  0 hours  0 minutes and    1.17 seconds (CPU).
                          takes  0 hours  0 minutes and    0.56 seconds (WALL).
************  EL-  ************
 NI=  1 NI_GLOBAL=  1
   1.7774   1.7779   1.7764   1.7764   1.7779   1.7774   1.8550   1.8574   1.8477   1.8562   1.8562   1.8477   1.8574   1.8550
************  EL=  ************
 NI=  1 NI_GLOBAL=  1
   1.7774   0.0000   0.0000   0.0000   0.0014   0.0000   0.0000   0.0002   0.0000   0.0000   0.0000   0.0064   0.0000   0.0000
   0.0000   1.7779   0.0000   0.0000   0.0000   0.0014   0.0000   0.0000   0.0034   0.0000   0.0000   0.0000  -0.0040   0.0000
   0.0000   0.0000   1.7764   0.0000   0.0000   0.0000   0.0000   0.0000   0.0000  -0.0062   0.0000   0.0000   0.0000   0.0037
   0.0000   0.0000   0.0000   1.7764   0.0000   0.0000  -0.0037   0.0000   0.0000   0.0000   0.0062   0.0000   0.0000   0.0000
   0.0014   0.0000   0.0000   0.0000   1.7779   0.0000   0.0000   0.0040   0.0000   0.0000   0.0000  -0.0034   0.0000   0.0000
   0.0000   0.0014   0.0000   0.0000   0.0000   1.7774   0.0000   0.0000  -0.0064   0.0000   0.0000   0.0000  -0.0002   0.0000
   0.0000   0.0000   0.0000  -0.0037   0.0000   0.0000   1.8550   0.0000   0.0000   0.0000   0.0036   0.0000   0.0000   0.0000
   0.0002   0.0000   0.0000   0.0000   0.0040   0.0000   0.0000   1.8574   0.0000   0.0000   0.0000  -0.0028   0.0000   0.0000
   0.0000   0.0034   0.0000   0.0000   0.0000  -0.0064   0.0000   0.0000   1.8477   0.0000   0.0000   0.0000  -0.0028   0.0000
   0.0000   0.0000  -0.0062   0.0000   0.0000   0.0000   0.0000   0.0000   0.0000   1.8562   0.0000   0.0000   0.0000   0.0036
   0.0000   0.0000   0.0000   0.0062   0.0000   0.0000   0.0036   0.0000   0.0000   0.0000   1.8562   0.0000   0.0000   0.0000
   0.0064   0.0000   0.0000   0.0000  -0.0034   0.0000   0.0000  -0.0028   0.0000   0.0000   0.0000   1.8477   0.0000   0.0000
   0.0000  -0.0040   0.0000   0.0000   0.0000  -0.0002   0.0000   0.0000  -0.0028   0.0000   0.0000   0.0000   1.8574   0.0000
   0.0000   0.0000   0.0037   0.0000   0.0000   0.0000   0.0000   0.0000   0.0000   0.0036   0.0000   0.0000   0.0000   1.8550
 NI=  1 LOCAL ORBITAL LEVEL CENTER(ELC)=   1.821
************  EL0  ************
 NI=  1 NI_GLOBAL=  1
   1.7772   1.7772   1.7772   1.7772   1.7772   1.7772   1.8541   1.8541   1.8541   1.8541   1.8541   1.8541   1.8541   1.8541
************  ELL  ************
 NI=  1 NI_GLOBAL=  1
   1.7772   0.0000   0.0000   0.0000   0.0000   0.0000   0.0000   0.0000   0.0000   0.0000   0.0000   0.0000   0.0000   0.0000
   0.0000   1.7772   0.0000   0.0000   0.0000   0.0000   0.0000   0.0000   0.0000   0.0000   0.0000   0.0000   0.0000   0.0000
   0.0000   0.0000   1.7772   0.0000   0.0000   0.0000   0.0000   0.0000   0.0000   0.0000   0.0000   0.0000   0.0000   0.0000
   0.0000   0.0000   0.0000   1.7772   0.0000   0.0000   0.0000   0.0000   0.0000   0.0000   0.0000   0.0000   0.0000   0.0000
   0.0000   0.0000   0.0000   0.0000   1.7772   0.0000   0.0000   0.0000   0.0000   0.0000   0.0000   0.0000   0.0000   0.0000
   0.0000   0.0000   0.0000   0.0000   0.0000   1.7772   0.0000   0.0000   0.0000   0.0000   0.0000   0.0000   0.0000   0.0000
   0.0000   0.0000   0.0000   0.0000   0.0000   0.0000   1.8541   0.0000   0.0000   0.0000   0.0000   0.0000   0.0000   0.0000
   0.0000   0.0000   0.0000   0.0000   0.0000   0.0000   0.0000   1.8541   0.0000   0.0000   0.0000   0.0000   0.0000   0.0000
   0.0000   0.0000   0.0000   0.0000   0.0000   0.0000   0.0000   0.0000   1.8541   0.0000   0.0000   0.0000   0.0000   0.0000
   0.0000   0.0000   0.0000   0.0000   0.0000   0.0000   0.0000   0.0000   0.0000   1.8541   0.0000   0.0000   0.0000   0.0000
   0.0000   0.0000   0.0000   0.0000   0.0000   0.0000   0.0000   0.0000   0.0000   0.0000   1.8541   0.0000   0.0000   0.0000
   0.0000   0.0000   0.0000   0.0000   0.0000   0.0000   0.0000   0.0000   0.0000   0.0000   0.0000   1.8541   0.0000   0.0000
   0.0000   0.0000   0.0000   0.0000   0.0000   0.0000   0.0000   0.0000   0.0000   0.0000   0.0000   0.0000   1.8541   0.0000
   0.0000   0.0000   0.0000   0.0000   0.0000   0.0000   0.0000   0.0000   0.0000   0.0000   0.0000   0.0000   0.0000   1.8541
                  GET_EL0 takes  0 hours  0 minutes and    0.01 seconds (CPU).
                          takes  0 hours  0 minutes and    0.02 seconds (WALL).
 There are  4 blocks of bands, with band energy windows:
  -1.703  -1.588 |   -0.155   0.100 |    0.334   0.829 |    1.381   4.491 | 
 Band window indices:
         1      2 |          3      4 |          5      8 |          9     53 | 
 Band width
       0.115   |         0.256   |         0.495   |         3.109   |  
 Band gap
       1.433   |         0.234   |         0.552   |  
 CORRELATED BLOCK: EMIN/EMIX=    1.3812    2.2214
 CORRELATED BAND WIDTH=   0.840
         GUTZ_RED_PRJ_NEQ takes  0 hours  1 minutes and    2.89 seconds (CPU).
                          takes  0 hours  1 minutes and    2.89 seconds (WALL).
 NI=  1 DIM_PHIK=   41227 HL%DIM=  14913
       ID_PHIK_N=
      1      2      4     33    264   1639   6153  15546  27321  36714
  41228
       ID_PHIK_J=
      1      2      3      4      8      9     18     19     28     29
     33     37     73    122    171    220    245    254    263    264
    300    349    638    807   1168   1364   1533   1582   1631   1635
   1639   1739   2180   2964   3864   4705   5381   5781   6037   6118
   6143   6152   6153   6349   6710   8079   9448  11564  12933  14377
  14953  15353  15474  15538  15542  15546  15835  16796  18560  21060
  23176  24940  26165  26841  27165  27286  27311  27320  27321  27517
  27878  29247  30616  32732  34101  35545  36121  36521  36642  36706
  36710  36714  36814  37255  38039  38939  39780  40456  40856  41112
  41193  41218  41227  41228
          GUTZ_SET_PRJ_EQ takes  0 hours  0 minutes and    0.00 seconds (CPU).
                          takes  0 hours  0 minutes and    0.00 seconds (WALL).
************   WH%X  ************
    0.91861901    0.93015958
    1.74794076    1.87987346
************  RIN  ************
 NI=  1 NI_GLOBAL=  1
   0.9186   0.9186   0.9186   0.9186   0.9186   0.9186   0.9302   0.9302   0.9302   0.9302   0.9302   0.9302   0.9302   0.9302
************  LA1  ************
 NI=  1 NI_GLOBAL=  1
   1.7479   1.7479   1.7479   1.7479   1.7479   1.7479   1.8799   1.8799   1.8799   1.8799   1.8799   1.8799   1.8799   1.8799
             CALC_BAND_AL takes  0 hours  0 minutes and    0.48 seconds (CPU).
                          takes  0 hours  0 minutes and    0.23 seconds (WALL).
 ILOOP            1
 ILOOP            2
   FERMI ENERGY AT    1.77088989723519     
   SUM RULE OF TETRAHEDRON INTEGRATION CHECKED 
   number of occupied bands:          18
   highest energy:   1.77995244226314     
************  NK-  ************
 NI=  1 NI_GLOBAL=  1
   0.6812   0.6878   0.7638   0.7638   0.6878   0.6812   0.1458   0.1332   0.1409   0.1090   0.1090   0.1409   0.1332   0.1458
************  NNK  ************
 NI=  1 NI_GLOBAL=  1
   0.6812   0.0000   0.0000   0.0000  -0.0541   0.0000   0.0000   0.0375   0.0000   0.0000   0.0000  -0.0504   0.0000   0.0000
   0.0000   0.6878   0.0000   0.0000   0.0000  -0.0541   0.0000   0.0000  -0.0617   0.0000   0.0000   0.0000   0.0616   0.0000
   0.0000   0.0000   0.7638   0.0000   0.0000   0.0000   0.0000   0.0000   0.0000   0.0727   0.0000   0.0000   0.0000  -0.0518
   0.0000   0.0000   0.0000   0.7638   0.0000   0.0000   0.0518   0.0000   0.0000   0.0000  -0.0727   0.0000   0.0000   0.0000
  -0.0541   0.0000   0.0000   0.0000   0.6878   0.0000   0.0000  -0.0616   0.0000   0.0000   0.0000   0.0617   0.0000   0.0000
   0.0000  -0.0541   0.0000   0.0000   0.0000   0.6812   0.0000   0.0000   0.0504   0.0000   0.0000   0.0000  -0.0375   0.0000
   0.0000   0.0000   0.0000   0.0518   0.0000   0.0000   0.1458   0.0000   0.0000   0.0000  -0.0230   0.0000   0.0000   0.0000
   0.0375   0.0000   0.0000   0.0000  -0.0616   0.0000   0.0000   0.1332   0.0000   0.0000   0.0000  -0.0145   0.0000   0.0000
   0.0000  -0.0617   0.0000   0.0000   0.0000   0.0504   0.0000   0.0000   0.1409   0.0000   0.0000   0.0000  -0.0145   0.0000
   0.0000   0.0000   0.0727   0.0000   0.0000   0.0000   0.0000   0.0000   0.0000   0.1090   0.0000   0.0000   0.0000  -0.0230
   0.0000   0.0000   0.0000  -0.0727   0.0000   0.0000  -0.0230   0.0000   0.0000   0.0000   0.1090   0.0000   0.0000   0.0000
  -0.0504   0.0000   0.0000   0.0000   0.0617   0.0000   0.0000  -0.0145   0.0000   0.0000   0.0000   0.1409   0.0000   0.0000
   0.0000   0.0616   0.0000   0.0000   0.0000  -0.0375   0.0000   0.0000  -0.0145   0.0000   0.0000   0.0000   0.1332   0.0000
   0.0000   0.0000  -0.0518   0.0000   0.0000   0.0000   0.0000   0.0000   0.0000  -0.0230   0.0000   0.0000   0.0000   0.1458
************  NKS  ************
 NI=  1 NI_GLOBAL=  1
   0.7109   0.7109   0.7109   0.7109   0.7109   0.7109   0.1322   0.1322   0.1322   0.1322   0.1322   0.1322   0.1322   0.1322
 NELE_LOC TOTAL:
           5.3235698441364807
              CALC_DA_BND takes  0 hours  0 minutes and    0.12 seconds (CPU).
                          takes  0 hours  0 minutes and    0.08 seconds (WALL).
************  DA-  ************
 NI=  1 NI_GLOBAL=  1
  -0.0374  -0.0345  -0.0335  -0.0335  -0.0345  -0.0374  -0.0314  -0.0297  -0.0274  -0.0243  -0.0243  -0.0274  -0.0297  -0.0314
************  DAA  ************
 NI=  1 NI_GLOBAL=  1
  -0.0351  -0.0351  -0.0351  -0.0351  -0.0351  -0.0351  -0.0282  -0.0282  -0.0282  -0.0282  -0.0282  -0.0282  -0.0282  -0.0282
 NI=  1 VDC=    1.3603
************  LA2  ************
 NI=  1 NI_GLOBAL=  1
  -3.1745  -3.1745  -3.1745  -3.1745  -3.1745  -3.1745  -3.0720  -3.0720  -3.0720  -3.0720  -3.0720  -3.0720  -3.0720  -3.0720
 NI=  1 PHI-step gap=  0.16E+00
************  RAA  ************
 NI=  1 NI_GLOBAL=  1
   0.9186   0.9186   0.9186   0.9186   0.9186   0.9186   0.9302   0.9302   0.9302   0.9302   0.9302   0.9302   0.9302   0.9302
************  NC0  ************
 NI=  1 NI_GLOBAL=  1
   0.7110   0.7110   0.7110   0.7110   0.7110   0.7110   0.1323   0.1323   0.1323   0.1323   0.1323   0.1323   0.1323   0.1323
                  CALC_LC takes  0 hours  8 minutes and   47.85 seconds (CPU).
                          takes  0 hours  8 minutes and   47.72 seconds (WALL).
                GUTZ_FCN1 takes  0 hours  8 minutes and   48.57 seconds (CPU).
                          takes  0 hours  8 minutes and   48.09 seconds (WALL).
************  DIF_X  ************
   -0.000030460323    0.000054739222
    0.000036975055    0.000018698984
 ITER1=  1 MAXERR=    0.00005474
************   WH%X  ************
    0.91862478    0.93015579
    1.74789504    1.87982083
************  RIN  ************
 NI=  1 NI_GLOBAL=  1
   0.9186   0.9186   0.9186   0.9186   0.9186   0.9186   0.9302   0.9302   0.9302   0.9302   0.9302   0.9302   0.9302   0.9302
************  LA1  ************
 NI=  1 NI_GLOBAL=  1
   1.7479   1.7479   1.7479   1.7479   1.7479   1.7479   1.8798   1.8798   1.8798   1.8798   1.8798   1.8798   1.8798   1.8798
             CALC_BAND_AL takes  0 hours  0 minutes and    0.48 seconds (CPU).
                          takes  0 hours  0 minutes and    0.23 seconds (WALL).
 ILOOP            1
 ILOOP            2
   FERMI ENERGY AT    1.77084700200985     
   SUM RULE OF TETRAHEDRON INTEGRATION CHECKED 
   number of occupied bands:          18
   highest energy:   1.77991591702721     
************  NK-  ************
 NI=  1 NI_GLOBAL=  1
   0.6812   0.6878   0.7639   0.7639   0.6878   0.6812   0.1459   0.1332   0.1409   0.1090   0.1090   0.1409   0.1332   0.1459
************  NNK  ************
 NI=  1 NI_GLOBAL=  1
   0.6812   0.0000   0.0000   0.0000  -0.0541   0.0000   0.0000   0.0375   0.0000   0.0000   0.0000  -0.0504   0.0000   0.0000
   0.0000   0.6878   0.0000   0.0000   0.0000  -0.0541   0.0000   0.0000  -0.0617   0.0000   0.0000   0.0000   0.0616   0.0000
   0.0000   0.0000   0.7639   0.0000   0.0000   0.0000   0.0000   0.0000   0.0000   0.0727   0.0000   0.0000   0.0000  -0.0518
   0.0000   0.0000   0.0000   0.7639   0.0000   0.0000   0.0518   0.0000   0.0000   0.0000  -0.0727   0.0000   0.0000   0.0000
  -0.0541   0.0000   0.0000   0.0000   0.6878   0.0000   0.0000  -0.0616   0.0000   0.0000   0.0000   0.0617   0.0000   0.0000
   0.0000  -0.0541   0.0000   0.0000   0.0000   0.6812   0.0000   0.0000   0.0504   0.0000   0.0000   0.0000  -0.0375   0.0000
   0.0000   0.0000   0.0000   0.0518   0.0000   0.0000   0.1459   0.0000   0.0000   0.0000  -0.0230   0.0000   0.0000   0.0000
   0.0375   0.0000   0.0000   0.0000  -0.0616   0.0000   0.0000   0.1332   0.0000   0.0000   0.0000  -0.0145   0.0000   0.0000
   0.0000  -0.0617   0.0000   0.0000   0.0000   0.0504   0.0000   0.0000   0.1409   0.0000   0.0000   0.0000  -0.0145   0.0000
   0.0000   0.0000   0.0727   0.0000   0.0000   0.0000   0.0000   0.0000   0.0000   0.1090   0.0000   0.0000   0.0000  -0.0230
   0.0000   0.0000   0.0000  -0.0727   0.0000   0.0000  -0.0230   0.0000   0.0000   0.0000   0.1090   0.0000   0.0000   0.0000
  -0.0504   0.0000   0.0000   0.0000   0.0617   0.0000   0.0000  -0.0145   0.0000   0.0000   0.0000   0.1409   0.0000   0.0000
   0.0000   0.0616   0.0000   0.0000   0.0000  -0.0375   0.0000   0.0000  -0.0145   0.0000   0.0000   0.0000   0.1332   0.0000
   0.0000   0.0000  -0.0518   0.0000   0.0000   0.0000   0.0000   0.0000   0.0000  -0.0230   0.0000   0.0000   0.0000   0.1459
************  NKS  ************
 NI=  1 NI_GLOBAL=  1
   0.7110   0.7110   0.7110   0.7110   0.7110   0.7110   0.1323   0.1323   0.1323   0.1323   0.1323   0.1323   0.1323   0.1323
 NELE_LOC TOTAL:
           5.3238393828420918
              CALC_DA_BND takes  0 hours  0 minutes and    0.10 seconds (CPU).
                          takes  0 hours  0 minutes and    0.08 seconds (WALL).
************  DA-  ************
 NI=  1 NI_GLOBAL=  1
  -0.0374  -0.0345  -0.0335  -0.0335  -0.0345  -0.0374  -0.0314  -0.0297  -0.0274  -0.0243  -0.0243  -0.0274  -0.0297  -0.0314
************  DAA  ************
 NI=  1 NI_GLOBAL=  1
  -0.0351  -0.0351  -0.0351  -0.0351  -0.0351  -0.0351  -0.0282  -0.0282  -0.0282  -0.0282  -0.0282  -0.0282  -0.0282  -0.0282
 NI=  1 VDC=    1.3603
************  LA2  ************
 NI=  1 NI_GLOBAL=  1
  -3.1744  -3.1744  -3.1744  -3.1744  -3.1744  -3.1744  -3.0720  -3.0720  -3.0720  -3.0720  -3.0720  -3.0720  -3.0720  -3.0720
 NI=  1 PHI-step gap=  0.16E+00
************  RAA  ************
 NI=  1 NI_GLOBAL=  1
   0.9186   0.9186   0.9186   0.9186   0.9186   0.9186   0.9302   0.9302   0.9302   0.9302   0.9302   0.9302   0.9302   0.9302
************  NC0  ************
 NI=  1 NI_GLOBAL=  1
   0.7110   0.7110   0.7110   0.7110   0.7110   0.7110   0.1323   0.1323   0.1323   0.1323   0.1323   0.1323   0.1323   0.1323
                  CALC_LC takes  0 hours  9 minutes and   14.33 seconds (CPU).
                          takes  0 hours  9 minutes and   14.23 seconds (WALL).
                GUTZ_FCN1 takes  0 hours  9 minutes and   15.02 seconds (CPU).
                          takes  0 hours  9 minutes and   14.59 seconds (WALL).
************  DIF_X  ************
   -0.000000345835   -0.000000088726
   -0.000000583999   -0.000000955626
 ITER1=  2 MAXERR=    0.00000096
************   WH%X  ************
    0.91862401    0.93015870
    1.74789619    1.87982337
************  RIN  ************
 NI=  1 NI_GLOBAL=  1
   0.9186   0.9186   0.9186   0.9186   0.9186   0.9186   0.9302   0.9302   0.9302   0.9302   0.9302   0.9302   0.9302   0.9302
************  LA1  ************
 NI=  1 NI_GLOBAL=  1
   1.7479   1.7479   1.7479   1.7479   1.7479   1.7479   1.8798   1.8798   1.8798   1.8798   1.8798   1.8798   1.8798   1.8798
             CALC_BAND_AL takes  0 hours  0 minutes and    0.48 seconds (CPU).
                          takes  0 hours  0 minutes and    0.23 seconds (WALL).
 ILOOP            1
 ILOOP            2
   FERMI ENERGY AT    1.77084808051699     
   SUM RULE OF TETRAHEDRON INTEGRATION CHECKED 
   number of occupied bands:          18
   highest energy:   1.77991688521666     
************  NK-  ************
 NI=  1 NI_GLOBAL=  1
   0.6812   0.6878   0.7639   0.7639   0.6878   0.6812   0.1459   0.1332   0.1409   0.1090   0.1090   0.1409   0.1332   0.1459
************  NNK  ************
 NI=  1 NI_GLOBAL=  1
   0.6812   0.0000   0.0000   0.0000  -0.0541   0.0000   0.0000   0.0375   0.0000   0.0000   0.0000  -0.0504   0.0000   0.0000
   0.0000   0.6878   0.0000   0.0000   0.0000  -0.0541   0.0000   0.0000  -0.0617   0.0000   0.0000   0.0000   0.0616   0.0000
   0.0000   0.0000   0.7639   0.0000   0.0000   0.0000   0.0000   0.0000   0.0000   0.0727   0.0000   0.0000   0.0000  -0.0518
   0.0000   0.0000   0.0000   0.7639   0.0000   0.0000   0.0518   0.0000   0.0000   0.0000  -0.0727   0.0000   0.0000   0.0000
  -0.0541   0.0000   0.0000   0.0000   0.6878   0.0000   0.0000  -0.0616   0.0000   0.0000   0.0000   0.0617   0.0000   0.0000
   0.0000  -0.0541   0.0000   0.0000   0.0000   0.6812   0.0000   0.0000   0.0504   0.0000   0.0000   0.0000  -0.0375   0.0000
   0.0000   0.0000   0.0000   0.0518   0.0000   0.0000   0.1459   0.0000   0.0000   0.0000  -0.0230   0.0000   0.0000   0.0000
   0.0375   0.0000   0.0000   0.0000  -0.0616   0.0000   0.0000   0.1332   0.0000   0.0000   0.0000  -0.0145   0.0000   0.0000
   0.0000  -0.0617   0.0000   0.0000   0.0000   0.0504   0.0000   0.0000   0.1409   0.0000   0.0000   0.0000  -0.0145   0.0000
   0.0000   0.0000   0.0727   0.0000   0.0000   0.0000   0.0000   0.0000   0.0000   0.1090   0.0000   0.0000   0.0000  -0.0230
   0.0000   0.0000   0.0000  -0.0727   0.0000   0.0000  -0.0230   0.0000   0.0000   0.0000   0.1090   0.0000   0.0000   0.0000
  -0.0504   0.0000   0.0000   0.0000   0.0617   0.0000   0.0000  -0.0145   0.0000   0.0000   0.0000   0.1409   0.0000   0.0000
   0.0000   0.0616   0.0000   0.0000   0.0000  -0.0375   0.0000   0.0000  -0.0145   0.0000   0.0000   0.0000   0.1332   0.0000
   0.0000   0.0000  -0.0518   0.0000   0.0000   0.0000   0.0000   0.0000   0.0000  -0.0230   0.0000   0.0000   0.0000   0.1459
************  NKS  ************
 NI=  1 NI_GLOBAL=  1
   0.7110   0.7110   0.7110   0.7110   0.7110   0.7110   0.1323   0.1323   0.1323   0.1323   0.1323   0.1323   0.1323   0.1323
 NELE_LOC TOTAL:
           5.3238309505445347
              CALC_DA_BND takes  0 hours  0 minutes and    0.08 seconds (CPU).
                          takes  0 hours  0 minutes and    0.08 seconds (WALL).
************  DA-  ************
 NI=  1 NI_GLOBAL=  1
  -0.0374  -0.0345  -0.0335  -0.0335  -0.0345  -0.0374  -0.0314  -0.0297  -0.0274  -0.0243  -0.0243  -0.0274  -0.0297  -0.0314
************  DAA  ************
 NI=  1 NI_GLOBAL=  1
  -0.0351  -0.0351  -0.0351  -0.0351  -0.0351  -0.0351  -0.0282  -0.0282  -0.0282  -0.0282  -0.0282  -0.0282  -0.0282  -0.0282
 NI=  1 VDC=    1.3603
************  LA2  ************
 NI=  1 NI_GLOBAL=  1
  -3.1744  -3.1744  -3.1744  -3.1744  -3.1744  -3.1744  -3.0720  -3.0720  -3.0720  -3.0720  -3.0720  -3.0720  -3.0720  -3.0720
 NI=  1 PHI-step gap=  0.16E+00
************  RAA  ************
 NI=  1 NI_GLOBAL=  1
   0.9186   0.9186   0.9186   0.9186   0.9186   0.9186   0.9302   0.9302   0.9302   0.9302   0.9302   0.9302   0.9302   0.9302
************  NC0  ************
 NI=  1 NI_GLOBAL=  1
   0.7110   0.7110   0.7110   0.7110   0.7110   0.7110   0.1323   0.1323   0.1323   0.1323   0.1323   0.1323   0.1323   0.1323
                  CALC_LC takes  0 hours  8 minutes and   47.53 seconds (CPU).
                          takes  0 hours  8 minutes and   47.48 seconds (WALL).
                GUTZ_FCN1 takes  0 hours  8 minutes and   48.15 seconds (CPU).
                          takes  0 hours  8 minutes and   47.86 seconds (WALL).
************  DIF_X  ************
   -0.000000083114    0.000000083435
    0.000000039983    0.000000047255
 ITER1=  3 MAXERR=    0.00000008
************   WH%X  ************
    0.91862396    0.93015864
    1.74789613    1.87982326
************  RIN  ************
 NI=  1 NI_GLOBAL=  1
   0.9186   0.9186   0.9186   0.9186   0.9186   0.9186   0.9302   0.9302   0.9302   0.9302   0.9302   0.9302   0.9302   0.9302
************  LA1  ************
 NI=  1 NI_GLOBAL=  1
   1.7479   1.7479   1.7479   1.7479   1.7479   1.7479   1.8798   1.8798   1.8798   1.8798   1.8798   1.8798   1.8798   1.8798
             CALC_BAND_AL takes  0 hours  0 minutes and    0.48 seconds (CPU).
                          takes  0 hours  0 minutes and    0.23 seconds (WALL).
 ILOOP            1
 ILOOP            2
   FERMI ENERGY AT    1.77084802302638     
   SUM RULE OF TETRAHEDRON INTEGRATION CHECKED 
   number of occupied bands:          18
   highest energy:   1.77991683298264     
************  NK-  ************
 NI=  1 NI_GLOBAL=  1
   0.6812   0.6878   0.7639   0.7639   0.6878   0.6812   0.1459   0.1332   0.1409   0.1090   0.1090   0.1409   0.1332   0.1459
************  NNK  ************
 NI=  1 NI_GLOBAL=  1
   0.6812   0.0000   0.0000   0.0000  -0.0541   0.0000   0.0000   0.0375   0.0000   0.0000   0.0000  -0.0504   0.0000   0.0000
   0.0000   0.6878   0.0000   0.0000   0.0000  -0.0541   0.0000   0.0000  -0.0617   0.0000   0.0000   0.0000   0.0616   0.0000
   0.0000   0.0000   0.7639   0.0000   0.0000   0.0000   0.0000   0.0000   0.0000   0.0727   0.0000   0.0000   0.0000  -0.0518
   0.0000   0.0000   0.0000   0.7639   0.0000   0.0000   0.0518   0.0000   0.0000   0.0000  -0.0727   0.0000   0.0000   0.0000
  -0.0541   0.0000   0.0000   0.0000   0.6878   0.0000   0.0000  -0.0616   0.0000   0.0000   0.0000   0.0617   0.0000   0.0000
   0.0000  -0.0541   0.0000   0.0000   0.0000   0.6812   0.0000   0.0000   0.0504   0.0000   0.0000   0.0000  -0.0375   0.0000
   0.0000   0.0000   0.0000   0.0518   0.0000   0.0000   0.1459   0.0000   0.0000   0.0000  -0.0230   0.0000   0.0000   0.0000
   0.0375   0.0000   0.0000   0.0000  -0.0616   0.0000   0.0000   0.1332   0.0000   0.0000   0.0000  -0.0145   0.0000   0.0000
   0.0000  -0.0617   0.0000   0.0000   0.0000   0.0504   0.0000   0.0000   0.1409   0.0000   0.0000   0.0000  -0.0145   0.0000
   0.0000   0.0000   0.0727   0.0000   0.0000   0.0000   0.0000   0.0000   0.0000   0.1090   0.0000   0.0000   0.0000  -0.0230
   0.0000   0.0000   0.0000  -0.0727   0.0000   0.0000  -0.0230   0.0000   0.0000   0.0000   0.1090   0.0000   0.0000   0.0000
  -0.0504   0.0000   0.0000   0.0000   0.0617   0.0000   0.0000  -0.0145   0.0000   0.0000   0.0000   0.1409   0.0000   0.0000
   0.0000   0.0616   0.0000   0.0000   0.0000  -0.0375   0.0000   0.0000  -0.0145   0.0000   0.0000   0.0000   0.1332   0.0000
   0.0000   0.0000  -0.0518   0.0000   0.0000   0.0000   0.0000   0.0000   0.0000  -0.0230   0.0000   0.0000   0.0000   0.1459
************  NKS  ************
 NI=  1 NI_GLOBAL=  1
   0.7110   0.7110   0.7110   0.7110   0.7110   0.7110   0.1323   0.1323   0.1323   0.1323   0.1323   0.1323   0.1323   0.1323
 NELE_LOC TOTAL:
           5.3238313561629562
              CALC_DA_BND takes  0 hours  0 minutes and    0.08 seconds (CPU).
                          takes  0 hours  0 minutes and    0.08 seconds (WALL).
************  DA-  ************
 NI=  1 NI_GLOBAL=  1
  -0.0374  -0.0345  -0.0335  -0.0335  -0.0345  -0.0374  -0.0314  -0.0297  -0.0274  -0.0243  -0.0243  -0.0274  -0.0297  -0.0314
************  DAA  ************
 NI=  1 NI_GLOBAL=  1
  -0.0351  -0.0351  -0.0351  -0.0351  -0.0351  -0.0351  -0.0282  -0.0282  -0.0282  -0.0282  -0.0282  -0.0282  -0.0282  -0.0282
 NI=  1 VDC=    1.3603
************  LA2  ************
 NI=  1 NI_GLOBAL=  1
  -3.1744  -3.1744  -3.1744  -3.1744  -3.1744  -3.1744  -3.0720  -3.0720  -3.0720  -3.0720  -3.0720  -3.0720  -3.0720  -3.0720
 NI=  1 PHI-step gap=  0.16E+00
************  RAA  ************
 NI=  1 NI_GLOBAL=  1
   0.9186   0.9186   0.9186   0.9186   0.9186   0.9186   0.9302   0.9302   0.9302   0.9302   0.9302   0.9302   0.9302   0.9302
************  NC0  ************
 NI=  1 NI_GLOBAL=  1
   0.7110   0.7110   0.7110   0.7110   0.7110   0.7110   0.1323   0.1323   0.1323   0.1323   0.1323   0.1323   0.1323   0.1323
                  CALC_LC takes  0 hours  8 minutes and   47.50 seconds (CPU).
                          takes  0 hours  8 minutes and   47.44 seconds (WALL).
                GUTZ_FCN1 takes  0 hours  8 minutes and   48.13 seconds (CPU).
                          takes  0 hours  8 minutes and   47.81 seconds (WALL).
************  DIF_X  ************
   -0.000000003491    0.000000006214
    0.000000003300    0.000000001725
 ITER1=  4 MAXERR=    0.00000001
 NFJAC=   0
 SOLVE1 FINISHED WITH       4 ITERATIONS.
               GUTZ_SOLVE takes  0 hours 35 minutes and   39.87 seconds (CPU).
                          takes  0 hours 35 minutes and   38.36 seconds (WALL).
 MAX. NELF1 DIFF=    0.00256560
               CALC_PJRHO takes  0 hours  0 minutes and    0.48 seconds (CPU).
                          takes  0 hours  0 minutes and    0.38 seconds (WALL).
 NI=  1 SUM_PHY-SUM_KS=      0.00000003 WOULD BE RENORMALIZED
************  NC1  ************
 NI=  1 NI_GLOBAL=  1
   0.7049   0.7049   0.7049   0.7049   0.7049   0.7049   0.1368   0.1368   0.1368   0.1368   0.1368   0.1368   0.1368   0.1368
               CALC_NCPHY takes  0 hours  0 minutes and   50.30 seconds (CPU).
                          takes  0 hours  0 minutes and   50.19 seconds (WALL).
 GYZ%PJ%EGAMM:
    12.84044
 ENG%GAMM:    12.84044
 ENG%POT2:     3.29473
 EDCLA1(NI) ARRAY:
    -9.445
 EDCUJ(NI) ARRAY:
    -3.267
 EDCUJV(NI) ARRAY:
    -7.242
 EDC(NI) ARRAY:
   -12.712
 ENG%DBLC:   -12.71181
 ENG%DC1 :    -9.44509
 ENG%DC2 :    -3.26673
 ENG%DC2V:    -7.24178
 DC_E_STD_TO_E_V:    -3.97505
 ENG%BAND:    11.95491
 ENG%DL(DEEP LEVEL):    -1.34982
 ENG%TB=    12.08354
 ENG%TB-DC2=    15.35026
 NI=  1 OCC_CONFIG_WEIGHT:
        OCC= 0 WEIGHT=   0.00000
        OCC= 1 WEIGHT=   0.00000
        OCC= 2 WEIGHT=   0.00044
        OCC= 3 WEIGHT=   0.01407
        OCC= 4 WEIGHT=   0.14501
        OCC= 5 WEIGHT=   0.42837
        OCC= 6 WEIGHT=   0.33208
        OCC= 7 WEIGHT=   0.07404
        OCC= 8 WEIGHT=   0.00581
        OCC= 9 WEIGHT=   0.00018
                 CALC_RCW takes  0 hours  0 minutes and    0.00 seconds (CPU).
                          takes  0 hours  0 minutes and    0.00 seconds (WALL).
 NI=  1 J2=   26.6542
                 CALC_SLJ takes  0 hours  0 minutes and    0.00 seconds (CPU).
                          takes  0 hours  0 minutes and    0.00 seconds (WALL).
 NI=  1 ENTANGLEMENT ENTROPY=      6.4950
           CALC_ENTANGLES takes  0 hours  0 minutes and    1.12 seconds (CPU).
                          takes  0 hours  0 minutes and    1.00 seconds (WALL).
 CORRELATED SUBSPACE, SUM_FERWT=      8.0000000 SUM_KSWT=      8.0000000
 MAX OFF DIAGONAL KS.WT=    0.001566
 MAX/MIN R=    0.930159    0.918624
                CALC_KSWT takes  0 hours  0 minutes and    0.01 seconds (CPU).
                          takes  0 hours  0 minutes and    0.02 seconds (WALL).
                    TOTAL takes  0 hours 37 minutes and   36.29 seconds (CPU).
                          takes  0 hours 37 minutes and   33.83 seconds (WALL).
