******Program DMFT: Computes Gloc and Delta for Dynamical Mean Field Theory calculation ******
 CALCULATION WITH COMPLEX VECTORS
 CALCULATION WITH SOC VECTORS REQUIRED
 Running DMFT in mpi mode
  
 numkpt=         726
   0.00000   0.00000   0.00000   1.00000
   0.04762   0.04762   0.00000   4.00000
   0.09524   0.09524   0.00000   4.00000
   0.14286   0.14286   0.00000   4.00000
   0.19048   0.19048   0.00000   4.00000
   0.23810   0.23810   0.00000   4.00000
   0.28571   0.28571   0.00000   4.00000
   0.33333   0.33333   0.00000   4.00000
   0.38095   0.38095   0.00000   4.00000
   0.42857   0.42857   0.00000   4.00000
   0.47619   0.47619   0.00000   4.00000
   0.04762   0.00000   0.04762   8.00000
   0.09524   0.04762   0.04762  16.00000
   0.14286   0.09524   0.04762  16.00000
   0.19048   0.14286   0.04762  16.00000
   0.23810   0.19048   0.04762  16.00000
   0.28571   0.23810   0.04762  16.00000
   0.33333   0.28571   0.04762  16.00000
   0.38095   0.33333   0.04762  16.00000
   0.42857   0.38095   0.04762  16.00000
   0.47619   0.42857   0.04762  16.00000
   0.52381   0.47619   0.04762   8.00000
   0.09524   0.00000   0.09524   8.00000
   0.14286   0.04762   0.09524  16.00000
   0.19048   0.09524   0.09524  16.00000
   0.23810   0.14286   0.09524  16.00000
   0.28571   0.19048   0.09524  16.00000
   0.33333   0.23810   0.09524  16.00000
   0.38095   0.28571   0.09524  16.00000
   0.42857   0.33333   0.09524  16.00000
   0.47619   0.38095   0.09524  16.00000
   0.52381   0.42857   0.09524  16.00000
   1.04762   0.95238   0.09524   8.00000
   0.14286   0.00000   0.14286   8.00000
   0.19048   0.04762   0.14286  16.00000
   0.23810   0.09524   0.14286  16.00000
   0.28571   0.14286   0.14286  16.00000
   0.33333   0.19048   0.14286  16.00000
   0.38095   0.23810   0.14286  16.00000
   0.42857   0.28571   0.14286  16.00000
   0.47619   0.33333   0.14286  16.00000
   0.52381   0.38095   0.14286  16.00000
   0.57143   0.42857   0.14286   8.00000
   1.04762   0.90476   0.14286  16.00000
   0.19048   0.00000   0.19048   8.00000
   0.23810   0.04762   0.19048  16.00000
   0.28571   0.09524   0.19048  16.00000
   0.33333   0.14286   0.19048  16.00000
   0.38095   0.19048   0.19048  16.00000
   0.42857   0.23810   0.19048  16.00000
   0.47619   0.28571   0.19048  16.00000
   0.52381   0.33333   0.19048  16.00000
   0.57143   0.38095   0.19048  16.00000
   1.04762   0.85714   0.19048  16.00000
   1.09524   0.90476   0.19048   8.00000
   0.23810   0.00000   0.23810   8.00000
   0.28571   0.04762   0.23810  16.00000
   0.33333   0.09524   0.23810  16.00000
   0.38095   0.14286   0.23810  16.00000
   0.42857   0.19048   0.23810  16.00000
   0.47619   0.23810   0.23810  16.00000
   0.52381   0.28571   0.23810  16.00000
   0.57143   0.33333   0.23810  16.00000
   0.61905   0.38095   0.23810   8.00000
   1.04762   0.80952   0.23810  16.00000
   1.09524   0.85714   0.23810  16.00000
   0.28571   0.00000   0.28571   8.00000
   0.33333   0.04762   0.28571  16.00000
   0.38095   0.09524   0.28571  16.00000
   0.42857   0.14286   0.28571  16.00000
   0.47619   0.19048   0.28571  16.00000
   0.52381   0.23810   0.28571  16.00000
   0.57143   0.28571   0.28571  16.00000
   0.61905   0.33333   0.28571  16.00000
   1.04762   0.76190   0.28571  16.00000
   1.09524   0.80952   0.28571  16.00000
   1.14286   0.85714   0.28571   8.00000
   0.33333   0.00000   0.33333   8.00000
   0.38095   0.04762   0.33333  16.00000
   0.42857   0.09524   0.33333  16.00000
   0.47619   0.14286   0.33333  16.00000
   0.52381   0.19048   0.33333  16.00000
   0.57143   0.23810   0.33333  16.00000
   0.61905   0.28571   0.33333  16.00000
   0.66667   0.33333   0.33333   8.00000
   1.04762   0.71429   0.33333  16.00000
   1.09524   0.76190   0.33333  16.00000
   1.14286   0.80952   0.33333  16.00000
   0.38095   0.00000   0.38095   8.00000
   0.42857   0.04762   0.38095  16.00000
   0.47619   0.09524   0.38095  16.00000
   0.52381   0.14286   0.38095  16.00000
   0.57143   0.19048   0.38095  16.00000
   0.61905   0.23810   0.38095  16.00000
   0.66667   0.28571   0.38095  16.00000
   1.04762   0.66667   0.38095  16.00000
   1.09524   0.71429   0.38095  16.00000
   1.14286   0.76190   0.38095  16.00000
   1.19048   0.80952   0.38095   8.00000
   0.42857   0.00000   0.42857   8.00000
   0.47619   0.04762   0.42857  16.00000
   0.52381   0.09524   0.42857  16.00000
   0.57143   0.14286   0.42857  16.00000
   0.61905   0.19048   0.42857  16.00000
   0.66667   0.23810   0.42857  16.00000
   0.71429   0.28571   0.42857   8.00000
   1.04762   0.61905   0.42857  16.00000
   1.09524   0.66667   0.42857  16.00000
   1.14286   0.71429   0.42857  16.00000
   1.19048   0.76190   0.42857  16.00000
   0.47619   0.00000   0.47619   8.00000
   0.52381   0.04762   0.47619  16.00000
   0.57143   0.09524   0.47619  16.00000
   0.61905   0.14286   0.47619  16.00000
   0.66667   0.19048   0.47619  16.00000
   0.71429   0.23810   0.47619  16.00000
   1.04762   0.57143   0.47619  16.00000
   1.09524   0.61905   0.47619  16.00000
   1.14286   0.66667   0.47619  16.00000
   1.19048   0.71429   0.47619  16.00000
   1.23810   0.76190   0.47619   8.00000
   0.09524   0.09524   0.09524   8.00000
   0.14286   0.14286   0.09524   8.00000
   0.19048   0.19048   0.09524   8.00000
   0.23810   0.23810   0.09524   8.00000
   0.28571   0.28571   0.09524   8.00000
   0.33333   0.33333   0.09524   8.00000
   0.38095   0.38095   0.09524   8.00000
   0.42857   0.42857   0.09524   8.00000
   0.47619   0.47619   0.09524   8.00000
   1.00000   1.00000   0.09524   2.00000
   0.14286   0.09524   0.14286  16.00000
   0.19048   0.14286   0.14286  16.00000
   0.23810   0.19048   0.14286  16.00000
   0.28571   0.23810   0.14286  16.00000
   0.33333   0.28571   0.14286  16.00000
   0.38095   0.33333   0.14286  16.00000
   0.42857   0.38095   0.14286  16.00000
   0.47619   0.42857   0.14286  16.00000
   0.52381   0.47619   0.14286   8.00000
   1.00000   0.95238   0.14286   8.00000
   0.19048   0.09524   0.19048  16.00000
   0.23810   0.14286   0.19048  16.00000
   0.28571   0.19048   0.19048  16.00000
   0.33333   0.23810   0.19048  16.00000
   0.38095   0.28571   0.19048  16.00000
   0.42857   0.33333   0.19048  16.00000
   0.47619   0.38095   0.19048  16.00000
   0.52381   0.42857   0.19048  16.00000
   1.00000   0.90476   0.19048   8.00000
   1.04762   0.95238   0.19048   8.00000
   0.23810   0.09524   0.23810  16.00000
   0.28571   0.14286   0.23810  16.00000
   0.33333   0.19048   0.23810  16.00000
   0.38095   0.23810   0.23810  16.00000
   0.42857   0.28571   0.23810  16.00000
   0.47619   0.33333   0.23810  16.00000
   0.52381   0.38095   0.23810  16.00000
   0.57143   0.42857   0.23810   8.00000
   1.00000   0.85714   0.23810   8.00000
   1.04762   0.90476   0.23810  16.00000
   0.28571   0.09524   0.28571  16.00000
   0.33333   0.14286   0.28571  16.00000
   0.38095   0.19048   0.28571  16.00000
   0.42857   0.23810   0.28571  16.00000
   0.47619   0.28571   0.28571  16.00000
   0.52381   0.33333   0.28571  16.00000
   0.57143   0.38095   0.28571  16.00000
   1.00000   0.80952   0.28571   8.00000
   1.04762   0.85714   0.28571  16.00000
   1.09524   0.90476   0.28571   8.00000
   0.33333   0.09524   0.33333  16.00000
   0.38095   0.14286   0.33333  16.00000
   0.42857   0.19048   0.33333  16.00000
   0.47619   0.23810   0.33333  16.00000
   0.52381   0.28571   0.33333  16.00000
   0.57143   0.33333   0.33333  16.00000
   0.61905   0.38095   0.33333   8.00000
   1.00000   0.76190   0.33333   8.00000
   1.04762   0.80952   0.33333  16.00000
   1.09524   0.85714   0.33333  16.00000
   0.38095   0.09524   0.38095  16.00000
   0.42857   0.14286   0.38095  16.00000
   0.47619   0.19048   0.38095  16.00000
   0.52381   0.23810   0.38095  16.00000
   0.57143   0.28571   0.38095  16.00000
   0.61905   0.33333   0.38095  16.00000
   1.00000   0.71429   0.38095   8.00000
   1.04762   0.76190   0.38095  16.00000
   1.09524   0.80952   0.38095  16.00000
   1.14286   0.85714   0.38095   8.00000
   0.42857   0.09524   0.42857  16.00000
   0.47619   0.14286   0.42857  16.00000
   0.52381   0.19048   0.42857  16.00000
   0.57143   0.23810   0.42857  16.00000
   0.61905   0.28571   0.42857  16.00000
   0.66667   0.33333   0.42857   8.00000
   1.00000   0.66667   0.42857   8.00000
   1.04762   0.71429   0.42857  16.00000
   1.09524   0.76190   0.42857  16.00000
   1.14286   0.80952   0.42857  16.00000
   0.47619   0.09524   0.47619  16.00000
   0.52381   0.14286   0.47619  16.00000
   0.57143   0.19048   0.47619  16.00000
   0.61905   0.23810   0.47619  16.00000
   0.66667   0.28571   0.47619  16.00000
   1.00000   0.61905   0.47619   8.00000
   1.04762   0.66667   0.47619  16.00000
   1.09524   0.71429   0.47619  16.00000
   1.14286   0.76190   0.47619  16.00000
   1.19048   0.80952   0.47619   8.00000
   0.57143   0.14286   0.52381  16.00000
   0.61905   0.19048   0.52381  16.00000
   0.66667   0.23810   0.52381  16.00000
   0.71429   0.28571   0.52381   8.00000
   1.00000   0.57143   0.52381   8.00000
   1.04762   0.61905   0.52381  16.00000
   1.09524   0.66667   0.52381  16.00000
   1.14286   0.71429   0.52381  16.00000
   1.19048   0.76190   0.52381  16.00000
   0.61905   0.14286   0.57143  16.00000
   0.66667   0.19048   0.57143  16.00000
   0.71429   0.23810   0.57143  16.00000
   1.00000   0.52381   0.57143   8.00000
   1.04762   0.57143   0.57143  16.00000
   1.09524   0.61905   0.57143  16.00000
   1.14286   0.66667   0.57143  16.00000
   1.19048   0.71429   0.57143  16.00000
   1.23810   0.76190   0.57143   8.00000
   0.66667   0.14286   0.61905  16.00000
   0.71429   0.19048   0.61905  16.00000
   0.76190   0.23810   0.61905   8.00000
   1.00000   0.47619   0.61905   8.00000
   1.04762   0.52381   0.61905  16.00000
   1.09524   0.57143   0.61905  16.00000
   1.14286   0.61905   0.61905  16.00000
   1.19048   0.66667   0.61905  16.00000
   1.23810   0.71429   0.61905  16.00000
   0.71429   0.14286   0.66667  16.00000
   0.76190   0.19048   0.66667  16.00000
   1.00000   0.42857   0.66667   8.00000
   1.04762   0.47619   0.66667  16.00000
   1.09524   0.52381   0.66667  16.00000
   1.14286   0.57143   0.66667  16.00000
   1.19048   0.61905   0.66667  16.00000
   1.23810   0.66667   0.66667  16.00000
   1.28571   0.71429   0.66667   8.00000
   0.76190   0.14286   0.71429  16.00000
   0.80952   0.19048   0.71429   8.00000
   1.00000   0.38095   0.71429   8.00000
   1.04762   0.42857   0.71429  16.00000
   1.09524   0.47619   0.71429  16.00000
   1.14286   0.52381   0.71429  16.00000
   1.19048   0.57143   0.71429  16.00000
   1.23810   0.61905   0.71429  16.00000
   1.28571   0.66667   0.71429  16.00000
   0.80952   0.14286   0.76190  16.00000
   1.00000   0.33333   0.76190   8.00000
   1.04762   0.38095   0.76190  16.00000
   1.09524   0.42857   0.76190  16.00000
   1.14286   0.47619   0.76190  16.00000
   1.19048   0.52381   0.76190  16.00000
   1.23810   0.57143   0.76190  16.00000
   1.28571   0.61905   0.76190  16.00000
   1.33333   0.66667   0.76190   8.00000
   0.85714   0.14286   0.80952   8.00000
   1.00000   0.28571   0.80952   8.00000
   1.04762   0.33333   0.80952  16.00000
   1.09524   0.38095   0.80952  16.00000
   1.14286   0.42857   0.80952  16.00000
   1.19048   0.47619   0.80952  16.00000
   1.23810   0.52381   0.80952  16.00000
   1.28571   0.57143   0.80952  16.00000
   1.33333   0.61905   0.80952  16.00000
   1.00000   0.23810   0.85714   8.00000
   1.04762   0.28571   0.85714  16.00000
   1.09524   0.33333   0.85714  16.00000
   1.14286   0.38095   0.85714  16.00000
   1.19048   0.42857   0.85714  16.00000
   1.23810   0.47619   0.85714  16.00000
   1.28571   0.52381   0.85714  16.00000
   1.33333   0.57143   0.85714  16.00000
   1.38095   0.61905   0.85714   8.00000
   1.00000   0.19048   0.90476   8.00000
   1.04762   0.23810   0.90476  16.00000
   1.09524   0.28571   0.90476  16.00000
   1.14286   0.33333   0.90476  16.00000
   1.19048   0.38095   0.90476  16.00000
   1.23810   0.42857   0.90476  16.00000
   1.28571   0.47619   0.90476  16.00000
   1.33333   0.52381   0.90476  16.00000
   1.38095   0.57143   0.90476  16.00000
   1.00000   0.14286   0.95238   8.00000
   1.04762   0.19048   0.95238  16.00000
   1.09524   0.23810   0.95238  16.00000
   1.14286   0.28571   0.95238  16.00000
   1.19048   0.33333   0.95238  16.00000
   1.23810   0.38095   0.95238  16.00000
   1.28571   0.42857   0.95238  16.00000
   1.33333   0.47619   0.95238  16.00000
   1.38095   0.52381   0.95238  16.00000
   1.42857   0.57143   0.95238   8.00000
   1.00000   0.09524   1.00000   4.00000
   1.04762   0.14286   1.00000   8.00000
   1.09524   0.19048   1.00000   8.00000
   1.14286   0.23810   1.00000   8.00000
   1.19048   0.28571   1.00000   8.00000
   1.23810   0.33333   1.00000   8.00000
   1.28571   0.38095   1.00000   8.00000
   1.33333   0.42857   1.00000   8.00000
   1.38095   0.47619   1.00000   8.00000
   1.42857   0.52381   1.00000   8.00000
   0.19048   0.19048   0.19048   8.00000
   0.23810   0.23810   0.19048   8.00000
   0.28571   0.28571   0.19048   8.00000
   0.33333   0.33333   0.19048   8.00000
   0.38095   0.38095   0.19048   8.00000
   0.42857   0.42857   0.19048   8.00000
   0.47619   0.47619   0.19048   8.00000
   1.00000   1.00000   0.19048   2.00000
   0.23810   0.19048   0.23810  16.00000
   0.28571   0.23810   0.23810  16.00000
   0.33333   0.28571   0.23810  16.00000
   0.38095   0.33333   0.23810  16.00000
   0.42857   0.38095   0.23810  16.00000
   0.47619   0.42857   0.23810  16.00000
   0.52381   0.47619   0.23810   8.00000
   1.00000   0.95238   0.23810   8.00000
   0.28571   0.19048   0.28571  16.00000
   0.33333   0.23810   0.28571  16.00000
   0.38095   0.28571   0.28571  16.00000
   0.42857   0.33333   0.28571  16.00000
   0.47619   0.38095   0.28571  16.00000
   0.52381   0.42857   0.28571  16.00000
   1.00000   0.90476   0.28571   8.00000
   1.04762   0.95238   0.28571   8.00000
   0.33333   0.19048   0.33333  16.00000
   0.38095   0.23810   0.33333  16.00000
   0.42857   0.28571   0.33333  16.00000
   0.47619   0.33333   0.33333  16.00000
   0.52381   0.38095   0.33333  16.00000
   0.57143   0.42857   0.33333   8.00000
   1.00000   0.85714   0.33333   8.00000
   1.04762   0.90476   0.33333  16.00000
   0.38095   0.19048   0.38095  16.00000
   0.42857   0.23810   0.38095  16.00000
   0.47619   0.28571   0.38095  16.00000
   0.52381   0.33333   0.38095  16.00000
   0.57143   0.38095   0.38095  16.00000
   1.00000   0.80952   0.38095   8.00000
   1.04762   0.85714   0.38095  16.00000
   1.09524   0.90476   0.38095   8.00000
   0.42857   0.19048   0.42857  16.00000
   0.47619   0.23810   0.42857  16.00000
   0.52381   0.28571   0.42857  16.00000
   0.57143   0.33333   0.42857  16.00000
   0.61905   0.38095   0.42857   8.00000
   1.00000   0.76190   0.42857   8.00000
   1.04762   0.80952   0.42857  16.00000
   1.09524   0.85714   0.42857  16.00000
   0.47619   0.19048   0.47619  16.00000
   0.52381   0.23810   0.47619  16.00000
   0.57143   0.28571   0.47619  16.00000
   0.61905   0.33333   0.47619  16.00000
   1.00000   0.71429   0.47619   8.00000
   1.04762   0.76190   0.47619  16.00000
   1.09524   0.80952   0.47619  16.00000
   1.14286   0.85714   0.47619   8.00000
   0.57143   0.23810   0.52381  16.00000
   0.61905   0.28571   0.52381  16.00000
   0.66667   0.33333   0.52381   8.00000
   1.00000   0.66667   0.52381   8.00000
   1.04762   0.71429   0.52381  16.00000
   1.09524   0.76190   0.52381  16.00000
   1.14286   0.80952   0.52381  16.00000
   0.61905   0.23810   0.57143  16.00000
   0.66667   0.28571   0.57143  16.00000
   1.00000   0.61905   0.57143   8.00000
   1.04762   0.66667   0.57143  16.00000
   1.09524   0.71429   0.57143  16.00000
   1.14286   0.76190   0.57143  16.00000
   1.19048   0.80952   0.57143   8.00000
   0.66667   0.23810   0.61905  16.00000
   0.71429   0.28571   0.61905   8.00000
   1.00000   0.57143   0.61905   8.00000
   1.04762   0.61905   0.61905  16.00000
   1.09524   0.66667   0.61905  16.00000
   1.14286   0.71429   0.61905  16.00000
   1.19048   0.76190   0.61905  16.00000
   0.71429   0.23810   0.66667  16.00000
   1.00000   0.52381   0.66667   8.00000
   1.04762   0.57143   0.66667  16.00000
   1.09524   0.61905   0.66667  16.00000
   1.14286   0.66667   0.66667  16.00000
   1.19048   0.71429   0.66667  16.00000
   1.23810   0.76190   0.66667   8.00000
   0.76190   0.23810   0.71429   8.00000
   1.00000   0.47619   0.71429   8.00000
   1.04762   0.52381   0.71429  16.00000
   1.09524   0.57143   0.71429  16.00000
   1.14286   0.61905   0.71429  16.00000
   1.19048   0.66667   0.71429  16.00000
   1.23810   0.71429   0.71429  16.00000
   1.00000   0.42857   0.76190   8.00000
   1.04762   0.47619   0.76190  16.00000
   1.09524   0.52381   0.76190  16.00000
   1.14286   0.57143   0.76190  16.00000
   1.19048   0.61905   0.76190  16.00000
   1.23810   0.66667   0.76190  16.00000
   1.28571   0.71429   0.76190   8.00000
   1.00000   0.38095   0.80952   8.00000
   1.04762   0.42857   0.80952  16.00000
   1.09524   0.47619   0.80952  16.00000
   1.14286   0.52381   0.80952  16.00000
   1.19048   0.57143   0.80952  16.00000
   1.23810   0.61905   0.80952  16.00000
   1.28571   0.66667   0.80952  16.00000
   1.00000   0.33333   0.85714   8.00000
   1.04762   0.38095   0.85714  16.00000
   1.09524   0.42857   0.85714  16.00000
   1.14286   0.47619   0.85714  16.00000
   1.19048   0.52381   0.85714  16.00000
   1.23810   0.57143   0.85714  16.00000
   1.28571   0.61905   0.85714  16.00000
   1.33333   0.66667   0.85714   8.00000
   1.00000   0.28571   0.90476   8.00000
   1.04762   0.33333   0.90476  16.00000
   1.09524   0.38095   0.90476  16.00000
   1.14286   0.42857   0.90476  16.00000
   1.19048   0.47619   0.90476  16.00000
   1.23810   0.52381   0.90476  16.00000
   1.28571   0.57143   0.90476  16.00000
   1.33333   0.61905   0.90476  16.00000
   1.00000   0.23810   0.95238   8.00000
   1.04762   0.28571   0.95238  16.00000
   1.09524   0.33333   0.95238  16.00000
   1.14286   0.38095   0.95238  16.00000
   1.19048   0.42857   0.95238  16.00000
   1.23810   0.47619   0.95238  16.00000
   1.28571   0.52381   0.95238  16.00000
   1.33333   0.57143   0.95238  16.00000
   1.38095   0.61905   0.95238   8.00000
   1.00000   0.19048   1.00000   4.00000
   1.04762   0.23810   1.00000   8.00000
   1.09524   0.28571   1.00000   8.00000
   1.14286   0.33333   1.00000   8.00000
   1.19048   0.38095   1.00000   8.00000
   1.23810   0.42857   1.00000   8.00000
   1.28571   0.47619   1.00000   8.00000
   1.33333   0.52381   1.00000   8.00000
   1.38095   0.57143   1.00000   8.00000
   0.28571   0.28571   0.28571   8.00000
   0.33333   0.33333   0.28571   8.00000
   0.38095   0.38095   0.28571   8.00000
   0.42857   0.42857   0.28571   8.00000
   0.47619   0.47619   0.28571   8.00000
   1.00000   1.00000   0.28571   2.00000
   0.33333   0.28571   0.33333  16.00000
   0.38095   0.33333   0.33333  16.00000
   0.42857   0.38095   0.33333  16.00000
   0.47619   0.42857   0.33333  16.00000
   0.52381   0.47619   0.33333   8.00000
   1.00000   0.95238   0.33333   8.00000
   0.38095   0.28571   0.38095  16.00000
   0.42857   0.33333   0.38095  16.00000
   0.47619   0.38095   0.38095  16.00000
   0.52381   0.42857   0.38095  16.00000
   1.00000   0.90476   0.38095   8.00000
   1.04762   0.95238   0.38095   8.00000
   0.42857   0.28571   0.42857  16.00000
   0.47619   0.33333   0.42857  16.00000
   0.52381   0.38095   0.42857  16.00000
   0.57143   0.42857   0.42857   8.00000
   1.00000   0.85714   0.42857   8.00000
   1.04762   0.90476   0.42857  16.00000
   0.47619   0.28571   0.47619  16.00000
   0.52381   0.33333   0.47619  16.00000
   0.57143   0.38095   0.47619  16.00000
   1.00000   0.80952   0.47619   8.00000
   1.04762   0.85714   0.47619  16.00000
   1.09524   0.90476   0.47619   8.00000
   0.57143   0.33333   0.52381  16.00000
   0.61905   0.38095   0.52381   8.00000
   1.00000   0.76190   0.52381   8.00000
   1.04762   0.80952   0.52381  16.00000
   1.09524   0.85714   0.52381  16.00000
   0.61905   0.33333   0.57143  16.00000
   1.00000   0.71429   0.57143   8.00000
   1.04762   0.76190   0.57143  16.00000
   1.09524   0.80952   0.57143  16.00000
   1.14286   0.85714   0.57143   8.00000
   0.66667   0.33333   0.61905   8.00000
   1.00000   0.66667   0.61905   8.00000
   1.04762   0.71429   0.61905  16.00000
   1.09524   0.76190   0.61905  16.00000
   1.14286   0.80952   0.61905  16.00000
   1.00000   0.61905   0.66667   8.00000
   1.04762   0.66667   0.66667  16.00000
   1.09524   0.71429   0.66667  16.00000
   1.14286   0.76190   0.66667  16.00000
   1.19048   0.80952   0.66667   8.00000
   1.00000   0.57143   0.71429   8.00000
   1.04762   0.61905   0.71429  16.00000
   1.09524   0.66667   0.71429  16.00000
   1.14286   0.71429   0.71429  16.00000
   1.19048   0.76190   0.71429  16.00000
   1.00000   0.52381   0.76190   8.00000
   1.04762   0.57143   0.76190  16.00000
   1.09524   0.61905   0.76190  16.00000
   1.14286   0.66667   0.76190  16.00000
   1.19048   0.71429   0.76190  16.00000
   1.23810   0.76190   0.76190   8.00000
   1.00000   0.47619   0.80952   8.00000
   1.04762   0.52381   0.80952  16.00000
   1.09524   0.57143   0.80952  16.00000
   1.14286   0.61905   0.80952  16.00000
   1.19048   0.66667   0.80952  16.00000
   1.23810   0.71429   0.80952  16.00000
   1.00000   0.42857   0.85714   8.00000
   1.04762   0.47619   0.85714  16.00000
   1.09524   0.52381   0.85714  16.00000
   1.14286   0.57143   0.85714  16.00000
   1.19048   0.61905   0.85714  16.00000
   1.23810   0.66667   0.85714  16.00000
   1.28571   0.71429   0.85714   8.00000
   1.00000   0.38095   0.90476   8.00000
   1.04762   0.42857   0.90476  16.00000
   1.09524   0.47619   0.90476  16.00000
   1.14286   0.52381   0.90476  16.00000
   1.19048   0.57143   0.90476  16.00000
   1.23810   0.61905   0.90476  16.00000
   1.28571   0.66667   0.90476  16.00000
   1.00000   0.33333   0.95238   8.00000
   1.04762   0.38095   0.95238  16.00000
   1.09524   0.42857   0.95238  16.00000
   1.14286   0.47619   0.95238  16.00000
   1.19048   0.52381   0.95238  16.00000
   1.23810   0.57143   0.95238  16.00000
   1.28571   0.61905   0.95238  16.00000
   1.33333   0.66667   0.95238   8.00000
   1.00000   0.28571   1.00000   4.00000
   1.04762   0.33333   1.00000   8.00000
   1.09524   0.38095   1.00000   8.00000
   1.14286   0.42857   1.00000   8.00000
   1.19048   0.47619   1.00000   8.00000
   1.23810   0.52381   1.00000   8.00000
   1.28571   0.57143   1.00000   8.00000
   1.33333   0.61905   1.00000   8.00000
   0.38095   0.38095   0.38095   8.00000
   0.42857   0.42857   0.38095   8.00000
   0.47619   0.47619   0.38095   8.00000
   1.00000   1.00000   0.38095   2.00000
   0.42857   0.38095   0.42857  16.00000
   0.47619   0.42857   0.42857  16.00000
   0.52381   0.47619   0.42857   8.00000
   1.00000   0.95238   0.42857   8.00000
   0.47619   0.38095   0.47619  16.00000
   0.52381   0.42857   0.47619  16.00000
   1.00000   0.90476   0.47619   8.00000
   1.04762   0.95238   0.47619   8.00000
   0.57143   0.42857   0.52381   8.00000
   1.00000   0.85714   0.52381   8.00000
   1.04762   0.90476   0.52381  16.00000
   1.00000   0.80952   0.57143   8.00000
   1.04762   0.85714   0.57143  16.00000
   1.09524   0.90476   0.57143   8.00000
   1.00000   0.76190   0.61905   8.00000
   1.04762   0.80952   0.61905  16.00000
   1.09524   0.85714   0.61905  16.00000
   1.00000   0.71429   0.66667   8.00000
   1.04762   0.76190   0.66667  16.00000
   1.09524   0.80952   0.66667  16.00000
   1.14286   0.85714   0.66667   8.00000
   1.00000   0.66667   0.71429   8.00000
   1.04762   0.71429   0.71429  16.00000
   1.09524   0.76190   0.71429  16.00000
   1.14286   0.80952   0.71429  16.00000
   1.00000   0.61905   0.76190   8.00000
   1.04762   0.66667   0.76190  16.00000
   1.09524   0.71429   0.76190  16.00000
   1.14286   0.76190   0.76190  16.00000
   1.19048   0.80952   0.76190   8.00000
   1.00000   0.57143   0.80952   8.00000
   1.04762   0.61905   0.80952  16.00000
   1.09524   0.66667   0.80952  16.00000
   1.14286   0.71429   0.80952  16.00000
   1.19048   0.76190   0.80952  16.00000
   1.00000   0.52381   0.85714   8.00000
   1.04762   0.57143   0.85714  16.00000
   1.09524   0.61905   0.85714  16.00000
   1.14286   0.66667   0.85714  16.00000
   1.19048   0.71429   0.85714  16.00000
   1.23810   0.76190   0.85714   8.00000
   1.00000   0.47619   0.90476   8.00000
   1.04762   0.52381   0.90476  16.00000
   1.09524   0.57143   0.90476  16.00000
   1.14286   0.61905   0.90476  16.00000
   1.19048   0.66667   0.90476  16.00000
   1.23810   0.71429   0.90476  16.00000
   1.00000   0.42857   0.95238   8.00000
   1.04762   0.47619   0.95238  16.00000
   1.09524   0.52381   0.95238  16.00000
   1.14286   0.57143   0.95238  16.00000
   1.19048   0.61905   0.95238  16.00000
   1.23810   0.66667   0.95238  16.00000
   1.28571   0.71429   0.95238   8.00000
   1.00000   0.38095   1.00000   4.00000
   1.04762   0.42857   1.00000   8.00000
   1.09524   0.47619   1.00000   8.00000
   1.14286   0.52381   1.00000   8.00000
   1.19048   0.57143   1.00000   8.00000
   1.23810   0.61905   1.00000   8.00000
   1.28571   0.66667   1.00000   8.00000
   0.47619   0.47619   0.47619   8.00000
   1.00000   1.00000   0.47619   2.00000
   1.00000   0.95238   0.52381   8.00000
   1.00000   0.90476   0.57143   8.00000
   1.04762   0.95238   0.57143   8.00000
   1.00000   0.85714   0.61905   8.00000
   1.04762   0.90476   0.61905  16.00000
   1.00000   0.80952   0.66667   8.00000
   1.04762   0.85714   0.66667  16.00000
   1.09524   0.90476   0.66667   8.00000
   1.00000   0.76190   0.71429   8.00000
   1.04762   0.80952   0.71429  16.00000
   1.09524   0.85714   0.71429  16.00000
   1.00000   0.71429   0.76190   8.00000
   1.04762   0.76190   0.76190  16.00000
   1.09524   0.80952   0.76190  16.00000
   1.14286   0.85714   0.76190   8.00000
   1.00000   0.66667   0.80952   8.00000
   1.04762   0.71429   0.80952  16.00000
   1.09524   0.76190   0.80952  16.00000
   1.14286   0.80952   0.80952  16.00000
   1.00000   0.61905   0.85714   8.00000
   1.04762   0.66667   0.85714  16.00000
   1.09524   0.71429   0.85714  16.00000
   1.14286   0.76190   0.85714  16.00000
   1.19048   0.80952   0.85714   8.00000
   1.00000   0.57143   0.90476   8.00000
   1.04762   0.61905   0.90476  16.00000
   1.09524   0.66667   0.90476  16.00000
   1.14286   0.71429   0.90476  16.00000
   1.19048   0.76190   0.90476  16.00000
   1.00000   0.52381   0.95238   8.00000
   1.04762   0.57143   0.95238  16.00000
   1.09524   0.61905   0.95238  16.00000
   1.14286   0.66667   0.95238  16.00000
   1.19048   0.71429   0.95238  16.00000
   1.23810   0.76190   0.95238   8.00000
   1.00000   0.47619   1.00000   4.00000
   1.04762   0.52381   1.00000   8.00000
   1.09524   0.57143   1.00000   8.00000
   1.14286   0.61905   1.00000   8.00000
   1.19048   0.66667   1.00000   8.00000
   1.23810   0.71429   1.00000   8.00000
   1.00000   1.00000   0.57143   2.00000
   1.00000   0.95238   0.61905   8.00000
   1.00000   0.90476   0.66667   8.00000
   1.04762   0.95238   0.66667   8.00000
   1.00000   0.85714   0.71429   8.00000
   1.04762   0.90476   0.71429  16.00000
   1.00000   0.80952   0.76190   8.00000
   1.04762   0.85714   0.76190  16.00000
   1.09524   0.90476   0.76190   8.00000
   1.00000   0.76190   0.80952   8.00000
   1.04762   0.80952   0.80952  16.00000
   1.09524   0.85714   0.80952  16.00000
   1.00000   0.71429   0.85714   8.00000
   1.04762   0.76190   0.85714  16.00000
   1.09524   0.80952   0.85714  16.00000
   1.14286   0.85714   0.85714   8.00000
   1.00000   0.66667   0.90476   8.00000
   1.04762   0.71429   0.90476  16.00000
   1.09524   0.76190   0.90476  16.00000
   1.14286   0.80952   0.90476  16.00000
   1.00000   0.61905   0.95238   8.00000
   1.04762   0.66667   0.95238  16.00000
   1.09524   0.71429   0.95238  16.00000
   1.14286   0.76190   0.95238  16.00000
   1.19048   0.80952   0.95238   8.00000
   1.00000   0.57143   1.00000   4.00000
   1.04762   0.61905   1.00000   8.00000
   1.09524   0.66667   1.00000   8.00000
   1.14286   0.71429   1.00000   8.00000
   1.19048   0.76190   1.00000   8.00000
   1.00000   1.00000   0.66667   2.00000
   1.00000   0.95238   0.71429   8.00000
   1.00000   0.90476   0.76190   8.00000
   1.04762   0.95238   0.76190   8.00000
   1.00000   0.85714   0.80952   8.00000
   1.04762   0.90476   0.80952  16.00000
   1.00000   0.80952   0.85714   8.00000
   1.04762   0.85714   0.85714  16.00000
   1.09524   0.90476   0.85714   8.00000
   1.00000   0.76190   0.90476   8.00000
   1.04762   0.80952   0.90476  16.00000
   1.09524   0.85714   0.90476  16.00000
   1.00000   0.71429   0.95238   8.00000
   1.04762   0.76190   0.95238  16.00000
   1.09524   0.80952   0.95238  16.00000
   1.14286   0.85714   0.95238   8.00000
   1.00000   0.66667   1.00000   4.00000
   1.04762   0.71429   1.00000   8.00000
   1.09524   0.76190   1.00000   8.00000
   1.14286   0.80952   1.00000   8.00000
   1.00000   1.00000   0.76190   2.00000
   1.00000   0.95238   0.80952   8.00000
   1.00000   0.90476   0.85714   8.00000
   1.04762   0.95238   0.85714   8.00000
   1.00000   0.85714   0.90476   8.00000
   1.04762   0.90476   0.90476  16.00000
   1.00000   0.80952   0.95238   8.00000
   1.04762   0.85714   0.95238  16.00000
   1.09524   0.90476   0.95238   8.00000
   1.00000   0.76190   1.00000   4.00000
   1.04762   0.80952   1.00000   8.00000
   1.09524   0.85714   1.00000   8.00000
   1.00000   1.00000   0.85714   2.00000
   1.00000   0.95238   0.90476   8.00000
   1.00000   0.90476   0.95238   8.00000
   1.04762   0.95238   0.95238   8.00000
   1.00000   0.85714   1.00000   4.00000
   1.04762   0.90476   1.00000   8.00000
   1.00000   1.00000   0.95238   2.00000
   1.00000   0.95238   1.00000   4.00000




                              --------------------------------------------------
                                 S T R U C T U R A L   I N F O R M A T I O N
                              --------------------------------------------------


   SUBSTANCE                    = tetragonal body-centered  (delta')                                              

   LATTICE                      = B   
   LATTICE CONSTANTS ARE        =    6.7617290   6.7617290   9.0034880
   NUMBER OF ATOMS IN UNITCELL  =   1
   MODE OF CALCULATION IS       = RELA
 IORD=          16
 FNAMES=
 ./deltaprime_Pu_16.vectorso_1                                                  
                                                                                
                                           
 ./deltaprime_Pu_16.vectorsodn_1                                                
                                                                                
                                           
 deltaprime_Pu_16.energyso_1                                                    
                                                                                
                                           
 deltaprime_Pu_16.energysodn_1                                                  
                                                                                
                                           
  BR1,  BR2
   0.92923   0.00000   0.00000      0.00000   0.92923   0.92923
   0.00000   0.92923   0.00000      0.92923   0.00000   0.92923
   0.00000   0.00000   0.69786      0.69786   0.69786   0.00000
 projector corrected--must be 1,2, or 3! Now projector= 2
 Energy window:   -0.4410 < E <      0.441
 Projected density of states calculation for  1 atoms
--------- atom  1 -------------
l=  3  qsplit=  4
 Symmetrization over eq. k-points is performed
 ********** Start Reading Cix file *************
  Correlated block number           1
  Correlated index=
  1  0  0  0  0  0  0  0  0  0  0  0  0  0
  0  1  0  0  0  0  0  0  0  0  0  0  0  0
  0  0  1  0  0  0  0  0  0  0  0  0  0  0
  0  0  0  1  0  0  0  0  0  0  0  0  0  0
  0  0  0  0  1  0  0  0  0  0  0  0  0  0
  0  0  0  0  0  1  0  0  0  0  0  0  0  0
  0  0  0  0  0  0  2  0  0  0  0  0  0  0
  0  0  0  0  0  0  0  2  0  0  0  0  0  0
  0  0  0  0  0  0  0  0  2  0  0  0  0  0
  0  0  0  0  0  0  0  0  0  2  0  0  0  0
  0  0  0  0  0  0  0  0  0  0  2  0  0  0
  0  0  0  0  0  0  0  0  0  0  0  2  0  0
  0  0  0  0  0  0  0  0  0  0  0  0  2  0
  0  0  0  0  0  0  0  0  0  0  0  0  0  2
  Real part of unitary matrix=
  0.9258  0.0000  0.0000  0.0000  0.0000  0.0000  0.0000  0.0000 -0.3780  0.0000  0.0000  0.0000  0.0000  0.0000
  0.0000  0.8452  0.0000  0.0000  0.0000  0.0000  0.0000  0.0000  0.0000 -0.5345  0.0000  0.0000  0.0000  0.0000
  0.0000  0.0000  0.7559  0.0000  0.0000  0.0000  0.0000  0.0000  0.0000  0.0000 -0.6547  0.0000  0.0000  0.0000
  0.0000  0.0000  0.0000  0.6547  0.0000  0.0000  0.0000  0.0000  0.0000  0.0000  0.0000 -0.7559  0.0000  0.0000
  0.0000  0.0000  0.0000  0.0000  0.5345  0.0000  0.0000  0.0000  0.0000  0.0000  0.0000  0.0000 -0.8452  0.0000
  0.0000  0.0000  0.0000  0.0000  0.0000  0.3780  0.0000  0.0000  0.0000  0.0000  0.0000  0.0000  0.0000 -0.9258
  0.0000  0.0000  0.0000  0.0000  0.0000  0.0000  0.0000  1.0000  0.0000  0.0000  0.0000  0.0000  0.0000  0.0000
  0.3780  0.0000  0.0000  0.0000  0.0000  0.0000  0.0000  0.0000  0.9258  0.0000  0.0000  0.0000  0.0000  0.0000
  0.0000  0.5345  0.0000  0.0000  0.0000  0.0000  0.0000  0.0000  0.0000  0.8452  0.0000  0.0000  0.0000  0.0000
  0.0000  0.0000  0.6547  0.0000  0.0000  0.0000  0.0000  0.0000  0.0000  0.0000  0.7559  0.0000  0.0000  0.0000
  0.0000  0.0000  0.0000  0.7559  0.0000  0.0000  0.0000  0.0000  0.0000  0.0000  0.0000  0.6547  0.0000  0.0000
  0.0000  0.0000  0.0000  0.0000  0.8452  0.0000  0.0000  0.0000  0.0000  0.0000  0.0000  0.0000  0.5345  0.0000
  0.0000  0.0000  0.0000  0.0000  0.0000  0.9258  0.0000  0.0000  0.0000  0.0000  0.0000  0.0000  0.0000  0.3780
  0.0000  0.0000  0.0000  0.0000  0.0000  0.0000  1.0000  0.0000  0.0000  0.0000  0.0000  0.0000  0.0000  0.0000
  Imaginary part of unitary matrix=
  0.0000  0.0000  0.0000  0.0000  0.0000  0.0000  0.0000  0.0000  0.0000  0.0000  0.0000  0.0000  0.0000  0.0000
  0.0000  0.0000  0.0000  0.0000  0.0000  0.0000  0.0000  0.0000  0.0000  0.0000  0.0000  0.0000  0.0000  0.0000
  0.0000  0.0000  0.0000  0.0000  0.0000  0.0000  0.0000  0.0000  0.0000  0.0000  0.0000  0.0000  0.0000  0.0000
  0.0000  0.0000  0.0000  0.0000  0.0000  0.0000  0.0000  0.0000  0.0000  0.0000  0.0000  0.0000  0.0000  0.0000
  0.0000  0.0000  0.0000  0.0000  0.0000  0.0000  0.0000  0.0000  0.0000  0.0000  0.0000  0.0000  0.0000  0.0000
  0.0000  0.0000  0.0000  0.0000  0.0000  0.0000  0.0000  0.0000  0.0000  0.0000  0.0000  0.0000  0.0000  0.0000
  0.0000  0.0000  0.0000  0.0000  0.0000  0.0000  0.0000  0.0000  0.0000  0.0000  0.0000  0.0000  0.0000  0.0000
  0.0000  0.0000  0.0000  0.0000  0.0000  0.0000  0.0000  0.0000  0.0000  0.0000  0.0000  0.0000  0.0000  0.0000
  0.0000  0.0000  0.0000  0.0000  0.0000  0.0000  0.0000  0.0000  0.0000  0.0000  0.0000  0.0000  0.0000  0.0000
  0.0000  0.0000  0.0000  0.0000  0.0000  0.0000  0.0000  0.0000  0.0000  0.0000  0.0000  0.0000  0.0000  0.0000
  0.0000  0.0000  0.0000  0.0000  0.0000  0.0000  0.0000  0.0000  0.0000  0.0000  0.0000  0.0000  0.0000  0.0000
  0.0000  0.0000  0.0000  0.0000  0.0000  0.0000  0.0000  0.0000  0.0000  0.0000  0.0000  0.0000  0.0000  0.0000
  0.0000  0.0000  0.0000  0.0000  0.0000  0.0000  0.0000  0.0000  0.0000  0.0000  0.0000  0.0000  0.0000  0.0000
  0.0000  0.0000  0.0000  0.0000  0.0000  0.0000  0.0000  0.0000  0.0000  0.0000  0.0000  0.0000  0.0000  0.0000
  At least one transformation matrix is not Identity
 Magnetic system with s-o coupling; M theta, phi:  0.0000  0.0000
 Inside ROTDEF
Operation  1 transforms atom   1 from first atom   1
Actual position of atom  1 is:  0.000000    0.000000    0.000000
 
Combined transformation (acting on k-point) for correlated atoms
including users rotation and internal local rotation
catom  1 atom   1
   0.92923   0.00000   0.00000
   0.00000  -0.92923   0.00000
   0.00000   0.00000  -0.69786
 
 
 SPIN COORD SYSTEM:
    1.000000    0.000000    0.000000
    0.000000    1.000000    0.000000
    0.000000    0.000000    1.000000
 
 in global cartezian coordinates:
    1.000000    0.000000    0.000000
    0.000000   -1.000000    0.000000
    0.000000    0.000000   -1.000000
 ____________________________
 in spin coordinates:
    1.000000    0.000000    0.000000
    0.000000   -1.000000    0.000000
    0.000000    0.000000   -1.000000
           1   3.14159265358979       -1.00000000000000     
 
 in global cartezian coordinates:
    0.000000    1.000000    0.000000
   -1.000000    0.000000    0.000000
    0.000000    0.000000   -1.000000
 ____________________________
 in spin coordinates:
    0.000000    1.000000    0.000000
   -1.000000    0.000000    0.000000
    0.000000    0.000000   -1.000000
           2   1.57079632679490        1.00000000000000     
 
 in global cartezian coordinates:
   -1.000000    0.000000    0.000000
    0.000000   -1.000000    0.000000
    0.000000    0.000000   -1.000000
 ____________________________
 in spin coordinates:
   -1.000000    0.000000    0.000000
    0.000000   -1.000000    0.000000
    0.000000    0.000000   -1.000000
           3  0.000000000000000E+000   1.00000000000000     
 
 in global cartezian coordinates:
    0.000000    1.000000    0.000000
    1.000000    0.000000    0.000000
    0.000000    0.000000   -1.000000
 ____________________________
 in spin coordinates:
    0.000000    1.000000    0.000000
    1.000000    0.000000    0.000000
    0.000000    0.000000   -1.000000
           4   1.57079632679490       -1.00000000000000     
 
 in global cartezian coordinates:
    0.000000   -1.000000    0.000000
   -1.000000    0.000000    0.000000
    0.000000    0.000000   -1.000000
 ____________________________
 in spin coordinates:
    0.000000   -1.000000    0.000000
   -1.000000    0.000000    0.000000
    0.000000    0.000000   -1.000000
           5   4.71238898038469       -1.00000000000000     
 
 in global cartezian coordinates:
    1.000000    0.000000    0.000000
    0.000000    1.000000    0.000000
    0.000000    0.000000   -1.000000
 ____________________________
 in spin coordinates:
    1.000000    0.000000    0.000000
    0.000000    1.000000    0.000000
    0.000000    0.000000   -1.000000
           6   3.14159274101257        1.00000000000000     
 
 in global cartezian coordinates:
    1.000000    0.000000    0.000000
    0.000000   -1.000000    0.000000
    0.000000    0.000000    1.000000
 ____________________________
 in spin coordinates:
    1.000000    0.000000    0.000000
    0.000000   -1.000000    0.000000
    0.000000    0.000000    1.000000
           7   6.28318539460237       -1.00000000000000     
 
 in global cartezian coordinates:
    0.000000    1.000000    0.000000
   -1.000000    0.000000    0.000000
    0.000000    0.000000    1.000000
 ____________________________
 in spin coordinates:
    0.000000    1.000000    0.000000
   -1.000000    0.000000    0.000000
    0.000000    0.000000    1.000000
           8  -1.57079632679490        1.00000000000000     
 
 in global cartezian coordinates:
    0.000000   -1.000000    0.000000
    1.000000    0.000000    0.000000
    0.000000    0.000000   -1.000000
 ____________________________
 in spin coordinates:
    0.000000   -1.000000    0.000000
    1.000000    0.000000    0.000000
    0.000000    0.000000   -1.000000
           9  -1.57079632679490        1.00000000000000     
 
 in global cartezian coordinates:
   -1.000000    0.000000    0.000000
    0.000000    1.000000    0.000000
    0.000000    0.000000   -1.000000
 ____________________________
 in spin coordinates:
   -1.000000    0.000000    0.000000
    0.000000    1.000000    0.000000
    0.000000    0.000000   -1.000000
          10   6.28318539460237       -1.00000000000000     
 
 in global cartezian coordinates:
   -1.000000    0.000000    0.000000
    0.000000   -1.000000    0.000000
    0.000000    0.000000    1.000000
 ____________________________
 in spin coordinates:
   -1.000000    0.000000    0.000000
    0.000000   -1.000000    0.000000
    0.000000    0.000000    1.000000
          11   3.14159274101257        1.00000000000000     
 
 in global cartezian coordinates:
    0.000000    1.000000    0.000000
    1.000000    0.000000    0.000000
    0.000000    0.000000    1.000000
 ____________________________
 in spin coordinates:
    0.000000    1.000000    0.000000
    1.000000    0.000000    0.000000
    0.000000    0.000000    1.000000
          12   4.71238898038469       -1.00000000000000     
 
 in global cartezian coordinates:
    0.000000   -1.000000    0.000000
   -1.000000    0.000000    0.000000
    0.000000    0.000000    1.000000
 ____________________________
 in spin coordinates:
    0.000000   -1.000000    0.000000
   -1.000000    0.000000    0.000000
    0.000000    0.000000    1.000000
          13   1.57079632679490       -1.00000000000000     
 
 in global cartezian coordinates:
    1.000000    0.000000    0.000000
    0.000000    1.000000    0.000000
    0.000000    0.000000    1.000000
 ____________________________
 in spin coordinates:
    1.000000    0.000000    0.000000
    0.000000    1.000000    0.000000
    0.000000    0.000000    1.000000
          14  0.000000000000000E+000   1.00000000000000     
 
 in global cartezian coordinates:
    0.000000   -1.000000    0.000000
    1.000000    0.000000    0.000000
    0.000000    0.000000    1.000000
 ____________________________
 in spin coordinates:
    0.000000   -1.000000    0.000000
    1.000000    0.000000    0.000000
    0.000000    0.000000    1.000000
          15   1.57079632679490        1.00000000000000     
 
 in global cartezian coordinates:
   -1.000000    0.000000    0.000000
    0.000000    1.000000    0.000000
    0.000000    0.000000    1.000000
 ____________________________
 in spin coordinates:
   -1.000000    0.000000    0.000000
    0.000000    1.000000    0.000000
    0.000000    0.000000    1.000000
          16   3.14159265358979       -1.00000000000000     
 
 FNAME=
 deltaprime_Pu_16.energyso_1                                                    
                                                                                
                                                     60
 FNAME=
 deltaprime_Pu_16.energysodn_1                                                  
                                                                                
                                                     59
 BZ-integration with TETRA-program.   icor=: 1
 Equal occupancy of degenerate states, tol=: 0.1E-05
 call eord...
 call dos...
 ILOOP            1
 ILOOP            2
   FERMI ENERGY AT   0.931348118390605     
 RESULT OF INTEGRATION:      15.999999999533; SHOULD BE:      15.999999999900
   SUM RULE OF TETRAHEDRON INTEGRATION CHECKED 
 call eweigh...
   number of occupied bands:          18
   highest energy:  0.936970149158108     
 FERMI-LDA=   0.931 Ryd,  12.672 eV.
 ABSOLUTE EMIN=   0.490 Ryd.   6.672 eV.
 ABSOLUTE EMAX=   1.372 Ryd.  18.672 eV.


:NLDA  : NUMBER OF ELECTRONS          =  16.000

:FLDA  : F E R M I - ENERGY           =   0.93135
 
 ********** Information about the atomic index arrays ************
 iatom=           1
 isort=           1
 csort=           1
 maxucase=           1
icase, iucase, jatom, latom=     1     1     1     1
 
 *****  Arrays for correlated blocks ******
 norbitals=           1
 maxdim2=          14
iorbital( 1, 1)=   1
cix( 1, 1)=   1
icase,lcase,icix,iorb,nind1,ip1,iSx=    1    1    1    1   14    1    1
icase,lcase,icix,iorb,nind1,ip1,iSx=    1    1    1    1   14    2    2
icase,lcase,icix,iorb,nind1,ip1,iSx=    1    1    1    1   14    3    3
icase,lcase,icix,iorb,nind1,ip1,iSx=    1    1    1    1   14    4    4
icase,lcase,icix,iorb,nind1,ip1,iSx=    1    1    1    1   14    5    5
icase,lcase,icix,iorb,nind1,ip1,iSx=    1    1    1    1   14    6    6
icase,lcase,icix,iorb,nind1,ip1,iSx=    1    1    1    1   14    7    7
icase,lcase,icix,iorb,nind1,ip1,iSx=    1    1    1    1   14    8    8
icase,lcase,icix,iorb,nind1,ip1,iSx=    1    1    1    1   14    9    9
icase,lcase,icix,iorb,nind1,ip1,iSx=    1    1    1    1   14   10   10
icase,lcase,icix,iorb,nind1,ip1,iSx=    1    1    1    1   14   11   11
icase,lcase,icix,iorb,nind1,ip1,iSx=    1    1    1    1   14   12   12
icase,lcase,icix,iorb,nind1,ip1,iSx=    1    1    1    1   14   13   13
icase,lcase,icix,iorb,nind1,ip1,iSx=    1    1    1    1   14   14   14
cixdim( 1)=14
noccur( 1, 1)=   6
noccur( 2, 1)=   8
iSx( 1, 1)=  1
iSx( 2, 1)=  2
iSx( 3, 1)=  3
iSx( 4, 1)=  4
iSx( 5, 1)=  5
iSx( 6, 1)=  6
iSx( 7, 1)=  7
iSx( 8, 1)=  8
iSx( 9, 1)=  9
iSx(10, 1)= 10
iSx(11, 1)= 11
iSx(12, 1)= 12
iSx(13, 1)= 13
iSx(14, 1)= 14
nindo( 1)= 14
CF for iorb1= 1 iorb2= 1
    0.92582010     0.00000000       0.00000000     0.00000000       0.00000000     0.00000000       0.00000000     0.00000000       0.00000000     0.00000000       0.00000000     0.00000000       0.00000000     0.00000000       0.00000000     0.00000000      -0.37796447     0.00000000       0.00000000     0.00000000       0.00000000     0.00000000       0.00000000     0.00000000       0.00000000     0.00000000       0.00000000     0.00000000   
    0.00000000     0.00000000       0.84515425     0.00000000       0.00000000     0.00000000       0.00000000     0.00000000       0.00000000     0.00000000       0.00000000     0.00000000       0.00000000     0.00000000       0.00000000     0.00000000       0.00000000     0.00000000      -0.53452248     0.00000000       0.00000000     0.00000000       0.00000000     0.00000000       0.00000000     0.00000000       0.00000000     0.00000000   
    0.00000000     0.00000000       0.00000000     0.00000000       0.75592895     0.00000000       0.00000000     0.00000000       0.00000000     0.00000000       0.00000000     0.00000000       0.00000000     0.00000000       0.00000000     0.00000000       0.00000000     0.00000000       0.00000000     0.00000000      -0.65465367     0.00000000       0.00000000     0.00000000       0.00000000     0.00000000       0.00000000     0.00000000   
    0.00000000     0.00000000       0.00000000     0.00000000       0.00000000     0.00000000       0.65465367     0.00000000       0.00000000     0.00000000       0.00000000     0.00000000       0.00000000     0.00000000       0.00000000     0.00000000       0.00000000     0.00000000       0.00000000     0.00000000       0.00000000     0.00000000      -0.75592895     0.00000000       0.00000000     0.00000000       0.00000000     0.00000000   
    0.00000000     0.00000000       0.00000000     0.00000000       0.00000000     0.00000000       0.00000000     0.00000000       0.53452248     0.00000000       0.00000000     0.00000000       0.00000000     0.00000000       0.00000000     0.00000000       0.00000000     0.00000000       0.00000000     0.00000000       0.00000000     0.00000000       0.00000000     0.00000000      -0.84515425     0.00000000       0.00000000     0.00000000   
    0.00000000     0.00000000       0.00000000     0.00000000       0.00000000     0.00000000       0.00000000     0.00000000       0.00000000     0.00000000       0.37796447     0.00000000       0.00000000     0.00000000       0.00000000     0.00000000       0.00000000     0.00000000       0.00000000     0.00000000       0.00000000     0.00000000       0.00000000     0.00000000       0.00000000     0.00000000      -0.92582010     0.00000000   
    0.00000000     0.00000000       0.00000000     0.00000000       0.00000000     0.00000000       0.00000000     0.00000000       0.00000000     0.00000000       0.00000000     0.00000000       0.00000000     0.00000000       1.00000000     0.00000000       0.00000000     0.00000000       0.00000000     0.00000000       0.00000000     0.00000000       0.00000000     0.00000000       0.00000000     0.00000000       0.00000000     0.00000000   
    0.37796447     0.00000000       0.00000000     0.00000000       0.00000000     0.00000000       0.00000000     0.00000000       0.00000000     0.00000000       0.00000000     0.00000000       0.00000000     0.00000000       0.00000000     0.00000000       0.92582010     0.00000000       0.00000000     0.00000000       0.00000000     0.00000000       0.00000000     0.00000000       0.00000000     0.00000000       0.00000000     0.00000000   
    0.00000000     0.00000000       0.53452248     0.00000000       0.00000000     0.00000000       0.00000000     0.00000000       0.00000000     0.00000000       0.00000000     0.00000000       0.00000000     0.00000000       0.00000000     0.00000000       0.00000000     0.00000000       0.84515425     0.00000000       0.00000000     0.00000000       0.00000000     0.00000000       0.00000000     0.00000000       0.00000000     0.00000000   
    0.00000000     0.00000000       0.00000000     0.00000000       0.65465367     0.00000000       0.00000000     0.00000000       0.00000000     0.00000000       0.00000000     0.00000000       0.00000000     0.00000000       0.00000000     0.00000000       0.00000000     0.00000000       0.00000000     0.00000000       0.75592895     0.00000000       0.00000000     0.00000000       0.00000000     0.00000000       0.00000000     0.00000000   
    0.00000000     0.00000000       0.00000000     0.00000000       0.00000000     0.00000000       0.75592895     0.00000000       0.00000000     0.00000000       0.00000000     0.00000000       0.00000000     0.00000000       0.00000000     0.00000000       0.00000000     0.00000000       0.00000000     0.00000000       0.00000000     0.00000000       0.65465367     0.00000000       0.00000000     0.00000000       0.00000000     0.00000000   
    0.00000000     0.00000000       0.00000000     0.00000000       0.00000000     0.00000000       0.00000000     0.00000000       0.84515425     0.00000000       0.00000000     0.00000000       0.00000000     0.00000000       0.00000000     0.00000000       0.00000000     0.00000000       0.00000000     0.00000000       0.00000000     0.00000000       0.00000000     0.00000000       0.53452248     0.00000000       0.00000000     0.00000000   
    0.00000000     0.00000000       0.00000000     0.00000000       0.00000000     0.00000000       0.00000000     0.00000000       0.00000000     0.00000000       0.92582010     0.00000000       0.00000000     0.00000000       0.00000000     0.00000000       0.00000000     0.00000000       0.00000000     0.00000000       0.00000000     0.00000000       0.00000000     0.00000000       0.00000000     0.00000000       0.37796447     0.00000000   
    0.00000000     0.00000000       0.00000000     0.00000000       0.00000000     0.00000000       0.00000000     0.00000000       0.00000000     0.00000000       0.00000000     0.00000000       1.00000000     0.00000000       0.00000000     0.00000000       0.00000000     0.00000000       0.00000000     0.00000000       0.00000000     0.00000000       0.00000000     0.00000000       0.00000000     0.00000000       0.00000000     0.00000000   
Rspin for iorb=  1
 angles=  0.000000000000000E+000   3.14159265358979       0.000000000000000E+000
  0.000000000000000E+000  0.000000000000000E+000  0.000000000000000E+000
 Rspin=
    0.000000    0.000000      0.000000    1.000000
    0.000000    1.000000      0.000000    0.000000
 Calculation for atom  1 which has iucase=  1
 ATPAR for spin up

          ATOMIC PARAMETERS FOR Pu  0+    

           ENERGY PARAMETERS ARE   0.69  -1.38   0.69   0.69

           L     U(R)          U'(R)         DU/DE        DU'/DE      NORM-U'
           0  0.550104E+00  0.815326E+00  0.112984E+00 -0.225800E+00
           1  0.506643E+00 -0.848182E-01 -0.151154E+00 -0.401710E+00
           2 -0.617528E+00  0.256955E-01  0.984594E-01  0.346271E+00
           3 -0.320295E+00  0.124027E+00  0.360875E+00  0.535870E+00
LO COEFFICIENT: l,A,B,C   0          0.65609    -3.19440     0.00000     0.00000
 
LO COEFFICIENT: l,A,B,C   0          0.32249     0.00000     0.77893     0.00000
 
LO COEFFICIENT: l,A,B,C   1          0.89087     2.98606     0.00000     0.00000
 
LO COEFFICIENT: l,A,B,C   1          0.29260     0.00000    -1.26376     0.00000
 
LO COEFFICIENT: l,A,B,C   2          0.85300     5.34991     0.00000     0.00000
 
LO COEFFICIENT: l,A,B,C   3          0.93896     0.83338     0.00000     0.00000
 
 ATPAR for spin down

          ATOMIC PARAMETERS FOR Pu  0+    

           ENERGY PARAMETERS ARE   0.69  -1.38   0.69   0.69

           L     U(R)          U'(R)         DU/DE        DU'/DE      NORM-U'
           0  0.550104E+00  0.815326E+00  0.112984E+00 -0.225800E+00
           1  0.506643E+00 -0.848182E-01 -0.151154E+00 -0.401710E+00
           2 -0.617528E+00  0.256955E-01  0.984594E-01  0.346271E+00
           3 -0.320295E+00  0.124027E+00  0.360875E+00  0.535870E+00
LO COEFFICIENT: l,A,B,C   0          0.65609    -3.19440     0.00000     0.00000
 
LO COEFFICIENT: l,A,B,C   0          0.32249     0.00000     0.77893     0.00000
 
LO COEFFICIENT: l,A,B,C   1          0.89087     2.98606     0.00000     0.00000
 
LO COEFFICIENT: l,A,B,C   1          0.29260     0.00000    -1.26376     0.00000
 
LO COEFFICIENT: l,A,B,C   2          0.85300     5.34991     0.00000     0.00000
 
LO COEFFICIENT: l,A,B,C   3          0.93896     0.83338     0.00000     0.00000
 
 L1=           0  L2=           0
 RADIAL INTEGRALS:
           1           1                 1           1   1.00000000000000     
           1           3                 1           1  0.575777568759239     
           1           1                 1           2   1.00000000000000     
           1           3                 1           2  0.575777568759239     
           1           1                 2           1   1.00000000000000     
           1           3                 2           1  0.575777568759239     
           1           1                 2           2   1.00000000000000     
           1           3                 2           2  0.575777568759239     
           2           2                 1           1  5.581542490530747E-002
           2           3                 1           1 -0.190902783835415     
           2           2                 1           2  5.581542490530747E-002
           2           3                 1           2 -0.190902783835415     
           2           2                 2           1  5.581542490530747E-002
           2           3                 2           1 -0.190902783835415     
           2           2                 2           2  5.581542490530747E-002
           2           3                 2           2 -0.190902783835415     
           3           1                 1           1  0.575777568759239     
           3           2                 1           1 -0.190902783835415     
           3           3                 1           1   1.00000000000000     
           3           1                 1           2  0.575777568759239     
           3           2                 1           2 -0.190902783835415     
           3           3                 1           2   1.00000000000000     
           3           1                 2           1  0.575777568759239     
           3           2                 2           1 -0.190902783835415     
           3           3                 2           1   1.00000000000000     
           3           1                 2           2  0.575777568759239     
           3           2                 2           2 -0.190902783835415     
           3           3                 2           2   1.00000000000000     
 L1=           1  L2=           1
 RADIAL INTEGRALS:
           1           1                 1           1   1.00000000000000     
           1           3                 1           1  0.923136269630589     
           1           1                 1           2   1.00000000000000     
           1           3                 1           2  0.923136269630589     
           1           1                 2           1   1.00000000000000     
           1           3                 2           1  0.923136269630589     
           1           1                 2           2   1.00000000000000     
           1           3                 2           2  0.923136269630589     
           2           2                 1           1  2.314185977394060E-002
           2           3                 1           1  5.835655681137222E-002
           2           2                 1           2  2.314185977394060E-002
           2           3                 1           2  5.835655681137222E-002
           2           2                 2           1  2.314185977394060E-002
           2           3                 2           1  5.835655681137222E-002
           2           2                 2           2  2.314185977394060E-002
           2           3                 2           2  5.835655681137222E-002
           3           1                 1           1  0.923136269630589     
           3           2                 1           1  5.835655681137222E-002
           3           3                 1           1   1.00000000000000     
           3           1                 1           2  0.923136269630589     
           3           2                 1           2  5.835655681137222E-002
           3           3                 1           2   1.00000000000000     
           3           1                 2           1  0.923136269630589     
           3           2                 2           1  5.835655681137222E-002
           3           3                 2           1   1.00000000000000     
           3           1                 2           2  0.923136269630589     
           3           2                 2           2  5.835655681137222E-002
           3           3                 2           2   1.00000000000000     
 L1=           2  L2=           2
 RADIAL INTEGRALS:
           1           1                 1           1   1.00000000000000     
           1           1                 1           2   1.00000000000000     
           1           1                 2           1   1.00000000000000     
           1           1                 2           2   1.00000000000000     
           2           2                 1           1  9.517121499373773E-003
           2           2                 1           2  9.517121499373773E-003
           2           2                 2           1  9.517121499373773E-003
           2           2                 2           2  9.517121499373773E-003
 L1=           3  L2=           3
 RADIAL INTEGRALS:
           1           1                 1           1   1.00000000000000     
           1           1                 1           2   1.00000000000000     
           1           1                 2           1   1.00000000000000     
           1           1                 2           2   1.00000000000000     
           2           2                 1           1  0.170404341406202     
           2           2                 1           2  0.170404341406202     
           2           2                 2           1  0.170404341406202     
           2           2                 2           2  0.170404341406202     
Saving potential parameters for atom 1 into  1
pr_proc=363  tot-k=726
 ------------------------------------------------------------------------------


   =====>>> CPU TIME SUMMARY

            TOTAL       :      3.5
 OMP_NUM_THREADS= 2
 GUTZ_SOLVER VO.1.5 BUILT ON Jan 19 2014 AT22:25:59
 NT=  1 SEC_N%DIM=   10 WITH ID:
           1       2      16     107     471    1472    3474    6477    9909   12912
       14914
 MEAN U/J:  0.2940  0.0265
 NEL_FIX_VDC1=      5.27
 ATOM DEPENDENT NELF1:
      5.2714
 DCMIX_A=  0.200000
 SYMMETRICALLY NON-EQUIVALENT ATOMS:
          1
 VARIATIONAL-SETUP-NON-EQUIVALENT ATOMS:
          1
 COMPLEMENTARY VARIATIONAL-SETUP-EQUIVALENT ATOMS:

 GYZ%SYM%IDSUM:
  1
 DIM(X_Gutz)=  4
 CALC SET: GAPJ-SHFT FULL       -JH-PROJ SLATER    VAR-FIXDC    Ryd.   
 NT= 1
 LOCAL INTERACTION PART   :
 U              :   0.2940
 J              :   0.0265
 FOCK SPACE PART:
 NA             :  7
 FS%OCC(1) L.B. :  0
 FS%OCC(2) U.B. :  9
 FS%DIM         :     14913
 HL%OCC(1) L.B. :  0
 HL%OCC(2) U.B. :  9
 ISO= 2 ISPIN_IN= 1 ISPIN= 1 ISPO= 2
 BND%NMAX=  88
 BZ INTEGRATION WITH TETRA METHOD, ICOR= 1
 EQUAL OCCUPANCY OF DEGENERATE STATES, TOL= 0.1E-05
 VALENCE ELECTRONS: TOTAL=    16.0
                    CORRELATED PART=     8.0
 SYM%IDI/IDF=  1 16
 BND%NMAXIN=   26
      GUTZ5_INI_CORR_UVEK takes  0 hours  0 minutes and    0.10 seconds (CPU).
                          takes  0 hours  0 minutes and    0.10 seconds (WALL).
                 SETUP_TB takes  0 hours  0 minutes and    4.94 seconds (CPU).
                          takes  0 hours  0 minutes and    3.27 seconds (WALL).
************  EL-  ************
 NI=  1 NI_GLOBAL=  1
   0.9356   0.9344   0.9353   0.9353   0.9344   0.9356   1.0148   1.0132   1.0137   1.0145   1.0145   1.0137   1.0132   1.0148
************  EL=  ************
 NI=  1 NI_GLOBAL=  1
   0.9356   0.0000   0.0000   0.0000   0.0000   0.0000   0.0000   0.0006   0.0000   0.0000   0.0000  -0.0010   0.0000   0.0000
   0.0000   0.9344   0.0000   0.0000   0.0000   0.0000   0.0000   0.0000  -0.0003   0.0000   0.0000   0.0000   0.0013   0.0000
   0.0000   0.0000   0.9353   0.0000   0.0000   0.0000   0.0000   0.0000   0.0000  -0.0004   0.0000   0.0000   0.0000  -0.0008
   0.0000   0.0000   0.0000   0.9353   0.0000   0.0000   0.0008   0.0000   0.0000   0.0000   0.0004   0.0000   0.0000   0.0000
   0.0000   0.0000   0.0000   0.0000   0.9344   0.0000   0.0000  -0.0013   0.0000   0.0000   0.0000   0.0003   0.0000   0.0000
   0.0000   0.0000   0.0000   0.0000   0.0000   0.9356   0.0000   0.0000   0.0010   0.0000   0.0000   0.0000  -0.0006   0.0000
   0.0000   0.0000   0.0000   0.0008   0.0000   0.0000   1.0148   0.0000   0.0000   0.0000  -0.0005   0.0000   0.0000   0.0000
   0.0006   0.0000   0.0000   0.0000  -0.0013   0.0000   0.0000   1.0132   0.0000   0.0000   0.0000   0.0002   0.0000   0.0000
   0.0000  -0.0003   0.0000   0.0000   0.0000   0.0010   0.0000   0.0000   1.0137   0.0000   0.0000   0.0000   0.0002   0.0000
   0.0000   0.0000  -0.0004   0.0000   0.0000   0.0000   0.0000   0.0000   0.0000   1.0145   0.0000   0.0000   0.0000  -0.0005
   0.0000   0.0000   0.0000   0.0004   0.0000   0.0000  -0.0005   0.0000   0.0000   0.0000   1.0145   0.0000   0.0000   0.0000
  -0.0010   0.0000   0.0000   0.0000   0.0003   0.0000   0.0000   0.0002   0.0000   0.0000   0.0000   1.0137   0.0000   0.0000
   0.0000   0.0013   0.0000   0.0000   0.0000  -0.0006   0.0000   0.0000   0.0002   0.0000   0.0000   0.0000   1.0132   0.0000
   0.0000   0.0000  -0.0008   0.0000   0.0000   0.0000   0.0000   0.0000   0.0000  -0.0005   0.0000   0.0000   0.0000   1.0148
 NI=  1 LOCAL ORBITAL LEVEL CENTER(ELC)=   0.980
************  EL0  ************
 NI=  1 NI_GLOBAL=  1
   0.9351   0.9351   0.9351   0.9351   0.9351   0.9351   1.0141   1.0141   1.0141   1.0141   1.0141   1.0141   1.0141   1.0141
************  ELL  ************
 NI=  1 NI_GLOBAL=  1
   0.9351   0.0000   0.0000   0.0000   0.0000   0.0000   0.0000   0.0000   0.0000   0.0000   0.0000   0.0000   0.0000   0.0000
   0.0000   0.9351   0.0000   0.0000   0.0000   0.0000   0.0000   0.0000   0.0000   0.0000   0.0000   0.0000   0.0000   0.0000
   0.0000   0.0000   0.9351   0.0000   0.0000   0.0000   0.0000   0.0000   0.0000   0.0000   0.0000   0.0000   0.0000   0.0000
   0.0000   0.0000   0.0000   0.9351   0.0000   0.0000   0.0000   0.0000   0.0000   0.0000   0.0000   0.0000   0.0000   0.0000
   0.0000   0.0000   0.0000   0.0000   0.9351   0.0000   0.0000   0.0000   0.0000   0.0000   0.0000   0.0000   0.0000   0.0000
   0.0000   0.0000   0.0000   0.0000   0.0000   0.9351   0.0000   0.0000   0.0000   0.0000   0.0000   0.0000   0.0000   0.0000
   0.0000   0.0000   0.0000   0.0000   0.0000   0.0000   1.0141   0.0000   0.0000   0.0000   0.0000   0.0000   0.0000   0.0000
   0.0000   0.0000   0.0000   0.0000   0.0000   0.0000   0.0000   1.0141   0.0000   0.0000   0.0000   0.0000   0.0000   0.0000
   0.0000   0.0000   0.0000   0.0000   0.0000   0.0000   0.0000   0.0000   1.0141   0.0000   0.0000   0.0000   0.0000   0.0000
   0.0000   0.0000   0.0000   0.0000   0.0000   0.0000   0.0000   0.0000   0.0000   1.0141   0.0000   0.0000   0.0000   0.0000
   0.0000   0.0000   0.0000   0.0000   0.0000   0.0000   0.0000   0.0000   0.0000   0.0000   1.0141   0.0000   0.0000   0.0000
   0.0000   0.0000   0.0000   0.0000   0.0000   0.0000   0.0000   0.0000   0.0000   0.0000   0.0000   1.0141   0.0000   0.0000
   0.0000   0.0000   0.0000   0.0000   0.0000   0.0000   0.0000   0.0000   0.0000   0.0000   0.0000   0.0000   1.0141   0.0000
   0.0000   0.0000   0.0000   0.0000   0.0000   0.0000   0.0000   0.0000   0.0000   0.0000   0.0000   0.0000   0.0000   1.0141
                  GET_EL0 takes  0 hours  0 minutes and    0.01 seconds (CPU).
                          takes  0 hours  0 minutes and    0.01 seconds (WALL).
 There are  4 blocks of bands, with band energy windows:
  -2.472  -2.459 |   -0.927  -0.878 |   -0.359  -0.228 |    0.525   4.500 | 
 Band window indices:
         1      2 |          3      4 |          5      8 |          9     89 | 
 Band width
       0.013   |         0.049   |         0.130   |         3.975   |  
 Band gap
       1.532   |         0.519   |         0.754   |  
 CORRELATED BLOCK: EMIN/EMIX=    0.5251    1.3719
 CORRELATED BAND WIDTH=   0.847
         GUTZ_RED_PRJ_NEQ takes  0 hours  1 minutes and    2.26 seconds (CPU).
                          takes  0 hours  1 minutes and    5.20 seconds (WALL).
 NI=  1 DIM_PHIK=   41227 HL%DIM=  14913
       ID_PHIK_N=
      1      2      4     33    264   1639   6153  15546  27321  36714
  41228
       ID_PHIK_J=
      1      2      3      4      8      9     18     19     28     29
     33     37     73    122    171    220    245    254    263    264
    300    349    638    807   1168   1364   1533   1582   1631   1635
   1639   1739   2180   2964   3864   4705   5381   5781   6037   6118
   6143   6152   6153   6349   6710   8079   9448  11564  12933  14377
  14953  15353  15474  15538  15542  15546  15835  16796  18560  21060
  23176  24940  26165  26841  27165  27286  27311  27320  27321  27517
  27878  29247  30616  32732  34101  35545  36121  36521  36642  36706
  36710  36714  36814  37255  38039  38939  39780  40456  40856  41112
  41193  41218  41227  41228
          GUTZ_SET_PRJ_EQ takes  0 hours  0 minutes and    0.00 seconds (CPU).
                          takes  0 hours  0 minutes and    0.00 seconds (WALL).
************   WH%X  ************
    0.87221467    0.90158040
    0.88615306    1.05649187
************  RIN  ************
 NI=  1 NI_GLOBAL=  1
   0.8722   0.8722   0.8722   0.8722   0.8722   0.8722   0.9016   0.9016   0.9016   0.9016   0.9016   0.9016   0.9016   0.9016
************  LA1  ************
 NI=  1 NI_GLOBAL=  1
   0.8862   0.8862   0.8862   0.8862   0.8862   0.8862   1.0565   1.0565   1.0565   1.0565   1.0565   1.0565   1.0565   1.0565
             CALC_BAND_AL takes  0 hours  0 minutes and    1.62 seconds (CPU).
                          takes  0 hours  0 minutes and    0.82 seconds (WALL).
 ILOOP            1
 ILOOP            2
   FERMI ENERGY AT   0.893806323674931     
   SUM RULE OF TETRAHEDRON INTEGRATION CHECKED 
   number of occupied bands:          18
   highest energy:  0.927718836508719     
************  NK-  ************
 NI=  1 NI_GLOBAL=  1
   0.8663   0.8410   0.8659   0.8659   0.8410   0.8663   0.0153   0.0179   0.0157   0.0155   0.0155   0.0157   0.0179   0.0153
************  NNK  ************
 NI=  1 NI_GLOBAL=  1
   0.8663   0.0000   0.0000   0.0000  -0.0077   0.0000   0.0000  -0.0063   0.0000   0.0000   0.0000  -0.0066   0.0000   0.0000
   0.0000   0.8410   0.0000   0.0000   0.0000  -0.0077   0.0000   0.0000   0.0081   0.0000   0.0000   0.0000   0.0099   0.0000
   0.0000   0.0000   0.8659   0.0000   0.0000   0.0000   0.0000   0.0000   0.0000  -0.0011   0.0000   0.0000   0.0000  -0.0032
   0.0000   0.0000   0.0000   0.8659   0.0000   0.0000   0.0032   0.0000   0.0000   0.0000   0.0011   0.0000   0.0000   0.0000
  -0.0077   0.0000   0.0000   0.0000   0.8410   0.0000   0.0000  -0.0099   0.0000   0.0000   0.0000  -0.0081   0.0000   0.0000
   0.0000  -0.0077   0.0000   0.0000   0.0000   0.8663   0.0000   0.0000   0.0066   0.0000   0.0000   0.0000   0.0063   0.0000
   0.0000   0.0000   0.0000   0.0032   0.0000   0.0000   0.0153   0.0000   0.0000   0.0000  -0.0007   0.0000   0.0000   0.0000
  -0.0063   0.0000   0.0000   0.0000  -0.0099   0.0000   0.0000   0.0179   0.0000   0.0000   0.0000   0.0009   0.0000   0.0000
   0.0000   0.0081   0.0000   0.0000   0.0000   0.0066   0.0000   0.0000   0.0157   0.0000   0.0000   0.0000   0.0009   0.0000
   0.0000   0.0000  -0.0011   0.0000   0.0000   0.0000   0.0000   0.0000   0.0000   0.0155   0.0000   0.0000   0.0000  -0.0007
   0.0000   0.0000   0.0000   0.0011   0.0000   0.0000  -0.0007   0.0000   0.0000   0.0000   0.0155   0.0000   0.0000   0.0000
  -0.0066   0.0000   0.0000   0.0000  -0.0081   0.0000   0.0000   0.0009   0.0000   0.0000   0.0000   0.0157   0.0000   0.0000
   0.0000   0.0099   0.0000   0.0000   0.0000   0.0063   0.0000   0.0000   0.0009   0.0000   0.0000   0.0000   0.0179   0.0000
   0.0000   0.0000  -0.0032   0.0000   0.0000   0.0000   0.0000   0.0000   0.0000  -0.0007   0.0000   0.0000   0.0000   0.0153
************  NKS  ************
 NI=  1 NI_GLOBAL=  1
   0.8577   0.8577   0.8577   0.8577   0.8577   0.8577   0.0161   0.0161   0.0161   0.0161   0.0161   0.0161   0.0161   0.0161
 NELE_LOC TOTAL:
           5.2749150301068957
              CALC_DA_BND takes  0 hours  0 minutes and    0.26 seconds (CPU).
                          takes  0 hours  0 minutes and    0.27 seconds (WALL).
************  DA-  ************
 NI=  1 NI_GLOBAL=  1
  -0.0131  -0.0153  -0.0136  -0.0136  -0.0153  -0.0131  -0.0034  -0.0040  -0.0034  -0.0034  -0.0034  -0.0034  -0.0040  -0.0034
************  DAA  ************
 NI=  1 NI_GLOBAL=  1
  -0.0140  -0.0140  -0.0140  -0.0140  -0.0140  -0.0140  -0.0036  -0.0036  -0.0036  -0.0036  -0.0036  -0.0036  -0.0036  -0.0036
 NI=  1 VDC=    1.3463
************  LA2  ************
 NI=  1 NI_GLOBAL=  1
  -2.3040  -2.3040  -2.3040  -2.3040  -2.3040  -2.3040  -2.2067  -2.2067  -2.2067  -2.2067  -2.2067  -2.2067  -2.2067  -2.2067
 NI=  1 PHI-step gap=  0.14E+00
************  RAA  ************
 NI=  1 NI_GLOBAL=  1
   0.8720   0.8720   0.8720   0.8720   0.8720   0.8720   0.9016   0.9016   0.9016   0.9016   0.9016   0.9016   0.9016   0.9016
************  NC0  ************
 NI=  1 NI_GLOBAL=  1
   0.8579   0.8579   0.8579   0.8579   0.8579   0.8579   0.0161   0.0161   0.0161   0.0161   0.0161   0.0161   0.0161   0.0161
                  CALC_LC takes  0 hours  8 minutes and   47.60 seconds (CPU).
                          takes  0 hours  8 minutes and   47.52 seconds (WALL).
                GUTZ_FCN1 takes  0 hours  8 minutes and   49.91 seconds (CPU).
                          takes  0 hours  8 minutes and   48.94 seconds (WALL).
************  DIF_X  ************
   -0.000263963192    0.000052259524
    0.000152608059    0.000002524952
 ITER1=  1 MAXERR=    0.00026396
************   WH%X  ************
    0.87240610    0.90162427
    0.88606274    1.05650062
************  RIN  ************
 NI=  1 NI_GLOBAL=  1
   0.8724   0.8724   0.8724   0.8724   0.8724   0.8724   0.9016   0.9016   0.9016   0.9016   0.9016   0.9016   0.9016   0.9016
************  LA1  ************
 NI=  1 NI_GLOBAL=  1
   0.8861   0.8861   0.8861   0.8861   0.8861   0.8861   1.0565   1.0565   1.0565   1.0565   1.0565   1.0565   1.0565   1.0565
             CALC_BAND_AL takes  0 hours  0 minutes and    1.62 seconds (CPU).
                          takes  0 hours  0 minutes and    0.80 seconds (WALL).
 ILOOP            1
 ILOOP            2
   FERMI ENERGY AT   0.893746121091920     
   SUM RULE OF TETRAHEDRON INTEGRATION CHECKED 
   number of occupied bands:          18
   highest energy:  0.927716025138313     
************  NK-  ************
 NI=  1 NI_GLOBAL=  1
   0.8664   0.8412   0.8661   0.8661   0.8412   0.8664   0.0152   0.0179   0.0156   0.0155   0.0155   0.0156   0.0179   0.0152
************  NNK  ************
 NI=  1 NI_GLOBAL=  1
   0.8664   0.0000   0.0000   0.0000  -0.0077   0.0000   0.0000  -0.0063   0.0000   0.0000   0.0000  -0.0066   0.0000   0.0000
   0.0000   0.8412   0.0000   0.0000   0.0000  -0.0077   0.0000   0.0000   0.0081   0.0000   0.0000   0.0000   0.0099   0.0000
   0.0000   0.0000   0.8661   0.0000   0.0000   0.0000   0.0000   0.0000   0.0000  -0.0011   0.0000   0.0000   0.0000  -0.0032
   0.0000   0.0000   0.0000   0.8661   0.0000   0.0000   0.0032   0.0000   0.0000   0.0000   0.0011   0.0000   0.0000   0.0000
  -0.0077   0.0000   0.0000   0.0000   0.8412   0.0000   0.0000  -0.0099   0.0000   0.0000   0.0000  -0.0081   0.0000   0.0000
   0.0000  -0.0077   0.0000   0.0000   0.0000   0.8664   0.0000   0.0000   0.0066   0.0000   0.0000   0.0000   0.0063   0.0000
   0.0000   0.0000   0.0000   0.0032   0.0000   0.0000   0.0152   0.0000   0.0000   0.0000  -0.0007   0.0000   0.0000   0.0000
  -0.0063   0.0000   0.0000   0.0000  -0.0099   0.0000   0.0000   0.0179   0.0000   0.0000   0.0000   0.0009   0.0000   0.0000
   0.0000   0.0081   0.0000   0.0000   0.0000   0.0066   0.0000   0.0000   0.0156   0.0000   0.0000   0.0000   0.0009   0.0000
   0.0000   0.0000  -0.0011   0.0000   0.0000   0.0000   0.0000   0.0000   0.0000   0.0155   0.0000   0.0000   0.0000  -0.0007
   0.0000   0.0000   0.0000   0.0011   0.0000   0.0000  -0.0007   0.0000   0.0000   0.0000   0.0155   0.0000   0.0000   0.0000
  -0.0066   0.0000   0.0000   0.0000  -0.0081   0.0000   0.0000   0.0009   0.0000   0.0000   0.0000   0.0156   0.0000   0.0000
   0.0000   0.0099   0.0000   0.0000   0.0000   0.0063   0.0000   0.0000   0.0009   0.0000   0.0000   0.0000   0.0179   0.0000
   0.0000   0.0000  -0.0032   0.0000   0.0000   0.0000   0.0000   0.0000   0.0000  -0.0007   0.0000   0.0000   0.0000   0.0152
************  NKS  ************
 NI=  1 NI_GLOBAL=  1
   0.8579   0.8579   0.8579   0.8579   0.8579   0.8579   0.0161   0.0161   0.0161   0.0161   0.0161   0.0161   0.0161   0.0161
 NELE_LOC TOTAL:
           5.2758417820323409
              CALC_DA_BND takes  0 hours  0 minutes and    0.26 seconds (CPU).
                          takes  0 hours  0 minutes and    0.26 seconds (WALL).
************  DA-  ************
 NI=  1 NI_GLOBAL=  1
  -0.0131  -0.0153  -0.0136  -0.0136  -0.0153  -0.0131  -0.0034  -0.0040  -0.0034  -0.0034  -0.0034  -0.0034  -0.0040  -0.0034
************  DAA  ************
 NI=  1 NI_GLOBAL=  1
  -0.0140  -0.0140  -0.0140  -0.0140  -0.0140  -0.0140  -0.0035  -0.0035  -0.0035  -0.0035  -0.0035  -0.0035  -0.0035  -0.0035
 NI=  1 VDC=    1.3463
************  LA2  ************
 NI=  1 NI_GLOBAL=  1
  -2.3040  -2.3040  -2.3040  -2.3040  -2.3040  -2.3040  -2.2066  -2.2066  -2.2066  -2.2066  -2.2066  -2.2066  -2.2066  -2.2066
 NI=  1 PHI-step gap=  0.14E+00
************  RAA  ************
 NI=  1 NI_GLOBAL=  1
   0.8724   0.8724   0.8724   0.8724   0.8724   0.8724   0.9016   0.9016   0.9016   0.9016   0.9016   0.9016   0.9016   0.9016
************  NC0  ************
 NI=  1 NI_GLOBAL=  1
   0.8579   0.8579   0.8579   0.8579   0.8579   0.8579   0.0161   0.0161   0.0161   0.0161   0.0161   0.0161   0.0161   0.0161
                  CALC_LC takes  0 hours  8 minutes and   21.69 seconds (CPU).
                          takes  0 hours  8 minutes and   21.66 seconds (WALL).
                GUTZ_FCN1 takes  0 hours  8 minutes and   23.96 seconds (CPU).
                          takes  0 hours  8 minutes and   23.06 seconds (WALL).
************  DIF_X  ************
   -0.000009861760   -0.000003036283
    0.000003025559    0.000000579745
 ITER1=  2 MAXERR=    0.00000986
************   WH%X  ************
    0.87240421    0.90160510
    0.88606113    1.05649218
************  RIN  ************
 NI=  1 NI_GLOBAL=  1
   0.8724   0.8724   0.8724   0.8724   0.8724   0.8724   0.9016   0.9016   0.9016   0.9016   0.9016   0.9016   0.9016   0.9016
************  LA1  ************
 NI=  1 NI_GLOBAL=  1
   0.8861   0.8861   0.8861   0.8861   0.8861   0.8861   1.0565   1.0565   1.0565   1.0565   1.0565   1.0565   1.0565   1.0565
             CALC_BAND_AL takes  0 hours  0 minutes and    1.62 seconds (CPU).
                          takes  0 hours  0 minutes and    0.81 seconds (WALL).
 ILOOP            1
 ILOOP            2
   FERMI ENERGY AT   0.893744946817172     
   SUM RULE OF TETRAHEDRON INTEGRATION CHECKED 
   number of occupied bands:          18
   highest energy:  0.927715911843068     
************  NK-  ************
 NI=  1 NI_GLOBAL=  1
   0.8664   0.8412   0.8661   0.8661   0.8412   0.8664   0.0152   0.0179   0.0156   0.0155   0.0155   0.0156   0.0179   0.0152
************  NNK  ************
 NI=  1 NI_GLOBAL=  1
   0.8664   0.0000   0.0000   0.0000  -0.0077   0.0000   0.0000  -0.0063   0.0000   0.0000   0.0000  -0.0066   0.0000   0.0000
   0.0000   0.8412   0.0000   0.0000   0.0000  -0.0077   0.0000   0.0000   0.0081   0.0000   0.0000   0.0000   0.0099   0.0000
   0.0000   0.0000   0.8661   0.0000   0.0000   0.0000   0.0000   0.0000   0.0000  -0.0011   0.0000   0.0000   0.0000  -0.0032
   0.0000   0.0000   0.0000   0.8661   0.0000   0.0000   0.0032   0.0000   0.0000   0.0000   0.0011   0.0000   0.0000   0.0000
  -0.0077   0.0000   0.0000   0.0000   0.8412   0.0000   0.0000  -0.0099   0.0000   0.0000   0.0000  -0.0081   0.0000   0.0000
   0.0000  -0.0077   0.0000   0.0000   0.0000   0.8664   0.0000   0.0000   0.0066   0.0000   0.0000   0.0000   0.0063   0.0000
   0.0000   0.0000   0.0000   0.0032   0.0000   0.0000   0.0152   0.0000   0.0000   0.0000  -0.0007   0.0000   0.0000   0.0000
  -0.0063   0.0000   0.0000   0.0000  -0.0099   0.0000   0.0000   0.0179   0.0000   0.0000   0.0000   0.0009   0.0000   0.0000
   0.0000   0.0081   0.0000   0.0000   0.0000   0.0066   0.0000   0.0000   0.0156   0.0000   0.0000   0.0000   0.0009   0.0000
   0.0000   0.0000  -0.0011   0.0000   0.0000   0.0000   0.0000   0.0000   0.0000   0.0155   0.0000   0.0000   0.0000  -0.0007
   0.0000   0.0000   0.0000   0.0011   0.0000   0.0000  -0.0007   0.0000   0.0000   0.0000   0.0155   0.0000   0.0000   0.0000
  -0.0066   0.0000   0.0000   0.0000  -0.0081   0.0000   0.0000   0.0009   0.0000   0.0000   0.0000   0.0156   0.0000   0.0000
   0.0000   0.0099   0.0000   0.0000   0.0000   0.0063   0.0000   0.0000   0.0009   0.0000   0.0000   0.0000   0.0179   0.0000
   0.0000   0.0000  -0.0032   0.0000   0.0000   0.0000   0.0000   0.0000   0.0000  -0.0007   0.0000   0.0000   0.0000   0.0152
************  NKS  ************
 NI=  1 NI_GLOBAL=  1
   0.8579   0.8579   0.8579   0.8579   0.8579   0.8579   0.0161   0.0161   0.0161   0.0161   0.0161   0.0161   0.0161   0.0161
 NELE_LOC TOTAL:
           5.2758618148392191
              CALC_DA_BND takes  0 hours  0 minutes and    0.26 seconds (CPU).
                          takes  0 hours  0 minutes and    0.27 seconds (WALL).
************  DA-  ************
 NI=  1 NI_GLOBAL=  1
  -0.0131  -0.0153  -0.0136  -0.0136  -0.0153  -0.0131  -0.0034  -0.0040  -0.0034  -0.0034  -0.0034  -0.0034  -0.0040  -0.0034
************  DAA  ************
 NI=  1 NI_GLOBAL=  1
  -0.0140  -0.0140  -0.0140  -0.0140  -0.0140  -0.0140  -0.0035  -0.0035  -0.0035  -0.0035  -0.0035  -0.0035  -0.0035  -0.0035
 NI=  1 VDC=    1.3463
************  LA2  ************
 NI=  1 NI_GLOBAL=  1
  -2.3040  -2.3040  -2.3040  -2.3040  -2.3040  -2.3040  -2.2066  -2.2066  -2.2066  -2.2066  -2.2066  -2.2066  -2.2066  -2.2066
 NI=  1 PHI-step gap=  0.14E+00
************  RAA  ************
 NI=  1 NI_GLOBAL=  1
   0.8724   0.8724   0.8724   0.8724   0.8724   0.8724   0.9016   0.9016   0.9016   0.9016   0.9016   0.9016   0.9016   0.9016
************  NC0  ************
 NI=  1 NI_GLOBAL=  1
   0.8579   0.8579   0.8579   0.8579   0.8579   0.8579   0.0161   0.0161   0.0161   0.0161   0.0161   0.0161   0.0161   0.0161
                  CALC_LC takes  0 hours  8 minutes and   19.68 seconds (CPU).
                          takes  0 hours  8 minutes and   19.69 seconds (WALL).
                GUTZ_FCN1 takes  0 hours  8 minutes and   21.89 seconds (CPU).
                          takes  0 hours  8 minutes and   21.09 seconds (WALL).
************  DIF_X  ************
   -0.000000494651   -0.000000079170
    0.000000159927   -0.000000015057
 ITER1=  3 MAXERR=    0.00000049
************   WH%X  ************
    0.87240418    0.90160551
    0.88606106    1.05649238
************  RIN  ************
 NI=  1 NI_GLOBAL=  1
   0.8724   0.8724   0.8724   0.8724   0.8724   0.8724   0.9016   0.9016   0.9016   0.9016   0.9016   0.9016   0.9016   0.9016
************  LA1  ************
 NI=  1 NI_GLOBAL=  1
   0.8861   0.8861   0.8861   0.8861   0.8861   0.8861   1.0565   1.0565   1.0565   1.0565   1.0565   1.0565   1.0565   1.0565
             CALC_BAND_AL takes  0 hours  0 minutes and    1.62 seconds (CPU).
                          takes  0 hours  0 minutes and    0.82 seconds (WALL).
 ILOOP            1
 ILOOP            2
   FERMI ENERGY AT   0.893744897001145     
   SUM RULE OF TETRAHEDRON INTEGRATION CHECKED 
   number of occupied bands:          18
   highest energy:  0.927715910196067     
************  NK-  ************
 NI=  1 NI_GLOBAL=  1
   0.8664   0.8412   0.8661   0.8661   0.8412   0.8664   0.0152   0.0179   0.0156   0.0155   0.0155   0.0156   0.0179   0.0152
************  NNK  ************
 NI=  1 NI_GLOBAL=  1
   0.8664   0.0000   0.0000   0.0000  -0.0077   0.0000   0.0000  -0.0063   0.0000   0.0000   0.0000  -0.0066   0.0000   0.0000
   0.0000   0.8412   0.0000   0.0000   0.0000  -0.0077   0.0000   0.0000   0.0081   0.0000   0.0000   0.0000   0.0099   0.0000
   0.0000   0.0000   0.8661   0.0000   0.0000   0.0000   0.0000   0.0000   0.0000  -0.0011   0.0000   0.0000   0.0000  -0.0032
   0.0000   0.0000   0.0000   0.8661   0.0000   0.0000   0.0032   0.0000   0.0000   0.0000   0.0011   0.0000   0.0000   0.0000
  -0.0077   0.0000   0.0000   0.0000   0.8412   0.0000   0.0000  -0.0099   0.0000   0.0000   0.0000  -0.0081   0.0000   0.0000
   0.0000  -0.0077   0.0000   0.0000   0.0000   0.8664   0.0000   0.0000   0.0066   0.0000   0.0000   0.0000   0.0063   0.0000
   0.0000   0.0000   0.0000   0.0032   0.0000   0.0000   0.0152   0.0000   0.0000   0.0000  -0.0007   0.0000   0.0000   0.0000
  -0.0063   0.0000   0.0000   0.0000  -0.0099   0.0000   0.0000   0.0179   0.0000   0.0000   0.0000   0.0009   0.0000   0.0000
   0.0000   0.0081   0.0000   0.0000   0.0000   0.0066   0.0000   0.0000   0.0156   0.0000   0.0000   0.0000   0.0009   0.0000
   0.0000   0.0000  -0.0011   0.0000   0.0000   0.0000   0.0000   0.0000   0.0000   0.0155   0.0000   0.0000   0.0000  -0.0007
   0.0000   0.0000   0.0000   0.0011   0.0000   0.0000  -0.0007   0.0000   0.0000   0.0000   0.0155   0.0000   0.0000   0.0000
  -0.0066   0.0000   0.0000   0.0000  -0.0081   0.0000   0.0000   0.0009   0.0000   0.0000   0.0000   0.0156   0.0000   0.0000
   0.0000   0.0099   0.0000   0.0000   0.0000   0.0063   0.0000   0.0000   0.0009   0.0000   0.0000   0.0000   0.0179   0.0000
   0.0000   0.0000  -0.0032   0.0000   0.0000   0.0000   0.0000   0.0000   0.0000  -0.0007   0.0000   0.0000   0.0000   0.0152
************  NKS  ************
 NI=  1 NI_GLOBAL=  1
   0.8579   0.8579   0.8579   0.8579   0.8579   0.8579   0.0161   0.0161   0.0161   0.0161   0.0161   0.0161   0.0161   0.0161
 NELE_LOC TOTAL:
           5.2758626296188451
              CALC_DA_BND takes  0 hours  0 minutes and    0.26 seconds (CPU).
                          takes  0 hours  0 minutes and    0.25 seconds (WALL).
************  DA-  ************
 NI=  1 NI_GLOBAL=  1
  -0.0131  -0.0153  -0.0136  -0.0136  -0.0153  -0.0131  -0.0034  -0.0040  -0.0034  -0.0034  -0.0034  -0.0034  -0.0040  -0.0034
************  DAA  ************
 NI=  1 NI_GLOBAL=  1
  -0.0140  -0.0140  -0.0140  -0.0140  -0.0140  -0.0140  -0.0035  -0.0035  -0.0035  -0.0035  -0.0035  -0.0035  -0.0035  -0.0035
 NI=  1 VDC=    1.3463
************  LA2  ************
 NI=  1 NI_GLOBAL=  1
  -2.3040  -2.3040  -2.3040  -2.3040  -2.3040  -2.3040  -2.2066  -2.2066  -2.2066  -2.2066  -2.2066  -2.2066  -2.2066  -2.2066
 NI=  1 PHI-step gap=  0.14E+00
************  RAA  ************
 NI=  1 NI_GLOBAL=  1
   0.8724   0.8724   0.8724   0.8724   0.8724   0.8724   0.9016   0.9016   0.9016   0.9016   0.9016   0.9016   0.9016   0.9016
************  NC0  ************
 NI=  1 NI_GLOBAL=  1
   0.8579   0.8579   0.8579   0.8579   0.8579   0.8579   0.0161   0.0161   0.0161   0.0161   0.0161   0.0161   0.0161   0.0161
                  CALC_LC takes  0 hours  8 minutes and   23.07 seconds (CPU).
                          takes  0 hours  8 minutes and   22.98 seconds (WALL).
                GUTZ_FCN1 takes  0 hours  8 minutes and   25.40 seconds (CPU).
                          takes  0 hours  8 minutes and   24.37 seconds (WALL).
************  DIF_X  ************
   -0.000000010788   -0.000000009561
    0.000000003895    0.000000001093
 ITER1=  4 MAXERR=    0.00000001
************   WH%X  ************
    0.87240418    0.90160548
    0.88606106    1.05649237
************  RIN  ************
 NI=  1 NI_GLOBAL=  1
   0.8724   0.8724   0.8724   0.8724   0.8724   0.8724   0.9016   0.9016   0.9016   0.9016   0.9016   0.9016   0.9016   0.9016
************  LA1  ************
 NI=  1 NI_GLOBAL=  1
   0.8861   0.8861   0.8861   0.8861   0.8861   0.8861   1.0565   1.0565   1.0565   1.0565   1.0565   1.0565   1.0565   1.0565
             CALC_BAND_AL takes  0 hours  0 minutes and    1.62 seconds (CPU).
                          takes  0 hours  0 minutes and    0.82 seconds (WALL).
 ILOOP            1
 ILOOP            2
   FERMI ENERGY AT   0.893744895433643     
   SUM RULE OF TETRAHEDRON INTEGRATION CHECKED 
   number of occupied bands:          18
   highest energy:  0.927715910040778     
************  NK-  ************
 NI=  1 NI_GLOBAL=  1
   0.8664   0.8412   0.8661   0.8661   0.8412   0.8664   0.0152   0.0179   0.0156   0.0155   0.0155   0.0156   0.0179   0.0152
************  NNK  ************
 NI=  1 NI_GLOBAL=  1
   0.8664   0.0000   0.0000   0.0000  -0.0077   0.0000   0.0000  -0.0063   0.0000   0.0000   0.0000  -0.0066   0.0000   0.0000
   0.0000   0.8412   0.0000   0.0000   0.0000  -0.0077   0.0000   0.0000   0.0081   0.0000   0.0000   0.0000   0.0099   0.0000
   0.0000   0.0000   0.8661   0.0000   0.0000   0.0000   0.0000   0.0000   0.0000  -0.0011   0.0000   0.0000   0.0000  -0.0032
   0.0000   0.0000   0.0000   0.8661   0.0000   0.0000   0.0032   0.0000   0.0000   0.0000   0.0011   0.0000   0.0000   0.0000
  -0.0077   0.0000   0.0000   0.0000   0.8412   0.0000   0.0000  -0.0099   0.0000   0.0000   0.0000  -0.0081   0.0000   0.0000
   0.0000  -0.0077   0.0000   0.0000   0.0000   0.8664   0.0000   0.0000   0.0066   0.0000   0.0000   0.0000   0.0063   0.0000
   0.0000   0.0000   0.0000   0.0032   0.0000   0.0000   0.0152   0.0000   0.0000   0.0000  -0.0007   0.0000   0.0000   0.0000
  -0.0063   0.0000   0.0000   0.0000  -0.0099   0.0000   0.0000   0.0179   0.0000   0.0000   0.0000   0.0009   0.0000   0.0000
   0.0000   0.0081   0.0000   0.0000   0.0000   0.0066   0.0000   0.0000   0.0156   0.0000   0.0000   0.0000   0.0009   0.0000
   0.0000   0.0000  -0.0011   0.0000   0.0000   0.0000   0.0000   0.0000   0.0000   0.0155   0.0000   0.0000   0.0000  -0.0007
   0.0000   0.0000   0.0000   0.0011   0.0000   0.0000  -0.0007   0.0000   0.0000   0.0000   0.0155   0.0000   0.0000   0.0000
  -0.0066   0.0000   0.0000   0.0000  -0.0081   0.0000   0.0000   0.0009   0.0000   0.0000   0.0000   0.0156   0.0000   0.0000
   0.0000   0.0099   0.0000   0.0000   0.0000   0.0063   0.0000   0.0000   0.0009   0.0000   0.0000   0.0000   0.0179   0.0000
   0.0000   0.0000  -0.0032   0.0000   0.0000   0.0000   0.0000   0.0000   0.0000  -0.0007   0.0000   0.0000   0.0000   0.0152
************  NKS  ************
 NI=  1 NI_GLOBAL=  1
   0.8579   0.8579   0.8579   0.8579   0.8579   0.8579   0.0161   0.0161   0.0161   0.0161   0.0161   0.0161   0.0161   0.0161
 NELE_LOC TOTAL:
           5.2758626570555860
              CALC_DA_BND takes  0 hours  0 minutes and    0.26 seconds (CPU).
                          takes  0 hours  0 minutes and    0.27 seconds (WALL).
************  DA-  ************
 NI=  1 NI_GLOBAL=  1
  -0.0131  -0.0153  -0.0136  -0.0136  -0.0153  -0.0131  -0.0034  -0.0040  -0.0034  -0.0034  -0.0034  -0.0034  -0.0040  -0.0034
************  DAA  ************
 NI=  1 NI_GLOBAL=  1
  -0.0140  -0.0140  -0.0140  -0.0140  -0.0140  -0.0140  -0.0035  -0.0035  -0.0035  -0.0035  -0.0035  -0.0035  -0.0035  -0.0035
 NI=  1 VDC=    1.3463
************  LA2  ************
 NI=  1 NI_GLOBAL=  1
  -2.3040  -2.3040  -2.3040  -2.3040  -2.3040  -2.3040  -2.2066  -2.2066  -2.2066  -2.2066  -2.2066  -2.2066  -2.2066  -2.2066
 NI=  1 PHI-step gap=  0.14E+00
************  RAA  ************
 NI=  1 NI_GLOBAL=  1
   0.8724   0.8724   0.8724   0.8724   0.8724   0.8724   0.9016   0.9016   0.9016   0.9016   0.9016   0.9016   0.9016   0.9016
************  NC0  ************
 NI=  1 NI_GLOBAL=  1
   0.8579   0.8579   0.8579   0.8579   0.8579   0.8579   0.0161   0.0161   0.0161   0.0161   0.0161   0.0161   0.0161   0.0161
                  CALC_LC takes  0 hours  7 minutes and    4.20 seconds (CPU).
                          takes  0 hours  7 minutes and    4.03 seconds (WALL).
                GUTZ_FCN1 takes  0 hours  7 minutes and    6.58 seconds (CPU).
                          takes  0 hours  7 minutes and    5.45 seconds (WALL).
************  DIF_X  ************
   -0.000000000710   -0.000000000775
    0.000000000259    0.000000000083
 ITER1=  5 MAXERR=    0.00000000
 NFJAC=   0
 SOLVE1 FINISHED WITH       5 ITERATIONS.
               GUTZ_SOLVE takes  0 hours 41 minutes and    7.73 seconds (CPU).
                          takes  0 hours 41 minutes and    2.90 seconds (WALL).
 MAX. NELF1 DIFF=    0.00447794
               CALC_PJRHO takes  0 hours  0 minutes and    0.38 seconds (CPU).
                          takes  0 hours  0 minutes and    0.38 seconds (WALL).
 NI=  1 SUM_PHY-SUM_KS=      0.00000000 WOULD BE RENORMALIZED
************  NC1  ************
 NI=  1 NI_GLOBAL=  1
   0.8379   0.8379   0.8379   0.8379   0.8379   0.8379   0.0311   0.0311   0.0311   0.0311   0.0311   0.0311   0.0311   0.0311
               CALC_NCPHY takes  0 hours  0 minutes and   49.39 seconds (CPU).
                          takes  0 hours  0 minutes and   49.33 seconds (WALL).
 GYZ%PJ%EGAMM:
     8.09240
 ENG%GAMM:     8.09240
 ENG%POT2:     3.13923
 EDCLA1(NI) ARRAY:
    -4.697
 EDCUJ(NI) ARRAY:
    -3.202
 EDCUJV(NI) ARRAY:
    -7.103
 EDC(NI) ARRAY:
    -7.898
 ENG%DBLC:    -7.89839
 ENG%DC1 :    -4.69662
 ENG%DC2 :    -3.20176
 ENG%DC2V:    -7.10264
 DC_E_STD_TO_E_V:    -3.90088
 ENG%BAND:    -1.21650
 ENG%DL(DEEP LEVEL):    -7.97542
 ENG%TB=    -1.02248
 ENG%TB-DC2=     2.17928
 NI=  1 OCC_CONFIG_WEIGHT:
        OCC= 0 WEIGHT=   0.00000
        OCC= 1 WEIGHT=   0.00000
        OCC= 2 WEIGHT=   0.00001
        OCC= 3 WEIGHT=   0.00201
        OCC= 4 WEIGHT=   0.07823
        OCC= 5 WEIGHT=   0.57322
        OCC= 6 WEIGHT=   0.33500
        OCC= 7 WEIGHT=   0.01142
        OCC= 8 WEIGHT=   0.00010
        OCC= 9 WEIGHT=   0.00000
                 CALC_RCW takes  0 hours  0 minutes and    0.00 seconds (CPU).
                          takes  0 hours  0 minutes and    0.00 seconds (WALL).
 NI=  1 J2=    8.9673
                 CALC_SLJ takes  0 hours  0 minutes and    0.00 seconds (CPU).
                          takes  0 hours  0 minutes and    0.00 seconds (WALL).
 NI=  1 ENTANGLEMENT ENTROPY=      2.9619
           CALC_ENTANGLES takes  0 hours  0 minutes and    1.03 seconds (CPU).
                          takes  0 hours  0 minutes and    0.90 seconds (WALL).
 CORRELATED SUBSPACE, SUM_FERWT=      8.0000000 SUM_KSWT=      8.0000000
 MAX OFF DIAGONAL KS.WT=    0.000673
 MAX/MIN R=    0.901605    0.872404
                CALC_KSWT takes  0 hours  0 minutes and    0.05 seconds (CPU).
                          takes  0 hours  0 minutes and    0.02 seconds (WALL).
                    TOTAL takes  0 hours 43 minutes and    6.25 seconds (CPU).
                          takes  0 hours 43 minutes and    2.51 seconds (WALL).
