******Program DMFT: Computes Gloc and Delta for Dynamical Mean Field Theory calculation ******
 CALCULATION WITH COMPLEX VECTORS
 CALCULATION WITH SOC VECTORS REQUIRED
 Running DMFT in mpi mode
  
 numkpt=         286
   0.00000   0.00000   0.00000   1.00000
   0.04762   0.04762   0.00000  12.00000
   0.09524   0.09524   0.00000  12.00000
   0.14286   0.14286   0.00000  12.00000
   0.19048   0.19048   0.00000  12.00000
   0.23810   0.23810   0.00000  12.00000
   0.28571   0.28571   0.00000  12.00000
   0.33333   0.33333   0.00000  12.00000
   0.38095   0.38095   0.00000  12.00000
   0.42857   0.42857   0.00000  12.00000
   0.47619   0.47619   0.00000  12.00000
   0.09524   0.04762   0.04762  24.00000
   0.14286   0.09524   0.04762  48.00000
   0.19048   0.14286   0.04762  48.00000
   0.23810   0.19048   0.04762  48.00000
   0.28571   0.23810   0.04762  48.00000
   0.33333   0.28571   0.04762  48.00000
   0.38095   0.33333   0.04762  48.00000
   0.42857   0.38095   0.04762  48.00000
   0.47619   0.42857   0.04762  48.00000
   0.52381   0.47619   0.04762  24.00000
   0.19048   0.09524   0.09524  24.00000
   0.23810   0.14286   0.09524  48.00000
   0.28571   0.19048   0.09524  48.00000
   0.33333   0.23810   0.09524  48.00000
   0.38095   0.28571   0.09524  48.00000
   0.42857   0.33333   0.09524  48.00000
   0.47619   0.38095   0.09524  48.00000
   0.52381   0.42857   0.09524  48.00000
   0.28571   0.14286   0.14286  24.00000
   0.33333   0.19048   0.14286  48.00000
   0.38095   0.23810   0.14286  48.00000
   0.42857   0.28571   0.14286  48.00000
   0.47619   0.33333   0.14286  48.00000
   0.52381   0.38095   0.14286  48.00000
   0.57143   0.42857   0.14286  24.00000
   0.38095   0.19048   0.19048  24.00000
   0.42857   0.23810   0.19048  48.00000
   0.47619   0.28571   0.19048  48.00000
   0.52381   0.33333   0.19048  48.00000
   0.57143   0.38095   0.19048  48.00000
   0.47619   0.23810   0.23810  24.00000
   0.52381   0.28571   0.23810  48.00000
   0.57143   0.33333   0.23810  48.00000
   0.61905   0.38095   0.23810  24.00000
   0.57143   0.28571   0.28571  24.00000
   0.61905   0.33333   0.28571  48.00000
   0.66667   0.33333   0.33333   8.00000
   0.09524   0.09524   0.09524   8.00000
   0.14286   0.14286   0.09524  24.00000
   0.19048   0.19048   0.09524  24.00000
   0.23810   0.23810   0.09524  24.00000
   0.28571   0.28571   0.09524  24.00000
   0.33333   0.33333   0.09524  24.00000
   0.38095   0.38095   0.09524  24.00000
   0.42857   0.42857   0.09524  24.00000
   0.47619   0.47619   0.09524  24.00000
   1.00000   1.00000   0.09524   6.00000
   0.19048   0.14286   0.14286  24.00000
   0.23810   0.19048   0.14286  48.00000
   0.28571   0.23810   0.14286  48.00000
   0.33333   0.28571   0.14286  48.00000
   0.38095   0.33333   0.14286  48.00000
   0.42857   0.38095   0.14286  48.00000
   0.47619   0.42857   0.14286  48.00000
   0.52381   0.47619   0.14286  24.00000
   1.00000   0.95238   0.14286  24.00000
   0.28571   0.19048   0.19048  24.00000
   0.33333   0.23810   0.19048  48.00000
   0.38095   0.28571   0.19048  48.00000
   0.42857   0.33333   0.19048  48.00000
   0.47619   0.38095   0.19048  48.00000
   0.52381   0.42857   0.19048  48.00000
   1.00000   0.90476   0.19048  24.00000
   1.04762   0.95238   0.19048  24.00000
   0.38095   0.23810   0.23810  24.00000
   0.42857   0.28571   0.23810  48.00000
   0.47619   0.33333   0.23810  48.00000
   0.52381   0.38095   0.23810  48.00000
   0.57143   0.42857   0.23810  24.00000
   1.00000   0.85714   0.23810  24.00000
   1.04762   0.90476   0.23810  48.00000
   0.47619   0.28571   0.28571  24.00000
   0.52381   0.33333   0.28571  48.00000
   0.57143   0.38095   0.28571  48.00000
   1.00000   0.80952   0.28571  24.00000
   1.04762   0.85714   0.28571  48.00000
   1.09524   0.90476   0.28571  24.00000
   0.57143   0.33333   0.33333  24.00000
   0.61905   0.38095   0.33333  24.00000
   1.00000   0.76190   0.33333  24.00000
   1.04762   0.80952   0.33333  48.00000
   1.09524   0.85714   0.33333  48.00000
   1.00000   0.71429   0.38095  24.00000
   1.04762   0.76190   0.38095  48.00000
   1.09524   0.80952   0.38095  48.00000
   1.14286   0.85714   0.38095  24.00000
   1.00000   0.66667   0.42857  24.00000
   1.04762   0.71429   0.42857  48.00000
   1.09524   0.76190   0.42857  48.00000
   1.14286   0.80952   0.42857  48.00000
   1.00000   0.61905   0.47619  24.00000
   1.04762   0.66667   0.47619  48.00000
   1.09524   0.71429   0.47619  48.00000
   1.14286   0.76190   0.47619  48.00000
   1.19048   0.80952   0.47619  24.00000
   1.00000   0.57143   0.52381  24.00000
   1.04762   0.61905   0.52381  48.00000
   1.09524   0.66667   0.52381  48.00000
   1.14286   0.71429   0.52381  48.00000
   1.19048   0.76190   0.52381  48.00000
   1.04762   0.57143   0.57143  24.00000
   1.09524   0.61905   0.57143  48.00000
   1.14286   0.66667   0.57143  48.00000
   1.19048   0.71429   0.57143  48.00000
   1.23810   0.76190   0.57143  24.00000
   1.14286   0.61905   0.61905  24.00000
   1.19048   0.66667   0.61905  48.00000
   1.23810   0.71429   0.61905  48.00000
   1.23810   0.66667   0.66667  24.00000
   1.28571   0.71429   0.66667  24.00000
   0.19048   0.19048   0.19048   8.00000
   0.23810   0.23810   0.19048  24.00000
   0.28571   0.28571   0.19048  24.00000
   0.33333   0.33333   0.19048  24.00000
   0.38095   0.38095   0.19048  24.00000
   0.42857   0.42857   0.19048  24.00000
   0.47619   0.47619   0.19048  24.00000
   1.00000   1.00000   0.19048   6.00000
   0.28571   0.23810   0.23810  24.00000
   0.33333   0.28571   0.23810  48.00000
   0.38095   0.33333   0.23810  48.00000
   0.42857   0.38095   0.23810  48.00000
   0.47619   0.42857   0.23810  48.00000
   0.52381   0.47619   0.23810  24.00000
   1.00000   0.95238   0.23810  24.00000
   0.38095   0.28571   0.28571  24.00000
   0.42857   0.33333   0.28571  48.00000
   0.47619   0.38095   0.28571  48.00000
   0.52381   0.42857   0.28571  48.00000
   1.00000   0.90476   0.28571  24.00000
   1.04762   0.95238   0.28571  24.00000
   0.47619   0.33333   0.33333  24.00000
   0.52381   0.38095   0.33333  48.00000
   0.57143   0.42857   0.33333  24.00000
   1.00000   0.85714   0.33333  24.00000
   1.04762   0.90476   0.33333  48.00000
   0.57143   0.38095   0.38095  24.00000
   1.00000   0.80952   0.38095  24.00000
   1.04762   0.85714   0.38095  48.00000
   1.09524   0.90476   0.38095  24.00000
   1.00000   0.76190   0.42857  24.00000
   1.04762   0.80952   0.42857  48.00000
   1.09524   0.85714   0.42857  48.00000
   1.00000   0.71429   0.47619  24.00000
   1.04762   0.76190   0.47619  48.00000
   1.09524   0.80952   0.47619  48.00000
   1.14286   0.85714   0.47619  24.00000
   1.00000   0.66667   0.52381  24.00000
   1.04762   0.71429   0.52381  48.00000
   1.09524   0.76190   0.52381  48.00000
   1.14286   0.80952   0.52381  48.00000
   1.00000   0.61905   0.57143  24.00000
   1.04762   0.66667   0.57143  48.00000
   1.09524   0.71429   0.57143  48.00000
   1.14286   0.76190   0.57143  48.00000
   1.19048   0.80952   0.57143  24.00000
   1.04762   0.61905   0.61905  24.00000
   1.09524   0.66667   0.61905  48.00000
   1.14286   0.71429   0.61905  48.00000
   1.19048   0.76190   0.61905  48.00000
   1.14286   0.66667   0.66667  24.00000
   1.19048   0.71429   0.66667  48.00000
   1.23810   0.76190   0.66667  24.00000
   1.23810   0.71429   0.71429  24.00000
   0.28571   0.28571   0.28571   8.00000
   0.33333   0.33333   0.28571  24.00000
   0.38095   0.38095   0.28571  24.00000
   0.42857   0.42857   0.28571  24.00000
   0.47619   0.47619   0.28571  24.00000
   1.00000   1.00000   0.28571   6.00000
   0.38095   0.33333   0.33333  24.00000
   0.42857   0.38095   0.33333  48.00000
   0.47619   0.42857   0.33333  48.00000
   0.52381   0.47619   0.33333  24.00000
   1.00000   0.95238   0.33333  24.00000
   0.47619   0.38095   0.38095  24.00000
   0.52381   0.42857   0.38095  48.00000
   1.00000   0.90476   0.38095  24.00000
   1.04762   0.95238   0.38095  24.00000
   0.57143   0.42857   0.42857   8.00000
   1.00000   0.85714   0.42857  24.00000
   1.04762   0.90476   0.42857  48.00000
   1.00000   0.80952   0.47619  24.00000
   1.04762   0.85714   0.47619  48.00000
   1.09524   0.90476   0.47619  24.00000
   1.00000   0.76190   0.52381  24.00000
   1.04762   0.80952   0.52381  48.00000
   1.09524   0.85714   0.52381  48.00000
   1.00000   0.71429   0.57143  24.00000
   1.04762   0.76190   0.57143  48.00000
   1.09524   0.80952   0.57143  48.00000
   1.14286   0.85714   0.57143  24.00000
   1.00000   0.66667   0.61905  24.00000
   1.04762   0.71429   0.61905  48.00000
   1.09524   0.76190   0.61905  48.00000
   1.14286   0.80952   0.61905  48.00000
   1.04762   0.66667   0.66667  24.00000
   1.09524   0.71429   0.66667  48.00000
   1.14286   0.76190   0.66667  48.00000
   1.19048   0.80952   0.66667  24.00000
   1.14286   0.71429   0.71429  24.00000
   1.19048   0.76190   0.71429  48.00000
   1.23810   0.76190   0.76190   8.00000
   0.38095   0.38095   0.38095   8.00000
   0.42857   0.42857   0.38095  24.00000
   0.47619   0.47619   0.38095  24.00000
   1.00000   1.00000   0.38095   6.00000
   0.47619   0.42857   0.42857  24.00000
   0.52381   0.47619   0.42857  24.00000
   1.00000   0.95238   0.42857  24.00000
   1.00000   0.90476   0.47619  24.00000
   1.04762   0.95238   0.47619  24.00000
   1.00000   0.85714   0.52381  24.00000
   1.04762   0.90476   0.52381  48.00000
   1.00000   0.80952   0.57143  24.00000
   1.04762   0.85714   0.57143  48.00000
   1.09524   0.90476   0.57143  24.00000
   1.00000   0.76190   0.61905  24.00000
   1.04762   0.80952   0.61905  48.00000
   1.09524   0.85714   0.61905  48.00000
   1.00000   0.71429   0.66667  24.00000
   1.04762   0.76190   0.66667  48.00000
   1.09524   0.80952   0.66667  48.00000
   1.14286   0.85714   0.66667  24.00000
   1.04762   0.71429   0.71429  24.00000
   1.09524   0.76190   0.71429  48.00000
   1.14286   0.80952   0.71429  48.00000
   1.14286   0.76190   0.76190  24.00000
   1.19048   0.80952   0.76190  24.00000
   0.47619   0.47619   0.47619   8.00000
   1.00000   1.00000   0.47619   6.00000
   1.00000   0.95238   0.52381  24.00000
   1.00000   0.90476   0.57143  24.00000
   1.04762   0.95238   0.57143  24.00000
   1.00000   0.85714   0.61905  24.00000
   1.04762   0.90476   0.61905  48.00000
   1.00000   0.80952   0.66667  24.00000
   1.04762   0.85714   0.66667  48.00000
   1.09524   0.90476   0.66667  24.00000
   1.00000   0.76190   0.71429  24.00000
   1.04762   0.80952   0.71429  48.00000
   1.09524   0.85714   0.71429  48.00000
   1.04762   0.76190   0.76190  24.00000
   1.09524   0.80952   0.76190  48.00000
   1.14286   0.85714   0.76190  24.00000
   1.14286   0.80952   0.80952  24.00000
   1.00000   1.00000   0.57143   6.00000
   1.00000   0.95238   0.61905  24.00000
   1.00000   0.90476   0.66667  24.00000
   1.04762   0.95238   0.66667  24.00000
   1.00000   0.85714   0.71429  24.00000
   1.04762   0.90476   0.71429  48.00000
   1.00000   0.80952   0.76190  24.00000
   1.04762   0.85714   0.76190  48.00000
   1.09524   0.90476   0.76190  24.00000
   1.04762   0.80952   0.80952  24.00000
   1.09524   0.85714   0.80952  48.00000
   1.14286   0.85714   0.85714   8.00000
   1.00000   1.00000   0.66667   6.00000
   1.00000   0.95238   0.71429  24.00000
   1.00000   0.90476   0.76190  24.00000
   1.04762   0.95238   0.76190  24.00000
   1.00000   0.85714   0.80952  24.00000
   1.04762   0.90476   0.80952  48.00000
   1.04762   0.85714   0.85714  24.00000
   1.09524   0.90476   0.85714  24.00000
   1.00000   1.00000   0.76190   6.00000
   1.00000   0.95238   0.80952  24.00000
   1.00000   0.90476   0.85714  24.00000
   1.04762   0.95238   0.85714  24.00000
   1.04762   0.90476   0.90476  24.00000
   1.00000   1.00000   0.85714   6.00000
   1.00000   0.95238   0.90476  24.00000
   1.04762   0.95238   0.95238   8.00000
   1.00000   1.00000   0.95238   6.00000




                              --------------------------------------------------
                                 S T R U C T U R A L   I N F O R M A T I O N
                              --------------------------------------------------


   SUBSTANCE                    = cubic body-centered  (epsilon Pu)                                               

   LATTICE                      = B   
   LATTICE CONSTANTS ARE        =    5.8058380   5.8058380   5.8058380
   NUMBER OF ATOMS IN UNITCELL  =   1
   MODE OF CALCULATION IS       = RELA
 IORD=          48
 FNAMES=
 ./epsilon_Pu_0.vectorso_1                                                      
                                                                                
                                           
 ./epsilon_Pu_0.vectorsodn_1                                                    
                                                                                
                                           
 epsilon_Pu_0.energyso_1                                                        
                                                                                
                                           
 epsilon_Pu_0.energysodn_1                                                      
                                                                                
                                           
  BR1,  BR2
   1.08222   0.00000   0.00000      0.00000   1.08222   1.08222
   0.00000   1.08222   0.00000      1.08222   0.00000   1.08222
   0.00000   0.00000   1.08222      1.08222   1.08222   0.00000
 projector corrected--must be 1,2, or 3! Now projector= 2
 Energy window:   -0.4410 < E <      0.441
 Projected density of states calculation for  1 atoms
--------- atom  1 -------------
l=  3  qsplit=  4
 Symmetrization over eq. k-points is performed
 ********** Start Reading Cix file *************
  Correlated block number           1
  Correlated index=
  1  0  0  0  0  0  0  0  0  0  0  0  0  0
  0  1  0  0  0  0  0  0  0  0  0  0  0  0
  0  0  1  0  0  0  0  0  0  0  0  0  0  0
  0  0  0  1  0  0  0  0  0  0  0  0  0  0
  0  0  0  0  1  0  0  0  0  0  0  0  0  0
  0  0  0  0  0  1  0  0  0  0  0  0  0  0
  0  0  0  0  0  0  2  0  0  0  0  0  0  0
  0  0  0  0  0  0  0  2  0  0  0  0  0  0
  0  0  0  0  0  0  0  0  2  0  0  0  0  0
  0  0  0  0  0  0  0  0  0  2  0  0  0  0
  0  0  0  0  0  0  0  0  0  0  2  0  0  0
  0  0  0  0  0  0  0  0  0  0  0  2  0  0
  0  0  0  0  0  0  0  0  0  0  0  0  2  0
  0  0  0  0  0  0  0  0  0  0  0  0  0  2
  Real part of unitary matrix=
  0.9258  0.0000  0.0000  0.0000  0.0000  0.0000  0.0000  0.0000 -0.3780  0.0000  0.0000  0.0000  0.0000  0.0000
  0.0000  0.8452  0.0000  0.0000  0.0000  0.0000  0.0000  0.0000  0.0000 -0.5345  0.0000  0.0000  0.0000  0.0000
  0.0000  0.0000  0.7559  0.0000  0.0000  0.0000  0.0000  0.0000  0.0000  0.0000 -0.6547  0.0000  0.0000  0.0000
  0.0000  0.0000  0.0000  0.6547  0.0000  0.0000  0.0000  0.0000  0.0000  0.0000  0.0000 -0.7559  0.0000  0.0000
  0.0000  0.0000  0.0000  0.0000  0.5345  0.0000  0.0000  0.0000  0.0000  0.0000  0.0000  0.0000 -0.8452  0.0000
  0.0000  0.0000  0.0000  0.0000  0.0000  0.3780  0.0000  0.0000  0.0000  0.0000  0.0000  0.0000  0.0000 -0.9258
  0.0000  0.0000  0.0000  0.0000  0.0000  0.0000  0.0000  1.0000  0.0000  0.0000  0.0000  0.0000  0.0000  0.0000
  0.3780  0.0000  0.0000  0.0000  0.0000  0.0000  0.0000  0.0000  0.9258  0.0000  0.0000  0.0000  0.0000  0.0000
  0.0000  0.5345  0.0000  0.0000  0.0000  0.0000  0.0000  0.0000  0.0000  0.8452  0.0000  0.0000  0.0000  0.0000
  0.0000  0.0000  0.6547  0.0000  0.0000  0.0000  0.0000  0.0000  0.0000  0.0000  0.7559  0.0000  0.0000  0.0000
  0.0000  0.0000  0.0000  0.7559  0.0000  0.0000  0.0000  0.0000  0.0000  0.0000  0.0000  0.6547  0.0000  0.0000
  0.0000  0.0000  0.0000  0.0000  0.8452  0.0000  0.0000  0.0000  0.0000  0.0000  0.0000  0.0000  0.5345  0.0000
  0.0000  0.0000  0.0000  0.0000  0.0000  0.9258  0.0000  0.0000  0.0000  0.0000  0.0000  0.0000  0.0000  0.3780
  0.0000  0.0000  0.0000  0.0000  0.0000  0.0000  1.0000  0.0000  0.0000  0.0000  0.0000  0.0000  0.0000  0.0000
  Imaginary part of unitary matrix=
  0.0000  0.0000  0.0000  0.0000  0.0000  0.0000  0.0000  0.0000  0.0000  0.0000  0.0000  0.0000  0.0000  0.0000
  0.0000  0.0000  0.0000  0.0000  0.0000  0.0000  0.0000  0.0000  0.0000  0.0000  0.0000  0.0000  0.0000  0.0000
  0.0000  0.0000  0.0000  0.0000  0.0000  0.0000  0.0000  0.0000  0.0000  0.0000  0.0000  0.0000  0.0000  0.0000
  0.0000  0.0000  0.0000  0.0000  0.0000  0.0000  0.0000  0.0000  0.0000  0.0000  0.0000  0.0000  0.0000  0.0000
  0.0000  0.0000  0.0000  0.0000  0.0000  0.0000  0.0000  0.0000  0.0000  0.0000  0.0000  0.0000  0.0000  0.0000
  0.0000  0.0000  0.0000  0.0000  0.0000  0.0000  0.0000  0.0000  0.0000  0.0000  0.0000  0.0000  0.0000  0.0000
  0.0000  0.0000  0.0000  0.0000  0.0000  0.0000  0.0000  0.0000  0.0000  0.0000  0.0000  0.0000  0.0000  0.0000
  0.0000  0.0000  0.0000  0.0000  0.0000  0.0000  0.0000  0.0000  0.0000  0.0000  0.0000  0.0000  0.0000  0.0000
  0.0000  0.0000  0.0000  0.0000  0.0000  0.0000  0.0000  0.0000  0.0000  0.0000  0.0000  0.0000  0.0000  0.0000
  0.0000  0.0000  0.0000  0.0000  0.0000  0.0000  0.0000  0.0000  0.0000  0.0000  0.0000  0.0000  0.0000  0.0000
  0.0000  0.0000  0.0000  0.0000  0.0000  0.0000  0.0000  0.0000  0.0000  0.0000  0.0000  0.0000  0.0000  0.0000
  0.0000  0.0000  0.0000  0.0000  0.0000  0.0000  0.0000  0.0000  0.0000  0.0000  0.0000  0.0000  0.0000  0.0000
  0.0000  0.0000  0.0000  0.0000  0.0000  0.0000  0.0000  0.0000  0.0000  0.0000  0.0000  0.0000  0.0000  0.0000
  0.0000  0.0000  0.0000  0.0000  0.0000  0.0000  0.0000  0.0000  0.0000  0.0000  0.0000  0.0000  0.0000  0.0000
  At least one transformation matrix is not Identity
 Magnetic system with s-o coupling; M theta, phi:  0.0000  0.0000
 Inside ROTDEF
Operation  1 transforms atom   1 from first atom   1
Actual position of atom  1 is:  0.000000    0.000000    0.000000
 
Combined transformation (acting on k-point) for correlated atoms
including users rotation and internal local rotation
catom  1 atom   1
   1.08222   0.00000   0.00000
   0.00000  -1.08222   0.00000
   0.00000   0.00000  -1.08222
 
 
 SPIN COORD SYSTEM:
    1.000000    0.000000    0.000000
    0.000000    1.000000    0.000000
    0.000000    0.000000    1.000000
 
 in global cartezian coordinates:
    1.000000    0.000000    0.000000
    0.000000   -1.000000    0.000000
    0.000000    0.000000   -1.000000
 ____________________________
 in spin coordinates:
    1.000000    0.000000    0.000000
    0.000000   -1.000000    0.000000
    0.000000    0.000000   -1.000000
           1   3.14159268339212       -1.00000000000000     
 
 in global cartezian coordinates:
    0.000000    1.000000    0.000000
   -1.000000    0.000000    0.000000
    0.000000    0.000000   -1.000000
 ____________________________
 in spin coordinates:
    0.000000    1.000000    0.000000
   -1.000000    0.000000    0.000000
    0.000000    0.000000   -1.000000
           2   1.57079632679490        1.00000000000000     
 
 in global cartezian coordinates:
    1.000000    0.000000    0.000000
    0.000000    0.000000   -1.000000
    0.000000   -1.000000    0.000000
 ____________________________
 in spin coordinates:
    1.000000    0.000000    0.000000
    0.000000    0.000000   -1.000000
    0.000000   -1.000000    0.000000
           3   1.57079632679490       0.000000000000000E+000
 
 symm. operation            3  removed !!!! so-det=  0.000000000000000E+000
 in global cartezian coordinates:
    0.000000    0.000000    1.000000
   -1.000000    0.000000    0.000000
    0.000000   -1.000000    0.000000
 ____________________________
 in spin coordinates:
    0.000000    0.000000    1.000000
   -1.000000    0.000000    0.000000
    0.000000   -1.000000    0.000000
           4   1.57079632679490       0.000000000000000E+000
 
 symm. operation            4  removed !!!! so-det=  0.000000000000000E+000
 in global cartezian coordinates:
    0.000000    1.000000    0.000000
    0.000000    0.000000   -1.000000
   -1.000000    0.000000    0.000000
 ____________________________
 in spin coordinates:
    0.000000    1.000000    0.000000
    0.000000    0.000000   -1.000000
   -1.000000    0.000000    0.000000
           5 NaN                      0.000000000000000E+000
 
 symm. operation            5  removed !!!! so-det=  0.000000000000000E+000
 in global cartezian coordinates:
    0.000000    0.000000    1.000000
    0.000000   -1.000000    0.000000
   -1.000000    0.000000    0.000000
 ____________________________
 in spin coordinates:
    0.000000    0.000000    1.000000
    0.000000   -1.000000    0.000000
   -1.000000    0.000000    0.000000
           6   1.57079632679490       0.000000000000000E+000
 
 symm. operation            6  removed !!!! so-det=  0.000000000000000E+000
 in global cartezian coordinates:
   -1.000000    0.000000    0.000000
    0.000000   -1.000000    0.000000
    0.000000    0.000000   -1.000000
 ____________________________
 in spin coordinates:
   -1.000000    0.000000    0.000000
    0.000000   -1.000000    0.000000
    0.000000    0.000000   -1.000000
           7  2.980232238769531E-008   1.00000000000000     
 
 in global cartezian coordinates:
    0.000000    1.000000    0.000000
    1.000000    0.000000    0.000000
    0.000000    0.000000   -1.000000
 ____________________________
 in spin coordinates:
    0.000000    1.000000    0.000000
    1.000000    0.000000    0.000000
    0.000000    0.000000   -1.000000
           8   1.57079632679490       -1.00000000000000     
 
 in global cartezian coordinates:
   -1.000000    0.000000    0.000000
    0.000000    0.000000   -1.000000
    0.000000   -1.000000    0.000000
 ____________________________
 in spin coordinates:
   -1.000000    0.000000    0.000000
    0.000000    0.000000   -1.000000
    0.000000   -1.000000    0.000000
           9   1.57079632679490       0.000000000000000E+000
 
 symm. operation            9  removed !!!! so-det=  0.000000000000000E+000
 in global cartezian coordinates:
    0.000000    0.000000    1.000000
    1.000000    0.000000    0.000000
    0.000000   -1.000000    0.000000
 ____________________________
 in spin coordinates:
    0.000000    0.000000    1.000000
    1.000000    0.000000    0.000000
    0.000000   -1.000000    0.000000
          10   1.57079632679490       0.000000000000000E+000
 
 symm. operation           10  removed !!!! so-det=  0.000000000000000E+000
 in global cartezian coordinates:
    0.000000    1.000000    0.000000
    0.000000    0.000000   -1.000000
    1.000000    0.000000    0.000000
 ____________________________
 in spin coordinates:
    0.000000    1.000000    0.000000
    0.000000    0.000000   -1.000000
    1.000000    0.000000    0.000000
          11 NaN                      0.000000000000000E+000
 
 symm. operation           11  removed !!!! so-det=  0.000000000000000E+000
 in global cartezian coordinates:
    0.000000    0.000000    1.000000
    0.000000   -1.000000    0.000000
    1.000000    0.000000    0.000000
 ____________________________
 in spin coordinates:
    0.000000    0.000000    1.000000
    0.000000   -1.000000    0.000000
    1.000000    0.000000    0.000000
          12   1.57079632679490       0.000000000000000E+000
 
 symm. operation           12  removed !!!! so-det=  0.000000000000000E+000
 in global cartezian coordinates:
    0.000000   -1.000000    0.000000
   -1.000000    0.000000    0.000000
    0.000000    0.000000   -1.000000
 ____________________________
 in spin coordinates:
    0.000000   -1.000000    0.000000
   -1.000000    0.000000    0.000000
    0.000000    0.000000   -1.000000
          13   4.71238898038469       -1.00000000000000     
 
 in global cartezian coordinates:
    1.000000    0.000000    0.000000
    0.000000    1.000000    0.000000
    0.000000    0.000000   -1.000000
 ____________________________
 in spin coordinates:
    1.000000    0.000000    0.000000
    0.000000    1.000000    0.000000
    0.000000    0.000000   -1.000000
          14   3.14159262378747        1.00000000000000     
 
 in global cartezian coordinates:
    0.000000   -1.000000    0.000000
    0.000000    0.000000   -1.000000
   -1.000000    0.000000    0.000000
 ____________________________
 in spin coordinates:
    0.000000   -1.000000    0.000000
    0.000000    0.000000   -1.000000
   -1.000000    0.000000    0.000000
          15 NaN                      0.000000000000000E+000
 
 symm. operation           15  removed !!!! so-det=  0.000000000000000E+000
 in global cartezian coordinates:
    0.000000    0.000000    1.000000
    0.000000    1.000000    0.000000
   -1.000000    0.000000    0.000000
 ____________________________
 in spin coordinates:
    0.000000    0.000000    1.000000
    0.000000    1.000000    0.000000
   -1.000000    0.000000    0.000000
          16   1.57079632679490       0.000000000000000E+000
 
 symm. operation           16  removed !!!! so-det=  0.000000000000000E+000
 in global cartezian coordinates:
    1.000000    0.000000    0.000000
    0.000000    0.000000   -1.000000
    0.000000    1.000000    0.000000
 ____________________________
 in spin coordinates:
    1.000000    0.000000    0.000000
    0.000000    0.000000   -1.000000
    0.000000    1.000000    0.000000
          17   1.57079632679490       0.000000000000000E+000
 
 symm. operation           17  removed !!!! so-det=  0.000000000000000E+000
 in global cartezian coordinates:
    0.000000    0.000000    1.000000
   -1.000000    0.000000    0.000000
    0.000000    1.000000    0.000000
 ____________________________
 in spin coordinates:
    0.000000    0.000000    1.000000
   -1.000000    0.000000    0.000000
    0.000000    1.000000    0.000000
          18   1.57079632679490       0.000000000000000E+000
 
 symm. operation           18  removed !!!! so-det=  0.000000000000000E+000
 in global cartezian coordinates:
    0.000000    0.000000   -1.000000
   -1.000000    0.000000    0.000000
    0.000000   -1.000000    0.000000
 ____________________________
 in spin coordinates:
    0.000000    0.000000   -1.000000
   -1.000000    0.000000    0.000000
    0.000000   -1.000000    0.000000
          19   1.57079632679490       0.000000000000000E+000
 
 symm. operation           19  removed !!!! so-det=  0.000000000000000E+000
 in global cartezian coordinates:
    1.000000    0.000000    0.000000
    0.000000    0.000000    1.000000
    0.000000   -1.000000    0.000000
 ____________________________
 in spin coordinates:
    1.000000    0.000000    0.000000
    0.000000    0.000000    1.000000
    0.000000   -1.000000    0.000000
          20   1.57079632679490       0.000000000000000E+000
 
 symm. operation           20  removed !!!! so-det=  0.000000000000000E+000
 in global cartezian coordinates:
    0.000000    0.000000   -1.000000
    0.000000   -1.000000    0.000000
   -1.000000    0.000000    0.000000
 ____________________________
 in spin coordinates:
    0.000000    0.000000   -1.000000
    0.000000   -1.000000    0.000000
   -1.000000    0.000000    0.000000
          21   1.57079632679490       0.000000000000000E+000
 
 symm. operation           21  removed !!!! so-det=  0.000000000000000E+000
 in global cartezian coordinates:
    0.000000    1.000000    0.000000
    0.000000    0.000000    1.000000
   -1.000000    0.000000    0.000000
 ____________________________
 in spin coordinates:
    0.000000    1.000000    0.000000
    0.000000    0.000000    1.000000
   -1.000000    0.000000    0.000000
          22 NaN                      0.000000000000000E+000
 
 symm. operation           22  removed !!!! so-det=  0.000000000000000E+000
 in global cartezian coordinates:
    1.000000    0.000000    0.000000
    0.000000   -1.000000    0.000000
    0.000000    0.000000    1.000000
 ____________________________
 in spin coordinates:
    1.000000    0.000000    0.000000
    0.000000   -1.000000    0.000000
    0.000000    0.000000    1.000000
          23   6.28318527737726       -1.00000000000000     
 
 in global cartezian coordinates:
    0.000000    1.000000    0.000000
   -1.000000    0.000000    0.000000
    0.000000    0.000000    1.000000
 ____________________________
 in spin coordinates:
    0.000000    1.000000    0.000000
   -1.000000    0.000000    0.000000
    0.000000    0.000000    1.000000
          24  -1.57079632679490        1.00000000000000     
 
 in global cartezian coordinates:
    0.000000   -1.000000    0.000000
    1.000000    0.000000    0.000000
    0.000000    0.000000   -1.000000
 ____________________________
 in spin coordinates:
    0.000000   -1.000000    0.000000
    1.000000    0.000000    0.000000
    0.000000    0.000000   -1.000000
          25  -1.57079632679490        1.00000000000000     
 
 in global cartezian coordinates:
   -1.000000    0.000000    0.000000
    0.000000    1.000000    0.000000
    0.000000    0.000000   -1.000000
 ____________________________
 in spin coordinates:
   -1.000000    0.000000    0.000000
    0.000000    1.000000    0.000000
    0.000000    0.000000   -1.000000
          26   6.28318527737726       -1.00000000000000     
 
 in global cartezian coordinates:
    0.000000   -1.000000    0.000000
    0.000000    0.000000   -1.000000
    1.000000    0.000000    0.000000
 ____________________________
 in spin coordinates:
    0.000000   -1.000000    0.000000
    0.000000    0.000000   -1.000000
    1.000000    0.000000    0.000000
          27 NaN                      0.000000000000000E+000
 
 symm. operation           27  removed !!!! so-det=  0.000000000000000E+000
 in global cartezian coordinates:
    0.000000    0.000000    1.000000
    0.000000    1.000000    0.000000
    1.000000    0.000000    0.000000
 ____________________________
 in spin coordinates:
    0.000000    0.000000    1.000000
    0.000000    1.000000    0.000000
    1.000000    0.000000    0.000000
          28   1.57079632679490       0.000000000000000E+000
 
 symm. operation           28  removed !!!! so-det=  0.000000000000000E+000
 in global cartezian coordinates:
   -1.000000    0.000000    0.000000
    0.000000    0.000000   -1.000000
    0.000000    1.000000    0.000000
 ____________________________
 in spin coordinates:
   -1.000000    0.000000    0.000000
    0.000000    0.000000   -1.000000
    0.000000    1.000000    0.000000
          29   1.57079632679490       0.000000000000000E+000
 
 symm. operation           29  removed !!!! so-det=  0.000000000000000E+000
 in global cartezian coordinates:
    0.000000    0.000000    1.000000
    1.000000    0.000000    0.000000
    0.000000    1.000000    0.000000
 ____________________________
 in spin coordinates:
    0.000000    0.000000    1.000000
    1.000000    0.000000    0.000000
    0.000000    1.000000    0.000000
          30   1.57079632679490       0.000000000000000E+000
 
 symm. operation           30  removed !!!! so-det=  0.000000000000000E+000
 in global cartezian coordinates:
    0.000000    0.000000   -1.000000
    1.000000    0.000000    0.000000
    0.000000   -1.000000    0.000000
 ____________________________
 in spin coordinates:
    0.000000    0.000000   -1.000000
    1.000000    0.000000    0.000000
    0.000000   -1.000000    0.000000
          31   1.57079632679490       0.000000000000000E+000
 
 symm. operation           31  removed !!!! so-det=  0.000000000000000E+000
 in global cartezian coordinates:
   -1.000000    0.000000    0.000000
    0.000000    0.000000    1.000000
    0.000000   -1.000000    0.000000
 ____________________________
 in spin coordinates:
   -1.000000    0.000000    0.000000
    0.000000    0.000000    1.000000
    0.000000   -1.000000    0.000000
          32   1.57079632679490       0.000000000000000E+000
 
 symm. operation           32  removed !!!! so-det=  0.000000000000000E+000
 in global cartezian coordinates:
    0.000000    0.000000   -1.000000
    0.000000   -1.000000    0.000000
    1.000000    0.000000    0.000000
 ____________________________
 in spin coordinates:
    0.000000    0.000000   -1.000000
    0.000000   -1.000000    0.000000
    1.000000    0.000000    0.000000
          33   1.57079632679490       0.000000000000000E+000
 
 symm. operation           33  removed !!!! so-det=  0.000000000000000E+000
 in global cartezian coordinates:
    0.000000    1.000000    0.000000
    0.000000    0.000000    1.000000
    1.000000    0.000000    0.000000
 ____________________________
 in spin coordinates:
    0.000000    1.000000    0.000000
    0.000000    0.000000    1.000000
    1.000000    0.000000    0.000000
          34 NaN                      0.000000000000000E+000
 
 symm. operation           34  removed !!!! so-det=  0.000000000000000E+000
 in global cartezian coordinates:
   -1.000000    0.000000    0.000000
    0.000000   -1.000000    0.000000
    0.000000    0.000000    1.000000
 ____________________________
 in spin coordinates:
   -1.000000    0.000000    0.000000
    0.000000   -1.000000    0.000000
    0.000000    0.000000    1.000000
          35   3.14159262378747        1.00000000000000     
 
 in global cartezian coordinates:
    0.000000    1.000000    0.000000
    1.000000    0.000000    0.000000
    0.000000    0.000000    1.000000
 ____________________________
 in spin coordinates:
    0.000000    1.000000    0.000000
    1.000000    0.000000    0.000000
    0.000000    0.000000    1.000000
          36   4.71238898038469       -1.00000000000000     
 
 in global cartezian coordinates:
    0.000000    0.000000   -1.000000
    0.000000    1.000000    0.000000
   -1.000000    0.000000    0.000000
 ____________________________
 in spin coordinates:
    0.000000    0.000000   -1.000000
    0.000000    1.000000    0.000000
   -1.000000    0.000000    0.000000
          37   1.57079632679490       0.000000000000000E+000
 
 symm. operation           37  removed !!!! so-det=  0.000000000000000E+000
 in global cartezian coordinates:
    0.000000   -1.000000    0.000000
    0.000000    0.000000    1.000000
   -1.000000    0.000000    0.000000
 ____________________________
 in spin coordinates:
    0.000000   -1.000000    0.000000
    0.000000    0.000000    1.000000
   -1.000000    0.000000    0.000000
          38 NaN                      0.000000000000000E+000
 
 symm. operation           38  removed !!!! so-det=  0.000000000000000E+000
 in global cartezian coordinates:
    0.000000    0.000000   -1.000000
   -1.000000    0.000000    0.000000
    0.000000    1.000000    0.000000
 ____________________________
 in spin coordinates:
    0.000000    0.000000   -1.000000
   -1.000000    0.000000    0.000000
    0.000000    1.000000    0.000000
          39   1.57079632679490       0.000000000000000E+000
 
 symm. operation           39  removed !!!! so-det=  0.000000000000000E+000
 in global cartezian coordinates:
    1.000000    0.000000    0.000000
    0.000000    0.000000    1.000000
    0.000000    1.000000    0.000000
 ____________________________
 in spin coordinates:
    1.000000    0.000000    0.000000
    0.000000    0.000000    1.000000
    0.000000    1.000000    0.000000
          40   1.57079632679490       0.000000000000000E+000
 
 symm. operation           40  removed !!!! so-det=  0.000000000000000E+000
 in global cartezian coordinates:
    0.000000   -1.000000    0.000000
   -1.000000    0.000000    0.000000
    0.000000    0.000000    1.000000
 ____________________________
 in spin coordinates:
    0.000000   -1.000000    0.000000
   -1.000000    0.000000    0.000000
    0.000000    0.000000    1.000000
          41   1.57079632679490       -1.00000000000000     
 
 in global cartezian coordinates:
    1.000000    0.000000    0.000000
    0.000000    1.000000    0.000000
    0.000000    0.000000    1.000000
 ____________________________
 in spin coordinates:
    1.000000    0.000000    0.000000
    0.000000    1.000000    0.000000
    0.000000    0.000000    1.000000
          42  2.980232238769531E-008   1.00000000000000     
 
 in global cartezian coordinates:
    0.000000    0.000000   -1.000000
    0.000000    1.000000    0.000000
    1.000000    0.000000    0.000000
 ____________________________
 in spin coordinates:
    0.000000    0.000000   -1.000000
    0.000000    1.000000    0.000000
    1.000000    0.000000    0.000000
          43   1.57079632679490       0.000000000000000E+000
 
 symm. operation           43  removed !!!! so-det=  0.000000000000000E+000
 in global cartezian coordinates:
    0.000000   -1.000000    0.000000
    0.000000    0.000000    1.000000
    1.000000    0.000000    0.000000
 ____________________________
 in spin coordinates:
    0.000000   -1.000000    0.000000
    0.000000    0.000000    1.000000
    1.000000    0.000000    0.000000
          44 NaN                      0.000000000000000E+000
 
 symm. operation           44  removed !!!! so-det=  0.000000000000000E+000
 in global cartezian coordinates:
    0.000000    0.000000   -1.000000
    1.000000    0.000000    0.000000
    0.000000    1.000000    0.000000
 ____________________________
 in spin coordinates:
    0.000000    0.000000   -1.000000
    1.000000    0.000000    0.000000
    0.000000    1.000000    0.000000
          45   1.57079632679490       0.000000000000000E+000
 
 symm. operation           45  removed !!!! so-det=  0.000000000000000E+000
 in global cartezian coordinates:
   -1.000000    0.000000    0.000000
    0.000000    0.000000    1.000000
    0.000000    1.000000    0.000000
 ____________________________
 in spin coordinates:
   -1.000000    0.000000    0.000000
    0.000000    0.000000    1.000000
    0.000000    1.000000    0.000000
          46   1.57079632679490       0.000000000000000E+000
 
 symm. operation           46  removed !!!! so-det=  0.000000000000000E+000
 in global cartezian coordinates:
    0.000000   -1.000000    0.000000
    1.000000    0.000000    0.000000
    0.000000    0.000000    1.000000
 ____________________________
 in spin coordinates:
    0.000000   -1.000000    0.000000
    1.000000    0.000000    0.000000
    0.000000    0.000000    1.000000
          47   1.57079632679490        1.00000000000000     
 
 in global cartezian coordinates:
   -1.000000    0.000000    0.000000
    0.000000    1.000000    0.000000
    0.000000    0.000000    1.000000
 ____________________________
 in spin coordinates:
   -1.000000    0.000000    0.000000
    0.000000    1.000000    0.000000
    0.000000    0.000000    1.000000
          48   3.14159268339212       -1.00000000000000     
 
 Original and SO-compatible symops changed:          48          16
 FNAME=
 epsilon_Pu_0.energyso_1                                                        
                                                                                
                                                     60
 FNAME=
 epsilon_Pu_0.energysodn_1                                                      
                                                                                
                                                     59
 BZ-integration with TETRA-program.   icor=: 1
 Equal occupancy of degenerate states, tol=: 0.1E-05
 call eord...
 call dos...
 ILOOP            1
 ILOOP            2
   FERMI ENERGY AT    2.00255571796477     
 RESULT OF INTEGRATION:      15.999999999828; SHOULD BE:      15.999999999900
   SUM RULE OF TETRAHEDRON INTEGRATION CHECKED 
 call eweigh...
   number of occupied bands:          18
   highest energy:   2.06417573570271     
 FERMI-LDA=   2.003 Ryd,  27.246 eV.
 ABSOLUTE EMIN=   1.562 Ryd.  21.246 eV.
 ABSOLUTE EMAX=   2.444 Ryd.  33.246 eV.


:NLDA  : NUMBER OF ELECTRONS          =  16.000

:FLDA  : F E R M I - ENERGY           =   2.00256
 
 ********** Information about the atomic index arrays ************
 iatom=           1
 isort=           1
 csort=           1
 maxucase=           1
icase, iucase, jatom, latom=     1     1     1     1
 
 *****  Arrays for correlated blocks ******
 norbitals=           1
 maxdim2=          14
iorbital( 1, 1)=   1
cix( 1, 1)=   1
icase,lcase,icix,iorb,nind1,ip1,iSx=    1    1    1    1   14    1    1
icase,lcase,icix,iorb,nind1,ip1,iSx=    1    1    1    1   14    2    2
icase,lcase,icix,iorb,nind1,ip1,iSx=    1    1    1    1   14    3    3
icase,lcase,icix,iorb,nind1,ip1,iSx=    1    1    1    1   14    4    4
icase,lcase,icix,iorb,nind1,ip1,iSx=    1    1    1    1   14    5    5
icase,lcase,icix,iorb,nind1,ip1,iSx=    1    1    1    1   14    6    6
icase,lcase,icix,iorb,nind1,ip1,iSx=    1    1    1    1   14    7    7
icase,lcase,icix,iorb,nind1,ip1,iSx=    1    1    1    1   14    8    8
icase,lcase,icix,iorb,nind1,ip1,iSx=    1    1    1    1   14    9    9
icase,lcase,icix,iorb,nind1,ip1,iSx=    1    1    1    1   14   10   10
icase,lcase,icix,iorb,nind1,ip1,iSx=    1    1    1    1   14   11   11
icase,lcase,icix,iorb,nind1,ip1,iSx=    1    1    1    1   14   12   12
icase,lcase,icix,iorb,nind1,ip1,iSx=    1    1    1    1   14   13   13
icase,lcase,icix,iorb,nind1,ip1,iSx=    1    1    1    1   14   14   14
cixdim( 1)=14
noccur( 1, 1)=   6
noccur( 2, 1)=   8
iSx( 1, 1)=  1
iSx( 2, 1)=  2
iSx( 3, 1)=  3
iSx( 4, 1)=  4
iSx( 5, 1)=  5
iSx( 6, 1)=  6
iSx( 7, 1)=  7
iSx( 8, 1)=  8
iSx( 9, 1)=  9
iSx(10, 1)= 10
iSx(11, 1)= 11
iSx(12, 1)= 12
iSx(13, 1)= 13
iSx(14, 1)= 14
nindo( 1)= 14
CF for iorb1= 1 iorb2= 1
    0.92582010     0.00000000       0.00000000     0.00000000       0.00000000     0.00000000       0.00000000     0.00000000       0.00000000     0.00000000       0.00000000     0.00000000       0.00000000     0.00000000       0.00000000     0.00000000      -0.37796447     0.00000000       0.00000000     0.00000000       0.00000000     0.00000000       0.00000000     0.00000000       0.00000000     0.00000000       0.00000000     0.00000000   
    0.00000000     0.00000000       0.84515425     0.00000000       0.00000000     0.00000000       0.00000000     0.00000000       0.00000000     0.00000000       0.00000000     0.00000000       0.00000000     0.00000000       0.00000000     0.00000000       0.00000000     0.00000000      -0.53452248     0.00000000       0.00000000     0.00000000       0.00000000     0.00000000       0.00000000     0.00000000       0.00000000     0.00000000   
    0.00000000     0.00000000       0.00000000     0.00000000       0.75592895     0.00000000       0.00000000     0.00000000       0.00000000     0.00000000       0.00000000     0.00000000       0.00000000     0.00000000       0.00000000     0.00000000       0.00000000     0.00000000       0.00000000     0.00000000      -0.65465367     0.00000000       0.00000000     0.00000000       0.00000000     0.00000000       0.00000000     0.00000000   
    0.00000000     0.00000000       0.00000000     0.00000000       0.00000000     0.00000000       0.65465367     0.00000000       0.00000000     0.00000000       0.00000000     0.00000000       0.00000000     0.00000000       0.00000000     0.00000000       0.00000000     0.00000000       0.00000000     0.00000000       0.00000000     0.00000000      -0.75592895     0.00000000       0.00000000     0.00000000       0.00000000     0.00000000   
    0.00000000     0.00000000       0.00000000     0.00000000       0.00000000     0.00000000       0.00000000     0.00000000       0.53452248     0.00000000       0.00000000     0.00000000       0.00000000     0.00000000       0.00000000     0.00000000       0.00000000     0.00000000       0.00000000     0.00000000       0.00000000     0.00000000       0.00000000     0.00000000      -0.84515425     0.00000000       0.00000000     0.00000000   
    0.00000000     0.00000000       0.00000000     0.00000000       0.00000000     0.00000000       0.00000000     0.00000000       0.00000000     0.00000000       0.37796447     0.00000000       0.00000000     0.00000000       0.00000000     0.00000000       0.00000000     0.00000000       0.00000000     0.00000000       0.00000000     0.00000000       0.00000000     0.00000000       0.00000000     0.00000000      -0.92582010     0.00000000   
    0.00000000     0.00000000       0.00000000     0.00000000       0.00000000     0.00000000       0.00000000     0.00000000       0.00000000     0.00000000       0.00000000     0.00000000       0.00000000     0.00000000       1.00000000     0.00000000       0.00000000     0.00000000       0.00000000     0.00000000       0.00000000     0.00000000       0.00000000     0.00000000       0.00000000     0.00000000       0.00000000     0.00000000   
    0.37796447     0.00000000       0.00000000     0.00000000       0.00000000     0.00000000       0.00000000     0.00000000       0.00000000     0.00000000       0.00000000     0.00000000       0.00000000     0.00000000       0.00000000     0.00000000       0.92582010     0.00000000       0.00000000     0.00000000       0.00000000     0.00000000       0.00000000     0.00000000       0.00000000     0.00000000       0.00000000     0.00000000   
    0.00000000     0.00000000       0.53452248     0.00000000       0.00000000     0.00000000       0.00000000     0.00000000       0.00000000     0.00000000       0.00000000     0.00000000       0.00000000     0.00000000       0.00000000     0.00000000       0.00000000     0.00000000       0.84515425     0.00000000       0.00000000     0.00000000       0.00000000     0.00000000       0.00000000     0.00000000       0.00000000     0.00000000   
    0.00000000     0.00000000       0.00000000     0.00000000       0.65465367     0.00000000       0.00000000     0.00000000       0.00000000     0.00000000       0.00000000     0.00000000       0.00000000     0.00000000       0.00000000     0.00000000       0.00000000     0.00000000       0.00000000     0.00000000       0.75592895     0.00000000       0.00000000     0.00000000       0.00000000     0.00000000       0.00000000     0.00000000   
    0.00000000     0.00000000       0.00000000     0.00000000       0.00000000     0.00000000       0.75592895     0.00000000       0.00000000     0.00000000       0.00000000     0.00000000       0.00000000     0.00000000       0.00000000     0.00000000       0.00000000     0.00000000       0.00000000     0.00000000       0.00000000     0.00000000       0.65465367     0.00000000       0.00000000     0.00000000       0.00000000     0.00000000   
    0.00000000     0.00000000       0.00000000     0.00000000       0.00000000     0.00000000       0.00000000     0.00000000       0.84515425     0.00000000       0.00000000     0.00000000       0.00000000     0.00000000       0.00000000     0.00000000       0.00000000     0.00000000       0.00000000     0.00000000       0.00000000     0.00000000       0.00000000     0.00000000       0.53452248     0.00000000       0.00000000     0.00000000   
    0.00000000     0.00000000       0.00000000     0.00000000       0.00000000     0.00000000       0.00000000     0.00000000       0.00000000     0.00000000       0.92582010     0.00000000       0.00000000     0.00000000       0.00000000     0.00000000       0.00000000     0.00000000       0.00000000     0.00000000       0.00000000     0.00000000       0.00000000     0.00000000       0.00000000     0.00000000       0.37796447     0.00000000   
    0.00000000     0.00000000       0.00000000     0.00000000       0.00000000     0.00000000       0.00000000     0.00000000       0.00000000     0.00000000       0.00000000     0.00000000       1.00000000     0.00000000       0.00000000     0.00000000       0.00000000     0.00000000       0.00000000     0.00000000       0.00000000     0.00000000       0.00000000     0.00000000       0.00000000     0.00000000       0.00000000     0.00000000   
Rspin for iorb=  1
 angles=  0.000000000000000E+000   3.14159265358979       0.000000000000000E+000
  0.000000000000000E+000  0.000000000000000E+000  0.000000000000000E+000
 Rspin=
    0.000000    0.000000      0.000000    1.000000
    0.000000    1.000000      0.000000    0.000000
 Calculation for atom  1 which has iucase=  1
 ATPAR for spin up

          ATOMIC PARAMETERS FOR Pu  0+    

           ENERGY PARAMETERS ARE   1.79  -0.51   1.79   1.79

           L     U(R)          U'(R)         DU/DE        DU'/DE      NORM-U'
           0  0.551775E+00  0.806034E+00  0.111534E+00 -0.229136E+00
           1  0.538890E+00 -0.784049E-03 -0.143560E+00 -0.401250E+00
           2 -0.616409E+00  0.344043E-01  0.985980E-01  0.345501E+00
           3 -0.311381E+00  0.136506E+00  0.366785E+00  0.534164E+00
LO COEFFICIENT: l,A,B,C   0          0.65125    -3.22181     0.00000     0.00000
 
LO COEFFICIENT: l,A,B,C   0          0.32281     0.00000     0.77974     0.00000
 
LO COEFFICIENT: l,A,B,C   1          0.87869     3.29838     0.00000     0.00000
 
LO COEFFICIENT: l,A,B,C   1          0.26431     0.00000    -1.23425     0.00000
 
LO COEFFICIENT: l,A,B,C   2          0.85348     5.33577     0.00000     0.00000
 
LO COEFFICIENT: l,A,B,C   3          0.94205     0.79975     0.00000     0.00000
 
 ATPAR for spin down

          ATOMIC PARAMETERS FOR Pu  0+    

           ENERGY PARAMETERS ARE   1.79  -0.51   1.79   1.79

           L     U(R)          U'(R)         DU/DE        DU'/DE      NORM-U'
           0  0.551775E+00  0.806034E+00  0.111534E+00 -0.229136E+00
           1  0.538890E+00 -0.784049E-03 -0.143560E+00 -0.401250E+00
           2 -0.616409E+00  0.344043E-01  0.985980E-01  0.345501E+00
           3 -0.311381E+00  0.136506E+00  0.366785E+00  0.534164E+00
LO COEFFICIENT: l,A,B,C   0          0.65125    -3.22181     0.00000     0.00000
 
LO COEFFICIENT: l,A,B,C   0          0.32281     0.00000     0.77974     0.00000
 
LO COEFFICIENT: l,A,B,C   1          0.87869     3.29838     0.00000     0.00000
 
LO COEFFICIENT: l,A,B,C   1          0.26431     0.00000    -1.23425     0.00000
 
LO COEFFICIENT: l,A,B,C   2          0.85348     5.33577     0.00000     0.00000
 
LO COEFFICIENT: l,A,B,C   3          0.94205     0.79975     0.00000     0.00000
 
 L1=           0  L2=           0
 RADIAL INTEGRALS:
           1           1                 1           1   1.00000000000000     
           1           3                 1           1  0.571664527619305     
           1           1                 1           2   1.00000000000000     
           1           3                 1           2  0.571664527619305     
           1           1                 2           1   1.00000000000000     
           1           3                 2           1  0.571664527619305     
           1           1                 2           2   1.00000000000000     
           1           3                 2           2  0.571664527619305     
           2           2                 1           1  5.547921711832929E-002
           2           3                 1           1 -0.190958387461829     
           2           2                 1           2  5.547921711832929E-002
           2           3                 1           2 -0.190958387461829     
           2           2                 2           1  5.547921711832929E-002
           2           3                 2           1 -0.190958387461829     
           2           2                 2           2  5.547921711832929E-002
           2           3                 2           2 -0.190958387461829     
           3           1                 1           1  0.571664527619305     
           3           2                 1           1 -0.190958387461829     
           3           3                 1           1   1.00000000000000     
           3           1                 1           2  0.571664527619305     
           3           2                 1           2 -0.190958387461829     
           3           3                 1           2   1.00000000000000     
           3           1                 2           1  0.571664527619305     
           3           2                 2           1 -0.190958387461829     
           3           3                 2           1   1.00000000000000     
           3           1                 2           2  0.571664527619305     
           3           2                 2           2 -0.190958387461829     
           3           3                 2           2   1.00000000000000     
 L1=           1  L2=           1
 RADIAL INTEGRALS:
           1           1                 1           1   1.00000000000000     
           1           3                 1           1  0.909224646458146     
           1           1                 1           2   1.00000000000000     
           1           3                 1           2  0.909224646458146     
           1           1                 2           1   1.00000000000000     
           1           3                 2           1  0.909224646458146     
           1           1                 2           2   1.00000000000000     
           1           3                 2           2  0.909224646458146     
           2           2                 1           1  2.094906281236979E-002
           2           3                 1           1  6.008543576319908E-002
           2           2                 1           2  2.094906281236979E-002
           2           3                 1           2  6.008543576319908E-002
           2           2                 2           1  2.094906281236979E-002
           2           3                 2           1  6.008543576319908E-002
           2           2                 2           2  2.094906281236979E-002
           2           3                 2           2  6.008543576319908E-002
           3           1                 1           1  0.909224646458146     
           3           2                 1           1  6.008543576319908E-002
           3           3                 1           1   1.00000000000000     
           3           1                 1           2  0.909224646458146     
           3           2                 1           2  6.008543576319908E-002
           3           3                 1           2   1.00000000000000     
           3           1                 2           1  0.909224646458146     
           3           2                 2           1  6.008543576319908E-002
           3           3                 2           1   1.00000000000000     
           3           1                 2           2  0.909224646458146     
           3           2                 2           2  6.008543576319908E-002
           3           3                 2           2   1.00000000000000     
 L1=           2  L2=           2
 RADIAL INTEGRALS:
           1           1                 1           1   1.00000000000000     
           1           1                 1           2   1.00000000000000     
           1           1                 2           1   1.00000000000000     
           1           1                 2           2   1.00000000000000     
           2           2                 1           1  9.538452305210096E-003
           2           2                 1           2  9.538452305210096E-003
           2           2                 2           1  9.538452305210096E-003
           2           2                 2           2  9.538452305210096E-003
 L1=           3  L2=           3
 RADIAL INTEGRALS:
           1           1                 1           1   1.00000000000000     
           1           1                 1           2   1.00000000000000     
           1           1                 2           1   1.00000000000000     
           1           1                 2           2   1.00000000000000     
           2           2                 1           1  0.175964277232846     
           2           2                 1           2  0.175964277232846     
           2           2                 2           1  0.175964277232846     
           2           2                 2           2  0.175964277232846     
Saving potential parameters for atom 1 into  1
pr_proc=143  tot-k=286
 ------------------------------------------------------------------------------


   =====>>> CPU TIME SUMMARY

            TOTAL       :      0.8
 OMP_NUM_THREADS= 2
 GUTZ_SOLVER VO.1.5 BUILT ON Jan 19 2014 AT22:25:59
 NT=  1 SEC_N%DIM=   10 WITH ID:
           1       2      16     107     471    1472    3474    6477    9909   12912
       14914
 MEAN U/J:  0.2940  0.0265
 NEL_FIX_VDC1=      5.49
 ATOM DEPENDENT NELF1:
      5.5196
 DCMIX_A=  0.200000
 SYMMETRICALLY NON-EQUIVALENT ATOMS:
          1
 VARIATIONAL-SETUP-NON-EQUIVALENT ATOMS:
          1
 COMPLEMENTARY VARIATIONAL-SETUP-EQUIVALENT ATOMS:

 GYZ%SYM%IDSUM:
  1
 DIM(X_Gutz)=  4
 CALC SET: GAPJ-SHFT FULL       -JH-PROJ SLATER    VAR-FIXDC    Ryd.   
 NT= 1
 LOCAL INTERACTION PART   :
 U              :   0.2940
 J              :   0.0265
 FOCK SPACE PART:
 NA             :  7
 FS%OCC(1) L.B. :  0
 FS%OCC(2) U.B. :  9
 FS%DIM         :     14913
 HL%OCC(1) L.B. :  0
 HL%OCC(2) U.B. :  9
 ISO= 2 ISPIN_IN= 1 ISPIN= 1 ISPO= 2
 BND%NMAX=  46
 BZ INTEGRATION WITH TETRA METHOD, ICOR= 1
 EQUAL OCCUPANCY OF DEGENERATE STATES, TOL= 0.1E-05
 VALENCE ELECTRONS: TOTAL=    16.0
                    CORRELATED PART=     8.0
 SYM%IDI/IDF=  1 16
 BND%NMAXIN=   22
      GUTZ5_INI_CORR_UVEK takes  0 hours  0 minutes and    0.03 seconds (CPU).
                          takes  0 hours  0 minutes and    0.02 seconds (WALL).
                 SETUP_TB takes  0 hours  0 minutes and    1.00 seconds (CPU).
                          takes  0 hours  0 minutes and    0.50 seconds (WALL).
************  EL-  ************
 NI=  1 NI_GLOBAL=  1
   1.9947   2.0059   1.9985   1.9985   2.0059   1.9947   2.0639   2.0767   2.0813   2.0695   2.0695   2.0813   2.0767   2.0639
************  EL=  ************
 NI=  1 NI_GLOBAL=  1
   1.9947   0.0000   0.0000   0.0000   0.0025   0.0000   0.0000  -0.0030   0.0000   0.0000   0.0000   0.0007   0.0000   0.0000
   0.0000   2.0059   0.0000   0.0000   0.0000   0.0025   0.0000   0.0000  -0.0035   0.0000   0.0000   0.0000   0.0055   0.0000
   0.0000   0.0000   1.9985   0.0000   0.0000   0.0000   0.0000   0.0000   0.0000   0.0120   0.0000   0.0000   0.0000   0.0013
   0.0000   0.0000   0.0000   1.9985   0.0000   0.0000  -0.0013   0.0000   0.0000   0.0000  -0.0120   0.0000   0.0000   0.0000
   0.0025   0.0000   0.0000   0.0000   2.0059   0.0000   0.0000  -0.0055   0.0000   0.0000   0.0000   0.0035   0.0000   0.0000
   0.0000   0.0025   0.0000   0.0000   0.0000   1.9947   0.0000   0.0000  -0.0007   0.0000   0.0000   0.0000   0.0030   0.0000
   0.0000   0.0000   0.0000  -0.0013   0.0000   0.0000   2.0639   0.0000   0.0000   0.0000  -0.0006   0.0000   0.0000   0.0000
  -0.0030   0.0000   0.0000   0.0000  -0.0055   0.0000   0.0000   2.0767   0.0000   0.0000   0.0000   0.0080   0.0000   0.0000
   0.0000  -0.0035   0.0000   0.0000   0.0000  -0.0007   0.0000   0.0000   2.0813   0.0000   0.0000   0.0000   0.0080   0.0000
   0.0000   0.0000   0.0120   0.0000   0.0000   0.0000   0.0000   0.0000   0.0000   2.0695   0.0000   0.0000   0.0000  -0.0006
   0.0000   0.0000   0.0000  -0.0120   0.0000   0.0000  -0.0006   0.0000   0.0000   0.0000   2.0695   0.0000   0.0000   0.0000
   0.0007   0.0000   0.0000   0.0000   0.0035   0.0000   0.0000   0.0080   0.0000   0.0000   0.0000   2.0813   0.0000   0.0000
   0.0000   0.0055   0.0000   0.0000   0.0000   0.0030   0.0000   0.0000   0.0080   0.0000   0.0000   0.0000   2.0767   0.0000
   0.0000   0.0000   0.0013   0.0000   0.0000   0.0000   0.0000   0.0000   0.0000  -0.0006   0.0000   0.0000   0.0000   2.0639
 NI=  1 LOCAL ORBITAL LEVEL CENTER(ELC)=   2.042
************  EL0  ************
 NI=  1 NI_GLOBAL=  1
   1.9997   1.9997   1.9997   1.9997   1.9997   1.9997   2.0728   2.0728   2.0728   2.0728   2.0728   2.0728   2.0728   2.0728
************  ELL  ************
 NI=  1 NI_GLOBAL=  1
   1.9997   0.0000   0.0000   0.0000   0.0000   0.0000   0.0000   0.0000   0.0000   0.0000   0.0000   0.0000   0.0000   0.0000
   0.0000   1.9997   0.0000   0.0000   0.0000   0.0000   0.0000   0.0000   0.0000   0.0000   0.0000   0.0000   0.0000   0.0000
   0.0000   0.0000   1.9997   0.0000   0.0000   0.0000   0.0000   0.0000   0.0000   0.0000   0.0000   0.0000   0.0000   0.0000
   0.0000   0.0000   0.0000   1.9997   0.0000   0.0000   0.0000   0.0000   0.0000   0.0000   0.0000   0.0000   0.0000   0.0000
   0.0000   0.0000   0.0000   0.0000   1.9997   0.0000   0.0000   0.0000   0.0000   0.0000   0.0000   0.0000   0.0000   0.0000
   0.0000   0.0000   0.0000   0.0000   0.0000   1.9997   0.0000   0.0000   0.0000   0.0000   0.0000   0.0000   0.0000   0.0000
   0.0000   0.0000   0.0000   0.0000   0.0000   0.0000   2.0728   0.0000   0.0000   0.0000   0.0000   0.0000   0.0000   0.0000
   0.0000   0.0000   0.0000   0.0000   0.0000   0.0000   0.0000   2.0728   0.0000   0.0000   0.0000   0.0000   0.0000   0.0000
   0.0000   0.0000   0.0000   0.0000   0.0000   0.0000   0.0000   0.0000   2.0728   0.0000   0.0000   0.0000   0.0000   0.0000
   0.0000   0.0000   0.0000   0.0000   0.0000   0.0000   0.0000   0.0000   0.0000   2.0728   0.0000   0.0000   0.0000   0.0000
   0.0000   0.0000   0.0000   0.0000   0.0000   0.0000   0.0000   0.0000   0.0000   0.0000   2.0728   0.0000   0.0000   0.0000
   0.0000   0.0000   0.0000   0.0000   0.0000   0.0000   0.0000   0.0000   0.0000   0.0000   0.0000   2.0728   0.0000   0.0000
   0.0000   0.0000   0.0000   0.0000   0.0000   0.0000   0.0000   0.0000   0.0000   0.0000   0.0000   0.0000   2.0728   0.0000
   0.0000   0.0000   0.0000   0.0000   0.0000   0.0000   0.0000   0.0000   0.0000   0.0000   0.0000   0.0000   0.0000   2.0728
                  GET_EL0 takes  0 hours  0 minutes and    0.01 seconds (CPU).
                          takes  0 hours  0 minutes and    0.00 seconds (WALL).
 There are  4 blocks of bands, with band energy windows:
  -1.523  -1.297 |    0.029   0.367 |    0.490   1.134 |    1.540   4.499 | 
 Band window indices:
         1      2 |          3      4 |          5      8 |          9     47 | 
 Band width
       0.225   |         0.339   |         0.644   |         2.959   |  
 Band gap
       1.326   |         0.123   |         0.405   |  
 CORRELATED BLOCK: EMIN/EMIX=    1.5642    2.4425
 CORRELATED BAND WIDTH=   0.878
         GUTZ_RED_PRJ_NEQ takes  0 hours  1 minutes and    0.52 seconds (CPU).
                          takes  0 hours  1 minutes and    0.44 seconds (WALL).
 NI=  1 DIM_PHIK=   41227 HL%DIM=  14913
       ID_PHIK_N=
      1      2      4     33    264   1639   6153  15546  27321  36714
  41228
       ID_PHIK_J=
      1      2      3      4      8      9     18     19     28     29
     33     37     73    122    171    220    245    254    263    264
    300    349    638    807   1168   1364   1533   1582   1631   1635
   1639   1739   2180   2964   3864   4705   5381   5781   6037   6118
   6143   6152   6153   6349   6710   8079   9448  11564  12933  14377
  14953  15353  15474  15538  15542  15546  15835  16796  18560  21060
  23176  24940  26165  26841  27165  27286  27311  27320  27321  27517
  27878  29247  30616  32732  34101  35545  36121  36521  36642  36706
  36710  36714  36814  37255  38039  38939  39780  40456  40856  41112
  41193  41218  41227  41228
          GUTZ_SET_PRJ_EQ takes  0 hours  0 minutes and    0.00 seconds (CPU).
                          takes  0 hours  0 minutes and    0.00 seconds (WALL).
************   WH%X  ************
    0.93115695    0.93808857
    1.97849845    2.09074378
************  RIN  ************
 NI=  1 NI_GLOBAL=  1
   0.9312   0.9312   0.9312   0.9312   0.9312   0.9312   0.9381   0.9381   0.9381   0.9381   0.9381   0.9381   0.9381   0.9381
************  LA1  ************
 NI=  1 NI_GLOBAL=  1
   1.9785   1.9785   1.9785   1.9785   1.9785   1.9785   2.0907   2.0907   2.0907   2.0907   2.0907   2.0907   2.0907   2.0907
             CALC_BAND_AL takes  0 hours  0 minutes and    0.41 seconds (CPU).
                          takes  0 hours  0 minutes and    0.20 seconds (WALL).
 ILOOP            1
 ILOOP            2
   FERMI ENERGY AT    1.99808476463479     
   SUM RULE OF TETRAHEDRON INTEGRATION CHECKED 
   number of occupied bands:          18
   highest energy:   2.06055329106343     
************  NK-  ************
 NI=  1 NI_GLOBAL=  1
   0.6710   0.6108   0.6350   0.6350   0.6108   0.6710   0.2178   0.2588   0.1846   0.1816   0.1816   0.1846   0.2588   0.2178
************  NNK  ************
 NI=  1 NI_GLOBAL=  1
   0.6710   0.0000   0.0000   0.0000  -0.0232   0.0000   0.0000  -0.0053   0.0000   0.0000   0.0000   0.0194   0.0000   0.0000
   0.0000   0.6108   0.0000   0.0000   0.0000  -0.0232   0.0000   0.0000   0.0399   0.0000   0.0000   0.0000  -0.0612   0.0000
   0.0000   0.0000   0.6350   0.0000   0.0000   0.0000   0.0000   0.0000   0.0000  -0.0490   0.0000   0.0000   0.0000  -0.0117
   0.0000   0.0000   0.0000   0.6350   0.0000   0.0000   0.0117   0.0000   0.0000   0.0000   0.0490   0.0000   0.0000   0.0000
  -0.0232   0.0000   0.0000   0.0000   0.6108   0.0000   0.0000   0.0612   0.0000   0.0000   0.0000  -0.0399   0.0000   0.0000
   0.0000  -0.0232   0.0000   0.0000   0.0000   0.6710   0.0000   0.0000  -0.0194   0.0000   0.0000   0.0000   0.0053   0.0000
   0.0000   0.0000   0.0000   0.0117   0.0000   0.0000   0.2178   0.0000   0.0000   0.0000  -0.0107   0.0000   0.0000   0.0000
  -0.0053   0.0000   0.0000   0.0000   0.0612   0.0000   0.0000   0.2588   0.0000   0.0000   0.0000  -0.0140   0.0000   0.0000
   0.0000   0.0399   0.0000   0.0000   0.0000  -0.0194   0.0000   0.0000   0.1846   0.0000   0.0000   0.0000  -0.0140   0.0000
   0.0000   0.0000  -0.0490   0.0000   0.0000   0.0000   0.0000   0.0000   0.0000   0.1816   0.0000   0.0000   0.0000  -0.0107
   0.0000   0.0000   0.0000   0.0490   0.0000   0.0000  -0.0107   0.0000   0.0000   0.0000   0.1816   0.0000   0.0000   0.0000
   0.0194   0.0000   0.0000   0.0000  -0.0399   0.0000   0.0000  -0.0140   0.0000   0.0000   0.0000   0.1846   0.0000   0.0000
   0.0000  -0.0612   0.0000   0.0000   0.0000   0.0053   0.0000   0.0000  -0.0140   0.0000   0.0000   0.0000   0.2588   0.0000
   0.0000   0.0000  -0.0117   0.0000   0.0000   0.0000   0.0000   0.0000   0.0000  -0.0107   0.0000   0.0000   0.0000   0.2178
************  NKS  ************
 NI=  1 NI_GLOBAL=  1
   0.6389   0.6389   0.6389   0.6389   0.6389   0.6389   0.2107   0.2107   0.2107   0.2107   0.2107   0.2107   0.2107   0.2107
 NELE_LOC TOTAL:
           5.5191228809535975
              CALC_DA_BND takes  0 hours  0 minutes and    0.06 seconds (CPU).
                          takes  0 hours  0 minutes and    0.06 seconds (WALL).
************  DA-  ************
 NI=  1 NI_GLOBAL=  1
  -0.0481  -0.0481  -0.0452  -0.0452  -0.0481  -0.0481  -0.0420  -0.0539  -0.0379  -0.0372  -0.0372  -0.0379  -0.0539  -0.0420
************  DAA  ************
 NI=  1 NI_GLOBAL=  1
  -0.0471  -0.0471  -0.0471  -0.0471  -0.0471  -0.0471  -0.0428  -0.0428  -0.0428  -0.0428  -0.0428  -0.0428  -0.0428  -0.0428
 NI=  1 VDC=    1.4159
************  LA2  ************
 NI=  1 NI_GLOBAL=  1
  -3.4473  -3.4473  -3.4473  -3.4473  -3.4473  -3.4473  -3.3671  -3.3671  -3.3671  -3.3671  -3.3671  -3.3671  -3.3671  -3.3671
 NI=  1 PHI-step gap=  0.19E+00
************  RAA  ************
 NI=  1 NI_GLOBAL=  1
   0.9312   0.9312   0.9312   0.9312   0.9312   0.9312   0.9381   0.9381   0.9381   0.9381   0.9381   0.9381   0.9381   0.9381
************  NC0  ************
 NI=  1 NI_GLOBAL=  1
   0.6389   0.6389   0.6389   0.6389   0.6389   0.6389   0.2107   0.2107   0.2107   0.2107   0.2107   0.2107   0.2107   0.2107
                  CALC_LC takes  0 hours  5 minutes and   54.31 seconds (CPU).
                          takes  0 hours  5 minutes and   54.30 seconds (WALL).
                GUTZ_FCN1 takes  0 hours  5 minutes and   55.01 seconds (CPU).
                          takes  0 hours  5 minutes and   54.72 seconds (WALL).
************  DIF_X  ************
    0.000022378691    0.000001155538
   -0.000035940115   -0.000001464533
 ITER1=  1 MAXERR=    0.00003594
************   WH%X  ************
    0.93115693    0.93809013
    1.97853273    2.09076025
************  RIN  ************
 NI=  1 NI_GLOBAL=  1
   0.9312   0.9312   0.9312   0.9312   0.9312   0.9312   0.9381   0.9381   0.9381   0.9381   0.9381   0.9381   0.9381   0.9381
************  LA1  ************
 NI=  1 NI_GLOBAL=  1
   1.9785   1.9785   1.9785   1.9785   1.9785   1.9785   2.0908   2.0908   2.0908   2.0908   2.0908   2.0908   2.0908   2.0908
             CALC_BAND_AL takes  0 hours  0 minutes and    0.41 seconds (CPU).
                          takes  0 hours  0 minutes and    0.22 seconds (WALL).
 ILOOP            1
 ILOOP            2
   FERMI ENERGY AT    1.99811036469811     
   SUM RULE OF TETRAHEDRON INTEGRATION CHECKED 
   number of occupied bands:          18
   highest energy:   2.06057016844494     
************  NK-  ************
 NI=  1 NI_GLOBAL=  1
   0.6709   0.6107   0.6349   0.6349   0.6107   0.6709   0.2179   0.2588   0.1846   0.1816   0.1816   0.1846   0.2588   0.2179
************  NNK  ************
 NI=  1 NI_GLOBAL=  1
   0.6709   0.0000   0.0000   0.0000  -0.0232   0.0000   0.0000  -0.0053   0.0000   0.0000   0.0000   0.0194   0.0000   0.0000
   0.0000   0.6107   0.0000   0.0000   0.0000  -0.0232   0.0000   0.0000   0.0399   0.0000   0.0000   0.0000  -0.0612   0.0000
   0.0000   0.0000   0.6349   0.0000   0.0000   0.0000   0.0000   0.0000   0.0000  -0.0490   0.0000   0.0000   0.0000  -0.0117
   0.0000   0.0000   0.0000   0.6349   0.0000   0.0000   0.0117   0.0000   0.0000   0.0000   0.0490   0.0000   0.0000   0.0000
  -0.0232   0.0000   0.0000   0.0000   0.6107   0.0000   0.0000   0.0612   0.0000   0.0000   0.0000  -0.0399   0.0000   0.0000
   0.0000  -0.0232   0.0000   0.0000   0.0000   0.6709   0.0000   0.0000  -0.0194   0.0000   0.0000   0.0000   0.0053   0.0000
   0.0000   0.0000   0.0000   0.0117   0.0000   0.0000   0.2179   0.0000   0.0000   0.0000  -0.0107   0.0000   0.0000   0.0000
  -0.0053   0.0000   0.0000   0.0000   0.0612   0.0000   0.0000   0.2588   0.0000   0.0000   0.0000  -0.0140   0.0000   0.0000
   0.0000   0.0399   0.0000   0.0000   0.0000  -0.0194   0.0000   0.0000   0.1846   0.0000   0.0000   0.0000  -0.0140   0.0000
   0.0000   0.0000  -0.0490   0.0000   0.0000   0.0000   0.0000   0.0000   0.0000   0.1816   0.0000   0.0000   0.0000  -0.0107
   0.0000   0.0000   0.0000   0.0490   0.0000   0.0000  -0.0107   0.0000   0.0000   0.0000   0.1816   0.0000   0.0000   0.0000
   0.0194   0.0000   0.0000   0.0000  -0.0399   0.0000   0.0000  -0.0140   0.0000   0.0000   0.0000   0.1846   0.0000   0.0000
   0.0000  -0.0612   0.0000   0.0000   0.0000   0.0053   0.0000   0.0000  -0.0140   0.0000   0.0000   0.0000   0.2588   0.0000
   0.0000   0.0000  -0.0117   0.0000   0.0000   0.0000   0.0000   0.0000   0.0000  -0.0107   0.0000   0.0000   0.0000   0.2179
************  NKS  ************
 NI=  1 NI_GLOBAL=  1
   0.6389   0.6389   0.6389   0.6389   0.6389   0.6389   0.2107   0.2107   0.2107   0.2107   0.2107   0.2107   0.2107   0.2107
 NELE_LOC TOTAL:
           5.5189578841933518
              CALC_DA_BND takes  0 hours  0 minutes and    0.06 seconds (CPU).
                          takes  0 hours  0 minutes and    0.06 seconds (WALL).
************  DA-  ************
 NI=  1 NI_GLOBAL=  1
  -0.0481  -0.0481  -0.0452  -0.0452  -0.0481  -0.0481  -0.0420  -0.0539  -0.0379  -0.0372  -0.0372  -0.0379  -0.0539  -0.0420
************  DAA  ************
 NI=  1 NI_GLOBAL=  1
  -0.0471  -0.0471  -0.0471  -0.0471  -0.0471  -0.0471  -0.0428  -0.0428  -0.0428  -0.0428  -0.0428  -0.0428  -0.0428  -0.0428
 NI=  1 VDC=    1.4159
************  LA2  ************
 NI=  1 NI_GLOBAL=  1
  -3.4473  -3.4473  -3.4473  -3.4473  -3.4473  -3.4473  -3.3672  -3.3672  -3.3672  -3.3672  -3.3672  -3.3672  -3.3672  -3.3672
 NI=  1 PHI-step gap=  0.19E+00
************  RAA  ************
 NI=  1 NI_GLOBAL=  1
   0.9312   0.9312   0.9312   0.9312   0.9312   0.9312   0.9381   0.9381   0.9381   0.9381   0.9381   0.9381   0.9381   0.9381
************  NC0  ************
 NI=  1 NI_GLOBAL=  1
   0.6389   0.6389   0.6389   0.6389   0.6389   0.6389   0.2107   0.2107   0.2107   0.2107   0.2107   0.2107   0.2107   0.2107
                  CALC_LC takes  0 hours  5 minutes and   55.29 seconds (CPU).
                          takes  0 hours  5 minutes and   55.30 seconds (WALL).
                GUTZ_FCN1 takes  0 hours  5 minutes and   55.97 seconds (CPU).
                          takes  0 hours  5 minutes and   55.73 seconds (WALL).
************  DIF_X  ************
    0.000001110772    0.000000819752
   -0.000000220948    0.000000043289
 ITER1=  2 MAXERR=    0.00000111
************   WH%X  ************
    0.93115795    0.93809090
    1.97853286    2.09076040
************  RIN  ************
 NI=  1 NI_GLOBAL=  1
   0.9312   0.9312   0.9312   0.9312   0.9312   0.9312   0.9381   0.9381   0.9381   0.9381   0.9381   0.9381   0.9381   0.9381
************  LA1  ************
 NI=  1 NI_GLOBAL=  1
   1.9785   1.9785   1.9785   1.9785   1.9785   1.9785   2.0908   2.0908   2.0908   2.0908   2.0908   2.0908   2.0908   2.0908
             CALC_BAND_AL takes  0 hours  0 minutes and    0.42 seconds (CPU).
                          takes  0 hours  0 minutes and    0.20 seconds (WALL).
 ILOOP            1
 ILOOP            2
   FERMI ENERGY AT    1.99811046831057     
   SUM RULE OF TETRAHEDRON INTEGRATION CHECKED 
   number of occupied bands:          18
   highest energy:   2.06057029532588     
************  NK-  ************
 NI=  1 NI_GLOBAL=  1
   0.6709   0.6107   0.6349   0.6349   0.6107   0.6709   0.2179   0.2588   0.1846   0.1816   0.1816   0.1846   0.2588   0.2179
************  NNK  ************
 NI=  1 NI_GLOBAL=  1
   0.6709   0.0000   0.0000   0.0000  -0.0232   0.0000   0.0000  -0.0053   0.0000   0.0000   0.0000   0.0194   0.0000   0.0000
   0.0000   0.6107   0.0000   0.0000   0.0000  -0.0232   0.0000   0.0000   0.0399   0.0000   0.0000   0.0000  -0.0612   0.0000
   0.0000   0.0000   0.6349   0.0000   0.0000   0.0000   0.0000   0.0000   0.0000  -0.0490   0.0000   0.0000   0.0000  -0.0117
   0.0000   0.0000   0.0000   0.6349   0.0000   0.0000   0.0117   0.0000   0.0000   0.0000   0.0490   0.0000   0.0000   0.0000
  -0.0232   0.0000   0.0000   0.0000   0.6107   0.0000   0.0000   0.0612   0.0000   0.0000   0.0000  -0.0399   0.0000   0.0000
   0.0000  -0.0232   0.0000   0.0000   0.0000   0.6709   0.0000   0.0000  -0.0194   0.0000   0.0000   0.0000   0.0053   0.0000
   0.0000   0.0000   0.0000   0.0117   0.0000   0.0000   0.2179   0.0000   0.0000   0.0000  -0.0107   0.0000   0.0000   0.0000
  -0.0053   0.0000   0.0000   0.0000   0.0612   0.0000   0.0000   0.2588   0.0000   0.0000   0.0000  -0.0140   0.0000   0.0000
   0.0000   0.0399   0.0000   0.0000   0.0000  -0.0194   0.0000   0.0000   0.1846   0.0000   0.0000   0.0000  -0.0140   0.0000
   0.0000   0.0000  -0.0490   0.0000   0.0000   0.0000   0.0000   0.0000   0.0000   0.1816   0.0000   0.0000   0.0000  -0.0107
   0.0000   0.0000   0.0000   0.0490   0.0000   0.0000  -0.0107   0.0000   0.0000   0.0000   0.1816   0.0000   0.0000   0.0000
   0.0194   0.0000   0.0000   0.0000  -0.0399   0.0000   0.0000  -0.0140   0.0000   0.0000   0.0000   0.1846   0.0000   0.0000
   0.0000  -0.0612   0.0000   0.0000   0.0000   0.0053   0.0000   0.0000  -0.0140   0.0000   0.0000   0.0000   0.2588   0.0000
   0.0000   0.0000  -0.0117   0.0000   0.0000   0.0000   0.0000   0.0000   0.0000  -0.0107   0.0000   0.0000   0.0000   0.2179
************  NKS  ************
 NI=  1 NI_GLOBAL=  1
   0.6389   0.6389   0.6389   0.6389   0.6389   0.6389   0.2107   0.2107   0.2107   0.2107   0.2107   0.2107   0.2107   0.2107
 NELE_LOC TOTAL:
           5.5189571662772794
              CALC_DA_BND takes  0 hours  0 minutes and    0.06 seconds (CPU).
                          takes  0 hours  0 minutes and    0.06 seconds (WALL).
************  DA-  ************
 NI=  1 NI_GLOBAL=  1
  -0.0481  -0.0481  -0.0452  -0.0452  -0.0481  -0.0481  -0.0420  -0.0539  -0.0379  -0.0372  -0.0372  -0.0379  -0.0539  -0.0420
************  DAA  ************
 NI=  1 NI_GLOBAL=  1
  -0.0471  -0.0471  -0.0471  -0.0471  -0.0471  -0.0471  -0.0428  -0.0428  -0.0428  -0.0428  -0.0428  -0.0428  -0.0428  -0.0428
 NI=  1 VDC=    1.4159
************  LA2  ************
 NI=  1 NI_GLOBAL=  1
  -3.4473  -3.4473  -3.4473  -3.4473  -3.4473  -3.4473  -3.3672  -3.3672  -3.3672  -3.3672  -3.3672  -3.3672  -3.3672  -3.3672
 NI=  1 PHI-step gap=  0.19E+00
************  RAA  ************
 NI=  1 NI_GLOBAL=  1
   0.9312   0.9312   0.9312   0.9312   0.9312   0.9312   0.9381   0.9381   0.9381   0.9381   0.9381   0.9381   0.9381   0.9381
************  NC0  ************
 NI=  1 NI_GLOBAL=  1
   0.6389   0.6389   0.6389   0.6389   0.6389   0.6389   0.2107   0.2107   0.2107   0.2107   0.2107   0.2107   0.2107   0.2107
                  CALC_LC takes  0 hours  5 minutes and   38.21 seconds (CPU).
                          takes  0 hours  5 minutes and   38.23 seconds (WALL).
                GUTZ_FCN1 takes  0 hours  5 minutes and   38.89 seconds (CPU).
                          takes  0 hours  5 minutes and   38.67 seconds (WALL).
************  DIF_X  ************
    0.000000002483    0.000000012221
   -0.000000003218    0.000000003598
 ITER1=  3 MAXERR=    0.00000001
************   WH%X  ************
    0.93115795    0.93809090
    1.97853286    2.09076040
************  RIN  ************
 NI=  1 NI_GLOBAL=  1
   0.9312   0.9312   0.9312   0.9312   0.9312   0.9312   0.9381   0.9381   0.9381   0.9381   0.9381   0.9381   0.9381   0.9381
************  LA1  ************
 NI=  1 NI_GLOBAL=  1
   1.9785   1.9785   1.9785   1.9785   1.9785   1.9785   2.0908   2.0908   2.0908   2.0908   2.0908   2.0908   2.0908   2.0908
             CALC_BAND_AL takes  0 hours  0 minutes and    0.41 seconds (CPU).
                          takes  0 hours  0 minutes and    0.20 seconds (WALL).
 ILOOP            1
 ILOOP            2
   FERMI ENERGY AT    1.99811046733653     
   SUM RULE OF TETRAHEDRON INTEGRATION CHECKED 
   number of occupied bands:          18
   highest energy:   2.06057029338605     
************  NK-  ************
 NI=  1 NI_GLOBAL=  1
   0.6709   0.6107   0.6349   0.6349   0.6107   0.6709   0.2179   0.2588   0.1846   0.1816   0.1816   0.1846   0.2588   0.2179
************  NNK  ************
 NI=  1 NI_GLOBAL=  1
   0.6709   0.0000   0.0000   0.0000  -0.0232   0.0000   0.0000  -0.0053   0.0000   0.0000   0.0000   0.0194   0.0000   0.0000
   0.0000   0.6107   0.0000   0.0000   0.0000  -0.0232   0.0000   0.0000   0.0399   0.0000   0.0000   0.0000  -0.0612   0.0000
   0.0000   0.0000   0.6349   0.0000   0.0000   0.0000   0.0000   0.0000   0.0000  -0.0490   0.0000   0.0000   0.0000  -0.0117
   0.0000   0.0000   0.0000   0.6349   0.0000   0.0000   0.0117   0.0000   0.0000   0.0000   0.0490   0.0000   0.0000   0.0000
  -0.0232   0.0000   0.0000   0.0000   0.6107   0.0000   0.0000   0.0612   0.0000   0.0000   0.0000  -0.0399   0.0000   0.0000
   0.0000  -0.0232   0.0000   0.0000   0.0000   0.6709   0.0000   0.0000  -0.0194   0.0000   0.0000   0.0000   0.0053   0.0000
   0.0000   0.0000   0.0000   0.0117   0.0000   0.0000   0.2179   0.0000   0.0000   0.0000  -0.0107   0.0000   0.0000   0.0000
  -0.0053   0.0000   0.0000   0.0000   0.0612   0.0000   0.0000   0.2588   0.0000   0.0000   0.0000  -0.0140   0.0000   0.0000
   0.0000   0.0399   0.0000   0.0000   0.0000  -0.0194   0.0000   0.0000   0.1846   0.0000   0.0000   0.0000  -0.0140   0.0000
   0.0000   0.0000  -0.0490   0.0000   0.0000   0.0000   0.0000   0.0000   0.0000   0.1816   0.0000   0.0000   0.0000  -0.0107
   0.0000   0.0000   0.0000   0.0490   0.0000   0.0000  -0.0107   0.0000   0.0000   0.0000   0.1816   0.0000   0.0000   0.0000
   0.0194   0.0000   0.0000   0.0000  -0.0399   0.0000   0.0000  -0.0140   0.0000   0.0000   0.0000   0.1846   0.0000   0.0000
   0.0000  -0.0612   0.0000   0.0000   0.0000   0.0053   0.0000   0.0000  -0.0140   0.0000   0.0000   0.0000   0.2588   0.0000
   0.0000   0.0000  -0.0117   0.0000   0.0000   0.0000   0.0000   0.0000   0.0000  -0.0107   0.0000   0.0000   0.0000   0.2179
************  NKS  ************
 NI=  1 NI_GLOBAL=  1
   0.6389   0.6389   0.6389   0.6389   0.6389   0.6389   0.2107   0.2107   0.2107   0.2107   0.2107   0.2107   0.2107   0.2107
 NELE_LOC TOTAL:
           5.5189571713447609
              CALC_DA_BND takes  0 hours  0 minutes and    0.06 seconds (CPU).
                          takes  0 hours  0 minutes and    0.06 seconds (WALL).
************  DA-  ************
 NI=  1 NI_GLOBAL=  1
  -0.0481  -0.0481  -0.0452  -0.0452  -0.0481  -0.0481  -0.0420  -0.0539  -0.0379  -0.0372  -0.0372  -0.0379  -0.0539  -0.0420
************  DAA  ************
 NI=  1 NI_GLOBAL=  1
  -0.0471  -0.0471  -0.0471  -0.0471  -0.0471  -0.0471  -0.0428  -0.0428  -0.0428  -0.0428  -0.0428  -0.0428  -0.0428  -0.0428
 NI=  1 VDC=    1.4159
************  LA2  ************
 NI=  1 NI_GLOBAL=  1
  -3.4473  -3.4473  -3.4473  -3.4473  -3.4473  -3.4473  -3.3672  -3.3672  -3.3672  -3.3672  -3.3672  -3.3672  -3.3672  -3.3672
 NI=  1 PHI-step gap=  0.19E+00
************  RAA  ************
 NI=  1 NI_GLOBAL=  1
   0.9312   0.9312   0.9312   0.9312   0.9312   0.9312   0.9381   0.9381   0.9381   0.9381   0.9381   0.9381   0.9381   0.9381
************  NC0  ************
 NI=  1 NI_GLOBAL=  1
   0.6389   0.6389   0.6389   0.6389   0.6389   0.6389   0.2107   0.2107   0.2107   0.2107   0.2107   0.2107   0.2107   0.2107
                  CALC_LC takes  0 hours  5 minutes and   55.38 seconds (CPU).
                          takes  0 hours  5 minutes and   55.30 seconds (WALL).
                GUTZ_FCN1 takes  0 hours  5 minutes and   56.15 seconds (CPU).
                          takes  0 hours  5 minutes and   55.72 seconds (WALL).
************  DIF_X  ************
    0.000000000144    0.000000000431
    0.000000000005   -0.000000000040
 ITER1=  4 MAXERR=    0.00000000
 NFJAC=   0
 SOLVE1 FINISHED WITH       4 ITERATIONS.
               GUTZ_SOLVE takes  0 hours 23 minutes and   26.02 seconds (CPU).
                          takes  0 hours 23 minutes and   24.84 seconds (WALL).
 MAX. NELF1 DIFF=   -0.00064074
               CALC_PJRHO takes  0 hours  0 minutes and    0.51 seconds (CPU).
                          takes  0 hours  0 minutes and    0.36 seconds (WALL).
 NI=  1 SUM_PHY-SUM_KS=      0.00000000 WOULD BE RENORMALIZED
************  NC1  ************
 NI=  1 NI_GLOBAL=  1
   0.6357   0.6357   0.6357   0.6357   0.6357   0.6357   0.2131   0.2131   0.2131   0.2131   0.2131   0.2131   0.2131   0.2131
               CALC_NCPHY takes  0 hours  0 minutes and   49.48 seconds (CPU).
                          takes  0 hours  0 minutes and   49.30 seconds (WALL).
 GYZ%PJ%EGAMM:
    14.76300
 ENG%GAMM:    14.76300
 ENG%POT2:     3.60200
 EDCLA1(NI) ARRAY:
   -11.109
 EDCUJ(NI) ARRAY:
    -3.538
 EDCUJV(NI) ARRAY:
    -7.815
 EDC(NI) ARRAY:
   -14.646
 ENG%DBLC:   -14.64627
 ENG%DC1 :   -11.10863
 ENG%DC2 :    -3.53764
 ENG%DC2V:    -7.81452
 DC_E_STD_TO_E_V:    -4.27689
 ENG%BAND:    15.45643
 ENG%DL(DEEP LEVEL):     0.45335
 ENG%TB=    15.57316
 ENG%TB-DC2=    19.11080
 NI=  1 OCC_CONFIG_WEIGHT:
        OCC= 0 WEIGHT=   0.00000
        OCC= 1 WEIGHT=   0.00001
        OCC= 2 WEIGHT=   0.00059
        OCC= 3 WEIGHT=   0.01401
        OCC= 4 WEIGHT=   0.12063
        OCC= 5 WEIGHT=   0.35935
        OCC= 6 WEIGHT=   0.36045
        OCC= 7 WEIGHT=   0.12685
        OCC= 8 WEIGHT=   0.01719
        OCC= 9 WEIGHT=   0.00093
                 CALC_RCW takes  0 hours  0 minutes and    0.00 seconds (CPU).
                          takes  0 hours  0 minutes and    0.00 seconds (WALL).
 NI=  1 J2=   35.2719
                 CALC_SLJ takes  0 hours  0 minutes and    0.00 seconds (CPU).
                          takes  0 hours  0 minutes and    0.00 seconds (WALL).
 NI=  1 ENTANGLEMENT ENTROPY=      7.7848
           CALC_ENTANGLES takes  0 hours  0 minutes and    0.98 seconds (CPU).
                          takes  0 hours  0 minutes and    0.91 seconds (WALL).
 CORRELATED SUBSPACE, SUM_FERWT=      7.9874744 SUM_KSWT=      7.9874744
 MAX OFF DIAGONAL KS.WT=    0.001295
 MAX/MIN R=    0.938091    0.931158
                CALC_KSWT takes  0 hours  0 minutes and    0.02 seconds (CPU).
                          takes  0 hours  0 minutes and    0.02 seconds (WALL).
                    TOTAL takes  0 hours 25 minutes and   19.01 seconds (CPU).
                          takes  0 hours 25 minutes and   16.72 seconds (WALL).
