******Program DMFT: Computes Gloc and Delta for Dynamical Mean Field Theory calculation ******
 CALCULATION WITH COMPLEX VECTORS
 CALCULATION WITH SOC VECTORS REQUIRED
 Running DMFT in single processor mode
  
 numkpt=         286
   0.00000   0.00000   0.00000   1.00000
   0.04762   0.04762  -0.04762   8.00000
   0.09524   0.09524  -0.09524   8.00000
   0.14286   0.14286  -0.14286   8.00000
   0.19048   0.19048  -0.19048   8.00000
   0.23810   0.23810  -0.23810   8.00000
   0.28571   0.28571  -0.28571   8.00000
   0.33333   0.33333  -0.33333   8.00000
   0.38095   0.38095  -0.38095   8.00000
   0.42857   0.42857  -0.42857   8.00000
   0.47619   0.47619  -0.47619   8.00000
   0.09524   0.00000   0.00000   6.00000
   0.14286   0.04762  -0.04762  24.00000
   0.19048   0.09524  -0.09524  24.00000
   0.23810   0.14286  -0.14286  24.00000
   0.28571   0.19048  -0.19048  24.00000
   0.33333   0.23810  -0.23810  24.00000
   0.38095   0.28571  -0.28571  24.00000
   0.42857   0.33333  -0.33333  24.00000
   0.47619   0.38095  -0.38095  24.00000
   0.52381   0.42857  -0.42857  24.00000
   0.57143   0.47619  -0.47619  24.00000
   0.61905   0.52381  -0.52381  24.00000
   0.66667   0.57143  -0.57143  24.00000
   0.71429   0.61905  -0.61905  24.00000
   0.76190   0.66667  -0.66667  24.00000
   0.80952   0.71429  -0.71429  24.00000
   0.85714   0.76190  -0.76190  24.00000
   0.90476   0.80952  -0.80952  24.00000
   0.95238   0.85714  -0.85714  24.00000
   1.00000   0.90476  -0.90476  12.00000
   0.19048   0.00000   0.00000   6.00000
   0.23810   0.04762  -0.04762  24.00000
   0.28571   0.09524  -0.09524  24.00000
   0.33333   0.14286  -0.14286  24.00000
   0.38095   0.19048  -0.19048  24.00000
   0.42857   0.23810  -0.23810  24.00000
   0.47619   0.28571  -0.28571  24.00000
   0.52381   0.33333  -0.33333  24.00000
   0.57143   0.38095  -0.38095  24.00000
   0.61905   0.42857  -0.42857  24.00000
   0.66667   0.47619  -0.47619  24.00000
   0.71429   0.52381  -0.52381  24.00000
   0.76190   0.57143  -0.57143  24.00000
   0.80952   0.61905  -0.61905  24.00000
   0.85714   0.66667  -0.66667  24.00000
   0.90476   0.71429  -0.71429  24.00000
   0.95238   0.76190  -0.76190  24.00000
   1.00000   0.80952  -0.80952  12.00000
   0.28571   0.00000   0.00000   6.00000
   0.33333   0.04762  -0.04762  24.00000
   0.38095   0.09524  -0.09524  24.00000
   0.42857   0.14286  -0.14286  24.00000
   0.47619   0.19048  -0.19048  24.00000
   0.52381   0.23810  -0.23810  24.00000
   0.57143   0.28571  -0.28571  24.00000
   0.61905   0.33333  -0.33333  24.00000
   0.66667   0.38095  -0.38095  24.00000
   0.71429   0.42857  -0.42857  24.00000
   0.76190   0.47619  -0.47619  24.00000
   0.80952   0.52381  -0.52381  24.00000
   0.85714   0.57143  -0.57143  24.00000
   0.90476   0.61905  -0.61905  24.00000
   0.95238   0.66667  -0.66667  24.00000
   1.00000   0.71429  -0.71429  12.00000
   0.38095   0.00000   0.00000   6.00000
   0.42857   0.04762  -0.04762  24.00000
   0.47619   0.09524  -0.09524  24.00000
   0.52381   0.14286  -0.14286  24.00000
   0.57143   0.19048  -0.19048  24.00000
   0.61905   0.23810  -0.23810  24.00000
   0.66667   0.28571  -0.28571  24.00000
   0.71429   0.33333  -0.33333  24.00000
   0.76190   0.38095  -0.38095  24.00000
   0.80952   0.42857  -0.42857  24.00000
   0.85714   0.47619  -0.47619  24.00000
   0.90476   0.52381  -0.52381  24.00000
   0.95238   0.57143  -0.57143  24.00000
   1.00000   0.61905  -0.61905  12.00000
   0.47619   0.00000   0.00000   6.00000
   0.52381   0.04762  -0.04762  24.00000
   0.57143   0.09524  -0.09524  24.00000
   0.61905   0.14286  -0.14286  24.00000
   0.66667   0.19048  -0.19048  24.00000
   0.71429   0.23810  -0.23810  24.00000
   0.76190   0.28571  -0.28571  24.00000
   0.80952   0.33333  -0.33333  24.00000
   0.85714   0.38095  -0.38095  24.00000
   0.90476   0.42857  -0.42857  24.00000
   0.95238   0.47619  -0.47619  24.00000
   1.00000   0.52381  -0.52381  12.00000
   0.57143   0.00000   0.00000   6.00000
   0.61905   0.04762  -0.04762  24.00000
   0.66667   0.09524  -0.09524  24.00000
   0.71429   0.14286  -0.14286  24.00000
   0.76190   0.19048  -0.19048  24.00000
   0.80952   0.23810  -0.23810  24.00000
   0.85714   0.28571  -0.28571  24.00000
   0.90476   0.33333  -0.33333  24.00000
   0.95238   0.38095  -0.38095  24.00000
   1.00000   0.42857  -0.42857  12.00000
   0.66667   0.00000   0.00000   6.00000
   0.71429   0.04762  -0.04762  24.00000
   0.76190   0.09524  -0.09524  24.00000
   0.80952   0.14286  -0.14286  24.00000
   0.85714   0.19048  -0.19048  24.00000
   0.90476   0.23810  -0.23810  24.00000
   0.95238   0.28571  -0.28571  24.00000
   1.00000   0.33333  -0.33333  12.00000
   0.76190   0.00000   0.00000   6.00000
   0.80952   0.04762  -0.04762  24.00000
   0.85714   0.09524  -0.09524  24.00000
   0.90476   0.14286  -0.14286  24.00000
   0.95238   0.19048  -0.19048  24.00000
   1.00000   0.23810  -0.23810  12.00000
   0.85714   0.00000   0.00000   6.00000
   0.90476   0.04762  -0.04762  24.00000
   0.95238   0.09524  -0.09524  24.00000
   1.00000   0.14286  -0.14286  12.00000
   0.95238   0.00000   0.00000   6.00000
   1.00000   0.04762  -0.04762  12.00000
   0.19048   0.09524   0.00000  24.00000
   0.23810   0.14286  -0.04762  48.00000
   0.28571   0.19048  -0.09524  48.00000
   0.33333   0.23810  -0.14286  48.00000
   0.38095   0.28571  -0.19048  48.00000
   0.42857   0.33333  -0.23810  48.00000
   0.47619   0.38095  -0.28571  48.00000
   0.52381   0.42857  -0.33333  48.00000
   0.57143   0.47619  -0.38095  48.00000
   0.28571   0.09524   0.00000  24.00000
   0.33333   0.14286  -0.04762  48.00000
   0.38095   0.19048  -0.09524  48.00000
   0.42857   0.23810  -0.14286  48.00000
   0.47619   0.28571  -0.19048  48.00000
   0.52381   0.33333  -0.23810  48.00000
   0.57143   0.38095  -0.28571  48.00000
   0.61905   0.42857  -0.33333  48.00000
   0.66667   0.47619  -0.38095  48.00000
   0.71429   0.52381  -0.42857  48.00000
   0.76190   0.57143  -0.47619  48.00000
   0.80952   0.61905  -0.52381  48.00000
   0.85714   0.66667  -0.57143  48.00000
   0.90476   0.71429  -0.61905  48.00000
   0.95238   0.76190  -0.66667  48.00000
   1.00000   0.80952  -0.71429  24.00000
   0.38095   0.09524   0.00000  24.00000
   0.42857   0.14286  -0.04762  48.00000
   0.47619   0.19048  -0.09524  48.00000
   0.52381   0.23810  -0.14286  48.00000
   0.57143   0.28571  -0.19048  48.00000
   0.61905   0.33333  -0.23810  48.00000
   0.66667   0.38095  -0.28571  48.00000
   0.71429   0.42857  -0.33333  48.00000
   0.76190   0.47619  -0.38095  48.00000
   0.80952   0.52381  -0.42857  48.00000
   0.85714   0.57143  -0.47619  48.00000
   0.90476   0.61905  -0.52381  48.00000
   0.95238   0.66667  -0.57143  48.00000
   1.00000   0.71429  -0.61905  24.00000
   0.47619   0.09524   0.00000  24.00000
   0.52381   0.14286  -0.04762  48.00000
   0.57143   0.19048  -0.09524  48.00000
   0.61905   0.23810  -0.14286  48.00000
   0.66667   0.28571  -0.19048  48.00000
   0.71429   0.33333  -0.23810  48.00000
   0.76190   0.38095  -0.28571  48.00000
   0.80952   0.42857  -0.33333  48.00000
   0.85714   0.47619  -0.38095  48.00000
   0.90476   0.52381  -0.42857  48.00000
   0.95238   0.57143  -0.47619  48.00000
   1.00000   0.61905  -0.52381  24.00000
   0.57143   0.09524   0.00000  24.00000
   0.61905   0.14286  -0.04762  48.00000
   0.66667   0.19048  -0.09524  48.00000
   0.71429   0.23810  -0.14286  48.00000
   0.76190   0.28571  -0.19048  48.00000
   0.80952   0.33333  -0.23810  48.00000
   0.85714   0.38095  -0.28571  48.00000
   0.90476   0.42857  -0.33333  48.00000
   0.95238   0.47619  -0.38095  48.00000
   1.00000   0.52381  -0.42857  24.00000
   0.66667   0.09524   0.00000  24.00000
   0.71429   0.14286  -0.04762  48.00000
   0.76190   0.19048  -0.09524  48.00000
   0.80952   0.23810  -0.14286  48.00000
   0.85714   0.28571  -0.19048  48.00000
   0.90476   0.33333  -0.23810  48.00000
   0.95238   0.38095  -0.28571  48.00000
   1.00000   0.42857  -0.33333  24.00000
   0.76190   0.09524   0.00000  24.00000
   0.80952   0.14286  -0.04762  48.00000
   0.85714   0.19048  -0.09524  48.00000
   0.90476   0.23810  -0.14286  48.00000
   0.95238   0.28571  -0.19048  48.00000
   1.00000   0.33333  -0.23810  24.00000
   0.85714   0.09524   0.00000  24.00000
   0.90476   0.14286  -0.04762  48.00000
   0.95238   0.19048  -0.09524  48.00000
   1.00000   0.23810  -0.14286  24.00000
   0.95238   0.09524   0.00000  24.00000
   1.00000   0.14286  -0.04762  24.00000
   0.38095   0.19048   0.00000  24.00000
   0.42857   0.23810  -0.04762  48.00000
   0.47619   0.28571  -0.09524  48.00000
   0.52381   0.33333  -0.14286  48.00000
   0.57143   0.38095  -0.19048  48.00000
   0.61905   0.42857  -0.23810  48.00000
   0.66667   0.47619  -0.28571  48.00000
   0.47619   0.19048   0.00000  24.00000
   0.52381   0.23810  -0.04762  48.00000
   0.57143   0.28571  -0.09524  48.00000
   0.61905   0.33333  -0.14286  48.00000
   0.66667   0.38095  -0.19048  48.00000
   0.71429   0.42857  -0.23810  48.00000
   0.76190   0.47619  -0.28571  48.00000
   0.80952   0.52381  -0.33333  48.00000
   0.85714   0.57143  -0.38095  48.00000
   0.90476   0.61905  -0.42857  48.00000
   0.95238   0.66667  -0.47619  48.00000
   1.00000   0.71429  -0.52381  24.00000
   0.57143   0.19048   0.00000  24.00000
   0.61905   0.23810  -0.04762  48.00000
   0.66667   0.28571  -0.09524  48.00000
   0.71429   0.33333  -0.14286  48.00000
   0.76190   0.38095  -0.19048  48.00000
   0.80952   0.42857  -0.23810  48.00000
   0.85714   0.47619  -0.28571  48.00000
   0.90476   0.52381  -0.33333  48.00000
   0.95238   0.57143  -0.38095  48.00000
   1.00000   0.61905  -0.42857  24.00000
   0.66667   0.19048   0.00000  24.00000
   0.71429   0.23810  -0.04762  48.00000
   0.76190   0.28571  -0.09524  48.00000
   0.80952   0.33333  -0.14286  48.00000
   0.85714   0.38095  -0.19048  48.00000
   0.90476   0.42857  -0.23810  48.00000
   0.95238   0.47619  -0.28571  48.00000
   1.00000   0.52381  -0.33333  24.00000
   0.76190   0.19048   0.00000  24.00000
   0.80952   0.23810  -0.04762  48.00000
   0.85714   0.28571  -0.09524  48.00000
   0.90476   0.33333  -0.14286  48.00000
   0.95238   0.38095  -0.19048  48.00000
   1.00000   0.42857  -0.23810  24.00000
   0.85714   0.19048   0.00000  24.00000
   0.90476   0.23810  -0.04762  48.00000
   0.95238   0.28571  -0.09524  48.00000
   1.00000   0.33333  -0.14286  24.00000
   0.95238   0.19048   0.00000  24.00000
   1.00000   0.23810  -0.04762  24.00000
   0.57143   0.28571   0.00000  24.00000
   0.61905   0.33333  -0.04762  48.00000
   0.66667   0.38095  -0.09524  48.00000
   0.71429   0.42857  -0.14286  48.00000
   0.76190   0.47619  -0.19048  48.00000
   0.66667   0.28571   0.00000  24.00000
   0.71429   0.33333  -0.04762  48.00000
   0.76190   0.38095  -0.09524  48.00000
   0.80952   0.42857  -0.14286  48.00000
   0.85714   0.47619  -0.19048  48.00000
   0.90476   0.52381  -0.23810  48.00000
   0.95238   0.57143  -0.28571  48.00000
   1.00000   0.61905  -0.33333  24.00000
   0.76190   0.28571   0.00000  24.00000
   0.80952   0.33333  -0.04762  48.00000
   0.85714   0.38095  -0.09524  48.00000
   0.90476   0.42857  -0.14286  48.00000
   0.95238   0.47619  -0.19048  48.00000
   1.00000   0.52381  -0.23810  24.00000
   0.85714   0.28571   0.00000  24.00000
   0.90476   0.33333  -0.04762  48.00000
   0.95238   0.38095  -0.09524  48.00000
   1.00000   0.42857  -0.14286  24.00000
   0.95238   0.28571   0.00000  24.00000
   1.00000   0.33333  -0.04762  24.00000
   0.76190   0.38095   0.00000  24.00000
   0.80952   0.42857  -0.04762  48.00000
   0.85714   0.47619  -0.09524  48.00000
   0.85714   0.38095   0.00000  24.00000
   0.90476   0.42857  -0.04762  48.00000
   0.95238   0.47619  -0.09524  48.00000
   1.00000   0.52381  -0.14286  24.00000
   0.95238   0.38095   0.00000  24.00000
   1.00000   0.42857  -0.04762  24.00000
   0.95238   0.47619   0.00000  24.00000




                              --------------------------------------------------
                                 S T R U C T U R A L   I N F O R M A T I O N
                              --------------------------------------------------


   SUBSTANCE                    = cubic fcc  (delta)                                                              

   LATTICE                      = F   
   LATTICE CONSTANTS ARE        =    9.6701620   9.6701620   9.6701620
   NUMBER OF ATOMS IN UNITCELL  =   1
   MODE OF CALCULATION IS       = RELA
 IORD=          48
  BR1,  BR2
   0.64975   0.00000   0.00000     -0.64975   0.64975   0.64975
   0.00000   0.64975   0.00000      0.64975  -0.64975   0.64975
   0.00000   0.00000   0.64975      0.64975   0.64975  -0.64975
 Energy window:   -0.7350 < E <      0.735
 Projected density of states calculation for  1 atoms
--------- atom  1 -------------
l=  3  qsplit=  3
 Symmetrization over eq. k-points is performed
 ********** Start Reading Cix file *************
  Correlated block number           1
  Real part of unitary matrix:
  1.0000  0.0000  0.0000  0.0000  0.0000  0.0000  0.0000  0.0000  0.0000  0.0000  0.0000  0.0000  0.0000  0.0000
  0.0000  1.0000  0.0000  0.0000  0.0000  0.0000  0.0000  0.0000  0.0000  0.0000  0.0000  0.0000  0.0000  0.0000
  0.0000  0.0000  1.0000  0.0000  0.0000  0.0000  0.0000  0.0000  0.0000  0.0000  0.0000  0.0000  0.0000  0.0000
  0.0000  0.0000  0.0000  1.0000  0.0000  0.0000  0.0000  0.0000  0.0000  0.0000  0.0000  0.0000  0.0000  0.0000
  0.0000  0.0000  0.0000  0.0000  1.0000  0.0000  0.0000  0.0000  0.0000  0.0000  0.0000  0.0000  0.0000  0.0000
  0.0000  0.0000  0.0000  0.0000  0.0000  1.0000  0.0000  0.0000  0.0000  0.0000  0.0000  0.0000  0.0000  0.0000
  0.0000  0.0000  0.0000  0.0000  0.0000  0.0000  1.0000  0.0000  0.0000  0.0000  0.0000  0.0000  0.0000  0.0000
  0.0000  0.0000  0.0000  0.0000  0.0000  0.0000  0.0000  1.0000  0.0000  0.0000  0.0000  0.0000  0.0000  0.0000
  0.0000  0.0000  0.0000  0.0000  0.0000  0.0000  0.0000  0.0000  1.0000  0.0000  0.0000  0.0000  0.0000  0.0000
  0.0000  0.0000  0.0000  0.0000  0.0000  0.0000  0.0000  0.0000  0.0000  1.0000  0.0000  0.0000  0.0000  0.0000
  0.0000  0.0000  0.0000  0.0000  0.0000  0.0000  0.0000  0.0000  0.0000  0.0000  1.0000  0.0000  0.0000  0.0000
  0.0000  0.0000  0.0000  0.0000  0.0000  0.0000  0.0000  0.0000  0.0000  0.0000  0.0000  1.0000  0.0000  0.0000
  0.0000  0.0000  0.0000  0.0000  0.0000  0.0000  0.0000  0.0000  0.0000  0.0000  0.0000  0.0000  1.0000  0.0000
  0.0000  0.0000  0.0000  0.0000  0.0000  0.0000  0.0000  0.0000  0.0000  0.0000  0.0000  0.0000  0.0000  1.0000
  Imaginary part of unitary matrix:
  0.0000  0.0000  0.0000  0.0000  0.0000  0.0000  0.0000  0.0000  0.0000  0.0000  0.0000  0.0000  0.0000  0.0000
  0.0000  0.0000  0.0000  0.0000  0.0000  0.0000  0.0000  0.0000  0.0000  0.0000  0.0000  0.0000  0.0000  0.0000
  0.0000  0.0000  0.0000  0.0000  0.0000  0.0000  0.0000  0.0000  0.0000  0.0000  0.0000  0.0000  0.0000  0.0000
  0.0000  0.0000  0.0000  0.0000  0.0000  0.0000  0.0000  0.0000  0.0000  0.0000  0.0000  0.0000  0.0000  0.0000
  0.0000  0.0000  0.0000  0.0000  0.0000  0.0000  0.0000  0.0000  0.0000  0.0000  0.0000  0.0000  0.0000  0.0000
  0.0000  0.0000  0.0000  0.0000  0.0000  0.0000  0.0000  0.0000  0.0000  0.0000  0.0000  0.0000  0.0000  0.0000
  0.0000  0.0000  0.0000  0.0000  0.0000  0.0000  0.0000  0.0000  0.0000  0.0000  0.0000  0.0000  0.0000  0.0000
  0.0000  0.0000  0.0000  0.0000  0.0000  0.0000  0.0000  0.0000  0.0000  0.0000  0.0000  0.0000  0.0000  0.0000
  0.0000  0.0000  0.0000  0.0000  0.0000  0.0000  0.0000  0.0000  0.0000  0.0000  0.0000  0.0000  0.0000  0.0000
  0.0000  0.0000  0.0000  0.0000  0.0000  0.0000  0.0000  0.0000  0.0000  0.0000  0.0000  0.0000  0.0000  0.0000
  0.0000  0.0000  0.0000  0.0000  0.0000  0.0000  0.0000  0.0000  0.0000  0.0000  0.0000  0.0000  0.0000  0.0000
  0.0000  0.0000  0.0000  0.0000  0.0000  0.0000  0.0000  0.0000  0.0000  0.0000  0.0000  0.0000  0.0000  0.0000
  0.0000  0.0000  0.0000  0.0000  0.0000  0.0000  0.0000  0.0000  0.0000  0.0000  0.0000  0.0000  0.0000  0.0000
  0.0000  0.0000  0.0000  0.0000  0.0000  0.0000  0.0000  0.0000  0.0000  0.0000  0.0000  0.0000  0.0000  0.0000
 Magnetic system with s-o coupling; M theta, phi:  0.0000  0.0000
 Inside ROTDEF
Operation  1 transforms atom   1 from first atom   1
Actual position of atom  1 is:  0.000000    0.000000    0.000000

Combined transformation (acting on k-point) for correlated atoms
including users rotation and internal local rotation
catom  1 atom   1
   0.64975   0.00000   0.00000
   0.00000  -0.64975   0.00000
   0.00000   0.00000  -0.64975


 SPIN COORD SYSTEM:
    1.000000   -0.000000    0.000000
    0.000000    1.000000    0.000000
   -0.000000    0.000000    1.000000

 in global cartezian coordinates:
    1.000000    0.000000    0.000000
    0.000000   -1.000000    0.000000
    0.000000    0.000000   -1.000000
 ____________________________
 in spin coordinates:
    1.000000    0.000000    0.000000
    0.000000   -1.000000    0.000000
    0.000000    0.000000   -1.000000
           1   3.1415926535897931       -1.0000000000000000     

 in global cartezian coordinates:
    1.000000    0.000000    0.000000
    0.000000    0.000000   -1.000000
    0.000000   -1.000000    0.000000
 ____________________________
 in spin coordinates:
    1.000000    0.000000    0.000000
    0.000000    0.000000   -1.000000
    0.000000   -1.000000    0.000000
           2   1.5707963267948966        0.0000000000000000     

 symm. operation            2  removed !!!! so-det=   0.0000000000000000     
 in global cartezian coordinates:
   -1.000000    0.000000    0.000000
    0.000000   -1.000000    0.000000
    0.000000    0.000000   -1.000000
 ____________________________
 in spin coordinates:
   -1.000000    0.000000    0.000000
    0.000000   -1.000000    0.000000
    0.000000    0.000000   -1.000000
           3   0.0000000000000000        1.0000000000000000     

 in global cartezian coordinates:
   -1.000000    0.000000    0.000000
    0.000000    0.000000   -1.000000
    0.000000   -1.000000    0.000000
 ____________________________
 in spin coordinates:
   -1.000000    0.000000    0.000000
    0.000000    0.000000   -1.000000
    0.000000   -1.000000    0.000000
           4   1.5707963267948966       -0.0000000000000000     

 symm. operation            4  removed !!!! so-det=  -0.0000000000000000     
 in global cartezian coordinates:
    0.000000   -1.000000    0.000000
    1.000000    0.000000    0.000000
    0.000000    0.000000   -1.000000
 ____________________________
 in spin coordinates:
    0.000000   -1.000000    0.000000
    1.000000    0.000000    0.000000
    0.000000    0.000000   -1.000000
           5  -1.5707963267948966        1.0000000000000000     

 in global cartezian coordinates:
    0.000000   -1.000000    0.000000
    0.000000    0.000000   -1.000000
    1.000000    0.000000    0.000000
 ____________________________
 in spin coordinates:
    0.000000   -1.000000    0.000000
    0.000000    0.000000   -1.000000
    1.000000    0.000000    0.000000
           6   0.0000000000000000        0.0000000000000000     

 symm. operation            6  removed !!!! so-det=   0.0000000000000000     
 in global cartezian coordinates:
    0.000000    1.000000    0.000000
    1.000000    0.000000    0.000000
    0.000000    0.000000   -1.000000
 ____________________________
 in spin coordinates:
    0.000000    1.000000    0.000000
    1.000000    0.000000    0.000000
    0.000000    0.000000   -1.000000
           7   1.5707963267948966       -1.0000000000000000     

 in global cartezian coordinates:
    0.000000    1.000000    0.000000
    0.000000    0.000000   -1.000000
    1.000000    0.000000    0.000000
 ____________________________
 in spin coordinates:
    0.000000    1.000000    0.000000
    0.000000    0.000000   -1.000000
    1.000000    0.000000    0.000000
           8   0.0000000000000000        0.0000000000000000     

 symm. operation            8  removed !!!! so-det=   0.0000000000000000     
 in global cartezian coordinates:
    0.000000    0.000000   -1.000000
    1.000000    0.000000    0.000000
    0.000000   -1.000000    0.000000
 ____________________________
 in spin coordinates:
    0.000000    0.000000   -1.000000
    1.000000    0.000000    0.000000
    0.000000   -1.000000    0.000000
           9   1.5707963267948966        0.0000000000000000     

 symm. operation            9  removed !!!! so-det=   0.0000000000000000     
 in global cartezian coordinates:
    0.000000    0.000000   -1.000000
    0.000000   -1.000000    0.000000
    1.000000    0.000000    0.000000
 ____________________________
 in spin coordinates:
    0.000000    0.000000   -1.000000
    0.000000   -1.000000    0.000000
    1.000000    0.000000    0.000000
          10   1.5707963267948966       -0.0000000000000000     

 symm. operation           10  removed !!!! so-det=  -0.0000000000000000     
 in global cartezian coordinates:
    0.000000    0.000000    1.000000
    1.000000    0.000000    0.000000
    0.000000   -1.000000    0.000000
 ____________________________
 in spin coordinates:
    0.000000    0.000000    1.000000
    1.000000    0.000000    0.000000
    0.000000   -1.000000    0.000000
          11   1.5707963267948966        0.0000000000000000     

 symm. operation           11  removed !!!! so-det=   0.0000000000000000     
 in global cartezian coordinates:
    0.000000    0.000000    1.000000
    0.000000   -1.000000    0.000000
    1.000000    0.000000    0.000000
 ____________________________
 in spin coordinates:
    0.000000    0.000000    1.000000
    0.000000   -1.000000    0.000000
    1.000000    0.000000    0.000000
          12   1.5707963267948966       -0.0000000000000000     

 symm. operation           12  removed !!!! so-det=  -0.0000000000000000     
 in global cartezian coordinates:
    0.000000   -1.000000    0.000000
   -1.000000    0.000000    0.000000
    0.000000    0.000000   -1.000000
 ____________________________
 in spin coordinates:
    0.000000   -1.000000    0.000000
   -1.000000    0.000000    0.000000
    0.000000    0.000000   -1.000000
          13   4.7123889803846897       -1.0000000000000000     

 in global cartezian coordinates:
    0.000000    1.000000    0.000000
   -1.000000    0.000000    0.000000
    0.000000    0.000000   -1.000000
 ____________________________
 in spin coordinates:
    0.000000    1.000000    0.000000
   -1.000000    0.000000    0.000000
    0.000000    0.000000   -1.000000
          14   1.5707963267948966        1.0000000000000000     

 in global cartezian coordinates:
    0.000000   -1.000000    0.000000
    0.000000    0.000000   -1.000000
   -1.000000    0.000000    0.000000
 ____________________________
 in spin coordinates:
    0.000000   -1.000000    0.000000
    0.000000    0.000000   -1.000000
   -1.000000    0.000000    0.000000
          15   0.0000000000000000        0.0000000000000000     

 symm. operation           15  removed !!!! so-det=   0.0000000000000000     
 in global cartezian coordinates:
    0.000000    1.000000    0.000000
    0.000000    0.000000   -1.000000
   -1.000000    0.000000    0.000000
 ____________________________
 in spin coordinates:
    0.000000    1.000000    0.000000
    0.000000    0.000000   -1.000000
   -1.000000    0.000000    0.000000
          16   0.0000000000000000        0.0000000000000000     

 symm. operation           16  removed !!!! so-det=   0.0000000000000000     
 in global cartezian coordinates:
    1.000000    0.000000    0.000000
    0.000000    1.000000    0.000000
    0.000000    0.000000   -1.000000
 ____________________________
 in spin coordinates:
    1.000000    0.000000    0.000000
    0.000000    1.000000    0.000000
    0.000000    0.000000   -1.000000
          17   3.1415927410125732        1.0000000000000000     

 in global cartezian coordinates:
   -1.000000    0.000000    0.000000
    0.000000    1.000000    0.000000
    0.000000    0.000000   -1.000000
 ____________________________
 in spin coordinates:
   -1.000000    0.000000    0.000000
    0.000000    1.000000    0.000000
    0.000000    0.000000   -1.000000
          18   6.2831853946023664       -1.0000000000000000     

 in global cartezian coordinates:
    1.000000    0.000000    0.000000
    0.000000    0.000000   -1.000000
    0.000000    1.000000    0.000000
 ____________________________
 in spin coordinates:
    1.000000    0.000000    0.000000
    0.000000    0.000000   -1.000000
    0.000000    1.000000    0.000000
          19   1.5707963267948966        0.0000000000000000     

 symm. operation           19  removed !!!! so-det=   0.0000000000000000     
 in global cartezian coordinates:
   -1.000000    0.000000    0.000000
    0.000000    0.000000   -1.000000
    0.000000    1.000000    0.000000
 ____________________________
 in spin coordinates:
   -1.000000    0.000000    0.000000
    0.000000    0.000000   -1.000000
    0.000000    1.000000    0.000000
          20   1.5707963267948966       -0.0000000000000000     

 symm. operation           20  removed !!!! so-det=  -0.0000000000000000     
 in global cartezian coordinates:
    0.000000    0.000000   -1.000000
   -1.000000    0.000000    0.000000
    0.000000   -1.000000    0.000000
 ____________________________
 in spin coordinates:
    0.000000    0.000000   -1.000000
   -1.000000    0.000000    0.000000
    0.000000   -1.000000    0.000000
          21   1.5707963267948966        0.0000000000000000     

 symm. operation           21  removed !!!! so-det=   0.0000000000000000     
 in global cartezian coordinates:
    0.000000    0.000000   -1.000000
    0.000000   -1.000000    0.000000
   -1.000000    0.000000    0.000000
 ____________________________
 in spin coordinates:
    0.000000    0.000000   -1.000000
    0.000000   -1.000000    0.000000
   -1.000000    0.000000    0.000000
          22   1.5707963267948966       -0.0000000000000000     

 symm. operation           22  removed !!!! so-det=  -0.0000000000000000     
 in global cartezian coordinates:
    0.000000    0.000000    1.000000
   -1.000000    0.000000    0.000000
    0.000000   -1.000000    0.000000
 ____________________________
 in spin coordinates:
    0.000000    0.000000    1.000000
   -1.000000    0.000000    0.000000
    0.000000   -1.000000    0.000000
          23   1.5707963267948966        0.0000000000000000     

 symm. operation           23  removed !!!! so-det=   0.0000000000000000     
 in global cartezian coordinates:
    0.000000    0.000000    1.000000
    0.000000   -1.000000    0.000000
   -1.000000    0.000000    0.000000
 ____________________________
 in spin coordinates:
    0.000000    0.000000    1.000000
    0.000000   -1.000000    0.000000
   -1.000000    0.000000    0.000000
          24   1.5707963267948966       -0.0000000000000000     

 symm. operation           24  removed !!!! so-det=  -0.0000000000000000     
 in global cartezian coordinates:
    0.000000    0.000000   -1.000000
    0.000000    1.000000    0.000000
    1.000000    0.000000    0.000000
 ____________________________
 in spin coordinates:
    0.000000    0.000000   -1.000000
    0.000000    1.000000    0.000000
    1.000000    0.000000    0.000000
          25   1.5707963267948966        0.0000000000000000     

 symm. operation           25  removed !!!! so-det=   0.0000000000000000     
 in global cartezian coordinates:
    0.000000    0.000000   -1.000000
    1.000000    0.000000    0.000000
    0.000000    1.000000    0.000000
 ____________________________
 in spin coordinates:
    0.000000    0.000000   -1.000000
    1.000000    0.000000    0.000000
    0.000000    1.000000    0.000000
          26   1.5707963267948966        0.0000000000000000     

 symm. operation           26  removed !!!! so-det=   0.0000000000000000     
 in global cartezian coordinates:
    0.000000    0.000000    1.000000
    0.000000    1.000000    0.000000
    1.000000    0.000000    0.000000
 ____________________________
 in spin coordinates:
    0.000000    0.000000    1.000000
    0.000000    1.000000    0.000000
    1.000000    0.000000    0.000000
          27   1.5707963267948966        0.0000000000000000     

 symm. operation           27  removed !!!! so-det=   0.0000000000000000     
 in global cartezian coordinates:
    0.000000    0.000000    1.000000
    1.000000    0.000000    0.000000
    0.000000    1.000000    0.000000
 ____________________________
 in spin coordinates:
    0.000000    0.000000    1.000000
    1.000000    0.000000    0.000000
    0.000000    1.000000    0.000000
          28   1.5707963267948966        0.0000000000000000     

 symm. operation           28  removed !!!! so-det=   0.0000000000000000     
 in global cartezian coordinates:
    1.000000    0.000000    0.000000
    0.000000    0.000000    1.000000
    0.000000   -1.000000    0.000000
 ____________________________
 in spin coordinates:
    1.000000    0.000000    0.000000
    0.000000    0.000000    1.000000
    0.000000   -1.000000    0.000000
          29   1.5707963267948966        0.0000000000000000     

 symm. operation           29  removed !!!! so-det=   0.0000000000000000     
 in global cartezian coordinates:
   -1.000000    0.000000    0.000000
    0.000000    0.000000    1.000000
    0.000000   -1.000000    0.000000
 ____________________________
 in spin coordinates:
   -1.000000    0.000000    0.000000
    0.000000    0.000000    1.000000
    0.000000   -1.000000    0.000000
          30   1.5707963267948966       -0.0000000000000000     

 symm. operation           30  removed !!!! so-det=  -0.0000000000000000     
 in global cartezian coordinates:
    1.000000    0.000000    0.000000
    0.000000   -1.000000    0.000000
    0.000000    0.000000    1.000000
 ____________________________
 in spin coordinates:
    1.000000    0.000000    0.000000
    0.000000   -1.000000    0.000000
    0.000000    0.000000    1.000000
          31   6.2831853946023664       -1.0000000000000000     

 in global cartezian coordinates:
   -1.000000    0.000000    0.000000
    0.000000   -1.000000    0.000000
    0.000000    0.000000    1.000000
 ____________________________
 in spin coordinates:
   -1.000000    0.000000    0.000000
    0.000000   -1.000000    0.000000
    0.000000    0.000000    1.000000
          32   3.1415927410125732        1.0000000000000000     

 in global cartezian coordinates:
    0.000000   -1.000000    0.000000
    0.000000    0.000000    1.000000
    1.000000    0.000000    0.000000
 ____________________________
 in spin coordinates:
    0.000000   -1.000000    0.000000
    0.000000    0.000000    1.000000
    1.000000    0.000000    0.000000
          33   0.0000000000000000        0.0000000000000000     

 symm. operation           33  removed !!!! so-det=   0.0000000000000000     
 in global cartezian coordinates:
    0.000000    1.000000    0.000000
    0.000000    0.000000    1.000000
    1.000000    0.000000    0.000000
 ____________________________
 in spin coordinates:
    0.000000    1.000000    0.000000
    0.000000    0.000000    1.000000
    1.000000    0.000000    0.000000
          34   0.0000000000000000        0.0000000000000000     

 symm. operation           34  removed !!!! so-det=   0.0000000000000000     
 in global cartezian coordinates:
    0.000000   -1.000000    0.000000
    1.000000    0.000000    0.000000
    0.000000    0.000000    1.000000
 ____________________________
 in spin coordinates:
    0.000000   -1.000000    0.000000
    1.000000    0.000000    0.000000
    0.000000    0.000000    1.000000
          35   1.5707963267948966        1.0000000000000000     

 in global cartezian coordinates:
    0.000000    1.000000    0.000000
    1.000000    0.000000    0.000000
    0.000000    0.000000    1.000000
 ____________________________
 in spin coordinates:
    0.000000    1.000000    0.000000
    1.000000    0.000000    0.000000
    0.000000    0.000000    1.000000
          36   4.7123889803846897       -1.0000000000000000     

 in global cartezian coordinates:
    0.000000    0.000000   -1.000000
    0.000000    1.000000    0.000000
   -1.000000    0.000000    0.000000
 ____________________________
 in spin coordinates:
    0.000000    0.000000   -1.000000
    0.000000    1.000000    0.000000
   -1.000000    0.000000    0.000000
          37   1.5707963267948966        0.0000000000000000     

 symm. operation           37  removed !!!! so-det=   0.0000000000000000     
 in global cartezian coordinates:
    0.000000    0.000000   -1.000000
   -1.000000    0.000000    0.000000
    0.000000    1.000000    0.000000
 ____________________________
 in spin coordinates:
    0.000000    0.000000   -1.000000
   -1.000000    0.000000    0.000000
    0.000000    1.000000    0.000000
          38   1.5707963267948966        0.0000000000000000     

 symm. operation           38  removed !!!! so-det=   0.0000000000000000     
 in global cartezian coordinates:
    0.000000    0.000000    1.000000
    0.000000    1.000000    0.000000
   -1.000000    0.000000    0.000000
 ____________________________
 in spin coordinates:
    0.000000    0.000000    1.000000
    0.000000    1.000000    0.000000
   -1.000000    0.000000    0.000000
          39   1.5707963267948966        0.0000000000000000     

 symm. operation           39  removed !!!! so-det=   0.0000000000000000     
 in global cartezian coordinates:
    0.000000    0.000000    1.000000
   -1.000000    0.000000    0.000000
    0.000000    1.000000    0.000000
 ____________________________
 in spin coordinates:
    0.000000    0.000000    1.000000
   -1.000000    0.000000    0.000000
    0.000000    1.000000    0.000000
          40   1.5707963267948966        0.0000000000000000     

 symm. operation           40  removed !!!! so-det=   0.0000000000000000     
 in global cartezian coordinates:
    0.000000   -1.000000    0.000000
    0.000000    0.000000    1.000000
   -1.000000    0.000000    0.000000
 ____________________________
 in spin coordinates:
    0.000000   -1.000000    0.000000
    0.000000    0.000000    1.000000
   -1.000000    0.000000    0.000000
          41   0.0000000000000000        0.0000000000000000     

 symm. operation           41  removed !!!! so-det=   0.0000000000000000     
 in global cartezian coordinates:
    0.000000   -1.000000    0.000000
   -1.000000    0.000000    0.000000
    0.000000    0.000000    1.000000
 ____________________________
 in spin coordinates:
    0.000000   -1.000000    0.000000
   -1.000000    0.000000    0.000000
    0.000000    0.000000    1.000000
          42   1.5707963267948966       -1.0000000000000000     

 in global cartezian coordinates:
    0.000000    1.000000    0.000000
    0.000000    0.000000    1.000000
   -1.000000    0.000000    0.000000
 ____________________________
 in spin coordinates:
    0.000000    1.000000    0.000000
    0.000000    0.000000    1.000000
   -1.000000    0.000000    0.000000
          43   0.0000000000000000        0.0000000000000000     

 symm. operation           43  removed !!!! so-det=   0.0000000000000000     
 in global cartezian coordinates:
    0.000000    1.000000    0.000000
   -1.000000    0.000000    0.000000
    0.000000    0.000000    1.000000
 ____________________________
 in spin coordinates:
    0.000000    1.000000    0.000000
   -1.000000    0.000000    0.000000
    0.000000    0.000000    1.000000
          44  -1.5707963267948966        1.0000000000000000     

 in global cartezian coordinates:
    1.000000    0.000000    0.000000
    0.000000    0.000000    1.000000
    0.000000    1.000000    0.000000
 ____________________________
 in spin coordinates:
    1.000000    0.000000    0.000000
    0.000000    0.000000    1.000000
    0.000000    1.000000    0.000000
          45   1.5707963267948966        0.0000000000000000     

 symm. operation           45  removed !!!! so-det=   0.0000000000000000     
 in global cartezian coordinates:
    1.000000    0.000000    0.000000
    0.000000    1.000000    0.000000
    0.000000    0.000000    1.000000
 ____________________________
 in spin coordinates:
    1.000000    0.000000    0.000000
    0.000000    1.000000    0.000000
    0.000000    0.000000    1.000000
          46   0.0000000000000000        1.0000000000000000     

 in global cartezian coordinates:
   -1.000000    0.000000    0.000000
    0.000000    0.000000    1.000000
    0.000000    1.000000    0.000000
 ____________________________
 in spin coordinates:
   -1.000000    0.000000    0.000000
    0.000000    0.000000    1.000000
    0.000000    1.000000    0.000000
          47   1.5707963267948966       -0.0000000000000000     

 symm. operation           47  removed !!!! so-det=  -0.0000000000000000     
 in global cartezian coordinates:
   -1.000000    0.000000    0.000000
    0.000000    1.000000    0.000000
    0.000000    0.000000    1.000000
 ____________________________
 in spin coordinates:
   -1.000000    0.000000    0.000000
    0.000000    1.000000    0.000000
    0.000000    0.000000    1.000000
          48   3.1415926535897931       -1.0000000000000000     

 Original and SO-compatible symops changed:          48          16
 bz-integration with tetra-program.   icor=: 1
 equal occupancy of degenerate states, tol=: 0.1E-05
 call eord...
 call dos...
 ILOOP            1
 ILOOP            2
   FERMI ENERGY AT   0.86625320406945117     
 RESULT OF INTEGRATION:      15.999999999526; SHOULD BE:      15.999999999900
   SUM RULE OF TETRAHEDRON INTEGRATION CHECKED 
 call eweigh...
   number of occupied bands:          18
   highest energy:  0.86787258192645789     
 tetrahedron with ef =    0.86625 ry 
 fermi-lda=   0.866 ryd,  11.786 ev.
 absolute emin=   0.131 ryd.   1.786 ev.
 absolute emax=   1.601 ryd.  21.786 ev.


:NLDA  : NUMBER OF ELECTRONS          =  16.000

:FLDA  : F E R M I - ENERGY           =   0.86625

 ********** Information about the atomic index arrays ************
 iatom=           1
 isort=           1
 csort=           1
 maxucase=           1
icase, iucase, jatom, latom=     1     1     1     1

 *****  Arrays for correlated blocks ******
 norbitals=           1
 maxdim2=          14
iorbital( 1, 1)=   1
cix( 1, 1)=   1
icase,lcase,icix,iorb,nind1,ip1,iSx=    1    1    1    1   14    1    1
icase,lcase,icix,iorb,nind1,ip1,iSx=    1    1    1    1   14    2    2
icase,lcase,icix,iorb,nind1,ip1,iSx=    1    1    1    1   14    3    3
icase,lcase,icix,iorb,nind1,ip1,iSx=    1    1    1    1   14    4    4
icase,lcase,icix,iorb,nind1,ip1,iSx=    1    1    1    1   14    5    5
icase,lcase,icix,iorb,nind1,ip1,iSx=    1    1    1    1   14    6    6
icase,lcase,icix,iorb,nind1,ip1,iSx=    1    1    1    1   14    7    7
icase,lcase,icix,iorb,nind1,ip1,iSx=    1    1    1    1   14    8    8
icase,lcase,icix,iorb,nind1,ip1,iSx=    1    1    1    1   14    9    9
icase,lcase,icix,iorb,nind1,ip1,iSx=    1    1    1    1   14   10   10
icase,lcase,icix,iorb,nind1,ip1,iSx=    1    1    1    1   14   11   11
icase,lcase,icix,iorb,nind1,ip1,iSx=    1    1    1    1   14   12   12
icase,lcase,icix,iorb,nind1,ip1,iSx=    1    1    1    1   14   13   13
icase,lcase,icix,iorb,nind1,ip1,iSx=    1    1    1    1   14   14   14
cixdim( 1)=14
iSx( 1, 1)=  1
iSx( 2, 1)=  2
iSx( 3, 1)=  3
iSx( 4, 1)=  4
iSx( 5, 1)=  5
iSx( 6, 1)=  6
iSx( 7, 1)=  7
iSx( 8, 1)=  8
iSx( 9, 1)=  9
iSx(10, 1)= 10
iSx(11, 1)= 11
iSx(12, 1)= 12
iSx(13, 1)= 13
iSx(14, 1)= 14
nindo( 1)= 14
CF for iorb1= 1 iorb2= 1
    1.00000000     0.00000000       0.00000000     0.00000000       0.00000000     0.00000000       0.00000000     0.00000000       0.00000000     0.00000000       0.00000000     0.00000000       0.00000000     0.00000000       0.00000000     0.00000000       0.00000000     0.00000000       0.00000000     0.00000000       0.00000000     0.00000000       0.00000000     0.00000000       0.00000000     0.00000000       0.00000000     0.00000000   
    0.00000000     0.00000000       1.00000000     0.00000000       0.00000000     0.00000000       0.00000000     0.00000000       0.00000000     0.00000000       0.00000000     0.00000000       0.00000000     0.00000000       0.00000000     0.00000000       0.00000000     0.00000000       0.00000000     0.00000000       0.00000000     0.00000000       0.00000000     0.00000000       0.00000000     0.00000000       0.00000000     0.00000000   
    0.00000000     0.00000000       0.00000000     0.00000000       1.00000000     0.00000000       0.00000000     0.00000000       0.00000000     0.00000000       0.00000000     0.00000000       0.00000000     0.00000000       0.00000000     0.00000000       0.00000000     0.00000000       0.00000000     0.00000000       0.00000000     0.00000000       0.00000000     0.00000000       0.00000000     0.00000000       0.00000000     0.00000000   
    0.00000000     0.00000000       0.00000000     0.00000000       0.00000000     0.00000000       1.00000000     0.00000000       0.00000000     0.00000000       0.00000000     0.00000000       0.00000000     0.00000000       0.00000000     0.00000000       0.00000000     0.00000000       0.00000000     0.00000000       0.00000000     0.00000000       0.00000000     0.00000000       0.00000000     0.00000000       0.00000000     0.00000000   
    0.00000000     0.00000000       0.00000000     0.00000000       0.00000000     0.00000000       0.00000000     0.00000000       1.00000000     0.00000000       0.00000000     0.00000000       0.00000000     0.00000000       0.00000000     0.00000000       0.00000000     0.00000000       0.00000000     0.00000000       0.00000000     0.00000000       0.00000000     0.00000000       0.00000000     0.00000000       0.00000000     0.00000000   
    0.00000000     0.00000000       0.00000000     0.00000000       0.00000000     0.00000000       0.00000000     0.00000000       0.00000000     0.00000000       1.00000000     0.00000000       0.00000000     0.00000000       0.00000000     0.00000000       0.00000000     0.00000000       0.00000000     0.00000000       0.00000000     0.00000000       0.00000000     0.00000000       0.00000000     0.00000000       0.00000000     0.00000000   
    0.00000000     0.00000000       0.00000000     0.00000000       0.00000000     0.00000000       0.00000000     0.00000000       0.00000000     0.00000000       0.00000000     0.00000000       1.00000000     0.00000000       0.00000000     0.00000000       0.00000000     0.00000000       0.00000000     0.00000000       0.00000000     0.00000000       0.00000000     0.00000000       0.00000000     0.00000000       0.00000000     0.00000000   
    0.00000000     0.00000000       0.00000000     0.00000000       0.00000000     0.00000000       0.00000000     0.00000000       0.00000000     0.00000000       0.00000000     0.00000000       0.00000000     0.00000000       1.00000000     0.00000000       0.00000000     0.00000000       0.00000000     0.00000000       0.00000000     0.00000000       0.00000000     0.00000000       0.00000000     0.00000000       0.00000000     0.00000000   
    0.00000000     0.00000000       0.00000000     0.00000000       0.00000000     0.00000000       0.00000000     0.00000000       0.00000000     0.00000000       0.00000000     0.00000000       0.00000000     0.00000000       0.00000000     0.00000000       1.00000000     0.00000000       0.00000000     0.00000000       0.00000000     0.00000000       0.00000000     0.00000000       0.00000000     0.00000000       0.00000000     0.00000000   
    0.00000000     0.00000000       0.00000000     0.00000000       0.00000000     0.00000000       0.00000000     0.00000000       0.00000000     0.00000000       0.00000000     0.00000000       0.00000000     0.00000000       0.00000000     0.00000000       0.00000000     0.00000000       1.00000000     0.00000000       0.00000000     0.00000000       0.00000000     0.00000000       0.00000000     0.00000000       0.00000000     0.00000000   
    0.00000000     0.00000000       0.00000000     0.00000000       0.00000000     0.00000000       0.00000000     0.00000000       0.00000000     0.00000000       0.00000000     0.00000000       0.00000000     0.00000000       0.00000000     0.00000000       0.00000000     0.00000000       0.00000000     0.00000000       1.00000000     0.00000000       0.00000000     0.00000000       0.00000000     0.00000000       0.00000000     0.00000000   
    0.00000000     0.00000000       0.00000000     0.00000000       0.00000000     0.00000000       0.00000000     0.00000000       0.00000000     0.00000000       0.00000000     0.00000000       0.00000000     0.00000000       0.00000000     0.00000000       0.00000000     0.00000000       0.00000000     0.00000000       0.00000000     0.00000000       1.00000000     0.00000000       0.00000000     0.00000000       0.00000000     0.00000000   
    0.00000000     0.00000000       0.00000000     0.00000000       0.00000000     0.00000000       0.00000000     0.00000000       0.00000000     0.00000000       0.00000000     0.00000000       0.00000000     0.00000000       0.00000000     0.00000000       0.00000000     0.00000000       0.00000000     0.00000000       0.00000000     0.00000000       0.00000000     0.00000000       1.00000000     0.00000000       0.00000000     0.00000000   
    0.00000000     0.00000000       0.00000000     0.00000000       0.00000000     0.00000000       0.00000000     0.00000000       0.00000000     0.00000000       0.00000000     0.00000000       0.00000000     0.00000000       0.00000000     0.00000000       0.00000000     0.00000000       0.00000000     0.00000000       0.00000000     0.00000000       0.00000000     0.00000000       0.00000000     0.00000000       1.00000000     0.00000000   
Rspin for iorb=  1
 angles=   0.0000000000000000        3.1415926535897931        0.0000000000000000        0.0000000000000000        0.0000000000000000        0.0000000000000000     
 Rspin=
    0.000000    0.000000      0.000000    1.000000
    0.000000    1.000000      0.000000    0.000000
 Calculation for atom  1 which has iucase=  1
 ATPAR for spin up

          ATOMIC PARAMETERS FOR Pu  0+    

           ENERGY PARAMETERS ARE   0.60  -1.38   0.60   0.60

           L     U(R)          U'(R)         DU/DE        DU'/DE      NORM-U'
           0  0.545463E+00  0.820776E+00  0.115963E+00 -0.222108E+00
           1  0.495871E+00 -0.115928E+00 -0.153328E+00 -0.400446E+00
           2 -0.619432E+00  0.210009E-01  0.979505E-01  0.345970E+00
           3 -0.333298E+00  0.108691E+00  0.353138E+00  0.534089E+00
LO COEFFICIENT: l,A,B,C   0          0.66576    -3.13155     0.00000     0.00000

LO COEFFICIENT: l,A,B,C   0          0.32513     0.00000     0.77526     0.00000

LO COEFFICIENT: l,A,B,C   1          0.89482     2.89390     0.00000     0.00000

LO COEFFICIENT: l,A,B,C   1          0.07464     0.00000    -1.06595     0.00000

LO COEFFICIENT: l,A,B,C   2          0.85213     5.38884     0.00000     0.00000

LO COEFFICIENT: l,A,B,C   3          0.93417     0.88169     0.00000     0.00000

 ATPAR for spin down

          ATOMIC PARAMETERS FOR Pu  0+    

           ENERGY PARAMETERS ARE   0.60  -1.38   0.60   0.60

           L     U(R)          U'(R)         DU/DE        DU'/DE      NORM-U'
           0  0.545463E+00  0.820776E+00  0.115963E+00 -0.222108E+00
           1  0.495871E+00 -0.115928E+00 -0.153328E+00 -0.400446E+00
           2 -0.619432E+00  0.210009E-01  0.979505E-01  0.345970E+00
           3 -0.333298E+00  0.108691E+00  0.353138E+00  0.534089E+00
LO COEFFICIENT: l,A,B,C   0          0.66576    -3.13155     0.00000     0.00000

LO COEFFICIENT: l,A,B,C   0          0.32513     0.00000     0.77526     0.00000

LO COEFFICIENT: l,A,B,C   1          0.89482     2.89390     0.00000     0.00000

LO COEFFICIENT: l,A,B,C   1          0.07464     0.00000    -1.06595     0.00000

LO COEFFICIENT: l,A,B,C   2          0.85213     5.38884     0.00000     0.00000

LO COEFFICIENT: l,A,B,C   3          0.93417     0.88169     0.00000     0.00000

 L1=           0  L2=           0
 RADIAL INTEGRALS:
           1           1                 1           1   1.0000000000000004        0.0000000000000000     
           1           3                 1           1  0.58174598509836395        0.0000000000000000     
           1           1                 1           2   1.0000000000000004        0.0000000000000000     
           1           3                 1           2  0.58174598509836395        0.0000000000000000     
           1           1                 2           1   1.0000000000000004        0.0000000000000000     
           1           3                 2           1  0.58174598509836395        0.0000000000000000     
           1           1                 2           2   1.0000000000000004        0.0000000000000000     
           1           3                 2           2  0.58174598509836395        0.0000000000000000     
           2           2                 1           1   5.6774789500530991E-002   0.0000000000000000     
           2           3                 1           1 -0.19161162611625401        0.0000000000000000     
           2           2                 1           2   5.6774789500530991E-002   0.0000000000000000     
           2           3                 1           2 -0.19161162611625401        0.0000000000000000     
           2           2                 2           1   5.6774789500530991E-002   0.0000000000000000     
           2           3                 2           1 -0.19161162611625401        0.0000000000000000     
           2           2                 2           2   5.6774789500530991E-002   0.0000000000000000     
           2           3                 2           2 -0.19161162611625401        0.0000000000000000     
           3           1                 1           1  0.58174598509836395        0.0000000000000000     
           3           2                 1           1 -0.19161162611625401        0.0000000000000000     
           3           3                 1           1  0.99999999999999956        0.0000000000000000     
           3           1                 1           2  0.58174598509836395        0.0000000000000000     
           3           2                 1           2 -0.19161162611625401        0.0000000000000000     
           3           3                 1           2  0.99999999999999956        0.0000000000000000     
           3           1                 2           1  0.58174598509836395        0.0000000000000000     
           3           2                 2           1 -0.19161162611625401        0.0000000000000000     
           3           3                 2           1  0.99999999999999956        0.0000000000000000     
           3           1                 2           2  0.58174598509836395        0.0000000000000000     
           3           2                 2           2 -0.19161162611625401        0.0000000000000000     
           3           3                 2           2  0.99999999999999956        0.0000000000000000     
 L1=           1  L2=           1
 RADIAL INTEGRALS:
           1           1                 1           1  0.99999999999999989        0.0000000000000000     
           1           3                 1           1  0.89133804287380169        0.0000000000000000     
           1           1                 1           2  0.99999999999999989        0.0000000000000000     
           1           3                 1           2  0.89133804287380169        0.0000000000000000     
           1           1                 2           1  0.99999999999999989        0.0000000000000000     
           1           3                 2           1  0.89133804287380169        0.0000000000000000     
           1           1                 2           2  0.99999999999999989        0.0000000000000000     
           1           3                 2           2  0.89133804287380169        0.0000000000000000     
           2           2                 1           1   2.3796930528460086E-002   0.0000000000000000     
           2           3                 1           1   6.9720992369519647E-002   0.0000000000000000     
           2           2                 1           2   2.3796930528460086E-002   0.0000000000000000     
           2           3                 1           2   6.9720992369519647E-002   0.0000000000000000     
           2           2                 2           1   2.3796930528460086E-002   0.0000000000000000     
           2           3                 2           1   6.9720992369519647E-002   0.0000000000000000     
           2           2                 2           2   2.3796930528460086E-002   0.0000000000000000     
           2           3                 2           2   6.9720992369519647E-002   0.0000000000000000     
           3           1                 1           1  0.89133804287380169        0.0000000000000000     
           3           2                 1           1   6.9720992369519647E-002   0.0000000000000000     
           3           3                 1           1   1.0000000000000000        0.0000000000000000     
           3           1                 1           2  0.89133804287380169        0.0000000000000000     
           3           2                 1           2   6.9720992369519647E-002   0.0000000000000000     
           3           3                 1           2   1.0000000000000000        0.0000000000000000     
           3           1                 2           1  0.89133804287380169        0.0000000000000000     
           3           2                 2           1   6.9720992369519647E-002   0.0000000000000000     
           3           3                 2           1   1.0000000000000000        0.0000000000000000     
           3           1                 2           2  0.89133804287380169        0.0000000000000000     
           3           2                 2           2   6.9720992369519647E-002   0.0000000000000000     
           3           3                 2           2   1.0000000000000000        0.0000000000000000     
 L1=           2  L2=           2
 RADIAL INTEGRALS:
           1           1                 1           1  0.99999999999999967        0.0000000000000000     
           1           1                 1           2  0.99999999999999967        0.0000000000000000     
           1           1                 2           1  0.99999999999999967        0.0000000000000000     
           1           1                 2           2  0.99999999999999967        0.0000000000000000     
           2           2                 1           1   9.4308471839436182E-003   0.0000000000000000     
           2           2                 1           2   9.4308471839436182E-003   0.0000000000000000     
           2           2                 2           1   9.4308471839436182E-003   0.0000000000000000     
           2           2                 2           2   9.4308471839436182E-003   0.0000000000000000     
 L1=           3  L2=           3
 RADIAL INTEGRALS:
           1           1                 1           1   1.0000000000000002        0.0000000000000000     
           1           1                 1           2   1.0000000000000002        0.0000000000000000     
           1           1                 2           1   1.0000000000000002        0.0000000000000000     
           1           1                 2           2   1.0000000000000002        0.0000000000000000     
           2           2                 1           1  0.16378998048272028        0.0000000000000000     
           2           2                 1           2  0.16378998048272028        0.0000000000000000     
           2           2                 2           1  0.16378998048272028        0.0000000000000000     
           2           2                 2           2  0.16378998048272028        0.0000000000000000     
Saving potential parameters for atom 1 into  1
pr_proc=286  tot-k=286
 ------------------------------------------------------------------------------
  0) Finished k-point number    1 with #bands=  26 nemin=   9 ne=  90
  0) Finished k-point number    2 with #bands=  26 nemin=   9 ne=  94
  0) Finished k-point number    3 with #bands=  26 nemin=   9 ne=  94
  0) Finished k-point number    4 with #bands=  26 nemin=   9 ne=  96
  0) Finished k-point number    5 with #bands=  26 nemin=   9 ne=  94
  0) Finished k-point number    6 with #bands=  28 nemin=   9 ne=  92
  0) Finished k-point number    7 with #bands=  28 nemin=   9 ne=  92
  0) Finished k-point number    8 with #bands=  28 nemin=   9 ne=  92
  0) Finished k-point number    9 with #bands=  28 nemin=   9 ne=  92
  0) Finished k-point number   10 with #bands=  28 nemin=   9 ne=  92
  0) Finished k-point number   11 with #bands=  30 nemin=   9 ne=  92
  0) Finished k-point number   12 with #bands=  26 nemin=   9 ne=  92
  0) Finished k-point number   13 with #bands=  26 nemin=   9 ne=  94
  0) Finished k-point number   14 with #bands=  26 nemin=   9 ne=  96
  0) Finished k-point number   15 with #bands=  26 nemin=   9 ne=  96
  0) Finished k-point number   16 with #bands=  26 nemin=   9 ne=  94
  0) Finished k-point number   17 with #bands=  28 nemin=   9 ne=  94
  0) Finished k-point number   18 with #bands=  28 nemin=   9 ne=  94
  0) Finished k-point number   19 with #bands=  28 nemin=   9 ne=  92
  0) Finished k-point number   20 with #bands=  28 nemin=   9 ne=  90
  0) Finished k-point number   21 with #bands=  28 nemin=   9 ne=  90
  0) Finished k-point number   22 with #bands=  28 nemin=   9 ne=  90
  0) Finished k-point number   23 with #bands=  28 nemin=   9 ne=  90
  0) Finished k-point number   24 with #bands=  28 nemin=   9 ne=  90
  0) Finished k-point number   25 with #bands=  28 nemin=   9 ne=  92
  0) Finished k-point number   26 with #bands=  28 nemin=   9 ne=  94
  0) Finished k-point number   27 with #bands=  28 nemin=   9 ne=  94
  0) Finished k-point number   28 with #bands=  26 nemin=   9 ne=  94
  0) Finished k-point number   29 with #bands=  26 nemin=   9 ne=  94
  0) Finished k-point number   30 with #bands=  26 nemin=   9 ne=  96
  0) Finished k-point number   31 with #bands=  26 nemin=   9 ne=  94
  0) Finished k-point number   32 with #bands=  26 nemin=   9 ne=  94
  0) Finished k-point number   33 with #bands=  26 nemin=   9 ne=  94
  0) Finished k-point number   34 with #bands=  26 nemin=   9 ne=  94
  0) Finished k-point number   35 with #bands=  26 nemin=   9 ne=  94
  0) Finished k-point number   36 with #bands=  26 nemin=   9 ne=  94
  0) Finished k-point number   37 with #bands=  28 nemin=   9 ne=  94
  0) Finished k-point number   38 with #bands=  28 nemin=   9 ne=  92
  0) Finished k-point number   39 with #bands=  28 nemin=   9 ne=  90
  0) Finished k-point number   40 with #bands=  28 nemin=   9 ne=  88
  0) Finished k-point number   41 with #bands=  28 nemin=   9 ne=  88
  0) Finished k-point number   42 with #bands=  28 nemin=   9 ne=  88
  0) Finished k-point number   43 with #bands=  28 nemin=   9 ne=  90
  0) Finished k-point number   44 with #bands=  28 nemin=   9 ne=  92
  0) Finished k-point number   45 with #bands=  28 nemin=   9 ne=  94
  0) Finished k-point number   46 with #bands=  26 nemin=   9 ne=  96
  0) Finished k-point number   47 with #bands=  26 nemin=   9 ne=  96
  0) Finished k-point number   48 with #bands=  26 nemin=   9 ne=  96
  0) Finished k-point number   49 with #bands=  26 nemin=   9 ne=  94
  0) Finished k-point number   50 with #bands=  26 nemin=   9 ne=  94
  0) Finished k-point number   51 with #bands=  26 nemin=   9 ne=  94
  0) Finished k-point number   52 with #bands=  26 nemin=   9 ne=  94
  0) Finished k-point number   53 with #bands=  26 nemin=   9 ne=  94
  0) Finished k-point number   54 with #bands=  26 nemin=   9 ne=  94
  0) Finished k-point number   55 with #bands=  26 nemin=   9 ne=  92
  0) Finished k-point number   56 with #bands=  28 nemin=   9 ne=  90
  0) Finished k-point number   57 with #bands=  28 nemin=   9 ne=  90
  0) Finished k-point number   58 with #bands=  28 nemin=   9 ne=  88
  0) Finished k-point number   59 with #bands=  28 nemin=   9 ne=  88
  0) Finished k-point number   60 with #bands=  28 nemin=   9 ne=  90
  0) Finished k-point number   61 with #bands=  28 nemin=   9 ne=  94
  0) Finished k-point number   62 with #bands=  26 nemin=   9 ne=  94
  0) Finished k-point number   63 with #bands=  26 nemin=   9 ne=  94
  0) Finished k-point number   64 with #bands=  26 nemin=   9 ne=  96
  0) Finished k-point number   65 with #bands=  26 nemin=   9 ne=  94
  0) Finished k-point number   66 with #bands=  26 nemin=   9 ne=  94
  0) Finished k-point number   67 with #bands=  26 nemin=   9 ne=  96
  0) Finished k-point number   68 with #bands=  26 nemin=   9 ne=  96
  0) Finished k-point number   69 with #bands=  26 nemin=   9 ne=  94
  0) Finished k-point number   70 with #bands=  26 nemin=   9 ne=  92
  0) Finished k-point number   71 with #bands=  28 nemin=   9 ne=  90
  0) Finished k-point number   72 with #bands=  28 nemin=   9 ne=  90
  0) Finished k-point number   73 with #bands=  28 nemin=   9 ne=  90
  0) Finished k-point number   74 with #bands=  28 nemin=   9 ne=  90
  0) Finished k-point number   75 with #bands=  28 nemin=   9 ne=  90
  0) Finished k-point number   76 with #bands=  28 nemin=   9 ne=  92
  0) Finished k-point number   77 with #bands=  26 nemin=   9 ne=  92
  0) Finished k-point number   78 with #bands=  26 nemin=   9 ne=  92
  0) Finished k-point number   79 with #bands=  26 nemin=   9 ne=  94
  0) Finished k-point number   80 with #bands=  26 nemin=   9 ne=  98
  0) Finished k-point number   81 with #bands=  26 nemin=   9 ne=  98
  0) Finished k-point number   82 with #bands=  26 nemin=   9 ne=  96
  0) Finished k-point number   83 with #bands=  26 nemin=   9 ne=  94
  0) Finished k-point number   84 with #bands=  28 nemin=   9 ne=  92
  0) Finished k-point number   85 with #bands=  28 nemin=   9 ne=  90
  0) Finished k-point number   86 with #bands=  28 nemin=   9 ne=  90
  0) Finished k-point number   87 with #bands=  28 nemin=   9 ne=  90
  0) Finished k-point number   88 with #bands=  28 nemin=   9 ne=  90
  0) Finished k-point number   89 with #bands=  26 nemin=   9 ne=  90
  0) Finished k-point number   90 with #bands=  26 nemin=   9 ne=  90
  0) Finished k-point number   91 with #bands=  26 nemin=   9 ne=  92
  0) Finished k-point number   92 with #bands=  26 nemin=   9 ne= 100
  0) Finished k-point number   93 with #bands=  26 nemin=   9 ne=  98
  0) Finished k-point number   94 with #bands=  26 nemin=   9 ne=  96
  0) Finished k-point number   95 with #bands=  28 nemin=   9 ne=  94
  0) Finished k-point number   96 with #bands=  28 nemin=   9 ne=  92
  0) Finished k-point number   97 with #bands=  28 nemin=   9 ne=  88
  0) Finished k-point number   98 with #bands=  28 nemin=   9 ne=  88
  0) Finished k-point number   99 with #bands=  26 nemin=   9 ne=  88
  0) Finished k-point number  100 with #bands=  26 nemin=   9 ne=  90
  0) Finished k-point number  101 with #bands=  26 nemin=   9 ne=  90
  0) Finished k-point number  102 with #bands=  26 nemin=   9 ne= 100
  0) Finished k-point number  103 with #bands=  26 nemin=   9 ne=  96
  0) Finished k-point number  104 with #bands=  26 nemin=   9 ne=  96
  0) Finished k-point number  105 with #bands=  28 nemin=   9 ne=  94
  0) Finished k-point number  106 with #bands=  28 nemin=   9 ne=  90
  0) Finished k-point number  107 with #bands=  28 nemin=   9 ne=  88
  0) Finished k-point number  108 with #bands=  26 nemin=   9 ne=  88
  0) Finished k-point number  109 with #bands=  26 nemin=   9 ne=  88
  0) Finished k-point number  110 with #bands=  26 nemin=   9 ne=  94
  0) Finished k-point number  111 with #bands=  26 nemin=   9 ne=  94
  0) Finished k-point number  112 with #bands=  28 nemin=   9 ne=  92
  0) Finished k-point number  113 with #bands=  28 nemin=   9 ne=  90
  0) Finished k-point number  114 with #bands=  28 nemin=   9 ne=  88
  0) Finished k-point number  115 with #bands=  26 nemin=   9 ne=  88
  0) Finished k-point number  116 with #bands=  28 nemin=   9 ne=  94
  0) Finished k-point number  117 with #bands=  28 nemin=   9 ne=  94
  0) Finished k-point number  118 with #bands=  28 nemin=   9 ne=  92
  0) Finished k-point number  119 with #bands=  28 nemin=   9 ne=  90
  0) Finished k-point number  120 with #bands=  30 nemin=   9 ne=  94
  0) Finished k-point number  121 with #bands=  30 nemin=   9 ne=  94
  0) Finished k-point number  122 with #bands=  26 nemin=   9 ne=  94
  0) Finished k-point number  123 with #bands=  26 nemin=   9 ne=  96
  0) Finished k-point number  124 with #bands=  26 nemin=   9 ne=  94
  0) Finished k-point number  125 with #bands=  26 nemin=   9 ne=  94
  0) Finished k-point number  126 with #bands=  28 nemin=   9 ne=  94
  0) Finished k-point number  127 with #bands=  28 nemin=   9 ne=  92
  0) Finished k-point number  128 with #bands=  28 nemin=   9 ne=  92
  0) Finished k-point number  129 with #bands=  28 nemin=   9 ne=  90
  0) Finished k-point number  130 with #bands=  28 nemin=   9 ne=  88
  0) Finished k-point number  131 with #bands=  26 nemin=   9 ne=  94
  0) Finished k-point number  132 with #bands=  26 nemin=   9 ne=  96
  0) Finished k-point number  133 with #bands=  26 nemin=   9 ne=  96
  0) Finished k-point number  134 with #bands=  26 nemin=   9 ne=  94
  0) Finished k-point number  135 with #bands=  26 nemin=   9 ne=  94
  0) Finished k-point number  136 with #bands=  28 nemin=   9 ne=  92
  0) Finished k-point number  137 with #bands=  28 nemin=   9 ne=  90
  0) Finished k-point number  138 with #bands=  28 nemin=   9 ne=  88
  0) Finished k-point number  139 with #bands=  28 nemin=   9 ne=  88
  0) Finished k-point number  140 with #bands=  28 nemin=   9 ne=  88
  0) Finished k-point number  141 with #bands=  28 nemin=   9 ne=  92
  0) Finished k-point number  142 with #bands=  28 nemin=   9 ne=  94
  0) Finished k-point number  143 with #bands=  26 nemin=   9 ne=  94
  0) Finished k-point number  144 with #bands=  26 nemin=   9 ne=  96
  0) Finished k-point number  145 with #bands=  26 nemin=   9 ne=  96
  0) Finished k-point number  146 with #bands=  26 nemin=   9 ne=  96
  0) Finished k-point number  147 with #bands=  26 nemin=   9 ne=  96
  0) Finished k-point number  148 with #bands=  26 nemin=   9 ne=  96
  0) Finished k-point number  149 with #bands=  26 nemin=   9 ne=  94
  0) Finished k-point number  150 with #bands=  26 nemin=   9 ne=  94
  0) Finished k-point number  151 with #bands=  28 nemin=   9 ne=  92
  0) Finished k-point number  152 with #bands=  28 nemin=   9 ne=  90
  0) Finished k-point number  153 with #bands=  28 nemin=   9 ne=  90
  0) Finished k-point number  154 with #bands=  28 nemin=   9 ne=  88
  0) Finished k-point number  155 with #bands=  28 nemin=   9 ne=  90
  0) Finished k-point number  156 with #bands=  28 nemin=   9 ne=  92
  0) Finished k-point number  157 with #bands=  28 nemin=   9 ne=  94
  0) Finished k-point number  158 with #bands=  26 nemin=   9 ne=  94
  0) Finished k-point number  159 with #bands=  26 nemin=   9 ne=  94
  0) Finished k-point number  160 with #bands=  26 nemin=   9 ne=  94
  0) Finished k-point number  161 with #bands=  26 nemin=   9 ne=  96
  0) Finished k-point number  162 with #bands=  26 nemin=   9 ne=  96
  0) Finished k-point number  163 with #bands=  26 nemin=   9 ne=  94
  0) Finished k-point number  164 with #bands=  26 nemin=   9 ne=  92
  0) Finished k-point number  165 with #bands=  28 nemin=   9 ne=  90
  0) Finished k-point number  166 with #bands=  28 nemin=   9 ne=  90
  0) Finished k-point number  167 with #bands=  28 nemin=   9 ne=  90
  0) Finished k-point number  168 with #bands=  28 nemin=   9 ne=  90
  0) Finished k-point number  169 with #bands=  28 nemin=   9 ne=  90
  0) Finished k-point number  170 with #bands=  26 nemin=   9 ne=  92
  0) Finished k-point number  171 with #bands=  26 nemin=   9 ne=  92
  0) Finished k-point number  172 with #bands=  26 nemin=   9 ne=  92
  0) Finished k-point number  173 with #bands=  26 nemin=   9 ne=  96
  0) Finished k-point number  174 with #bands=  26 nemin=   9 ne=  94
  0) Finished k-point number  175 with #bands=  26 nemin=   9 ne=  92
  0) Finished k-point number  176 with #bands=  28 nemin=   9 ne=  92
  0) Finished k-point number  177 with #bands=  28 nemin=   9 ne=  90
  0) Finished k-point number  178 with #bands=  28 nemin=   9 ne=  90
  0) Finished k-point number  179 with #bands=  28 nemin=   9 ne=  88
  0) Finished k-point number  180 with #bands=  26 nemin=   9 ne=  88
  0) Finished k-point number  181 with #bands=  26 nemin=   9 ne=  90
  0) Finished k-point number  182 with #bands=  26 nemin=   9 ne=  90
  0) Finished k-point number  183 with #bands=  26 nemin=   9 ne=  98
  0) Finished k-point number  184 with #bands=  26 nemin=   9 ne=  94
  0) Finished k-point number  185 with #bands=  28 nemin=   9 ne=  92
  0) Finished k-point number  186 with #bands=  28 nemin=   9 ne=  92
  0) Finished k-point number  187 with #bands=  28 nemin=   9 ne=  90
  0) Finished k-point number  188 with #bands=  28 nemin=   9 ne=  88
  0) Finished k-point number  189 with #bands=  26 nemin=   9 ne=  88
  0) Finished k-point number  190 with #bands=  26 nemin=   9 ne=  90
  0) Finished k-point number  191 with #bands=  26 nemin=   9 ne=  94
  0) Finished k-point number  192 with #bands=  28 nemin=   9 ne=  92
  0) Finished k-point number  193 with #bands=  28 nemin=   9 ne=  90
  0) Finished k-point number  194 with #bands=  28 nemin=   9 ne=  90
  0) Finished k-point number  195 with #bands=  28 nemin=   9 ne=  88
  0) Finished k-point number  196 with #bands=  26 nemin=   9 ne=  88
  0) Finished k-point number  197 with #bands=  28 nemin=   9 ne=  92
  0) Finished k-point number  198 with #bands=  28 nemin=   9 ne=  92
  0) Finished k-point number  199 with #bands=  28 nemin=   9 ne=  88
  0) Finished k-point number  200 with #bands=  28 nemin=   9 ne=  88
  0) Finished k-point number  201 with #bands=  30 nemin=   9 ne=  92
  0) Finished k-point number  202 with #bands=  28 nemin=   9 ne=  92
  0) Finished k-point number  203 with #bands=  26 nemin=   9 ne=  96
  0) Finished k-point number  204 with #bands=  26 nemin=   9 ne=  96
  0) Finished k-point number  205 with #bands=  26 nemin=   9 ne=  94
  0) Finished k-point number  206 with #bands=  26 nemin=   9 ne=  94
  0) Finished k-point number  207 with #bands=  28 nemin=   9 ne=  92
  0) Finished k-point number  208 with #bands=  28 nemin=   9 ne=  90
  0) Finished k-point number  209 with #bands=  28 nemin=   9 ne=  90
  0) Finished k-point number  210 with #bands=  26 nemin=   9 ne=  96
  0) Finished k-point number  211 with #bands=  26 nemin=   9 ne=  94
  0) Finished k-point number  212 with #bands=  26 nemin=   9 ne=  92
  0) Finished k-point number  213 with #bands=  28 nemin=   9 ne=  92
  0) Finished k-point number  214 with #bands=  28 nemin=   9 ne=  90
  0) Finished k-point number  215 with #bands=  28 nemin=   9 ne=  90
  0) Finished k-point number  216 with #bands=  28 nemin=   9 ne=  90
  0) Finished k-point number  217 with #bands=  28 nemin=   9 ne=  90
  0) Finished k-point number  218 with #bands=  28 nemin=   9 ne=  92
  0) Finished k-point number  219 with #bands=  26 nemin=   9 ne=  92
  0) Finished k-point number  220 with #bands=  26 nemin=   9 ne=  92
  0) Finished k-point number  221 with #bands=  26 nemin=   9 ne=  94
  0) Finished k-point number  222 with #bands=  26 nemin=   9 ne=  94
  0) Finished k-point number  223 with #bands=  26 nemin=   9 ne=  94
  0) Finished k-point number  224 with #bands=  28 nemin=   9 ne=  92
  0) Finished k-point number  225 with #bands=  28 nemin=   9 ne=  90
  0) Finished k-point number  226 with #bands=  28 nemin=   9 ne=  92
  0) Finished k-point number  227 with #bands=  28 nemin=   9 ne=  90
  0) Finished k-point number  228 with #bands=  28 nemin=   9 ne=  90
  0) Finished k-point number  229 with #bands=  26 nemin=   9 ne=  90
  0) Finished k-point number  230 with #bands=  26 nemin=   9 ne=  92
  0) Finished k-point number  231 with #bands=  26 nemin=   9 ne=  92
  0) Finished k-point number  232 with #bands=  26 nemin=   9 ne=  94
  0) Finished k-point number  233 with #bands=  28 nemin=   9 ne=  92
  0) Finished k-point number  234 with #bands=  28 nemin=   9 ne=  92
  0) Finished k-point number  235 with #bands=  28 nemin=   9 ne=  90
  0) Finished k-point number  236 with #bands=  28 nemin=   9 ne=  90
  0) Finished k-point number  237 with #bands=  26 nemin=   9 ne=  90
  0) Finished k-point number  238 with #bands=  26 nemin=   9 ne=  88
  0) Finished k-point number  239 with #bands=  26 nemin=   9 ne=  90
  0) Finished k-point number  240 with #bands=  28 nemin=   9 ne=  92
  0) Finished k-point number  241 with #bands=  28 nemin=   9 ne=  90
  0) Finished k-point number  242 with #bands=  28 nemin=   9 ne=  90
  0) Finished k-point number  243 with #bands=  28 nemin=   9 ne=  88
  0) Finished k-point number  244 with #bands=  26 nemin=   9 ne=  90
  0) Finished k-point number  245 with #bands=  26 nemin=   9 ne=  88
  0) Finished k-point number  246 with #bands=  28 nemin=   9 ne=  92
  0) Finished k-point number  247 with #bands=  28 nemin=   9 ne=  90
  0) Finished k-point number  248 with #bands=  28 nemin=   9 ne=  90
  0) Finished k-point number  249 with #bands=  28 nemin=   9 ne=  88
  0) Finished k-point number  250 with #bands=  28 nemin=   9 ne=  90
  0) Finished k-point number  251 with #bands=  28 nemin=   9 ne=  88
  0) Finished k-point number  252 with #bands=  26 nemin=   9 ne=  94
  0) Finished k-point number  253 with #bands=  26 nemin=   9 ne=  92
  0) Finished k-point number  254 with #bands=  28 nemin=   9 ne=  90
  0) Finished k-point number  255 with #bands=  28 nemin=   9 ne=  90
  0) Finished k-point number  256 with #bands=  28 nemin=   9 ne=  92
  0) Finished k-point number  257 with #bands=  26 nemin=   9 ne=  94
  0) Finished k-point number  258 with #bands=  28 nemin=   9 ne=  92
  0) Finished k-point number  259 with #bands=  28 nemin=   9 ne=  92
  0) Finished k-point number  260 with #bands=  28 nemin=   9 ne=  92
  0) Finished k-point number  261 with #bands=  28 nemin=   9 ne=  92
  0) Finished k-point number  262 with #bands=  28 nemin=   9 ne=  90
  0) Finished k-point number  263 with #bands=  26 nemin=   9 ne=  90
  0) Finished k-point number  264 with #bands=  26 nemin=   9 ne=  92
  0) Finished k-point number  265 with #bands=  28 nemin=   9 ne=  90
  0) Finished k-point number  266 with #bands=  28 nemin=   9 ne=  90
  0) Finished k-point number  267 with #bands=  28 nemin=   9 ne=  90
  0) Finished k-point number  268 with #bands=  28 nemin=   9 ne=  90
  0) Finished k-point number  269 with #bands=  26 nemin=   9 ne=  90
  0) Finished k-point number  270 with #bands=  26 nemin=   9 ne=  88
  0) Finished k-point number  271 with #bands=  28 nemin=   9 ne=  90
  0) Finished k-point number  272 with #bands=  28 nemin=   9 ne=  90
  0) Finished k-point number  273 with #bands=  28 nemin=   9 ne=  88
  0) Finished k-point number  274 with #bands=  26 nemin=   9 ne=  90
  0) Finished k-point number  275 with #bands=  28 nemin=   9 ne=  90
  0) Finished k-point number  276 with #bands=  28 nemin=   9 ne=  90
  0) Finished k-point number  277 with #bands=  26 nemin=   9 ne=  90
  0) Finished k-point number  278 with #bands=  26 nemin=   9 ne=  90
  0) Finished k-point number  279 with #bands=  28 nemin=   9 ne=  90
  0) Finished k-point number  280 with #bands=  28 nemin=   9 ne=  88
  0) Finished k-point number  281 with #bands=  28 nemin=   9 ne=  88
  0) Finished k-point number  282 with #bands=  28 nemin=   9 ne=  90
  0) Finished k-point number  283 with #bands=  26 nemin=   9 ne=  90
  0) Finished k-point number  284 with #bands=  28 nemin=   9 ne=  88
  0) Finished k-point number  285 with #bands=  28 nemin=   9 ne=  90
  0) Finished k-point number  286 with #bands=  28 nemin=   9 ne=  88


   =====>>> CPU TIME SUMMARY

            TOTAL       :      2.2
