******Program DMFT: Computes Gloc and Delta for Dynamical Mean Field Theory calculation ******
 CALCULATION WITH COMPLEX VECTORS
 CALCULATION WITH SOC VECTORS REQUIRED
 Running DMFT in mpi mode
  
 numkpt=         726
   0.00000   0.00000   0.00000   1.00000
   0.04762   0.04762   0.00000   4.00000
   0.09524   0.09524   0.00000   4.00000
   0.14286   0.14286   0.00000   4.00000
   0.19048   0.19048   0.00000   4.00000
   0.23810   0.23810   0.00000   4.00000
   0.28571   0.28571   0.00000   4.00000
   0.33333   0.33333   0.00000   4.00000
   0.38095   0.38095   0.00000   4.00000
   0.42857   0.42857   0.00000   4.00000
   0.47619   0.47619   0.00000   4.00000
   0.04762   0.00000   0.04762   8.00000
   0.09524   0.04762   0.04762  16.00000
   0.14286   0.09524   0.04762  16.00000
   0.19048   0.14286   0.04762  16.00000
   0.23810   0.19048   0.04762  16.00000
   0.28571   0.23810   0.04762  16.00000
   0.33333   0.28571   0.04762  16.00000
   0.38095   0.33333   0.04762  16.00000
   0.42857   0.38095   0.04762  16.00000
   0.47619   0.42857   0.04762  16.00000
   0.52381   0.47619   0.04762   8.00000
   0.09524   0.00000   0.09524   8.00000
   0.14286   0.04762   0.09524  16.00000
   0.19048   0.09524   0.09524  16.00000
   0.23810   0.14286   0.09524  16.00000
   0.28571   0.19048   0.09524  16.00000
   0.33333   0.23810   0.09524  16.00000
   0.38095   0.28571   0.09524  16.00000
   0.42857   0.33333   0.09524  16.00000
   0.47619   0.38095   0.09524  16.00000
   0.52381   0.42857   0.09524  16.00000
   1.04762   0.95238   0.09524   8.00000
   0.14286   0.00000   0.14286   8.00000
   0.19048   0.04762   0.14286  16.00000
   0.23810   0.09524   0.14286  16.00000
   0.28571   0.14286   0.14286  16.00000
   0.33333   0.19048   0.14286  16.00000
   0.38095   0.23810   0.14286  16.00000
   0.42857   0.28571   0.14286  16.00000
   0.47619   0.33333   0.14286  16.00000
   0.52381   0.38095   0.14286  16.00000
   0.57143   0.42857   0.14286   8.00000
   1.04762   0.90476   0.14286  16.00000
   0.19048   0.00000   0.19048   8.00000
   0.23810   0.04762   0.19048  16.00000
   0.28571   0.09524   0.19048  16.00000
   0.33333   0.14286   0.19048  16.00000
   0.38095   0.19048   0.19048  16.00000
   0.42857   0.23810   0.19048  16.00000
   0.47619   0.28571   0.19048  16.00000
   0.52381   0.33333   0.19048  16.00000
   0.57143   0.38095   0.19048  16.00000
   1.04762   0.85714   0.19048  16.00000
   1.09524   0.90476   0.19048   8.00000
   0.23810   0.00000   0.23810   8.00000
   0.28571   0.04762   0.23810  16.00000
   0.33333   0.09524   0.23810  16.00000
   0.38095   0.14286   0.23810  16.00000
   0.42857   0.19048   0.23810  16.00000
   0.47619   0.23810   0.23810  16.00000
   0.52381   0.28571   0.23810  16.00000
   0.57143   0.33333   0.23810  16.00000
   0.61905   0.38095   0.23810   8.00000
   1.04762   0.80952   0.23810  16.00000
   1.09524   0.85714   0.23810  16.00000
   0.28571   0.00000   0.28571   8.00000
   0.33333   0.04762   0.28571  16.00000
   0.38095   0.09524   0.28571  16.00000
   0.42857   0.14286   0.28571  16.00000
   0.47619   0.19048   0.28571  16.00000
   0.52381   0.23810   0.28571  16.00000
   0.57143   0.28571   0.28571  16.00000
   0.61905   0.33333   0.28571  16.00000
   1.04762   0.76190   0.28571  16.00000
   1.09524   0.80952   0.28571  16.00000
   1.14286   0.85714   0.28571   8.00000
   0.33333   0.00000   0.33333   8.00000
   0.38095   0.04762   0.33333  16.00000
   0.42857   0.09524   0.33333  16.00000
   0.47619   0.14286   0.33333  16.00000
   0.52381   0.19048   0.33333  16.00000
   0.57143   0.23810   0.33333  16.00000
   0.61905   0.28571   0.33333  16.00000
   0.66667   0.33333   0.33333   8.00000
   1.04762   0.71429   0.33333  16.00000
   1.09524   0.76190   0.33333  16.00000
   1.14286   0.80952   0.33333  16.00000
   0.38095   0.00000   0.38095   8.00000
   0.42857   0.04762   0.38095  16.00000
   0.47619   0.09524   0.38095  16.00000
   0.52381   0.14286   0.38095  16.00000
   0.57143   0.19048   0.38095  16.00000
   0.61905   0.23810   0.38095  16.00000
   0.66667   0.28571   0.38095  16.00000
   1.04762   0.66667   0.38095  16.00000
   1.09524   0.71429   0.38095  16.00000
   1.14286   0.76190   0.38095  16.00000
   1.19048   0.80952   0.38095   8.00000
   0.42857   0.00000   0.42857   8.00000
   0.47619   0.04762   0.42857  16.00000
   0.52381   0.09524   0.42857  16.00000
   0.57143   0.14286   0.42857  16.00000
   0.61905   0.19048   0.42857  16.00000
   0.66667   0.23810   0.42857  16.00000
   0.71429   0.28571   0.42857   8.00000
   1.04762   0.61905   0.42857  16.00000
   1.09524   0.66667   0.42857  16.00000
   1.14286   0.71429   0.42857  16.00000
   1.19048   0.76190   0.42857  16.00000
   0.47619   0.00000   0.47619   8.00000
   0.52381   0.04762   0.47619  16.00000
   0.57143   0.09524   0.47619  16.00000
   0.61905   0.14286   0.47619  16.00000
   0.66667   0.19048   0.47619  16.00000
   0.71429   0.23810   0.47619  16.00000
   1.04762   0.57143   0.47619  16.00000
   1.09524   0.61905   0.47619  16.00000
   1.14286   0.66667   0.47619  16.00000
   1.19048   0.71429   0.47619  16.00000
   1.23810   0.76190   0.47619   8.00000
   0.09524   0.09524   0.09524   8.00000
   0.14286   0.14286   0.09524   8.00000
   0.19048   0.19048   0.09524   8.00000
   0.23810   0.23810   0.09524   8.00000
   0.28571   0.28571   0.09524   8.00000
   0.33333   0.33333   0.09524   8.00000
   0.38095   0.38095   0.09524   8.00000
   0.42857   0.42857   0.09524   8.00000
   0.47619   0.47619   0.09524   8.00000
   1.00000   1.00000   0.09524   2.00000
   0.14286   0.09524   0.14286  16.00000
   0.19048   0.14286   0.14286  16.00000
   0.23810   0.19048   0.14286  16.00000
   0.28571   0.23810   0.14286  16.00000
   0.33333   0.28571   0.14286  16.00000
   0.38095   0.33333   0.14286  16.00000
   0.42857   0.38095   0.14286  16.00000
   0.47619   0.42857   0.14286  16.00000
   0.52381   0.47619   0.14286   8.00000
   1.00000   0.95238   0.14286   8.00000
   0.19048   0.09524   0.19048  16.00000
   0.23810   0.14286   0.19048  16.00000
   0.28571   0.19048   0.19048  16.00000
   0.33333   0.23810   0.19048  16.00000
   0.38095   0.28571   0.19048  16.00000
   0.42857   0.33333   0.19048  16.00000
   0.47619   0.38095   0.19048  16.00000
   0.52381   0.42857   0.19048  16.00000
   1.00000   0.90476   0.19048   8.00000
   1.04762   0.95238   0.19048   8.00000
   0.23810   0.09524   0.23810  16.00000
   0.28571   0.14286   0.23810  16.00000
   0.33333   0.19048   0.23810  16.00000
   0.38095   0.23810   0.23810  16.00000
   0.42857   0.28571   0.23810  16.00000
   0.47619   0.33333   0.23810  16.00000
   0.52381   0.38095   0.23810  16.00000
   0.57143   0.42857   0.23810   8.00000
   1.00000   0.85714   0.23810   8.00000
   1.04762   0.90476   0.23810  16.00000
   0.28571   0.09524   0.28571  16.00000
   0.33333   0.14286   0.28571  16.00000
   0.38095   0.19048   0.28571  16.00000
   0.42857   0.23810   0.28571  16.00000
   0.47619   0.28571   0.28571  16.00000
   0.52381   0.33333   0.28571  16.00000
   0.57143   0.38095   0.28571  16.00000
   1.00000   0.80952   0.28571   8.00000
   1.04762   0.85714   0.28571  16.00000
   1.09524   0.90476   0.28571   8.00000
   0.33333   0.09524   0.33333  16.00000
   0.38095   0.14286   0.33333  16.00000
   0.42857   0.19048   0.33333  16.00000
   0.47619   0.23810   0.33333  16.00000
   0.52381   0.28571   0.33333  16.00000
   0.57143   0.33333   0.33333  16.00000
   0.61905   0.38095   0.33333   8.00000
   1.00000   0.76190   0.33333   8.00000
   1.04762   0.80952   0.33333  16.00000
   1.09524   0.85714   0.33333  16.00000
   0.38095   0.09524   0.38095  16.00000
   0.42857   0.14286   0.38095  16.00000
   0.47619   0.19048   0.38095  16.00000
   0.52381   0.23810   0.38095  16.00000
   0.57143   0.28571   0.38095  16.00000
   0.61905   0.33333   0.38095  16.00000
   1.00000   0.71429   0.38095   8.00000
   1.04762   0.76190   0.38095  16.00000
   1.09524   0.80952   0.38095  16.00000
   1.14286   0.85714   0.38095   8.00000
   0.42857   0.09524   0.42857  16.00000
   0.47619   0.14286   0.42857  16.00000
   0.52381   0.19048   0.42857  16.00000
   0.57143   0.23810   0.42857  16.00000
   0.61905   0.28571   0.42857  16.00000
   0.66667   0.33333   0.42857   8.00000
   1.00000   0.66667   0.42857   8.00000
   1.04762   0.71429   0.42857  16.00000
   1.09524   0.76190   0.42857  16.00000
   1.14286   0.80952   0.42857  16.00000
   0.47619   0.09524   0.47619  16.00000
   0.52381   0.14286   0.47619  16.00000
   0.57143   0.19048   0.47619  16.00000
   0.61905   0.23810   0.47619  16.00000
   0.66667   0.28571   0.47619  16.00000
   1.00000   0.61905   0.47619   8.00000
   1.04762   0.66667   0.47619  16.00000
   1.09524   0.71429   0.47619  16.00000
   1.14286   0.76190   0.47619  16.00000
   1.19048   0.80952   0.47619   8.00000
   0.57143   0.14286   0.52381  16.00000
   0.61905   0.19048   0.52381  16.00000
   0.66667   0.23810   0.52381  16.00000
   0.71429   0.28571   0.52381   8.00000
   1.00000   0.57143   0.52381   8.00000
   1.04762   0.61905   0.52381  16.00000
   1.09524   0.66667   0.52381  16.00000
   1.14286   0.71429   0.52381  16.00000
   1.19048   0.76190   0.52381  16.00000
   0.61905   0.14286   0.57143  16.00000
   0.66667   0.19048   0.57143  16.00000
   0.71429   0.23810   0.57143  16.00000
   1.00000   0.52381   0.57143   8.00000
   1.04762   0.57143   0.57143  16.00000
   1.09524   0.61905   0.57143  16.00000
   1.14286   0.66667   0.57143  16.00000
   1.19048   0.71429   0.57143  16.00000
   1.23810   0.76190   0.57143   8.00000
   0.66667   0.14286   0.61905  16.00000
   0.71429   0.19048   0.61905  16.00000
   0.76190   0.23810   0.61905   8.00000
   1.00000   0.47619   0.61905   8.00000
   1.04762   0.52381   0.61905  16.00000
   1.09524   0.57143   0.61905  16.00000
   1.14286   0.61905   0.61905  16.00000
   1.19048   0.66667   0.61905  16.00000
   1.23810   0.71429   0.61905  16.00000
   0.71429   0.14286   0.66667  16.00000
   0.76190   0.19048   0.66667  16.00000
   1.00000   0.42857   0.66667   8.00000
   1.04762   0.47619   0.66667  16.00000
   1.09524   0.52381   0.66667  16.00000
   1.14286   0.57143   0.66667  16.00000
   1.19048   0.61905   0.66667  16.00000
   1.23810   0.66667   0.66667  16.00000
   1.28571   0.71429   0.66667   8.00000
   0.76190   0.14286   0.71429  16.00000
   0.80952   0.19048   0.71429   8.00000
   1.00000   0.38095   0.71429   8.00000
   1.04762   0.42857   0.71429  16.00000
   1.09524   0.47619   0.71429  16.00000
   1.14286   0.52381   0.71429  16.00000
   1.19048   0.57143   0.71429  16.00000
   1.23810   0.61905   0.71429  16.00000
   1.28571   0.66667   0.71429  16.00000
   0.80952   0.14286   0.76190  16.00000
   1.00000   0.33333   0.76190   8.00000
   1.04762   0.38095   0.76190  16.00000
   1.09524   0.42857   0.76190  16.00000
   1.14286   0.47619   0.76190  16.00000
   1.19048   0.52381   0.76190  16.00000
   1.23810   0.57143   0.76190  16.00000
   1.28571   0.61905   0.76190  16.00000
   1.33333   0.66667   0.76190   8.00000
   0.85714   0.14286   0.80952   8.00000
   1.00000   0.28571   0.80952   8.00000
   1.04762   0.33333   0.80952  16.00000
   1.09524   0.38095   0.80952  16.00000
   1.14286   0.42857   0.80952  16.00000
   1.19048   0.47619   0.80952  16.00000
   1.23810   0.52381   0.80952  16.00000
   1.28571   0.57143   0.80952  16.00000
   1.33333   0.61905   0.80952  16.00000
   1.00000   0.23810   0.85714   8.00000
   1.04762   0.28571   0.85714  16.00000
   1.09524   0.33333   0.85714  16.00000
   1.14286   0.38095   0.85714  16.00000
   1.19048   0.42857   0.85714  16.00000
   1.23810   0.47619   0.85714  16.00000
   1.28571   0.52381   0.85714  16.00000
   1.33333   0.57143   0.85714  16.00000
   1.38095   0.61905   0.85714   8.00000
   1.00000   0.19048   0.90476   8.00000
   1.04762   0.23810   0.90476  16.00000
   1.09524   0.28571   0.90476  16.00000
   1.14286   0.33333   0.90476  16.00000
   1.19048   0.38095   0.90476  16.00000
   1.23810   0.42857   0.90476  16.00000
   1.28571   0.47619   0.90476  16.00000
   1.33333   0.52381   0.90476  16.00000
   1.38095   0.57143   0.90476  16.00000
   1.00000   0.14286   0.95238   8.00000
   1.04762   0.19048   0.95238  16.00000
   1.09524   0.23810   0.95238  16.00000
   1.14286   0.28571   0.95238  16.00000
   1.19048   0.33333   0.95238  16.00000
   1.23810   0.38095   0.95238  16.00000
   1.28571   0.42857   0.95238  16.00000
   1.33333   0.47619   0.95238  16.00000
   1.38095   0.52381   0.95238  16.00000
   1.42857   0.57143   0.95238   8.00000
   1.00000   0.09524   1.00000   4.00000
   1.04762   0.14286   1.00000   8.00000
   1.09524   0.19048   1.00000   8.00000
   1.14286   0.23810   1.00000   8.00000
   1.19048   0.28571   1.00000   8.00000
   1.23810   0.33333   1.00000   8.00000
   1.28571   0.38095   1.00000   8.00000
   1.33333   0.42857   1.00000   8.00000
   1.38095   0.47619   1.00000   8.00000
   1.42857   0.52381   1.00000   8.00000
   0.19048   0.19048   0.19048   8.00000
   0.23810   0.23810   0.19048   8.00000
   0.28571   0.28571   0.19048   8.00000
   0.33333   0.33333   0.19048   8.00000
   0.38095   0.38095   0.19048   8.00000
   0.42857   0.42857   0.19048   8.00000
   0.47619   0.47619   0.19048   8.00000
   1.00000   1.00000   0.19048   2.00000
   0.23810   0.19048   0.23810  16.00000
   0.28571   0.23810   0.23810  16.00000
   0.33333   0.28571   0.23810  16.00000
   0.38095   0.33333   0.23810  16.00000
   0.42857   0.38095   0.23810  16.00000
   0.47619   0.42857   0.23810  16.00000
   0.52381   0.47619   0.23810   8.00000
   1.00000   0.95238   0.23810   8.00000
   0.28571   0.19048   0.28571  16.00000
   0.33333   0.23810   0.28571  16.00000
   0.38095   0.28571   0.28571  16.00000
   0.42857   0.33333   0.28571  16.00000
   0.47619   0.38095   0.28571  16.00000
   0.52381   0.42857   0.28571  16.00000
   1.00000   0.90476   0.28571   8.00000
   1.04762   0.95238   0.28571   8.00000
   0.33333   0.19048   0.33333  16.00000
   0.38095   0.23810   0.33333  16.00000
   0.42857   0.28571   0.33333  16.00000
   0.47619   0.33333   0.33333  16.00000
   0.52381   0.38095   0.33333  16.00000
   0.57143   0.42857   0.33333   8.00000
   1.00000   0.85714   0.33333   8.00000
   1.04762   0.90476   0.33333  16.00000
   0.38095   0.19048   0.38095  16.00000
   0.42857   0.23810   0.38095  16.00000
   0.47619   0.28571   0.38095  16.00000
   0.52381   0.33333   0.38095  16.00000
   0.57143   0.38095   0.38095  16.00000
   1.00000   0.80952   0.38095   8.00000
   1.04762   0.85714   0.38095  16.00000
   1.09524   0.90476   0.38095   8.00000
   0.42857   0.19048   0.42857  16.00000
   0.47619   0.23810   0.42857  16.00000
   0.52381   0.28571   0.42857  16.00000
   0.57143   0.33333   0.42857  16.00000
   0.61905   0.38095   0.42857   8.00000
   1.00000   0.76190   0.42857   8.00000
   1.04762   0.80952   0.42857  16.00000
   1.09524   0.85714   0.42857  16.00000
   0.47619   0.19048   0.47619  16.00000
   0.52381   0.23810   0.47619  16.00000
   0.57143   0.28571   0.47619  16.00000
   0.61905   0.33333   0.47619  16.00000
   1.00000   0.71429   0.47619   8.00000
   1.04762   0.76190   0.47619  16.00000
   1.09524   0.80952   0.47619  16.00000
   1.14286   0.85714   0.47619   8.00000
   0.57143   0.23810   0.52381  16.00000
   0.61905   0.28571   0.52381  16.00000
   0.66667   0.33333   0.52381   8.00000
   1.00000   0.66667   0.52381   8.00000
   1.04762   0.71429   0.52381  16.00000
   1.09524   0.76190   0.52381  16.00000
   1.14286   0.80952   0.52381  16.00000
   0.61905   0.23810   0.57143  16.00000
   0.66667   0.28571   0.57143  16.00000
   1.00000   0.61905   0.57143   8.00000
   1.04762   0.66667   0.57143  16.00000
   1.09524   0.71429   0.57143  16.00000
   1.14286   0.76190   0.57143  16.00000
   1.19048   0.80952   0.57143   8.00000
   0.66667   0.23810   0.61905  16.00000
   0.71429   0.28571   0.61905   8.00000
   1.00000   0.57143   0.61905   8.00000
   1.04762   0.61905   0.61905  16.00000
   1.09524   0.66667   0.61905  16.00000
   1.14286   0.71429   0.61905  16.00000
   1.19048   0.76190   0.61905  16.00000
   0.71429   0.23810   0.66667  16.00000
   1.00000   0.52381   0.66667   8.00000
   1.04762   0.57143   0.66667  16.00000
   1.09524   0.61905   0.66667  16.00000
   1.14286   0.66667   0.66667  16.00000
   1.19048   0.71429   0.66667  16.00000
   1.23810   0.76190   0.66667   8.00000
   0.76190   0.23810   0.71429   8.00000
   1.00000   0.47619   0.71429   8.00000
   1.04762   0.52381   0.71429  16.00000
   1.09524   0.57143   0.71429  16.00000
   1.14286   0.61905   0.71429  16.00000
   1.19048   0.66667   0.71429  16.00000
   1.23810   0.71429   0.71429  16.00000
   1.00000   0.42857   0.76190   8.00000
   1.04762   0.47619   0.76190  16.00000
   1.09524   0.52381   0.76190  16.00000
   1.14286   0.57143   0.76190  16.00000
   1.19048   0.61905   0.76190  16.00000
   1.23810   0.66667   0.76190  16.00000
   1.28571   0.71429   0.76190   8.00000
   1.00000   0.38095   0.80952   8.00000
   1.04762   0.42857   0.80952  16.00000
   1.09524   0.47619   0.80952  16.00000
   1.14286   0.52381   0.80952  16.00000
   1.19048   0.57143   0.80952  16.00000
   1.23810   0.61905   0.80952  16.00000
   1.28571   0.66667   0.80952  16.00000
   1.00000   0.33333   0.85714   8.00000
   1.04762   0.38095   0.85714  16.00000
   1.09524   0.42857   0.85714  16.00000
   1.14286   0.47619   0.85714  16.00000
   1.19048   0.52381   0.85714  16.00000
   1.23810   0.57143   0.85714  16.00000
   1.28571   0.61905   0.85714  16.00000
   1.33333   0.66667   0.85714   8.00000
   1.00000   0.28571   0.90476   8.00000
   1.04762   0.33333   0.90476  16.00000
   1.09524   0.38095   0.90476  16.00000
   1.14286   0.42857   0.90476  16.00000
   1.19048   0.47619   0.90476  16.00000
   1.23810   0.52381   0.90476  16.00000
   1.28571   0.57143   0.90476  16.00000
   1.33333   0.61905   0.90476  16.00000
   1.00000   0.23810   0.95238   8.00000
   1.04762   0.28571   0.95238  16.00000
   1.09524   0.33333   0.95238  16.00000
   1.14286   0.38095   0.95238  16.00000
   1.19048   0.42857   0.95238  16.00000
   1.23810   0.47619   0.95238  16.00000
   1.28571   0.52381   0.95238  16.00000
   1.33333   0.57143   0.95238  16.00000
   1.38095   0.61905   0.95238   8.00000
   1.00000   0.19048   1.00000   4.00000
   1.04762   0.23810   1.00000   8.00000
   1.09524   0.28571   1.00000   8.00000
   1.14286   0.33333   1.00000   8.00000
   1.19048   0.38095   1.00000   8.00000
   1.23810   0.42857   1.00000   8.00000
   1.28571   0.47619   1.00000   8.00000
   1.33333   0.52381   1.00000   8.00000
   1.38095   0.57143   1.00000   8.00000
   0.28571   0.28571   0.28571   8.00000
   0.33333   0.33333   0.28571   8.00000
   0.38095   0.38095   0.28571   8.00000
   0.42857   0.42857   0.28571   8.00000
   0.47619   0.47619   0.28571   8.00000
   1.00000   1.00000   0.28571   2.00000
   0.33333   0.28571   0.33333  16.00000
   0.38095   0.33333   0.33333  16.00000
   0.42857   0.38095   0.33333  16.00000
   0.47619   0.42857   0.33333  16.00000
   0.52381   0.47619   0.33333   8.00000
   1.00000   0.95238   0.33333   8.00000
   0.38095   0.28571   0.38095  16.00000
   0.42857   0.33333   0.38095  16.00000
   0.47619   0.38095   0.38095  16.00000
   0.52381   0.42857   0.38095  16.00000
   1.00000   0.90476   0.38095   8.00000
   1.04762   0.95238   0.38095   8.00000
   0.42857   0.28571   0.42857  16.00000
   0.47619   0.33333   0.42857  16.00000
   0.52381   0.38095   0.42857  16.00000
   0.57143   0.42857   0.42857   8.00000
   1.00000   0.85714   0.42857   8.00000
   1.04762   0.90476   0.42857  16.00000
   0.47619   0.28571   0.47619  16.00000
   0.52381   0.33333   0.47619  16.00000
   0.57143   0.38095   0.47619  16.00000
   1.00000   0.80952   0.47619   8.00000
   1.04762   0.85714   0.47619  16.00000
   1.09524   0.90476   0.47619   8.00000
   0.57143   0.33333   0.52381  16.00000
   0.61905   0.38095   0.52381   8.00000
   1.00000   0.76190   0.52381   8.00000
   1.04762   0.80952   0.52381  16.00000
   1.09524   0.85714   0.52381  16.00000
   0.61905   0.33333   0.57143  16.00000
   1.00000   0.71429   0.57143   8.00000
   1.04762   0.76190   0.57143  16.00000
   1.09524   0.80952   0.57143  16.00000
   1.14286   0.85714   0.57143   8.00000
   0.66667   0.33333   0.61905   8.00000
   1.00000   0.66667   0.61905   8.00000
   1.04762   0.71429   0.61905  16.00000
   1.09524   0.76190   0.61905  16.00000
   1.14286   0.80952   0.61905  16.00000
   1.00000   0.61905   0.66667   8.00000
   1.04762   0.66667   0.66667  16.00000
   1.09524   0.71429   0.66667  16.00000
   1.14286   0.76190   0.66667  16.00000
   1.19048   0.80952   0.66667   8.00000
   1.00000   0.57143   0.71429   8.00000
   1.04762   0.61905   0.71429  16.00000
   1.09524   0.66667   0.71429  16.00000
   1.14286   0.71429   0.71429  16.00000
   1.19048   0.76190   0.71429  16.00000
   1.00000   0.52381   0.76190   8.00000
   1.04762   0.57143   0.76190  16.00000
   1.09524   0.61905   0.76190  16.00000
   1.14286   0.66667   0.76190  16.00000
   1.19048   0.71429   0.76190  16.00000
   1.23810   0.76190   0.76190   8.00000
   1.00000   0.47619   0.80952   8.00000
   1.04762   0.52381   0.80952  16.00000
   1.09524   0.57143   0.80952  16.00000
   1.14286   0.61905   0.80952  16.00000
   1.19048   0.66667   0.80952  16.00000
   1.23810   0.71429   0.80952  16.00000
   1.00000   0.42857   0.85714   8.00000
   1.04762   0.47619   0.85714  16.00000
   1.09524   0.52381   0.85714  16.00000
   1.14286   0.57143   0.85714  16.00000
   1.19048   0.61905   0.85714  16.00000
   1.23810   0.66667   0.85714  16.00000
   1.28571   0.71429   0.85714   8.00000
   1.00000   0.38095   0.90476   8.00000
   1.04762   0.42857   0.90476  16.00000
   1.09524   0.47619   0.90476  16.00000
   1.14286   0.52381   0.90476  16.00000
   1.19048   0.57143   0.90476  16.00000
   1.23810   0.61905   0.90476  16.00000
   1.28571   0.66667   0.90476  16.00000
   1.00000   0.33333   0.95238   8.00000
   1.04762   0.38095   0.95238  16.00000
   1.09524   0.42857   0.95238  16.00000
   1.14286   0.47619   0.95238  16.00000
   1.19048   0.52381   0.95238  16.00000
   1.23810   0.57143   0.95238  16.00000
   1.28571   0.61905   0.95238  16.00000
   1.33333   0.66667   0.95238   8.00000
   1.00000   0.28571   1.00000   4.00000
   1.04762   0.33333   1.00000   8.00000
   1.09524   0.38095   1.00000   8.00000
   1.14286   0.42857   1.00000   8.00000
   1.19048   0.47619   1.00000   8.00000
   1.23810   0.52381   1.00000   8.00000
   1.28571   0.57143   1.00000   8.00000
   1.33333   0.61905   1.00000   8.00000
   0.38095   0.38095   0.38095   8.00000
   0.42857   0.42857   0.38095   8.00000
   0.47619   0.47619   0.38095   8.00000
   1.00000   1.00000   0.38095   2.00000
   0.42857   0.38095   0.42857  16.00000
   0.47619   0.42857   0.42857  16.00000
   0.52381   0.47619   0.42857   8.00000
   1.00000   0.95238   0.42857   8.00000
   0.47619   0.38095   0.47619  16.00000
   0.52381   0.42857   0.47619  16.00000
   1.00000   0.90476   0.47619   8.00000
   1.04762   0.95238   0.47619   8.00000
   0.57143   0.42857   0.52381   8.00000
   1.00000   0.85714   0.52381   8.00000
   1.04762   0.90476   0.52381  16.00000
   1.00000   0.80952   0.57143   8.00000
   1.04762   0.85714   0.57143  16.00000
   1.09524   0.90476   0.57143   8.00000
   1.00000   0.76190   0.61905   8.00000
   1.04762   0.80952   0.61905  16.00000
   1.09524   0.85714   0.61905  16.00000
   1.00000   0.71429   0.66667   8.00000
   1.04762   0.76190   0.66667  16.00000
   1.09524   0.80952   0.66667  16.00000
   1.14286   0.85714   0.66667   8.00000
   1.00000   0.66667   0.71429   8.00000
   1.04762   0.71429   0.71429  16.00000
   1.09524   0.76190   0.71429  16.00000
   1.14286   0.80952   0.71429  16.00000
   1.00000   0.61905   0.76190   8.00000
   1.04762   0.66667   0.76190  16.00000
   1.09524   0.71429   0.76190  16.00000
   1.14286   0.76190   0.76190  16.00000
   1.19048   0.80952   0.76190   8.00000
   1.00000   0.57143   0.80952   8.00000
   1.04762   0.61905   0.80952  16.00000
   1.09524   0.66667   0.80952  16.00000
   1.14286   0.71429   0.80952  16.00000
   1.19048   0.76190   0.80952  16.00000
   1.00000   0.52381   0.85714   8.00000
   1.04762   0.57143   0.85714  16.00000
   1.09524   0.61905   0.85714  16.00000
   1.14286   0.66667   0.85714  16.00000
   1.19048   0.71429   0.85714  16.00000
   1.23810   0.76190   0.85714   8.00000
   1.00000   0.47619   0.90476   8.00000
   1.04762   0.52381   0.90476  16.00000
   1.09524   0.57143   0.90476  16.00000
   1.14286   0.61905   0.90476  16.00000
   1.19048   0.66667   0.90476  16.00000
   1.23810   0.71429   0.90476  16.00000
   1.00000   0.42857   0.95238   8.00000
   1.04762   0.47619   0.95238  16.00000
   1.09524   0.52381   0.95238  16.00000
   1.14286   0.57143   0.95238  16.00000
   1.19048   0.61905   0.95238  16.00000
   1.23810   0.66667   0.95238  16.00000
   1.28571   0.71429   0.95238   8.00000
   1.00000   0.38095   1.00000   4.00000
   1.04762   0.42857   1.00000   8.00000
   1.09524   0.47619   1.00000   8.00000
   1.14286   0.52381   1.00000   8.00000
   1.19048   0.57143   1.00000   8.00000
   1.23810   0.61905   1.00000   8.00000
   1.28571   0.66667   1.00000   8.00000
   0.47619   0.47619   0.47619   8.00000
   1.00000   1.00000   0.47619   2.00000
   1.00000   0.95238   0.52381   8.00000
   1.00000   0.90476   0.57143   8.00000
   1.04762   0.95238   0.57143   8.00000
   1.00000   0.85714   0.61905   8.00000
   1.04762   0.90476   0.61905  16.00000
   1.00000   0.80952   0.66667   8.00000
   1.04762   0.85714   0.66667  16.00000
   1.09524   0.90476   0.66667   8.00000
   1.00000   0.76190   0.71429   8.00000
   1.04762   0.80952   0.71429  16.00000
   1.09524   0.85714   0.71429  16.00000
   1.00000   0.71429   0.76190   8.00000
   1.04762   0.76190   0.76190  16.00000
   1.09524   0.80952   0.76190  16.00000
   1.14286   0.85714   0.76190   8.00000
   1.00000   0.66667   0.80952   8.00000
   1.04762   0.71429   0.80952  16.00000
   1.09524   0.76190   0.80952  16.00000
   1.14286   0.80952   0.80952  16.00000
   1.00000   0.61905   0.85714   8.00000
   1.04762   0.66667   0.85714  16.00000
   1.09524   0.71429   0.85714  16.00000
   1.14286   0.76190   0.85714  16.00000
   1.19048   0.80952   0.85714   8.00000
   1.00000   0.57143   0.90476   8.00000
   1.04762   0.61905   0.90476  16.00000
   1.09524   0.66667   0.90476  16.00000
   1.14286   0.71429   0.90476  16.00000
   1.19048   0.76190   0.90476  16.00000
   1.00000   0.52381   0.95238   8.00000
   1.04762   0.57143   0.95238  16.00000
   1.09524   0.61905   0.95238  16.00000
   1.14286   0.66667   0.95238  16.00000
   1.19048   0.71429   0.95238  16.00000
   1.23810   0.76190   0.95238   8.00000
   1.00000   0.47619   1.00000   4.00000
   1.04762   0.52381   1.00000   8.00000
   1.09524   0.57143   1.00000   8.00000
   1.14286   0.61905   1.00000   8.00000
   1.19048   0.66667   1.00000   8.00000
   1.23810   0.71429   1.00000   8.00000
   1.00000   1.00000   0.57143   2.00000
   1.00000   0.95238   0.61905   8.00000
   1.00000   0.90476   0.66667   8.00000
   1.04762   0.95238   0.66667   8.00000
   1.00000   0.85714   0.71429   8.00000
   1.04762   0.90476   0.71429  16.00000
   1.00000   0.80952   0.76190   8.00000
   1.04762   0.85714   0.76190  16.00000
   1.09524   0.90476   0.76190   8.00000
   1.00000   0.76190   0.80952   8.00000
   1.04762   0.80952   0.80952  16.00000
   1.09524   0.85714   0.80952  16.00000
   1.00000   0.71429   0.85714   8.00000
   1.04762   0.76190   0.85714  16.00000
   1.09524   0.80952   0.85714  16.00000
   1.14286   0.85714   0.85714   8.00000
   1.00000   0.66667   0.90476   8.00000
   1.04762   0.71429   0.90476  16.00000
   1.09524   0.76190   0.90476  16.00000
   1.14286   0.80952   0.90476  16.00000
   1.00000   0.61905   0.95238   8.00000
   1.04762   0.66667   0.95238  16.00000
   1.09524   0.71429   0.95238  16.00000
   1.14286   0.76190   0.95238  16.00000
   1.19048   0.80952   0.95238   8.00000
   1.00000   0.57143   1.00000   4.00000
   1.04762   0.61905   1.00000   8.00000
   1.09524   0.66667   1.00000   8.00000
   1.14286   0.71429   1.00000   8.00000
   1.19048   0.76190   1.00000   8.00000
   1.00000   1.00000   0.66667   2.00000
   1.00000   0.95238   0.71429   8.00000
   1.00000   0.90476   0.76190   8.00000
   1.04762   0.95238   0.76190   8.00000
   1.00000   0.85714   0.80952   8.00000
   1.04762   0.90476   0.80952  16.00000
   1.00000   0.80952   0.85714   8.00000
   1.04762   0.85714   0.85714  16.00000
   1.09524   0.90476   0.85714   8.00000
   1.00000   0.76190   0.90476   8.00000
   1.04762   0.80952   0.90476  16.00000
   1.09524   0.85714   0.90476  16.00000
   1.00000   0.71429   0.95238   8.00000
   1.04762   0.76190   0.95238  16.00000
   1.09524   0.80952   0.95238  16.00000
   1.14286   0.85714   0.95238   8.00000
   1.00000   0.66667   1.00000   4.00000
   1.04762   0.71429   1.00000   8.00000
   1.09524   0.76190   1.00000   8.00000
   1.14286   0.80952   1.00000   8.00000
   1.00000   1.00000   0.76190   2.00000
   1.00000   0.95238   0.80952   8.00000
   1.00000   0.90476   0.85714   8.00000
   1.04762   0.95238   0.85714   8.00000
   1.00000   0.85714   0.90476   8.00000
   1.04762   0.90476   0.90476  16.00000
   1.00000   0.80952   0.95238   8.00000
   1.04762   0.85714   0.95238  16.00000
   1.09524   0.90476   0.95238   8.00000
   1.00000   0.76190   1.00000   4.00000
   1.04762   0.80952   1.00000   8.00000
   1.09524   0.85714   1.00000   8.00000
   1.00000   1.00000   0.85714   2.00000
   1.00000   0.95238   0.90476   8.00000
   1.00000   0.90476   0.95238   8.00000
   1.04762   0.95238   0.95238   8.00000
   1.00000   0.85714   1.00000   4.00000
   1.04762   0.90476   1.00000   8.00000
   1.00000   1.00000   0.95238   2.00000
   1.00000   0.95238   1.00000   4.00000




                              --------------------------------------------------
                                 S T R U C T U R A L   I N F O R M A T I O N
                              --------------------------------------------------


   SUBSTANCE                    = tetragonal body-centered  (delta')                                              

   LATTICE                      = B   
   LATTICE CONSTANTS ARE        =    5.9230100   5.9230100   7.8867020
   NUMBER OF ATOMS IN UNITCELL  =   1
   MODE OF CALCULATION IS       = RELA
 IORD=          16
 FNAMES=
 ./deltaprime_Pu_6.vectorso_1                                                   
                                                                                
                                           
 ./deltaprime_Pu_6.vectorsodn_1                                                 
                                                                                
                                           
 deltaprime_Pu_6.energyso_1                                                     
                                                                                
                                           
 deltaprime_Pu_6.energysodn_1                                                   
                                                                                
                                           
  BR1,  BR2
   1.06081   0.00000   0.00000      0.00000   1.06081   1.06081
   0.00000   1.06081   0.00000      1.06081   0.00000   1.06081
   0.00000   0.00000   0.79668      0.79668   0.79668   0.00000
 projector corrected--must be 1,2, or 3! Now projector= 2
 Energy window:   -0.4410 < E <      0.441
 Projected density of states calculation for  1 atoms
--------- atom  1 -------------
l=  3  qsplit=  4
 Symmetrization over eq. k-points is performed
 ********** Start Reading Cix file *************
  Correlated block number           1
  Correlated index=
  1  0  0  0  0  0  0  0  0  0  0  0  0  0
  0  1  0  0  0  0  0  0  0  0  0  0  0  0
  0  0  1  0  0  0  0  0  0  0  0  0  0  0
  0  0  0  1  0  0  0  0  0  0  0  0  0  0
  0  0  0  0  1  0  0  0  0  0  0  0  0  0
  0  0  0  0  0  1  0  0  0  0  0  0  0  0
  0  0  0  0  0  0  2  0  0  0  0  0  0  0
  0  0  0  0  0  0  0  2  0  0  0  0  0  0
  0  0  0  0  0  0  0  0  2  0  0  0  0  0
  0  0  0  0  0  0  0  0  0  2  0  0  0  0
  0  0  0  0  0  0  0  0  0  0  2  0  0  0
  0  0  0  0  0  0  0  0  0  0  0  2  0  0
  0  0  0  0  0  0  0  0  0  0  0  0  2  0
  0  0  0  0  0  0  0  0  0  0  0  0  0  2
  Real part of unitary matrix=
  0.9258  0.0000  0.0000  0.0000  0.0000  0.0000  0.0000  0.0000 -0.3780  0.0000  0.0000  0.0000  0.0000  0.0000
  0.0000  0.8452  0.0000  0.0000  0.0000  0.0000  0.0000  0.0000  0.0000 -0.5345  0.0000  0.0000  0.0000  0.0000
  0.0000  0.0000  0.7559  0.0000  0.0000  0.0000  0.0000  0.0000  0.0000  0.0000 -0.6547  0.0000  0.0000  0.0000
  0.0000  0.0000  0.0000  0.6547  0.0000  0.0000  0.0000  0.0000  0.0000  0.0000  0.0000 -0.7559  0.0000  0.0000
  0.0000  0.0000  0.0000  0.0000  0.5345  0.0000  0.0000  0.0000  0.0000  0.0000  0.0000  0.0000 -0.8452  0.0000
  0.0000  0.0000  0.0000  0.0000  0.0000  0.3780  0.0000  0.0000  0.0000  0.0000  0.0000  0.0000  0.0000 -0.9258
  0.0000  0.0000  0.0000  0.0000  0.0000  0.0000  0.0000  1.0000  0.0000  0.0000  0.0000  0.0000  0.0000  0.0000
  0.3780  0.0000  0.0000  0.0000  0.0000  0.0000  0.0000  0.0000  0.9258  0.0000  0.0000  0.0000  0.0000  0.0000
  0.0000  0.5345  0.0000  0.0000  0.0000  0.0000  0.0000  0.0000  0.0000  0.8452  0.0000  0.0000  0.0000  0.0000
  0.0000  0.0000  0.6547  0.0000  0.0000  0.0000  0.0000  0.0000  0.0000  0.0000  0.7559  0.0000  0.0000  0.0000
  0.0000  0.0000  0.0000  0.7559  0.0000  0.0000  0.0000  0.0000  0.0000  0.0000  0.0000  0.6547  0.0000  0.0000
  0.0000  0.0000  0.0000  0.0000  0.8452  0.0000  0.0000  0.0000  0.0000  0.0000  0.0000  0.0000  0.5345  0.0000
  0.0000  0.0000  0.0000  0.0000  0.0000  0.9258  0.0000  0.0000  0.0000  0.0000  0.0000  0.0000  0.0000  0.3780
  0.0000  0.0000  0.0000  0.0000  0.0000  0.0000  1.0000  0.0000  0.0000  0.0000  0.0000  0.0000  0.0000  0.0000
  Imaginary part of unitary matrix=
  0.0000  0.0000  0.0000  0.0000  0.0000  0.0000  0.0000  0.0000  0.0000  0.0000  0.0000  0.0000  0.0000  0.0000
  0.0000  0.0000  0.0000  0.0000  0.0000  0.0000  0.0000  0.0000  0.0000  0.0000  0.0000  0.0000  0.0000  0.0000
  0.0000  0.0000  0.0000  0.0000  0.0000  0.0000  0.0000  0.0000  0.0000  0.0000  0.0000  0.0000  0.0000  0.0000
  0.0000  0.0000  0.0000  0.0000  0.0000  0.0000  0.0000  0.0000  0.0000  0.0000  0.0000  0.0000  0.0000  0.0000
  0.0000  0.0000  0.0000  0.0000  0.0000  0.0000  0.0000  0.0000  0.0000  0.0000  0.0000  0.0000  0.0000  0.0000
  0.0000  0.0000  0.0000  0.0000  0.0000  0.0000  0.0000  0.0000  0.0000  0.0000  0.0000  0.0000  0.0000  0.0000
  0.0000  0.0000  0.0000  0.0000  0.0000  0.0000  0.0000  0.0000  0.0000  0.0000  0.0000  0.0000  0.0000  0.0000
  0.0000  0.0000  0.0000  0.0000  0.0000  0.0000  0.0000  0.0000  0.0000  0.0000  0.0000  0.0000  0.0000  0.0000
  0.0000  0.0000  0.0000  0.0000  0.0000  0.0000  0.0000  0.0000  0.0000  0.0000  0.0000  0.0000  0.0000  0.0000
  0.0000  0.0000  0.0000  0.0000  0.0000  0.0000  0.0000  0.0000  0.0000  0.0000  0.0000  0.0000  0.0000  0.0000
  0.0000  0.0000  0.0000  0.0000  0.0000  0.0000  0.0000  0.0000  0.0000  0.0000  0.0000  0.0000  0.0000  0.0000
  0.0000  0.0000  0.0000  0.0000  0.0000  0.0000  0.0000  0.0000  0.0000  0.0000  0.0000  0.0000  0.0000  0.0000
  0.0000  0.0000  0.0000  0.0000  0.0000  0.0000  0.0000  0.0000  0.0000  0.0000  0.0000  0.0000  0.0000  0.0000
  0.0000  0.0000  0.0000  0.0000  0.0000  0.0000  0.0000  0.0000  0.0000  0.0000  0.0000  0.0000  0.0000  0.0000
  At least one transformation matrix is not Identity
 Magnetic system with s-o coupling; M theta, phi:  0.0000  0.0000
 Inside ROTDEF
Operation  1 transforms atom   1 from first atom   1
Actual position of atom  1 is:  0.000000    0.000000    0.000000
 
Combined transformation (acting on k-point) for correlated atoms
including users rotation and internal local rotation
catom  1 atom   1
   1.06081   0.00000   0.00000
   0.00000  -1.06081   0.00000
   0.00000   0.00000  -0.79668
 
 
 SPIN COORD SYSTEM:
    1.000000    0.000000    0.000000
    0.000000    1.000000    0.000000
    0.000000    0.000000    1.000000
 
 in global cartezian coordinates:
    1.000000    0.000000    0.000000
    0.000000   -1.000000    0.000000
    0.000000    0.000000   -1.000000
 ____________________________
 in spin coordinates:
    1.000000    0.000000    0.000000
    0.000000   -1.000000    0.000000
    0.000000    0.000000   -1.000000
           1   3.14159265358979       -1.00000000000000     
 
 in global cartezian coordinates:
    0.000000    1.000000    0.000000
   -1.000000    0.000000    0.000000
    0.000000    0.000000   -1.000000
 ____________________________
 in spin coordinates:
    0.000000    1.000000    0.000000
   -1.000000    0.000000    0.000000
    0.000000    0.000000   -1.000000
           2   1.57079632679490        1.00000000000000     
 
 in global cartezian coordinates:
   -1.000000    0.000000    0.000000
    0.000000   -1.000000    0.000000
    0.000000    0.000000   -1.000000
 ____________________________
 in spin coordinates:
   -1.000000    0.000000    0.000000
    0.000000   -1.000000    0.000000
    0.000000    0.000000   -1.000000
           3  0.000000000000000E+000   1.00000000000000     
 
 in global cartezian coordinates:
    0.000000    1.000000    0.000000
    1.000000    0.000000    0.000000
    0.000000    0.000000   -1.000000
 ____________________________
 in spin coordinates:
    0.000000    1.000000    0.000000
    1.000000    0.000000    0.000000
    0.000000    0.000000   -1.000000
           4   1.57079632679490       -1.00000000000000     
 
 in global cartezian coordinates:
    0.000000   -1.000000    0.000000
   -1.000000    0.000000    0.000000
    0.000000    0.000000   -1.000000
 ____________________________
 in spin coordinates:
    0.000000   -1.000000    0.000000
   -1.000000    0.000000    0.000000
    0.000000    0.000000   -1.000000
           5   4.71238898038469       -1.00000000000000     
 
 in global cartezian coordinates:
    1.000000    0.000000    0.000000
    0.000000    1.000000    0.000000
    0.000000    0.000000   -1.000000
 ____________________________
 in spin coordinates:
    1.000000    0.000000    0.000000
    0.000000    1.000000    0.000000
    0.000000    0.000000   -1.000000
           6   3.14159274101257        1.00000000000000     
 
 in global cartezian coordinates:
    1.000000    0.000000    0.000000
    0.000000   -1.000000    0.000000
    0.000000    0.000000    1.000000
 ____________________________
 in spin coordinates:
    1.000000    0.000000    0.000000
    0.000000   -1.000000    0.000000
    0.000000    0.000000    1.000000
           7   6.28318539460237       -1.00000000000000     
 
 in global cartezian coordinates:
    0.000000    1.000000    0.000000
   -1.000000    0.000000    0.000000
    0.000000    0.000000    1.000000
 ____________________________
 in spin coordinates:
    0.000000    1.000000    0.000000
   -1.000000    0.000000    0.000000
    0.000000    0.000000    1.000000
           8  -1.57079632679490        1.00000000000000     
 
 in global cartezian coordinates:
    0.000000   -1.000000    0.000000
    1.000000    0.000000    0.000000
    0.000000    0.000000   -1.000000
 ____________________________
 in spin coordinates:
    0.000000   -1.000000    0.000000
    1.000000    0.000000    0.000000
    0.000000    0.000000   -1.000000
           9  -1.57079632679490        1.00000000000000     
 
 in global cartezian coordinates:
   -1.000000    0.000000    0.000000
    0.000000    1.000000    0.000000
    0.000000    0.000000   -1.000000
 ____________________________
 in spin coordinates:
   -1.000000    0.000000    0.000000
    0.000000    1.000000    0.000000
    0.000000    0.000000   -1.000000
          10   6.28318539460237       -1.00000000000000     
 
 in global cartezian coordinates:
   -1.000000    0.000000    0.000000
    0.000000   -1.000000    0.000000
    0.000000    0.000000    1.000000
 ____________________________
 in spin coordinates:
   -1.000000    0.000000    0.000000
    0.000000   -1.000000    0.000000
    0.000000    0.000000    1.000000
          11   3.14159274101257        1.00000000000000     
 
 in global cartezian coordinates:
    0.000000    1.000000    0.000000
    1.000000    0.000000    0.000000
    0.000000    0.000000    1.000000
 ____________________________
 in spin coordinates:
    0.000000    1.000000    0.000000
    1.000000    0.000000    0.000000
    0.000000    0.000000    1.000000
          12   4.71238898038469       -1.00000000000000     
 
 in global cartezian coordinates:
    0.000000   -1.000000    0.000000
   -1.000000    0.000000    0.000000
    0.000000    0.000000    1.000000
 ____________________________
 in spin coordinates:
    0.000000   -1.000000    0.000000
   -1.000000    0.000000    0.000000
    0.000000    0.000000    1.000000
          13   1.57079632679490       -1.00000000000000     
 
 in global cartezian coordinates:
    1.000000    0.000000    0.000000
    0.000000    1.000000    0.000000
    0.000000    0.000000    1.000000
 ____________________________
 in spin coordinates:
    1.000000    0.000000    0.000000
    0.000000    1.000000    0.000000
    0.000000    0.000000    1.000000
          14  0.000000000000000E+000   1.00000000000000     
 
 in global cartezian coordinates:
    0.000000   -1.000000    0.000000
    1.000000    0.000000    0.000000
    0.000000    0.000000    1.000000
 ____________________________
 in spin coordinates:
    0.000000   -1.000000    0.000000
    1.000000    0.000000    0.000000
    0.000000    0.000000    1.000000
          15   1.57079632679490        1.00000000000000     
 
 in global cartezian coordinates:
   -1.000000    0.000000    0.000000
    0.000000    1.000000    0.000000
    0.000000    0.000000    1.000000
 ____________________________
 in spin coordinates:
   -1.000000    0.000000    0.000000
    0.000000    1.000000    0.000000
    0.000000    0.000000    1.000000
          16   3.14159265358979       -1.00000000000000     
 
 FNAME=
 deltaprime_Pu_6.energyso_1                                                     
                                                                                
                                                     60
 FNAME=
 deltaprime_Pu_6.energysodn_1                                                   
                                                                                
                                                     59
 BZ-integration with TETRA-program.   icor=: 1
 Equal occupancy of degenerate states, tol=: 0.1E-05
 call eord...
 call dos...
 ILOOP            1
   FERMI ENERGY AT    1.42913481260157     
 RESULT OF INTEGRATION:      16.000000657096; SHOULD BE:      15.999999999900
 call eweigh...
   number of occupied bands:          18
   highest energy:   1.44069149608071     
 FERMI-LDA=   1.429 Ryd,  19.444 eV.
 ABSOLUTE EMIN=   0.988 Ryd.  13.444 eV.
 ABSOLUTE EMAX=   1.870 Ryd.  25.444 eV.


:NLDA  : NUMBER OF ELECTRONS          =  16.000

:FLDA  : F E R M I - ENERGY           =   1.42913
 
 ********** Information about the atomic index arrays ************
 iatom=           1
 isort=           1
 csort=           1
 maxucase=           1
icase, iucase, jatom, latom=     1     1     1     1
 
 *****  Arrays for correlated blocks ******
 norbitals=           1
 maxdim2=          14
iorbital( 1, 1)=   1
cix( 1, 1)=   1
icase,lcase,icix,iorb,nind1,ip1,iSx=    1    1    1    1   14    1    1
icase,lcase,icix,iorb,nind1,ip1,iSx=    1    1    1    1   14    2    2
icase,lcase,icix,iorb,nind1,ip1,iSx=    1    1    1    1   14    3    3
icase,lcase,icix,iorb,nind1,ip1,iSx=    1    1    1    1   14    4    4
icase,lcase,icix,iorb,nind1,ip1,iSx=    1    1    1    1   14    5    5
icase,lcase,icix,iorb,nind1,ip1,iSx=    1    1    1    1   14    6    6
icase,lcase,icix,iorb,nind1,ip1,iSx=    1    1    1    1   14    7    7
icase,lcase,icix,iorb,nind1,ip1,iSx=    1    1    1    1   14    8    8
icase,lcase,icix,iorb,nind1,ip1,iSx=    1    1    1    1   14    9    9
icase,lcase,icix,iorb,nind1,ip1,iSx=    1    1    1    1   14   10   10
icase,lcase,icix,iorb,nind1,ip1,iSx=    1    1    1    1   14   11   11
icase,lcase,icix,iorb,nind1,ip1,iSx=    1    1    1    1   14   12   12
icase,lcase,icix,iorb,nind1,ip1,iSx=    1    1    1    1   14   13   13
icase,lcase,icix,iorb,nind1,ip1,iSx=    1    1    1    1   14   14   14
cixdim( 1)=14
noccur( 1, 1)=   6
noccur( 2, 1)=   8
iSx( 1, 1)=  1
iSx( 2, 1)=  2
iSx( 3, 1)=  3
iSx( 4, 1)=  4
iSx( 5, 1)=  5
iSx( 6, 1)=  6
iSx( 7, 1)=  7
iSx( 8, 1)=  8
iSx( 9, 1)=  9
iSx(10, 1)= 10
iSx(11, 1)= 11
iSx(12, 1)= 12
iSx(13, 1)= 13
iSx(14, 1)= 14
nindo( 1)= 14
CF for iorb1= 1 iorb2= 1
    0.92582010     0.00000000       0.00000000     0.00000000       0.00000000     0.00000000       0.00000000     0.00000000       0.00000000     0.00000000       0.00000000     0.00000000       0.00000000     0.00000000       0.00000000     0.00000000      -0.37796447     0.00000000       0.00000000     0.00000000       0.00000000     0.00000000       0.00000000     0.00000000       0.00000000     0.00000000       0.00000000     0.00000000   
    0.00000000     0.00000000       0.84515425     0.00000000       0.00000000     0.00000000       0.00000000     0.00000000       0.00000000     0.00000000       0.00000000     0.00000000       0.00000000     0.00000000       0.00000000     0.00000000       0.00000000     0.00000000      -0.53452248     0.00000000       0.00000000     0.00000000       0.00000000     0.00000000       0.00000000     0.00000000       0.00000000     0.00000000   
    0.00000000     0.00000000       0.00000000     0.00000000       0.75592895     0.00000000       0.00000000     0.00000000       0.00000000     0.00000000       0.00000000     0.00000000       0.00000000     0.00000000       0.00000000     0.00000000       0.00000000     0.00000000       0.00000000     0.00000000      -0.65465367     0.00000000       0.00000000     0.00000000       0.00000000     0.00000000       0.00000000     0.00000000   
    0.00000000     0.00000000       0.00000000     0.00000000       0.00000000     0.00000000       0.65465367     0.00000000       0.00000000     0.00000000       0.00000000     0.00000000       0.00000000     0.00000000       0.00000000     0.00000000       0.00000000     0.00000000       0.00000000     0.00000000       0.00000000     0.00000000      -0.75592895     0.00000000       0.00000000     0.00000000       0.00000000     0.00000000   
    0.00000000     0.00000000       0.00000000     0.00000000       0.00000000     0.00000000       0.00000000     0.00000000       0.53452248     0.00000000       0.00000000     0.00000000       0.00000000     0.00000000       0.00000000     0.00000000       0.00000000     0.00000000       0.00000000     0.00000000       0.00000000     0.00000000       0.00000000     0.00000000      -0.84515425     0.00000000       0.00000000     0.00000000   
    0.00000000     0.00000000       0.00000000     0.00000000       0.00000000     0.00000000       0.00000000     0.00000000       0.00000000     0.00000000       0.37796447     0.00000000       0.00000000     0.00000000       0.00000000     0.00000000       0.00000000     0.00000000       0.00000000     0.00000000       0.00000000     0.00000000       0.00000000     0.00000000       0.00000000     0.00000000      -0.92582010     0.00000000   
    0.00000000     0.00000000       0.00000000     0.00000000       0.00000000     0.00000000       0.00000000     0.00000000       0.00000000     0.00000000       0.00000000     0.00000000       0.00000000     0.00000000       1.00000000     0.00000000       0.00000000     0.00000000       0.00000000     0.00000000       0.00000000     0.00000000       0.00000000     0.00000000       0.00000000     0.00000000       0.00000000     0.00000000   
    0.37796447     0.00000000       0.00000000     0.00000000       0.00000000     0.00000000       0.00000000     0.00000000       0.00000000     0.00000000       0.00000000     0.00000000       0.00000000     0.00000000       0.00000000     0.00000000       0.92582010     0.00000000       0.00000000     0.00000000       0.00000000     0.00000000       0.00000000     0.00000000       0.00000000     0.00000000       0.00000000     0.00000000   
    0.00000000     0.00000000       0.53452248     0.00000000       0.00000000     0.00000000       0.00000000     0.00000000       0.00000000     0.00000000       0.00000000     0.00000000       0.00000000     0.00000000       0.00000000     0.00000000       0.00000000     0.00000000       0.84515425     0.00000000       0.00000000     0.00000000       0.00000000     0.00000000       0.00000000     0.00000000       0.00000000     0.00000000   
    0.00000000     0.00000000       0.00000000     0.00000000       0.65465367     0.00000000       0.00000000     0.00000000       0.00000000     0.00000000       0.00000000     0.00000000       0.00000000     0.00000000       0.00000000     0.00000000       0.00000000     0.00000000       0.00000000     0.00000000       0.75592895     0.00000000       0.00000000     0.00000000       0.00000000     0.00000000       0.00000000     0.00000000   
    0.00000000     0.00000000       0.00000000     0.00000000       0.00000000     0.00000000       0.75592895     0.00000000       0.00000000     0.00000000       0.00000000     0.00000000       0.00000000     0.00000000       0.00000000     0.00000000       0.00000000     0.00000000       0.00000000     0.00000000       0.00000000     0.00000000       0.65465367     0.00000000       0.00000000     0.00000000       0.00000000     0.00000000   
    0.00000000     0.00000000       0.00000000     0.00000000       0.00000000     0.00000000       0.00000000     0.00000000       0.84515425     0.00000000       0.00000000     0.00000000       0.00000000     0.00000000       0.00000000     0.00000000       0.00000000     0.00000000       0.00000000     0.00000000       0.00000000     0.00000000       0.00000000     0.00000000       0.53452248     0.00000000       0.00000000     0.00000000   
    0.00000000     0.00000000       0.00000000     0.00000000       0.00000000     0.00000000       0.00000000     0.00000000       0.00000000     0.00000000       0.92582010     0.00000000       0.00000000     0.00000000       0.00000000     0.00000000       0.00000000     0.00000000       0.00000000     0.00000000       0.00000000     0.00000000       0.00000000     0.00000000       0.00000000     0.00000000       0.37796447     0.00000000   
    0.00000000     0.00000000       0.00000000     0.00000000       0.00000000     0.00000000       0.00000000     0.00000000       0.00000000     0.00000000       0.00000000     0.00000000       1.00000000     0.00000000       0.00000000     0.00000000       0.00000000     0.00000000       0.00000000     0.00000000       0.00000000     0.00000000       0.00000000     0.00000000       0.00000000     0.00000000       0.00000000     0.00000000   
Rspin for iorb=  1
 angles=  0.000000000000000E+000   3.14159265358979       0.000000000000000E+000
  0.000000000000000E+000  0.000000000000000E+000  0.000000000000000E+000
 Rspin=
    0.000000    0.000000      0.000000    1.000000
    0.000000    1.000000      0.000000    0.000000
 Calculation for atom  1 which has iucase=  1
 ATPAR for spin up

          ATOMIC PARAMETERS FOR Pu  0+    

           ENERGY PARAMETERS ARE   1.20  -1.08   1.20   1.20

           L     U(R)          U'(R)         DU/DE        DU'/DE      NORM-U'
           0  0.552290E+00  0.811535E+00  0.111690E+00 -0.227582E+00
           1  0.537425E+00 -0.376463E-03 -0.144135E+00 -0.402452E+00
           2 -0.617134E+00  0.272644E-01  0.986222E-01  0.346235E+00
           3 -0.313183E+00  0.131628E+00  0.365860E+00  0.537190E+00
LO COEFFICIENT: l,A,B,C   0          0.65153    -3.22174     0.00000     0.00000
 
LO COEFFICIENT: l,A,B,C   0          0.32135     0.00000     0.78060     0.00000
 
LO COEFFICIENT: l,A,B,C   1          0.87934     3.27872     0.00000     0.00000
 
LO COEFFICIENT: l,A,B,C   1          0.26534     0.00000    -1.23538     0.00000
 
LO COEFFICIENT: l,A,B,C   2          0.85322     5.33906     0.00000     0.00000
 
LO COEFFICIENT: l,A,B,C   3          0.94151     0.80595     0.00000     0.00000
 
 ATPAR for spin down

          ATOMIC PARAMETERS FOR Pu  0+    

           ENERGY PARAMETERS ARE   1.20  -1.08   1.20   1.20

           L     U(R)          U'(R)         DU/DE        DU'/DE      NORM-U'
           0  0.552290E+00  0.811535E+00  0.111690E+00 -0.227582E+00
           1  0.537425E+00 -0.376463E-03 -0.144135E+00 -0.402452E+00
           2 -0.617134E+00  0.272644E-01  0.986222E-01  0.346235E+00
           3 -0.313183E+00  0.131628E+00  0.365860E+00  0.537190E+00
LO COEFFICIENT: l,A,B,C   0          0.65153    -3.22174     0.00000     0.00000
 
LO COEFFICIENT: l,A,B,C   0          0.32135     0.00000     0.78060     0.00000
 
LO COEFFICIENT: l,A,B,C   1          0.87934     3.27872     0.00000     0.00000
 
LO COEFFICIENT: l,A,B,C   1          0.26534     0.00000    -1.23538     0.00000
 
LO COEFFICIENT: l,A,B,C   2          0.85322     5.33906     0.00000     0.00000
 
LO COEFFICIENT: l,A,B,C   3          0.94151     0.80595     0.00000     0.00000
 
 L1=           0  L2=           0
 RADIAL INTEGRALS:
           1           1                 1           1   1.00000000000000     
           1           3                 1           1  0.572829734112777     
           1           1                 1           2   1.00000000000000     
           1           3                 1           2  0.572829734112777     
           1           1                 2           1   1.00000000000000     
           1           3                 2           1  0.572829734112777     
           1           1                 2           2   1.00000000000000     
           1           3                 2           2  0.572829734112777     
           2           2                 1           1  5.544546589578386E-002
           2           3                 1           1 -0.190718879141363     
           2           2                 1           2  5.544546589578386E-002
           2           3                 1           2 -0.190718879141363     
           2           2                 2           1  5.544546589578386E-002
           2           3                 2           1 -0.190718879141363     
           2           2                 2           2  5.544546589578386E-002
           2           3                 2           2 -0.190718879141363     
           3           1                 1           1  0.572829734112777     
           3           2                 1           1 -0.190718879141363     
           3           3                 1           1   1.00000000000000     
           3           1                 1           2  0.572829734112777     
           3           2                 1           2 -0.190718879141363     
           3           3                 1           2   1.00000000000000     
           3           1                 2           1  0.572829734112777     
           3           2                 2           1 -0.190718879141363     
           3           3                 2           1   1.00000000000000     
           3           1                 2           2  0.572829734112777     
           3           2                 2           2 -0.190718879141363     
           3           3                 2           2   1.00000000000000     
 L1=           1  L2=           1
 RADIAL INTEGRALS:
           1           1                 1           1   1.00000000000000     
           1           3                 1           1  0.909963339568552     
           1           1                 1           2   1.00000000000000     
           1           3                 1           2  0.909963339568552     
           1           1                 2           1   1.00000000000000     
           1           3                 2           1  0.909963339568552     
           1           1                 2           2   1.00000000000000     
           1           3                 2           2  0.909963339568552     
           2           2                 1           1  2.109398874989256E-002
           2           3                 1           1  6.006107641434383E-002
           2           2                 1           2  2.109398874989256E-002
           2           3                 1           2  6.006107641434383E-002
           2           2                 2           1  2.109398874989256E-002
           2           3                 2           1  6.006107641434383E-002
           2           2                 2           2  2.109398874989256E-002
           2           3                 2           2  6.006107641434383E-002
           3           1                 1           1  0.909963339568552     
           3           2                 1           1  6.006107641434383E-002
           3           3                 1           1   1.00000000000000     
           3           1                 1           2  0.909963339568552     
           3           2                 1           2  6.006107641434383E-002
           3           3                 1           2   1.00000000000000     
           3           1                 2           1  0.909963339568552     
           3           2                 2           1  6.006107641434383E-002
           3           3                 2           1   1.00000000000000     
           3           1                 2           2  0.909963339568552     
           3           2                 2           2  6.006107641434383E-002
           3           3                 2           2   1.00000000000000     
 L1=           2  L2=           2
 RADIAL INTEGRALS:
           1           1                 1           1   1.00000000000000     
           1           1                 1           2   1.00000000000000     
           1           1                 2           1   1.00000000000000     
           1           1                 2           2   1.00000000000000     
           2           2                 1           1  9.542701502777791E-003
           2           2                 1           2  9.542701502777791E-003
           2           2                 2           1  9.542701502777791E-003
           2           2                 2           2  9.542701502777791E-003
 L1=           3  L2=           3
 RADIAL INTEGRALS:
           1           1                 1           1   1.00000000000000     
           1           1                 1           2   1.00000000000000     
           1           1                 2           1   1.00000000000000     
           1           1                 2           2   1.00000000000000     
           2           2                 1           1  0.174824025421401     
           2           2                 1           2  0.174824025421401     
           2           2                 2           1  0.174824025421401     
           2           2                 2           2  0.174824025421401     
Saving potential parameters for atom 1 into  1
pr_proc=363  tot-k=726
 ------------------------------------------------------------------------------


   =====>>> CPU TIME SUMMARY

            TOTAL       :      2.5
 OMP_NUM_THREADS= 2
 GUTZ_SOLVER VO.1.5 BUILT ON Jan 19 2014 AT22:25:59
 NT=  1 SEC_N%DIM=   10 WITH ID:
           1       2      16     107     471    1472    3474    6477    9909   12912
       14914
 MEAN U/J:  0.2940  0.0265
 NEL_FIX_VDC1=      5.20
 ATOM DEPENDENT NELF1:
      5.1976
 DCMIX_A=  0.200000
 SYMMETRICALLY NON-EQUIVALENT ATOMS:
          1
 VARIATIONAL-SETUP-NON-EQUIVALENT ATOMS:
          1
 COMPLEMENTARY VARIATIONAL-SETUP-EQUIVALENT ATOMS:

 GYZ%SYM%IDSUM:
  1
 DIM(X_Gutz)=  4
 CALC SET: GAPJ-SHFT FULL       -JH-PROJ SLATER    VAR-FIXDC    Ryd.   
 NT= 1
 LOCAL INTERACTION PART   :
 U              :   0.2940
 J              :   0.0265
 FOCK SPACE PART:
 NA             :  7
 FS%OCC(1) L.B. :  0
 FS%OCC(2) U.B. :  9
 FS%DIM         :     14913
 HL%OCC(1) L.B. :  0
 HL%OCC(2) U.B. :  9
 ISO= 2 ISPIN_IN= 1 ISPIN= 1 ISPO= 2
 BND%NMAX=  64
 BZ INTEGRATION WITH TETRA METHOD, ICOR= 1
 EQUAL OCCUPANCY OF DEGENERATE STATES, TOL= 0.1E-05
 VALENCE ELECTRONS: TOTAL=    16.0
                    CORRELATED PART=     8.0
 SYM%IDI/IDF=  1 16
 BND%NMAXIN=   24
      GUTZ5_INI_CORR_UVEK takes  0 hours  0 minutes and    0.09 seconds (CPU).
                          takes  0 hours  0 minutes and    0.08 seconds (WALL).
                 SETUP_TB takes  0 hours  0 minutes and    3.01 seconds (CPU).
                          takes  0 hours  0 minutes and    1.51 seconds (WALL).
************  EL-  ************
 NI=  1 NI_GLOBAL=  1
   1.4255   1.4240   1.4244   1.4244   1.4240   1.4255   1.5052   1.5049   1.5030   1.5047   1.5047   1.5030   1.5049   1.5052
************  EL=  ************
 NI=  1 NI_GLOBAL=  1
   1.4255   0.0000   0.0000   0.0000  -0.0005   0.0000   0.0000   0.0006   0.0000   0.0000   0.0000  -0.0049   0.0000   0.0000
   0.0000   1.4240   0.0000   0.0000   0.0000  -0.0005   0.0000   0.0000   0.0007   0.0000   0.0000   0.0000   0.0053   0.0000
   0.0000   0.0000   1.4244   0.0000   0.0000   0.0000   0.0000   0.0000   0.0000  -0.0024   0.0000   0.0000   0.0000  -0.0038
   0.0000   0.0000   0.0000   1.4244   0.0000   0.0000   0.0038   0.0000   0.0000   0.0000   0.0024   0.0000   0.0000   0.0000
  -0.0005   0.0000   0.0000   0.0000   1.4240   0.0000   0.0000  -0.0053   0.0000   0.0000   0.0000  -0.0007   0.0000   0.0000
   0.0000  -0.0005   0.0000   0.0000   0.0000   1.4255   0.0000   0.0000   0.0049   0.0000   0.0000   0.0000  -0.0006   0.0000
   0.0000   0.0000   0.0000   0.0038   0.0000   0.0000   1.5052   0.0000   0.0000   0.0000  -0.0027   0.0000   0.0000   0.0000
   0.0006   0.0000   0.0000   0.0000  -0.0053   0.0000   0.0000   1.5049   0.0000   0.0000   0.0000   0.0016   0.0000   0.0000
   0.0000   0.0007   0.0000   0.0000   0.0000   0.0049   0.0000   0.0000   1.5030   0.0000   0.0000   0.0000   0.0016   0.0000
   0.0000   0.0000  -0.0024   0.0000   0.0000   0.0000   0.0000   0.0000   0.0000   1.5047   0.0000   0.0000   0.0000  -0.0027
   0.0000   0.0000   0.0000   0.0024   0.0000   0.0000  -0.0027   0.0000   0.0000   0.0000   1.5047   0.0000   0.0000   0.0000
  -0.0049   0.0000   0.0000   0.0000  -0.0007   0.0000   0.0000   0.0016   0.0000   0.0000   0.0000   1.5030   0.0000   0.0000
   0.0000   0.0053   0.0000   0.0000   0.0000  -0.0006   0.0000   0.0000   0.0016   0.0000   0.0000   0.0000   1.5049   0.0000
   0.0000   0.0000  -0.0038   0.0000   0.0000   0.0000   0.0000   0.0000   0.0000  -0.0027   0.0000   0.0000   0.0000   1.5052
 NI=  1 LOCAL ORBITAL LEVEL CENTER(ELC)=   1.470
************  EL0  ************
 NI=  1 NI_GLOBAL=  1
   1.4246   1.4246   1.4246   1.4246   1.4246   1.4246   1.5045   1.5045   1.5045   1.5045   1.5045   1.5045   1.5045   1.5045
************  ELL  ************
 NI=  1 NI_GLOBAL=  1
   1.4246   0.0000   0.0000   0.0000   0.0000   0.0000   0.0000   0.0000   0.0000   0.0000   0.0000   0.0000   0.0000   0.0000
   0.0000   1.4246   0.0000   0.0000   0.0000   0.0000   0.0000   0.0000   0.0000   0.0000   0.0000   0.0000   0.0000   0.0000
   0.0000   0.0000   1.4246   0.0000   0.0000   0.0000   0.0000   0.0000   0.0000   0.0000   0.0000   0.0000   0.0000   0.0000
   0.0000   0.0000   0.0000   1.4246   0.0000   0.0000   0.0000   0.0000   0.0000   0.0000   0.0000   0.0000   0.0000   0.0000
   0.0000   0.0000   0.0000   0.0000   1.4246   0.0000   0.0000   0.0000   0.0000   0.0000   0.0000   0.0000   0.0000   0.0000
   0.0000   0.0000   0.0000   0.0000   0.0000   1.4246   0.0000   0.0000   0.0000   0.0000   0.0000   0.0000   0.0000   0.0000
   0.0000   0.0000   0.0000   0.0000   0.0000   0.0000   1.5045   0.0000   0.0000   0.0000   0.0000   0.0000   0.0000   0.0000
   0.0000   0.0000   0.0000   0.0000   0.0000   0.0000   0.0000   1.5045   0.0000   0.0000   0.0000   0.0000   0.0000   0.0000
   0.0000   0.0000   0.0000   0.0000   0.0000   0.0000   0.0000   0.0000   1.5045   0.0000   0.0000   0.0000   0.0000   0.0000
   0.0000   0.0000   0.0000   0.0000   0.0000   0.0000   0.0000   0.0000   0.0000   1.5045   0.0000   0.0000   0.0000   0.0000
   0.0000   0.0000   0.0000   0.0000   0.0000   0.0000   0.0000   0.0000   0.0000   0.0000   1.5045   0.0000   0.0000   0.0000
   0.0000   0.0000   0.0000   0.0000   0.0000   0.0000   0.0000   0.0000   0.0000   0.0000   0.0000   1.5045   0.0000   0.0000
   0.0000   0.0000   0.0000   0.0000   0.0000   0.0000   0.0000   0.0000   0.0000   0.0000   0.0000   0.0000   1.5045   0.0000
   0.0000   0.0000   0.0000   0.0000   0.0000   0.0000   0.0000   0.0000   0.0000   0.0000   0.0000   0.0000   0.0000   1.5045
                  GET_EL0 takes  0 hours  0 minutes and    0.03 seconds (CPU).
                          takes  0 hours  0 minutes and    0.02 seconds (WALL).
 There are  4 blocks of bands, with band energy windows:
  -2.008  -1.948 |   -0.460  -0.329 |    0.062   0.375 |    1.034   4.497 | 
 Band window indices:
         1      2 |          3      4 |          5      8 |          9     65 | 
 Band width
       0.060   |         0.130   |         0.313   |         3.464   |  
 Band gap
       1.489   |         0.391   |         0.659   |  
 CORRELATED BLOCK: EMIN/EMIX=    1.0339    1.8699
 CORRELATED BAND WIDTH=   0.836
         GUTZ_RED_PRJ_NEQ takes  0 hours  1 minutes and    2.79 seconds (CPU).
                          takes  0 hours  1 minutes and    2.72 seconds (WALL).
 NI=  1 DIM_PHIK=   41227 HL%DIM=  14913
       ID_PHIK_N=
      1      2      4     33    264   1639   6153  15546  27321  36714
  41228
       ID_PHIK_J=
      1      2      3      4      8      9     18     19     28     29
     33     37     73    122    171    220    245    254    263    264
    300    349    638    807   1168   1364   1533   1582   1631   1635
   1639   1739   2180   2964   3864   4705   5381   5781   6037   6118
   6143   6152   6153   6349   6710   8079   9448  11564  12933  14377
  14953  15353  15474  15538  15542  15546  15835  16796  18560  21060
  23176  24940  26165  26841  27165  27286  27311  27320  27321  27517
  27878  29247  30616  32732  34101  35545  36121  36521  36642  36706
  36710  36714  36814  37255  38039  38939  39780  40456  40856  41112
  41193  41218  41227  41228
          GUTZ_SET_PRJ_EQ takes  0 hours  0 minutes and    0.00 seconds (CPU).
                          takes  0 hours  0 minutes and    0.00 seconds (WALL).
************   WH%X  ************
    0.90174700    0.91886771
    1.38529668    1.53695935
************  RIN  ************
 NI=  1 NI_GLOBAL=  1
   0.9017   0.9017   0.9017   0.9017   0.9017   0.9017   0.9189   0.9189   0.9189   0.9189   0.9189   0.9189   0.9189   0.9189
************  LA1  ************
 NI=  1 NI_GLOBAL=  1
   1.3853   1.3853   1.3853   1.3853   1.3853   1.3853   1.5370   1.5370   1.5370   1.5370   1.5370   1.5370   1.5370   1.5370
             CALC_BAND_AL takes  0 hours  0 minutes and    1.33 seconds (CPU).
                          takes  0 hours  0 minutes and    0.66 seconds (WALL).
 ILOOP            1
 ILOOP            2
   FERMI ENERGY AT    1.40144300469409     
   SUM RULE OF TETRAHEDRON INTEGRATION CHECKED 
   number of occupied bands:          18
   highest energy:   1.44319153832165     
************  NK-  ************
 NI=  1 NI_GLOBAL=  1
   0.7828   0.7718   0.7807   0.7807   0.7718   0.7828   0.0626   0.0743   0.0670   0.0599   0.0599   0.0670   0.0743   0.0626
************  NNK  ************
 NI=  1 NI_GLOBAL=  1
   0.7828   0.0000   0.0000   0.0000   0.0024   0.0000   0.0000  -0.0022   0.0000   0.0000   0.0000   0.0186   0.0000   0.0000
   0.0000   0.7718   0.0000   0.0000   0.0000   0.0024   0.0000   0.0000  -0.0037   0.0000   0.0000   0.0000  -0.0357   0.0000
   0.0000   0.0000   0.7807   0.0000   0.0000   0.0000   0.0000   0.0000   0.0000   0.0190   0.0000   0.0000   0.0000   0.0168
   0.0000   0.0000   0.0000   0.7807   0.0000   0.0000  -0.0168   0.0000   0.0000   0.0000  -0.0190   0.0000   0.0000   0.0000
   0.0024   0.0000   0.0000   0.0000   0.7718   0.0000   0.0000   0.0357   0.0000   0.0000   0.0000   0.0037   0.0000   0.0000
   0.0000   0.0024   0.0000   0.0000   0.0000   0.7828   0.0000   0.0000  -0.0186   0.0000   0.0000   0.0000   0.0022   0.0000
   0.0000   0.0000   0.0000  -0.0168   0.0000   0.0000   0.0626   0.0000   0.0000   0.0000   0.0042   0.0000   0.0000   0.0000
  -0.0022   0.0000   0.0000   0.0000   0.0357   0.0000   0.0000   0.0743   0.0000   0.0000   0.0000  -0.0003   0.0000   0.0000
   0.0000  -0.0037   0.0000   0.0000   0.0000  -0.0186   0.0000   0.0000   0.0670   0.0000   0.0000   0.0000  -0.0003   0.0000
   0.0000   0.0000   0.0190   0.0000   0.0000   0.0000   0.0000   0.0000   0.0000   0.0599   0.0000   0.0000   0.0000   0.0042
   0.0000   0.0000   0.0000  -0.0190   0.0000   0.0000   0.0042   0.0000   0.0000   0.0000   0.0599   0.0000   0.0000   0.0000
   0.0186   0.0000   0.0000   0.0000   0.0037   0.0000   0.0000  -0.0003   0.0000   0.0000   0.0000   0.0670   0.0000   0.0000
   0.0000  -0.0357   0.0000   0.0000   0.0000   0.0022   0.0000   0.0000  -0.0003   0.0000   0.0000   0.0000   0.0743   0.0000
   0.0000   0.0000   0.0168   0.0000   0.0000   0.0000   0.0000   0.0000   0.0000   0.0042   0.0000   0.0000   0.0000   0.0626
************  NKS  ************
 NI=  1 NI_GLOBAL=  1
   0.7784   0.7784   0.7784   0.7784   0.7784   0.7784   0.0660   0.0660   0.0660   0.0660   0.0660   0.0660   0.0660   0.0660
 NELE_LOC TOTAL:
           5.1981561955677842
              CALC_DA_BND takes  0 hours  0 minutes and    0.22 seconds (CPU).
                          takes  0 hours  0 minutes and    0.22 seconds (WALL).
************  DA-  ************
 NI=  1 NI_GLOBAL=  1
  -0.0240  -0.0259  -0.0247  -0.0247  -0.0259  -0.0240  -0.0136  -0.0164  -0.0143  -0.0137  -0.0137  -0.0143  -0.0164  -0.0136
************  DAA  ************
 NI=  1 NI_GLOBAL=  1
  -0.0249  -0.0249  -0.0249  -0.0249  -0.0249  -0.0249  -0.0145  -0.0145  -0.0145  -0.0145  -0.0145  -0.0145  -0.0145  -0.0145
 NI=  1 VDC=    1.3255
************  LA2  ************
 NI=  1 NI_GLOBAL=  1
  -2.7833  -2.7833  -2.7833  -2.7833  -2.7833  -2.7833  -2.6748  -2.6748  -2.6748  -2.6748  -2.6748  -2.6748  -2.6748  -2.6748
 NI=  1 PHI-step gap=  0.15E+00
************  RAA  ************
 NI=  1 NI_GLOBAL=  1
   0.9017   0.9017   0.9017   0.9017   0.9017   0.9017   0.9189   0.9189   0.9189   0.9189   0.9189   0.9189   0.9189   0.9189
************  NC0  ************
 NI=  1 NI_GLOBAL=  1
   0.7784   0.7784   0.7784   0.7784   0.7784   0.7784   0.0660   0.0660   0.0660   0.0660   0.0660   0.0660   0.0660   0.0660
                  CALC_LC takes  0 hours  8 minutes and   33.39 seconds (CPU).
                          takes  0 hours  8 minutes and   33.38 seconds (WALL).
                GUTZ_FCN1 takes  0 hours  8 minutes and   35.34 seconds (CPU).
                          takes  0 hours  8 minutes and   34.53 seconds (WALL).
************  DIF_X  ************
   -0.000029911566    0.000023499733
    0.000021564542    0.000003920660
 ITER1=  1 MAXERR=    0.00002991
************   WH%X  ************
    0.90175153    0.91886687
    1.38527851    1.53694432
************  RIN  ************
 NI=  1 NI_GLOBAL=  1
   0.9018   0.9018   0.9018   0.9018   0.9018   0.9018   0.9189   0.9189   0.9189   0.9189   0.9189   0.9189   0.9189   0.9189
************  LA1  ************
 NI=  1 NI_GLOBAL=  1
   1.3853   1.3853   1.3853   1.3853   1.3853   1.3853   1.5369   1.5369   1.5369   1.5369   1.5369   1.5369   1.5369   1.5369
             CALC_BAND_AL takes  0 hours  0 minutes and    1.33 seconds (CPU).
                          takes  0 hours  0 minutes and    0.66 seconds (WALL).
 ILOOP            1
 ILOOP            2
   FERMI ENERGY AT    1.40142857860435     
   SUM RULE OF TETRAHEDRON INTEGRATION CHECKED 
   number of occupied bands:          18
   highest energy:   1.44318538327427     
************  NK-  ************
 NI=  1 NI_GLOBAL=  1
   0.7829   0.7718   0.7807   0.7807   0.7718   0.7829   0.0626   0.0743   0.0670   0.0599   0.0599   0.0670   0.0743   0.0626
************  NNK  ************
 NI=  1 NI_GLOBAL=  1
   0.7829   0.0000   0.0000   0.0000   0.0024   0.0000   0.0000  -0.0022   0.0000   0.0000   0.0000   0.0186   0.0000   0.0000
   0.0000   0.7718   0.0000   0.0000   0.0000   0.0024   0.0000   0.0000  -0.0037   0.0000   0.0000   0.0000  -0.0357   0.0000
   0.0000   0.0000   0.7807   0.0000   0.0000   0.0000   0.0000   0.0000   0.0000   0.0190   0.0000   0.0000   0.0000   0.0168
   0.0000   0.0000   0.0000   0.7807   0.0000   0.0000  -0.0168   0.0000   0.0000   0.0000  -0.0190   0.0000   0.0000   0.0000
   0.0024   0.0000   0.0000   0.0000   0.7718   0.0000   0.0000   0.0357   0.0000   0.0000   0.0000   0.0037   0.0000   0.0000
   0.0000   0.0024   0.0000   0.0000   0.0000   0.7829   0.0000   0.0000  -0.0186   0.0000   0.0000   0.0000   0.0022   0.0000
   0.0000   0.0000   0.0000  -0.0168   0.0000   0.0000   0.0626   0.0000   0.0000   0.0000   0.0042   0.0000   0.0000   0.0000
  -0.0022   0.0000   0.0000   0.0000   0.0357   0.0000   0.0000   0.0743   0.0000   0.0000   0.0000  -0.0003   0.0000   0.0000
   0.0000  -0.0037   0.0000   0.0000   0.0000  -0.0186   0.0000   0.0000   0.0670   0.0000   0.0000   0.0000  -0.0003   0.0000
   0.0000   0.0000   0.0190   0.0000   0.0000   0.0000   0.0000   0.0000   0.0000   0.0599   0.0000   0.0000   0.0000   0.0042
   0.0000   0.0000   0.0000  -0.0190   0.0000   0.0000   0.0042   0.0000   0.0000   0.0000   0.0599   0.0000   0.0000   0.0000
   0.0186   0.0000   0.0000   0.0000   0.0037   0.0000   0.0000  -0.0003   0.0000   0.0000   0.0000   0.0670   0.0000   0.0000
   0.0000  -0.0357   0.0000   0.0000   0.0000   0.0022   0.0000   0.0000  -0.0003   0.0000   0.0000   0.0000   0.0743   0.0000
   0.0000   0.0000   0.0168   0.0000   0.0000   0.0000   0.0000   0.0000   0.0000   0.0042   0.0000   0.0000   0.0000   0.0626
************  NKS  ************
 NI=  1 NI_GLOBAL=  1
   0.7784   0.7784   0.7784   0.7784   0.7784   0.7784   0.0660   0.0660   0.0660   0.0660   0.0660   0.0660   0.0660   0.0660
 NELE_LOC TOTAL:
           5.1982849119278542
              CALC_DA_BND takes  0 hours  0 minutes and    0.21 seconds (CPU).
                          takes  0 hours  0 minutes and    0.22 seconds (WALL).
************  DA-  ************
 NI=  1 NI_GLOBAL=  1
  -0.0240  -0.0259  -0.0247  -0.0247  -0.0259  -0.0240  -0.0136  -0.0164  -0.0143  -0.0137  -0.0137  -0.0143  -0.0164  -0.0136
************  DAA  ************
 NI=  1 NI_GLOBAL=  1
  -0.0249  -0.0249  -0.0249  -0.0249  -0.0249  -0.0249  -0.0145  -0.0145  -0.0145  -0.0145  -0.0145  -0.0145  -0.0145  -0.0145
 NI=  1 VDC=    1.3255
************  LA2  ************
 NI=  1 NI_GLOBAL=  1
  -2.7833  -2.7833  -2.7833  -2.7833  -2.7833  -2.7833  -2.6748  -2.6748  -2.6748  -2.6748  -2.6748  -2.6748  -2.6748  -2.6748
 NI=  1 PHI-step gap=  0.15E+00
************  RAA  ************
 NI=  1 NI_GLOBAL=  1
   0.9018   0.9018   0.9018   0.9018   0.9018   0.9018   0.9189   0.9189   0.9189   0.9189   0.9189   0.9189   0.9189   0.9189
************  NC0  ************
 NI=  1 NI_GLOBAL=  1
   0.7784   0.7784   0.7784   0.7784   0.7784   0.7784   0.0660   0.0660   0.0660   0.0660   0.0660   0.0660   0.0660   0.0660
                  CALC_LC takes  0 hours  9 minutes and   14.19 seconds (CPU).
                          takes  0 hours  9 minutes and   14.19 seconds (WALL).
                GUTZ_FCN1 takes  0 hours  9 minutes and   16.13 seconds (CPU).
                          takes  0 hours  9 minutes and   15.34 seconds (WALL).
************  DIF_X  ************
   -0.000001241007    0.000000667888
    0.000000045680    0.000000025758
 ITER1=  2 MAXERR=    0.00000124
************   WH%X  ************
    0.90175031    0.91886730
    1.38527852    1.53694426
************  RIN  ************
 NI=  1 NI_GLOBAL=  1
   0.9018   0.9018   0.9018   0.9018   0.9018   0.9018   0.9189   0.9189   0.9189   0.9189   0.9189   0.9189   0.9189   0.9189
************  LA1  ************
 NI=  1 NI_GLOBAL=  1
   1.3853   1.3853   1.3853   1.3853   1.3853   1.3853   1.5369   1.5369   1.5369   1.5369   1.5369   1.5369   1.5369   1.5369
             CALC_BAND_AL takes  0 hours  0 minutes and    1.31 seconds (CPU).
                          takes  0 hours  0 minutes and    0.66 seconds (WALL).
 ILOOP            1
 ILOOP            2
   FERMI ENERGY AT    1.40142853689886     
   SUM RULE OF TETRAHEDRON INTEGRATION CHECKED 
   number of occupied bands:          18
   highest energy:   1.44318533088268     
************  NK-  ************
 NI=  1 NI_GLOBAL=  1
   0.7829   0.7718   0.7807   0.7807   0.7718   0.7829   0.0626   0.0743   0.0670   0.0599   0.0599   0.0670   0.0743   0.0626
************  NNK  ************
 NI=  1 NI_GLOBAL=  1
   0.7829   0.0000   0.0000   0.0000   0.0024   0.0000   0.0000  -0.0022   0.0000   0.0000   0.0000   0.0186   0.0000   0.0000
   0.0000   0.7718   0.0000   0.0000   0.0000   0.0024   0.0000   0.0000  -0.0037   0.0000   0.0000   0.0000  -0.0357   0.0000
   0.0000   0.0000   0.7807   0.0000   0.0000   0.0000   0.0000   0.0000   0.0000   0.0190   0.0000   0.0000   0.0000   0.0168
   0.0000   0.0000   0.0000   0.7807   0.0000   0.0000  -0.0168   0.0000   0.0000   0.0000  -0.0190   0.0000   0.0000   0.0000
   0.0024   0.0000   0.0000   0.0000   0.7718   0.0000   0.0000   0.0357   0.0000   0.0000   0.0000   0.0037   0.0000   0.0000
   0.0000   0.0024   0.0000   0.0000   0.0000   0.7829   0.0000   0.0000  -0.0186   0.0000   0.0000   0.0000   0.0022   0.0000
   0.0000   0.0000   0.0000  -0.0168   0.0000   0.0000   0.0626   0.0000   0.0000   0.0000   0.0042   0.0000   0.0000   0.0000
  -0.0022   0.0000   0.0000   0.0000   0.0357   0.0000   0.0000   0.0743   0.0000   0.0000   0.0000  -0.0003   0.0000   0.0000
   0.0000  -0.0037   0.0000   0.0000   0.0000  -0.0186   0.0000   0.0000   0.0670   0.0000   0.0000   0.0000  -0.0003   0.0000
   0.0000   0.0000   0.0190   0.0000   0.0000   0.0000   0.0000   0.0000   0.0000   0.0599   0.0000   0.0000   0.0000   0.0042
   0.0000   0.0000   0.0000  -0.0190   0.0000   0.0000   0.0042   0.0000   0.0000   0.0000   0.0599   0.0000   0.0000   0.0000
   0.0186   0.0000   0.0000   0.0000   0.0037   0.0000   0.0000  -0.0003   0.0000   0.0000   0.0000   0.0670   0.0000   0.0000
   0.0000  -0.0357   0.0000   0.0000   0.0000   0.0022   0.0000   0.0000  -0.0003   0.0000   0.0000   0.0000   0.0743   0.0000
   0.0000   0.0000   0.0168   0.0000   0.0000   0.0000   0.0000   0.0000   0.0000   0.0042   0.0000   0.0000   0.0000   0.0626
************  NKS  ************
 NI=  1 NI_GLOBAL=  1
   0.7784   0.7784   0.7784   0.7784   0.7784   0.7784   0.0660   0.0660   0.0660   0.0660   0.0660   0.0660   0.0660   0.0660
 NELE_LOC TOTAL:
           5.1982850700120800
              CALC_DA_BND takes  0 hours  0 minutes and    0.22 seconds (CPU).
                          takes  0 hours  0 minutes and    0.22 seconds (WALL).
************  DA-  ************
 NI=  1 NI_GLOBAL=  1
  -0.0240  -0.0259  -0.0247  -0.0247  -0.0259  -0.0240  -0.0136  -0.0164  -0.0143  -0.0137  -0.0137  -0.0143  -0.0164  -0.0136
************  DAA  ************
 NI=  1 NI_GLOBAL=  1
  -0.0249  -0.0249  -0.0249  -0.0249  -0.0249  -0.0249  -0.0145  -0.0145  -0.0145  -0.0145  -0.0145  -0.0145  -0.0145  -0.0145
 NI=  1 VDC=    1.3255
************  LA2  ************
 NI=  1 NI_GLOBAL=  1
  -2.7833  -2.7833  -2.7833  -2.7833  -2.7833  -2.7833  -2.6748  -2.6748  -2.6748  -2.6748  -2.6748  -2.6748  -2.6748  -2.6748
 NI=  1 PHI-step gap=  0.15E+00
************  RAA  ************
 NI=  1 NI_GLOBAL=  1
   0.9018   0.9018   0.9018   0.9018   0.9018   0.9018   0.9189   0.9189   0.9189   0.9189   0.9189   0.9189   0.9189   0.9189
************  NC0  ************
 NI=  1 NI_GLOBAL=  1
   0.7784   0.7784   0.7784   0.7784   0.7784   0.7784   0.0660   0.0660   0.0660   0.0660   0.0660   0.0660   0.0660   0.0660
                  CALC_LC takes  0 hours 11 minutes and   27.20 seconds (CPU).
                          takes  0 hours 11 minutes and   27.19 seconds (WALL).
                GUTZ_FCN1 takes  0 hours 11 minutes and   29.13 seconds (CPU).
                          takes  0 hours 11 minutes and   28.33 seconds (WALL).
************  DIF_X  ************
   -0.000000014059    0.000000012955
    0.000000003574   -0.000000001649
 ITER1=  3 MAXERR=    0.00000001
************   WH%X  ************
    0.90175030    0.91886732
    1.38527852    1.53694426
************  RIN  ************
 NI=  1 NI_GLOBAL=  1
   0.9018   0.9018   0.9018   0.9018   0.9018   0.9018   0.9189   0.9189   0.9189   0.9189   0.9189   0.9189   0.9189   0.9189
************  LA1  ************
 NI=  1 NI_GLOBAL=  1
   1.3853   1.3853   1.3853   1.3853   1.3853   1.3853   1.5369   1.5369   1.5369   1.5369   1.5369   1.5369   1.5369   1.5369
             CALC_BAND_AL takes  0 hours  0 minutes and    1.34 seconds (CPU).
                          takes  0 hours  0 minutes and    0.68 seconds (WALL).
 ILOOP            1
 ILOOP            2
   FERMI ENERGY AT    1.40142853562847     
   SUM RULE OF TETRAHEDRON INTEGRATION CHECKED 
   number of occupied bands:          18
   highest energy:   1.44318533025070     
************  NK-  ************
 NI=  1 NI_GLOBAL=  1
   0.7829   0.7718   0.7807   0.7807   0.7718   0.7829   0.0626   0.0743   0.0670   0.0599   0.0599   0.0670   0.0743   0.0626
************  NNK  ************
 NI=  1 NI_GLOBAL=  1
   0.7829   0.0000   0.0000   0.0000   0.0024   0.0000   0.0000  -0.0022   0.0000   0.0000   0.0000   0.0186   0.0000   0.0000
   0.0000   0.7718   0.0000   0.0000   0.0000   0.0024   0.0000   0.0000  -0.0037   0.0000   0.0000   0.0000  -0.0357   0.0000
   0.0000   0.0000   0.7807   0.0000   0.0000   0.0000   0.0000   0.0000   0.0000   0.0190   0.0000   0.0000   0.0000   0.0168
   0.0000   0.0000   0.0000   0.7807   0.0000   0.0000  -0.0168   0.0000   0.0000   0.0000  -0.0190   0.0000   0.0000   0.0000
   0.0024   0.0000   0.0000   0.0000   0.7718   0.0000   0.0000   0.0357   0.0000   0.0000   0.0000   0.0037   0.0000   0.0000
   0.0000   0.0024   0.0000   0.0000   0.0000   0.7829   0.0000   0.0000  -0.0186   0.0000   0.0000   0.0000   0.0022   0.0000
   0.0000   0.0000   0.0000  -0.0168   0.0000   0.0000   0.0626   0.0000   0.0000   0.0000   0.0042   0.0000   0.0000   0.0000
  -0.0022   0.0000   0.0000   0.0000   0.0357   0.0000   0.0000   0.0743   0.0000   0.0000   0.0000  -0.0003   0.0000   0.0000
   0.0000  -0.0037   0.0000   0.0000   0.0000  -0.0186   0.0000   0.0000   0.0670   0.0000   0.0000   0.0000  -0.0003   0.0000
   0.0000   0.0000   0.0190   0.0000   0.0000   0.0000   0.0000   0.0000   0.0000   0.0599   0.0000   0.0000   0.0000   0.0042
   0.0000   0.0000   0.0000  -0.0190   0.0000   0.0000   0.0042   0.0000   0.0000   0.0000   0.0599   0.0000   0.0000   0.0000
   0.0186   0.0000   0.0000   0.0000   0.0037   0.0000   0.0000  -0.0003   0.0000   0.0000   0.0000   0.0670   0.0000   0.0000
   0.0000  -0.0357   0.0000   0.0000   0.0000   0.0022   0.0000   0.0000  -0.0003   0.0000   0.0000   0.0000   0.0743   0.0000
   0.0000   0.0000   0.0168   0.0000   0.0000   0.0000   0.0000   0.0000   0.0000   0.0042   0.0000   0.0000   0.0000   0.0626
************  NKS  ************
 NI=  1 NI_GLOBAL=  1
   0.7784   0.7784   0.7784   0.7784   0.7784   0.7784   0.0660   0.0660   0.0660   0.0660   0.0660   0.0660   0.0660   0.0660
 NELE_LOC TOTAL:
           5.1982850759039554
              CALC_DA_BND takes  0 hours  0 minutes and    0.23 seconds (CPU).
                          takes  0 hours  0 minutes and    0.23 seconds (WALL).
************  DA-  ************
 NI=  1 NI_GLOBAL=  1
  -0.0240  -0.0259  -0.0247  -0.0247  -0.0259  -0.0240  -0.0136  -0.0164  -0.0143  -0.0137  -0.0137  -0.0143  -0.0164  -0.0136
************  DAA  ************
 NI=  1 NI_GLOBAL=  1
  -0.0249  -0.0249  -0.0249  -0.0249  -0.0249  -0.0249  -0.0145  -0.0145  -0.0145  -0.0145  -0.0145  -0.0145  -0.0145  -0.0145
 NI=  1 VDC=    1.3255
************  LA2  ************
 NI=  1 NI_GLOBAL=  1
  -2.7833  -2.7833  -2.7833  -2.7833  -2.7833  -2.7833  -2.6748  -2.6748  -2.6748  -2.6748  -2.6748  -2.6748  -2.6748  -2.6748
 NI=  1 PHI-step gap=  0.15E+00
************  RAA  ************
 NI=  1 NI_GLOBAL=  1
   0.9018   0.9018   0.9018   0.9018   0.9018   0.9018   0.9189   0.9189   0.9189   0.9189   0.9189   0.9189   0.9189   0.9189
************  NC0  ************
 NI=  1 NI_GLOBAL=  1
   0.7784   0.7784   0.7784   0.7784   0.7784   0.7784   0.0660   0.0660   0.0660   0.0660   0.0660   0.0660   0.0660   0.0660
                  CALC_LC takes  0 hours 11 minutes and   31.27 seconds (CPU).
                          takes  0 hours 11 minutes and   31.17 seconds (WALL).
                GUTZ_FCN1 takes  0 hours 11 minutes and   33.17 seconds (CPU).
                          takes  0 hours 11 minutes and   32.35 seconds (WALL).
************  DIF_X  ************
   -0.000000000184    0.000000000068
   -0.000000000140    0.000000000193
 ITER1=  4 MAXERR=    0.00000000
 NFJAC=   0
 SOLVE1 FINISHED WITH       4 ITERATIONS.
               GUTZ_SOLVE takes  0 hours 40 minutes and   53.78 seconds (CPU).
                          takes  0 hours 40 minutes and   50.55 seconds (WALL).
 MAX. NELF1 DIFF=    0.00064614
               CALC_PJRHO takes  0 hours  0 minutes and    0.50 seconds (CPU).
                          takes  0 hours  0 minutes and    0.41 seconds (WALL).
 NI=  1 SUM_PHY-SUM_KS=      0.00000000 WOULD BE RENORMALIZED
************  NC1  ************
 NI=  1 NI_GLOBAL=  1
   0.7679   0.7679   0.7679   0.7679   0.7679   0.7679   0.0739   0.0739   0.0739   0.0739   0.0739   0.0739   0.0739   0.0739
               CALC_NCPHY takes  0 hours  0 minutes and   50.71 seconds (CPU).
                          takes  0 hours  0 minutes and   50.63 seconds (WALL).
 GYZ%PJ%EGAMM:
    10.53786
 ENG%GAMM:    10.53786
 ENG%POT2:     3.08501
 EDCLA1(NI) ARRAY:
    -7.281
 EDCUJ(NI) ARRAY:
    -3.098
 EDCUJV(NI) ARRAY:
    -6.891
 EDC(NI) ARRAY:
   -10.379
 ENG%DBLC:   -10.37917
 ENG%DC1 :    -7.28110
 ENG%DC2 :    -3.09808
 ENG%DC2V:    -6.89057
 DC_E_STD_TO_E_V:    -3.79249
 ENG%BAND:     6.52921
 ENG%DL(DEEP LEVEL):    -4.06322
 ENG%TB=     6.68789
 ENG%TB-DC2=     9.78597
 NI=  1 OCC_CONFIG_WEIGHT:
        OCC= 0 WEIGHT=   0.00000
        OCC= 1 WEIGHT=   0.00000
        OCC= 2 WEIGHT=   0.00020
        OCC= 3 WEIGHT=   0.01005
        OCC= 4 WEIGHT=   0.14985
        OCC= 5 WEIGHT=   0.50818
        OCC= 6 WEIGHT=   0.29593
        OCC= 7 WEIGHT=   0.03451
        OCC= 8 WEIGHT=   0.00127
        OCC= 9 WEIGHT=   0.00002
                 CALC_RCW takes  0 hours  0 minutes and    0.00 seconds (CPU).
                          takes  0 hours  0 minutes and    0.00 seconds (WALL).
 NI=  1 J2=   17.7309
                 CALC_SLJ takes  0 hours  0 minutes and    0.00 seconds (CPU).
                          takes  0 hours  0 minutes and    0.00 seconds (WALL).
 NI=  1 ENTANGLEMENT ENTROPY=      4.9145
           CALC_ENTANGLES takes  0 hours  0 minutes and    1.25 seconds (CPU).
                          takes  0 hours  0 minutes and    1.05 seconds (WALL).
 CORRELATED SUBSPACE, SUM_FERWT=      8.0000000 SUM_KSWT=      8.0000000
 MAX OFF DIAGONAL KS.WT=    0.000663
 MAX/MIN R=    0.918867    0.901750
                CALC_KSWT takes  0 hours  0 minutes and    0.05 seconds (CPU).
                          takes  0 hours  0 minutes and    0.03 seconds (WALL).
                    TOTAL takes  0 hours 42 minutes and   52.78 seconds (CPU).
                          takes  0 hours 42 minutes and   47.40 seconds (WALL).
