******Program DMFT: Computes Gloc and Delta for Dynamical Mean Field Theory calculation ******
 CALCULATION WITH COMPLEX VECTORS
 CALCULATION WITH SOC VECTORS REQUIRED
 Running DMFT in mpi mode
  
 numkpt=         286
   0.00000   0.00000   0.00000   1.00000
   0.04762   0.04762  -0.04762   8.00000
   0.09524   0.09524  -0.09524   8.00000
   0.14286   0.14286  -0.14286   8.00000
   0.19048   0.19048  -0.19048   8.00000
   0.23810   0.23810  -0.23810   8.00000
   0.28571   0.28571  -0.28571   8.00000
   0.33333   0.33333  -0.33333   8.00000
   0.38095   0.38095  -0.38095   8.00000
   0.42857   0.42857  -0.42857   8.00000
   0.47619   0.47619  -0.47619   8.00000
   0.09524   0.00000   0.00000   6.00000
   0.14286   0.04762  -0.04762  24.00000
   0.19048   0.09524  -0.09524  24.00000
   0.23810   0.14286  -0.14286  24.00000
   0.28571   0.19048  -0.19048  24.00000
   0.33333   0.23810  -0.23810  24.00000
   0.38095   0.28571  -0.28571  24.00000
   0.42857   0.33333  -0.33333  24.00000
   0.47619   0.38095  -0.38095  24.00000
   0.52381   0.42857  -0.42857  24.00000
   0.57143   0.47619  -0.47619  24.00000
   0.61905   0.52381  -0.52381  24.00000
   0.66667   0.57143  -0.57143  24.00000
   0.71429   0.61905  -0.61905  24.00000
   0.76190   0.66667  -0.66667  24.00000
   0.80952   0.71429  -0.71429  24.00000
   0.85714   0.76190  -0.76190  24.00000
   0.90476   0.80952  -0.80952  24.00000
   0.95238   0.85714  -0.85714  24.00000
   1.00000   0.90476  -0.90476  12.00000
   0.19048   0.00000   0.00000   6.00000
   0.23810   0.04762  -0.04762  24.00000
   0.28571   0.09524  -0.09524  24.00000
   0.33333   0.14286  -0.14286  24.00000
   0.38095   0.19048  -0.19048  24.00000
   0.42857   0.23810  -0.23810  24.00000
   0.47619   0.28571  -0.28571  24.00000
   0.52381   0.33333  -0.33333  24.00000
   0.57143   0.38095  -0.38095  24.00000
   0.61905   0.42857  -0.42857  24.00000
   0.66667   0.47619  -0.47619  24.00000
   0.71429   0.52381  -0.52381  24.00000
   0.76190   0.57143  -0.57143  24.00000
   0.80952   0.61905  -0.61905  24.00000
   0.85714   0.66667  -0.66667  24.00000
   0.90476   0.71429  -0.71429  24.00000
   0.95238   0.76190  -0.76190  24.00000
   1.00000   0.80952  -0.80952  12.00000
   0.28571   0.00000   0.00000   6.00000
   0.33333   0.04762  -0.04762  24.00000
   0.38095   0.09524  -0.09524  24.00000
   0.42857   0.14286  -0.14286  24.00000
   0.47619   0.19048  -0.19048  24.00000
   0.52381   0.23810  -0.23810  24.00000
   0.57143   0.28571  -0.28571  24.00000
   0.61905   0.33333  -0.33333  24.00000
   0.66667   0.38095  -0.38095  24.00000
   0.71429   0.42857  -0.42857  24.00000
   0.76190   0.47619  -0.47619  24.00000
   0.80952   0.52381  -0.52381  24.00000
   0.85714   0.57143  -0.57143  24.00000
   0.90476   0.61905  -0.61905  24.00000
   0.95238   0.66667  -0.66667  24.00000
   1.00000   0.71429  -0.71429  12.00000
   0.38095   0.00000   0.00000   6.00000
   0.42857   0.04762  -0.04762  24.00000
   0.47619   0.09524  -0.09524  24.00000
   0.52381   0.14286  -0.14286  24.00000
   0.57143   0.19048  -0.19048  24.00000
   0.61905   0.23810  -0.23810  24.00000
   0.66667   0.28571  -0.28571  24.00000
   0.71429   0.33333  -0.33333  24.00000
   0.76190   0.38095  -0.38095  24.00000
   0.80952   0.42857  -0.42857  24.00000
   0.85714   0.47619  -0.47619  24.00000
   0.90476   0.52381  -0.52381  24.00000
   0.95238   0.57143  -0.57143  24.00000
   1.00000   0.61905  -0.61905  12.00000
   0.47619   0.00000   0.00000   6.00000
   0.52381   0.04762  -0.04762  24.00000
   0.57143   0.09524  -0.09524  24.00000
   0.61905   0.14286  -0.14286  24.00000
   0.66667   0.19048  -0.19048  24.00000
   0.71429   0.23810  -0.23810  24.00000
   0.76190   0.28571  -0.28571  24.00000
   0.80952   0.33333  -0.33333  24.00000
   0.85714   0.38095  -0.38095  24.00000
   0.90476   0.42857  -0.42857  24.00000
   0.95238   0.47619  -0.47619  24.00000
   1.00000   0.52381  -0.52381  12.00000
   0.57143   0.00000   0.00000   6.00000
   0.61905   0.04762  -0.04762  24.00000
   0.66667   0.09524  -0.09524  24.00000
   0.71429   0.14286  -0.14286  24.00000
   0.76190   0.19048  -0.19048  24.00000
   0.80952   0.23810  -0.23810  24.00000
   0.85714   0.28571  -0.28571  24.00000
   0.90476   0.33333  -0.33333  24.00000
   0.95238   0.38095  -0.38095  24.00000
   1.00000   0.42857  -0.42857  12.00000
   0.66667   0.00000   0.00000   6.00000
   0.71429   0.04762  -0.04762  24.00000
   0.76190   0.09524  -0.09524  24.00000
   0.80952   0.14286  -0.14286  24.00000
   0.85714   0.19048  -0.19048  24.00000
   0.90476   0.23810  -0.23810  24.00000
   0.95238   0.28571  -0.28571  24.00000
   1.00000   0.33333  -0.33333  12.00000
   0.76190   0.00000   0.00000   6.00000
   0.80952   0.04762  -0.04762  24.00000
   0.85714   0.09524  -0.09524  24.00000
   0.90476   0.14286  -0.14286  24.00000
   0.95238   0.19048  -0.19048  24.00000
   1.00000   0.23810  -0.23810  12.00000
   0.85714   0.00000   0.00000   6.00000
   0.90476   0.04762  -0.04762  24.00000
   0.95238   0.09524  -0.09524  24.00000
   1.00000   0.14286  -0.14286  12.00000
   0.95238   0.00000   0.00000   6.00000
   1.00000   0.04762  -0.04762  12.00000
   0.19048   0.09524   0.00000  24.00000
   0.23810   0.14286  -0.04762  48.00000
   0.28571   0.19048  -0.09524  48.00000
   0.33333   0.23810  -0.14286  48.00000
   0.38095   0.28571  -0.19048  48.00000
   0.42857   0.33333  -0.23810  48.00000
   0.47619   0.38095  -0.28571  48.00000
   0.52381   0.42857  -0.33333  48.00000
   0.57143   0.47619  -0.38095  48.00000
   0.28571   0.09524   0.00000  24.00000
   0.33333   0.14286  -0.04762  48.00000
   0.38095   0.19048  -0.09524  48.00000
   0.42857   0.23810  -0.14286  48.00000
   0.47619   0.28571  -0.19048  48.00000
   0.52381   0.33333  -0.23810  48.00000
   0.57143   0.38095  -0.28571  48.00000
   0.61905   0.42857  -0.33333  48.00000
   0.66667   0.47619  -0.38095  48.00000
   0.71429   0.52381  -0.42857  48.00000
   0.76190   0.57143  -0.47619  48.00000
   0.80952   0.61905  -0.52381  48.00000
   0.85714   0.66667  -0.57143  48.00000
   0.90476   0.71429  -0.61905  48.00000
   0.95238   0.76190  -0.66667  48.00000
   1.00000   0.80952  -0.71429  24.00000
   0.38095   0.09524   0.00000  24.00000
   0.42857   0.14286  -0.04762  48.00000
   0.47619   0.19048  -0.09524  48.00000
   0.52381   0.23810  -0.14286  48.00000
   0.57143   0.28571  -0.19048  48.00000
   0.61905   0.33333  -0.23810  48.00000
   0.66667   0.38095  -0.28571  48.00000
   0.71429   0.42857  -0.33333  48.00000
   0.76190   0.47619  -0.38095  48.00000
   0.80952   0.52381  -0.42857  48.00000
   0.85714   0.57143  -0.47619  48.00000
   0.90476   0.61905  -0.52381  48.00000
   0.95238   0.66667  -0.57143  48.00000
   1.00000   0.71429  -0.61905  24.00000
   0.47619   0.09524   0.00000  24.00000
   0.52381   0.14286  -0.04762  48.00000
   0.57143   0.19048  -0.09524  48.00000
   0.61905   0.23810  -0.14286  48.00000
   0.66667   0.28571  -0.19048  48.00000
   0.71429   0.33333  -0.23810  48.00000
   0.76190   0.38095  -0.28571  48.00000
   0.80952   0.42857  -0.33333  48.00000
   0.85714   0.47619  -0.38095  48.00000
   0.90476   0.52381  -0.42857  48.00000
   0.95238   0.57143  -0.47619  48.00000
   1.00000   0.61905  -0.52381  24.00000
   0.57143   0.09524   0.00000  24.00000
   0.61905   0.14286  -0.04762  48.00000
   0.66667   0.19048  -0.09524  48.00000
   0.71429   0.23810  -0.14286  48.00000
   0.76190   0.28571  -0.19048  48.00000
   0.80952   0.33333  -0.23810  48.00000
   0.85714   0.38095  -0.28571  48.00000
   0.90476   0.42857  -0.33333  48.00000
   0.95238   0.47619  -0.38095  48.00000
   1.00000   0.52381  -0.42857  24.00000
   0.66667   0.09524   0.00000  24.00000
   0.71429   0.14286  -0.04762  48.00000
   0.76190   0.19048  -0.09524  48.00000
   0.80952   0.23810  -0.14286  48.00000
   0.85714   0.28571  -0.19048  48.00000
   0.90476   0.33333  -0.23810  48.00000
   0.95238   0.38095  -0.28571  48.00000
   1.00000   0.42857  -0.33333  24.00000
   0.76190   0.09524   0.00000  24.00000
   0.80952   0.14286  -0.04762  48.00000
   0.85714   0.19048  -0.09524  48.00000
   0.90476   0.23810  -0.14286  48.00000
   0.95238   0.28571  -0.19048  48.00000
   1.00000   0.33333  -0.23810  24.00000
   0.85714   0.09524   0.00000  24.00000
   0.90476   0.14286  -0.04762  48.00000
   0.95238   0.19048  -0.09524  48.00000
   1.00000   0.23810  -0.14286  24.00000
   0.95238   0.09524   0.00000  24.00000
   1.00000   0.14286  -0.04762  24.00000
   0.38095   0.19048   0.00000  24.00000
   0.42857   0.23810  -0.04762  48.00000
   0.47619   0.28571  -0.09524  48.00000
   0.52381   0.33333  -0.14286  48.00000
   0.57143   0.38095  -0.19048  48.00000
   0.61905   0.42857  -0.23810  48.00000
   0.66667   0.47619  -0.28571  48.00000
   0.47619   0.19048   0.00000  24.00000
   0.52381   0.23810  -0.04762  48.00000
   0.57143   0.28571  -0.09524  48.00000
   0.61905   0.33333  -0.14286  48.00000
   0.66667   0.38095  -0.19048  48.00000
   0.71429   0.42857  -0.23810  48.00000
   0.76190   0.47619  -0.28571  48.00000
   0.80952   0.52381  -0.33333  48.00000
   0.85714   0.57143  -0.38095  48.00000
   0.90476   0.61905  -0.42857  48.00000
   0.95238   0.66667  -0.47619  48.00000
   1.00000   0.71429  -0.52381  24.00000
   0.57143   0.19048   0.00000  24.00000
   0.61905   0.23810  -0.04762  48.00000
   0.66667   0.28571  -0.09524  48.00000
   0.71429   0.33333  -0.14286  48.00000
   0.76190   0.38095  -0.19048  48.00000
   0.80952   0.42857  -0.23810  48.00000
   0.85714   0.47619  -0.28571  48.00000
   0.90476   0.52381  -0.33333  48.00000
   0.95238   0.57143  -0.38095  48.00000
   1.00000   0.61905  -0.42857  24.00000
   0.66667   0.19048   0.00000  24.00000
   0.71429   0.23810  -0.04762  48.00000
   0.76190   0.28571  -0.09524  48.00000
   0.80952   0.33333  -0.14286  48.00000
   0.85714   0.38095  -0.19048  48.00000
   0.90476   0.42857  -0.23810  48.00000
   0.95238   0.47619  -0.28571  48.00000
   1.00000   0.52381  -0.33333  24.00000
   0.76190   0.19048   0.00000  24.00000
   0.80952   0.23810  -0.04762  48.00000
   0.85714   0.28571  -0.09524  48.00000
   0.90476   0.33333  -0.14286  48.00000
   0.95238   0.38095  -0.19048  48.00000
   1.00000   0.42857  -0.23810  24.00000
   0.85714   0.19048   0.00000  24.00000
   0.90476   0.23810  -0.04762  48.00000
   0.95238   0.28571  -0.09524  48.00000
   1.00000   0.33333  -0.14286  24.00000
   0.95238   0.19048   0.00000  24.00000
   1.00000   0.23810  -0.04762  24.00000
   0.57143   0.28571   0.00000  24.00000
   0.61905   0.33333  -0.04762  48.00000
   0.66667   0.38095  -0.09524  48.00000
   0.71429   0.42857  -0.14286  48.00000
   0.76190   0.47619  -0.19048  48.00000
   0.66667   0.28571   0.00000  24.00000
   0.71429   0.33333  -0.04762  48.00000
   0.76190   0.38095  -0.09524  48.00000
   0.80952   0.42857  -0.14286  48.00000
   0.85714   0.47619  -0.19048  48.00000
   0.90476   0.52381  -0.23810  48.00000
   0.95238   0.57143  -0.28571  48.00000
   1.00000   0.61905  -0.33333  24.00000
   0.76190   0.28571   0.00000  24.00000
   0.80952   0.33333  -0.04762  48.00000
   0.85714   0.38095  -0.09524  48.00000
   0.90476   0.42857  -0.14286  48.00000
   0.95238   0.47619  -0.19048  48.00000
   1.00000   0.52381  -0.23810  24.00000
   0.85714   0.28571   0.00000  24.00000
   0.90476   0.33333  -0.04762  48.00000
   0.95238   0.38095  -0.09524  48.00000
   1.00000   0.42857  -0.14286  24.00000
   0.95238   0.28571   0.00000  24.00000
   1.00000   0.33333  -0.04762  24.00000
   0.76190   0.38095   0.00000  24.00000
   0.80952   0.42857  -0.04762  48.00000
   0.85714   0.47619  -0.09524  48.00000
   0.85714   0.38095   0.00000  24.00000
   0.90476   0.42857  -0.04762  48.00000
   0.95238   0.47619  -0.09524  48.00000
   1.00000   0.52381  -0.14286  24.00000
   0.95238   0.38095   0.00000  24.00000
   1.00000   0.42857  -0.04762  24.00000
   0.95238   0.47619   0.00000  24.00000




                              --------------------------------------------------
                                 S T R U C T U R A L   I N F O R M A T I O N
                              --------------------------------------------------


   SUBSTANCE                    = cubic fcc  (delta)                                                              

   LATTICE                      = F   
   LATTICE CONSTANTS ARE        =    8.9433620   8.9433620   8.9433620
   NUMBER OF ATOMS IN UNITCELL  =   1
   MODE OF CALCULATION IS       = RELA
 IORD=          48
 FNAMES=
 ./delta_Pu_12.vectorso_1                                                       
                                                                                
                                           
 ./delta_Pu_12.vectorsodn_1                                                     
                                                                                
                                           
 delta_Pu_12.energyso_1                                                         
                                                                                
                                           
 delta_Pu_12.energysodn_1                                                       
                                                                                
                                           
  BR1,  BR2
   0.70255   0.00000   0.00000     -0.70255   0.70255   0.70255
   0.00000   0.70255   0.00000      0.70255  -0.70255   0.70255
   0.00000   0.00000   0.70255      0.70255   0.70255  -0.70255
 projector corrected--must be 1,2, or 3! Now projector= 2
 Energy window:   -0.4410 < E <      0.441
 Projected density of states calculation for  1 atoms
--------- atom  1 -------------
l=  3  qsplit=  4
 Symmetrization over eq. k-points is performed
 ********** Start Reading Cix file *************
  Correlated block number           1
  Correlated index=
  1  0  0  0  0  0  0  0  0  0  0  0  0  0
  0  1  0  0  0  0  0  0  0  0  0  0  0  0
  0  0  1  0  0  0  0  0  0  0  0  0  0  0
  0  0  0  1  0  0  0  0  0  0  0  0  0  0
  0  0  0  0  1  0  0  0  0  0  0  0  0  0
  0  0  0  0  0  1  0  0  0  0  0  0  0  0
  0  0  0  0  0  0  2  0  0  0  0  0  0  0
  0  0  0  0  0  0  0  2  0  0  0  0  0  0
  0  0  0  0  0  0  0  0  2  0  0  0  0  0
  0  0  0  0  0  0  0  0  0  2  0  0  0  0
  0  0  0  0  0  0  0  0  0  0  2  0  0  0
  0  0  0  0  0  0  0  0  0  0  0  2  0  0
  0  0  0  0  0  0  0  0  0  0  0  0  2  0
  0  0  0  0  0  0  0  0  0  0  0  0  0  2
  Real part of unitary matrix=
  0.9258  0.0000  0.0000  0.0000  0.0000  0.0000  0.0000  0.0000 -0.3780  0.0000  0.0000  0.0000  0.0000  0.0000
  0.0000  0.8452  0.0000  0.0000  0.0000  0.0000  0.0000  0.0000  0.0000 -0.5345  0.0000  0.0000  0.0000  0.0000
  0.0000  0.0000  0.7559  0.0000  0.0000  0.0000  0.0000  0.0000  0.0000  0.0000 -0.6547  0.0000  0.0000  0.0000
  0.0000  0.0000  0.0000  0.6547  0.0000  0.0000  0.0000  0.0000  0.0000  0.0000  0.0000 -0.7559  0.0000  0.0000
  0.0000  0.0000  0.0000  0.0000  0.5345  0.0000  0.0000  0.0000  0.0000  0.0000  0.0000  0.0000 -0.8452  0.0000
  0.0000  0.0000  0.0000  0.0000  0.0000  0.3780  0.0000  0.0000  0.0000  0.0000  0.0000  0.0000  0.0000 -0.9258
  0.0000  0.0000  0.0000  0.0000  0.0000  0.0000  0.0000  1.0000  0.0000  0.0000  0.0000  0.0000  0.0000  0.0000
  0.3780  0.0000  0.0000  0.0000  0.0000  0.0000  0.0000  0.0000  0.9258  0.0000  0.0000  0.0000  0.0000  0.0000
  0.0000  0.5345  0.0000  0.0000  0.0000  0.0000  0.0000  0.0000  0.0000  0.8452  0.0000  0.0000  0.0000  0.0000
  0.0000  0.0000  0.6547  0.0000  0.0000  0.0000  0.0000  0.0000  0.0000  0.0000  0.7559  0.0000  0.0000  0.0000
  0.0000  0.0000  0.0000  0.7559  0.0000  0.0000  0.0000  0.0000  0.0000  0.0000  0.0000  0.6547  0.0000  0.0000
  0.0000  0.0000  0.0000  0.0000  0.8452  0.0000  0.0000  0.0000  0.0000  0.0000  0.0000  0.0000  0.5345  0.0000
  0.0000  0.0000  0.0000  0.0000  0.0000  0.9258  0.0000  0.0000  0.0000  0.0000  0.0000  0.0000  0.0000  0.3780
  0.0000  0.0000  0.0000  0.0000  0.0000  0.0000  1.0000  0.0000  0.0000  0.0000  0.0000  0.0000  0.0000  0.0000
  Imaginary part of unitary matrix=
  0.0000  0.0000  0.0000  0.0000  0.0000  0.0000  0.0000  0.0000  0.0000  0.0000  0.0000  0.0000  0.0000  0.0000
  0.0000  0.0000  0.0000  0.0000  0.0000  0.0000  0.0000  0.0000  0.0000  0.0000  0.0000  0.0000  0.0000  0.0000
  0.0000  0.0000  0.0000  0.0000  0.0000  0.0000  0.0000  0.0000  0.0000  0.0000  0.0000  0.0000  0.0000  0.0000
  0.0000  0.0000  0.0000  0.0000  0.0000  0.0000  0.0000  0.0000  0.0000  0.0000  0.0000  0.0000  0.0000  0.0000
  0.0000  0.0000  0.0000  0.0000  0.0000  0.0000  0.0000  0.0000  0.0000  0.0000  0.0000  0.0000  0.0000  0.0000
  0.0000  0.0000  0.0000  0.0000  0.0000  0.0000  0.0000  0.0000  0.0000  0.0000  0.0000  0.0000  0.0000  0.0000
  0.0000  0.0000  0.0000  0.0000  0.0000  0.0000  0.0000  0.0000  0.0000  0.0000  0.0000  0.0000  0.0000  0.0000
  0.0000  0.0000  0.0000  0.0000  0.0000  0.0000  0.0000  0.0000  0.0000  0.0000  0.0000  0.0000  0.0000  0.0000
  0.0000  0.0000  0.0000  0.0000  0.0000  0.0000  0.0000  0.0000  0.0000  0.0000  0.0000  0.0000  0.0000  0.0000
  0.0000  0.0000  0.0000  0.0000  0.0000  0.0000  0.0000  0.0000  0.0000  0.0000  0.0000  0.0000  0.0000  0.0000
  0.0000  0.0000  0.0000  0.0000  0.0000  0.0000  0.0000  0.0000  0.0000  0.0000  0.0000  0.0000  0.0000  0.0000
  0.0000  0.0000  0.0000  0.0000  0.0000  0.0000  0.0000  0.0000  0.0000  0.0000  0.0000  0.0000  0.0000  0.0000
  0.0000  0.0000  0.0000  0.0000  0.0000  0.0000  0.0000  0.0000  0.0000  0.0000  0.0000  0.0000  0.0000  0.0000
  0.0000  0.0000  0.0000  0.0000  0.0000  0.0000  0.0000  0.0000  0.0000  0.0000  0.0000  0.0000  0.0000  0.0000
  At least one transformation matrix is not Identity
 Magnetic system with s-o coupling; M theta, phi:  0.0000  0.0000
 Inside ROTDEF
Operation  1 transforms atom   1 from first atom   1
Actual position of atom  1 is:  0.000000    0.000000    0.000000
 
Combined transformation (acting on k-point) for correlated atoms
including users rotation and internal local rotation
catom  1 atom   1
   0.70255   0.00000   0.00000
   0.00000  -0.70255   0.00000
   0.00000   0.00000  -0.70255
 
 
 SPIN COORD SYSTEM:
    1.000000    0.000000    0.000000
    0.000000    1.000000    0.000000
    0.000000    0.000000    1.000000
 
 in global cartezian coordinates:
    1.000000    0.000000    0.000000
    0.000000   -1.000000    0.000000
    0.000000    0.000000   -1.000000
 ____________________________
 in spin coordinates:
    1.000000    0.000000    0.000000
    0.000000   -1.000000    0.000000
    0.000000    0.000000   -1.000000
           1   3.14159265358979       -1.00000000000000     
 
 in global cartezian coordinates:
    1.000000    0.000000    0.000000
    0.000000    0.000000   -1.000000
    0.000000   -1.000000    0.000000
 ____________________________
 in spin coordinates:
    1.000000    0.000000    0.000000
    0.000000    0.000000   -1.000000
    0.000000   -1.000000    0.000000
           2   1.57079632679490       0.000000000000000E+000
 
 symm. operation            2  removed !!!! so-det=  0.000000000000000E+000
 in global cartezian coordinates:
   -1.000000    0.000000    0.000000
    0.000000   -1.000000    0.000000
    0.000000    0.000000   -1.000000
 ____________________________
 in spin coordinates:
   -1.000000    0.000000    0.000000
    0.000000   -1.000000    0.000000
    0.000000    0.000000   -1.000000
           3  0.000000000000000E+000   1.00000000000000     
 
 in global cartezian coordinates:
   -1.000000    0.000000    0.000000
    0.000000    0.000000   -1.000000
    0.000000   -1.000000    0.000000
 ____________________________
 in spin coordinates:
   -1.000000    0.000000    0.000000
    0.000000    0.000000   -1.000000
    0.000000   -1.000000    0.000000
           4   1.57079632679490       0.000000000000000E+000
 
 symm. operation            4  removed !!!! so-det=  0.000000000000000E+000
 in global cartezian coordinates:
    0.000000   -1.000000    0.000000
    1.000000    0.000000    0.000000
    0.000000    0.000000   -1.000000
 ____________________________
 in spin coordinates:
    0.000000   -1.000000    0.000000
    1.000000    0.000000    0.000000
    0.000000    0.000000   -1.000000
           5  -1.57079632679490        1.00000000000000     
 
 in global cartezian coordinates:
    0.000000   -1.000000    0.000000
    0.000000    0.000000   -1.000000
    1.000000    0.000000    0.000000
 ____________________________
 in spin coordinates:
    0.000000   -1.000000    0.000000
    0.000000    0.000000   -1.000000
    1.000000    0.000000    0.000000
           6 NaN                      0.000000000000000E+000
 
 symm. operation            6  removed !!!! so-det=  0.000000000000000E+000
 in global cartezian coordinates:
    0.000000    1.000000    0.000000
    1.000000    0.000000    0.000000
    0.000000    0.000000   -1.000000
 ____________________________
 in spin coordinates:
    0.000000    1.000000    0.000000
    1.000000    0.000000    0.000000
    0.000000    0.000000   -1.000000
           7   1.57079632679490       -1.00000000000000     
 
 in global cartezian coordinates:
    0.000000    1.000000    0.000000
    0.000000    0.000000   -1.000000
    1.000000    0.000000    0.000000
 ____________________________
 in spin coordinates:
    0.000000    1.000000    0.000000
    0.000000    0.000000   -1.000000
    1.000000    0.000000    0.000000
           8 NaN                      0.000000000000000E+000
 
 symm. operation            8  removed !!!! so-det=  0.000000000000000E+000
 in global cartezian coordinates:
    0.000000    0.000000   -1.000000
    1.000000    0.000000    0.000000
    0.000000   -1.000000    0.000000
 ____________________________
 in spin coordinates:
    0.000000    0.000000   -1.000000
    1.000000    0.000000    0.000000
    0.000000   -1.000000    0.000000
           9   1.57079632679490       0.000000000000000E+000
 
 symm. operation            9  removed !!!! so-det=  0.000000000000000E+000
 in global cartezian coordinates:
    0.000000    0.000000   -1.000000
    0.000000   -1.000000    0.000000
    1.000000    0.000000    0.000000
 ____________________________
 in spin coordinates:
    0.000000    0.000000   -1.000000
    0.000000   -1.000000    0.000000
    1.000000    0.000000    0.000000
          10   1.57079632679490       0.000000000000000E+000
 
 symm. operation           10  removed !!!! so-det=  0.000000000000000E+000
 in global cartezian coordinates:
    0.000000    0.000000    1.000000
    1.000000    0.000000    0.000000
    0.000000   -1.000000    0.000000
 ____________________________
 in spin coordinates:
    0.000000    0.000000    1.000000
    1.000000    0.000000    0.000000
    0.000000   -1.000000    0.000000
          11   1.57079632679490       0.000000000000000E+000
 
 symm. operation           11  removed !!!! so-det=  0.000000000000000E+000
 in global cartezian coordinates:
    0.000000    0.000000    1.000000
    0.000000   -1.000000    0.000000
    1.000000    0.000000    0.000000
 ____________________________
 in spin coordinates:
    0.000000    0.000000    1.000000
    0.000000   -1.000000    0.000000
    1.000000    0.000000    0.000000
          12   1.57079632679490       0.000000000000000E+000
 
 symm. operation           12  removed !!!! so-det=  0.000000000000000E+000
 in global cartezian coordinates:
    0.000000   -1.000000    0.000000
   -1.000000    0.000000    0.000000
    0.000000    0.000000   -1.000000
 ____________________________
 in spin coordinates:
    0.000000   -1.000000    0.000000
   -1.000000    0.000000    0.000000
    0.000000    0.000000   -1.000000
          13   4.71238898038469       -1.00000000000000     
 
 in global cartezian coordinates:
    0.000000    1.000000    0.000000
   -1.000000    0.000000    0.000000
    0.000000    0.000000   -1.000000
 ____________________________
 in spin coordinates:
    0.000000    1.000000    0.000000
   -1.000000    0.000000    0.000000
    0.000000    0.000000   -1.000000
          14   1.57079632679490        1.00000000000000     
 
 in global cartezian coordinates:
    0.000000   -1.000000    0.000000
    0.000000    0.000000   -1.000000
   -1.000000    0.000000    0.000000
 ____________________________
 in spin coordinates:
    0.000000   -1.000000    0.000000
    0.000000    0.000000   -1.000000
   -1.000000    0.000000    0.000000
          15 NaN                      0.000000000000000E+000
 
 symm. operation           15  removed !!!! so-det=  0.000000000000000E+000
 in global cartezian coordinates:
    0.000000    1.000000    0.000000
    0.000000    0.000000   -1.000000
   -1.000000    0.000000    0.000000
 ____________________________
 in spin coordinates:
    0.000000    1.000000    0.000000
    0.000000    0.000000   -1.000000
   -1.000000    0.000000    0.000000
          16 NaN                      0.000000000000000E+000
 
 symm. operation           16  removed !!!! so-det=  0.000000000000000E+000
 in global cartezian coordinates:
    1.000000    0.000000    0.000000
    0.000000    1.000000    0.000000
    0.000000    0.000000   -1.000000
 ____________________________
 in spin coordinates:
    1.000000    0.000000    0.000000
    0.000000    1.000000    0.000000
    0.000000    0.000000   -1.000000
          17   3.14159274101257        1.00000000000000     
 
 in global cartezian coordinates:
   -1.000000    0.000000    0.000000
    0.000000    1.000000    0.000000
    0.000000    0.000000   -1.000000
 ____________________________
 in spin coordinates:
   -1.000000    0.000000    0.000000
    0.000000    1.000000    0.000000
    0.000000    0.000000   -1.000000
          18   6.28318539460237       -1.00000000000000     
 
 in global cartezian coordinates:
    1.000000    0.000000    0.000000
    0.000000    0.000000   -1.000000
    0.000000    1.000000    0.000000
 ____________________________
 in spin coordinates:
    1.000000    0.000000    0.000000
    0.000000    0.000000   -1.000000
    0.000000    1.000000    0.000000
          19   1.57079632679490       0.000000000000000E+000
 
 symm. operation           19  removed !!!! so-det=  0.000000000000000E+000
 in global cartezian coordinates:
   -1.000000    0.000000    0.000000
    0.000000    0.000000   -1.000000
    0.000000    1.000000    0.000000
 ____________________________
 in spin coordinates:
   -1.000000    0.000000    0.000000
    0.000000    0.000000   -1.000000
    0.000000    1.000000    0.000000
          20   1.57079632679490       0.000000000000000E+000
 
 symm. operation           20  removed !!!! so-det=  0.000000000000000E+000
 in global cartezian coordinates:
    0.000000    0.000000   -1.000000
   -1.000000    0.000000    0.000000
    0.000000   -1.000000    0.000000
 ____________________________
 in spin coordinates:
    0.000000    0.000000   -1.000000
   -1.000000    0.000000    0.000000
    0.000000   -1.000000    0.000000
          21   1.57079632679490       0.000000000000000E+000
 
 symm. operation           21  removed !!!! so-det=  0.000000000000000E+000
 in global cartezian coordinates:
    0.000000    0.000000   -1.000000
    0.000000   -1.000000    0.000000
   -1.000000    0.000000    0.000000
 ____________________________
 in spin coordinates:
    0.000000    0.000000   -1.000000
    0.000000   -1.000000    0.000000
   -1.000000    0.000000    0.000000
          22   1.57079632679490       0.000000000000000E+000
 
 symm. operation           22  removed !!!! so-det=  0.000000000000000E+000
 in global cartezian coordinates:
    0.000000    0.000000    1.000000
   -1.000000    0.000000    0.000000
    0.000000   -1.000000    0.000000
 ____________________________
 in spin coordinates:
    0.000000    0.000000    1.000000
   -1.000000    0.000000    0.000000
    0.000000   -1.000000    0.000000
          23   1.57079632679490       0.000000000000000E+000
 
 symm. operation           23  removed !!!! so-det=  0.000000000000000E+000
 in global cartezian coordinates:
    0.000000    0.000000    1.000000
    0.000000   -1.000000    0.000000
   -1.000000    0.000000    0.000000
 ____________________________
 in spin coordinates:
    0.000000    0.000000    1.000000
    0.000000   -1.000000    0.000000
   -1.000000    0.000000    0.000000
          24   1.57079632679490       0.000000000000000E+000
 
 symm. operation           24  removed !!!! so-det=  0.000000000000000E+000
 in global cartezian coordinates:
    0.000000    0.000000   -1.000000
    0.000000    1.000000    0.000000
    1.000000    0.000000    0.000000
 ____________________________
 in spin coordinates:
    0.000000    0.000000   -1.000000
    0.000000    1.000000    0.000000
    1.000000    0.000000    0.000000
          25   1.57079632679490       0.000000000000000E+000
 
 symm. operation           25  removed !!!! so-det=  0.000000000000000E+000
 in global cartezian coordinates:
    0.000000    0.000000   -1.000000
    1.000000    0.000000    0.000000
    0.000000    1.000000    0.000000
 ____________________________
 in spin coordinates:
    0.000000    0.000000   -1.000000
    1.000000    0.000000    0.000000
    0.000000    1.000000    0.000000
          26   1.57079632679490       0.000000000000000E+000
 
 symm. operation           26  removed !!!! so-det=  0.000000000000000E+000
 in global cartezian coordinates:
    0.000000    0.000000    1.000000
    0.000000    1.000000    0.000000
    1.000000    0.000000    0.000000
 ____________________________
 in spin coordinates:
    0.000000    0.000000    1.000000
    0.000000    1.000000    0.000000
    1.000000    0.000000    0.000000
          27   1.57079632679490       0.000000000000000E+000
 
 symm. operation           27  removed !!!! so-det=  0.000000000000000E+000
 in global cartezian coordinates:
    0.000000    0.000000    1.000000
    1.000000    0.000000    0.000000
    0.000000    1.000000    0.000000
 ____________________________
 in spin coordinates:
    0.000000    0.000000    1.000000
    1.000000    0.000000    0.000000
    0.000000    1.000000    0.000000
          28   1.57079632679490       0.000000000000000E+000
 
 symm. operation           28  removed !!!! so-det=  0.000000000000000E+000
 in global cartezian coordinates:
    1.000000    0.000000    0.000000
    0.000000    0.000000    1.000000
    0.000000   -1.000000    0.000000
 ____________________________
 in spin coordinates:
    1.000000    0.000000    0.000000
    0.000000    0.000000    1.000000
    0.000000   -1.000000    0.000000
          29   1.57079632679490       0.000000000000000E+000
 
 symm. operation           29  removed !!!! so-det=  0.000000000000000E+000
 in global cartezian coordinates:
   -1.000000    0.000000    0.000000
    0.000000    0.000000    1.000000
    0.000000   -1.000000    0.000000
 ____________________________
 in spin coordinates:
   -1.000000    0.000000    0.000000
    0.000000    0.000000    1.000000
    0.000000   -1.000000    0.000000
          30   1.57079632679490       0.000000000000000E+000
 
 symm. operation           30  removed !!!! so-det=  0.000000000000000E+000
 in global cartezian coordinates:
    1.000000    0.000000    0.000000
    0.000000   -1.000000    0.000000
    0.000000    0.000000    1.000000
 ____________________________
 in spin coordinates:
    1.000000    0.000000    0.000000
    0.000000   -1.000000    0.000000
    0.000000    0.000000    1.000000
          31   6.28318539460237       -1.00000000000000     
 
 in global cartezian coordinates:
   -1.000000    0.000000    0.000000
    0.000000   -1.000000    0.000000
    0.000000    0.000000    1.000000
 ____________________________
 in spin coordinates:
   -1.000000    0.000000    0.000000
    0.000000   -1.000000    0.000000
    0.000000    0.000000    1.000000
          32   3.14159274101257        1.00000000000000     
 
 in global cartezian coordinates:
    0.000000   -1.000000    0.000000
    0.000000    0.000000    1.000000
    1.000000    0.000000    0.000000
 ____________________________
 in spin coordinates:
    0.000000   -1.000000    0.000000
    0.000000    0.000000    1.000000
    1.000000    0.000000    0.000000
          33 NaN                      0.000000000000000E+000
 
 symm. operation           33  removed !!!! so-det=  0.000000000000000E+000
 in global cartezian coordinates:
    0.000000    1.000000    0.000000
    0.000000    0.000000    1.000000
    1.000000    0.000000    0.000000
 ____________________________
 in spin coordinates:
    0.000000    1.000000    0.000000
    0.000000    0.000000    1.000000
    1.000000    0.000000    0.000000
          34 NaN                      0.000000000000000E+000
 
 symm. operation           34  removed !!!! so-det=  0.000000000000000E+000
 in global cartezian coordinates:
    0.000000   -1.000000    0.000000
    1.000000    0.000000    0.000000
    0.000000    0.000000    1.000000
 ____________________________
 in spin coordinates:
    0.000000   -1.000000    0.000000
    1.000000    0.000000    0.000000
    0.000000    0.000000    1.000000
          35   1.57079632679490        1.00000000000000     
 
 in global cartezian coordinates:
    0.000000    1.000000    0.000000
    1.000000    0.000000    0.000000
    0.000000    0.000000    1.000000
 ____________________________
 in spin coordinates:
    0.000000    1.000000    0.000000
    1.000000    0.000000    0.000000
    0.000000    0.000000    1.000000
          36   4.71238898038469       -1.00000000000000     
 
 in global cartezian coordinates:
    0.000000    0.000000   -1.000000
    0.000000    1.000000    0.000000
   -1.000000    0.000000    0.000000
 ____________________________
 in spin coordinates:
    0.000000    0.000000   -1.000000
    0.000000    1.000000    0.000000
   -1.000000    0.000000    0.000000
          37   1.57079632679490       0.000000000000000E+000
 
 symm. operation           37  removed !!!! so-det=  0.000000000000000E+000
 in global cartezian coordinates:
    0.000000    0.000000   -1.000000
   -1.000000    0.000000    0.000000
    0.000000    1.000000    0.000000
 ____________________________
 in spin coordinates:
    0.000000    0.000000   -1.000000
   -1.000000    0.000000    0.000000
    0.000000    1.000000    0.000000
          38   1.57079632679490       0.000000000000000E+000
 
 symm. operation           38  removed !!!! so-det=  0.000000000000000E+000
 in global cartezian coordinates:
    0.000000    0.000000    1.000000
    0.000000    1.000000    0.000000
   -1.000000    0.000000    0.000000
 ____________________________
 in spin coordinates:
    0.000000    0.000000    1.000000
    0.000000    1.000000    0.000000
   -1.000000    0.000000    0.000000
          39   1.57079632679490       0.000000000000000E+000
 
 symm. operation           39  removed !!!! so-det=  0.000000000000000E+000
 in global cartezian coordinates:
    0.000000    0.000000    1.000000
   -1.000000    0.000000    0.000000
    0.000000    1.000000    0.000000
 ____________________________
 in spin coordinates:
    0.000000    0.000000    1.000000
   -1.000000    0.000000    0.000000
    0.000000    1.000000    0.000000
          40   1.57079632679490       0.000000000000000E+000
 
 symm. operation           40  removed !!!! so-det=  0.000000000000000E+000
 in global cartezian coordinates:
    0.000000   -1.000000    0.000000
    0.000000    0.000000    1.000000
   -1.000000    0.000000    0.000000
 ____________________________
 in spin coordinates:
    0.000000   -1.000000    0.000000
    0.000000    0.000000    1.000000
   -1.000000    0.000000    0.000000
          41 NaN                      0.000000000000000E+000
 
 symm. operation           41  removed !!!! so-det=  0.000000000000000E+000
 in global cartezian coordinates:
    0.000000   -1.000000    0.000000
   -1.000000    0.000000    0.000000
    0.000000    0.000000    1.000000
 ____________________________
 in spin coordinates:
    0.000000   -1.000000    0.000000
   -1.000000    0.000000    0.000000
    0.000000    0.000000    1.000000
          42   1.57079632679490       -1.00000000000000     
 
 in global cartezian coordinates:
    0.000000    1.000000    0.000000
    0.000000    0.000000    1.000000
   -1.000000    0.000000    0.000000
 ____________________________
 in spin coordinates:
    0.000000    1.000000    0.000000
    0.000000    0.000000    1.000000
   -1.000000    0.000000    0.000000
          43 NaN                      0.000000000000000E+000
 
 symm. operation           43  removed !!!! so-det=  0.000000000000000E+000
 in global cartezian coordinates:
    0.000000    1.000000    0.000000
   -1.000000    0.000000    0.000000
    0.000000    0.000000    1.000000
 ____________________________
 in spin coordinates:
    0.000000    1.000000    0.000000
   -1.000000    0.000000    0.000000
    0.000000    0.000000    1.000000
          44  -1.57079632679490        1.00000000000000     
 
 in global cartezian coordinates:
    1.000000    0.000000    0.000000
    0.000000    0.000000    1.000000
    0.000000    1.000000    0.000000
 ____________________________
 in spin coordinates:
    1.000000    0.000000    0.000000
    0.000000    0.000000    1.000000
    0.000000    1.000000    0.000000
          45   1.57079632679490       0.000000000000000E+000
 
 symm. operation           45  removed !!!! so-det=  0.000000000000000E+000
 in global cartezian coordinates:
    1.000000    0.000000    0.000000
    0.000000    1.000000    0.000000
    0.000000    0.000000    1.000000
 ____________________________
 in spin coordinates:
    1.000000    0.000000    0.000000
    0.000000    1.000000    0.000000
    0.000000    0.000000    1.000000
          46  0.000000000000000E+000   1.00000000000000     
 
 in global cartezian coordinates:
   -1.000000    0.000000    0.000000
    0.000000    0.000000    1.000000
    0.000000    1.000000    0.000000
 ____________________________
 in spin coordinates:
   -1.000000    0.000000    0.000000
    0.000000    0.000000    1.000000
    0.000000    1.000000    0.000000
          47   1.57079632679490       0.000000000000000E+000
 
 symm. operation           47  removed !!!! so-det=  0.000000000000000E+000
 in global cartezian coordinates:
   -1.000000    0.000000    0.000000
    0.000000    1.000000    0.000000
    0.000000    0.000000    1.000000
 ____________________________
 in spin coordinates:
   -1.000000    0.000000    0.000000
    0.000000    1.000000    0.000000
    0.000000    0.000000    1.000000
          48   3.14159265358979       -1.00000000000000     
 
 Original and SO-compatible symops changed:          48          16
 FNAME=
 delta_Pu_12.energyso_1                                                         
                                                                                
                                                     60
 FNAME=
 delta_Pu_12.energysodn_1                                                       
                                                                                
                                                     59
 BZ-integration with TETRA-program.   icor=: 1
 Equal occupancy of degenerate states, tol=: 0.1E-05
 call eord...
 call dos...
 ILOOP            1
 ILOOP            2
   FERMI ENERGY AT    1.08633686523982     
 RESULT OF INTEGRATION:      15.999999999812; SHOULD BE:      15.999999999900
   SUM RULE OF TETRAHEDRON INTEGRATION CHECKED 
 call eweigh...
   number of occupied bands:          18
   highest energy:   1.09029521198884     
 FERMI-LDA=   1.086 Ryd,  14.780 eV.
 ABSOLUTE EMIN=   0.645 Ryd.   8.780 eV.
 ABSOLUTE EMAX=   1.527 Ryd.  20.780 eV.


:NLDA  : NUMBER OF ELECTRONS          =  16.000

:FLDA  : F E R M I - ENERGY           =   1.08634
 
 ********** Information about the atomic index arrays ************
 iatom=           1
 isort=           1
 csort=           1
 maxucase=           1
icase, iucase, jatom, latom=     1     1     1     1
 
 *****  Arrays for correlated blocks ******
 norbitals=           1
 maxdim2=          14
iorbital( 1, 1)=   1
cix( 1, 1)=   1
icase,lcase,icix,iorb,nind1,ip1,iSx=    1    1    1    1   14    1    1
icase,lcase,icix,iorb,nind1,ip1,iSx=    1    1    1    1   14    2    2
icase,lcase,icix,iorb,nind1,ip1,iSx=    1    1    1    1   14    3    3
icase,lcase,icix,iorb,nind1,ip1,iSx=    1    1    1    1   14    4    4
icase,lcase,icix,iorb,nind1,ip1,iSx=    1    1    1    1   14    5    5
icase,lcase,icix,iorb,nind1,ip1,iSx=    1    1    1    1   14    6    6
icase,lcase,icix,iorb,nind1,ip1,iSx=    1    1    1    1   14    7    7
icase,lcase,icix,iorb,nind1,ip1,iSx=    1    1    1    1   14    8    8
icase,lcase,icix,iorb,nind1,ip1,iSx=    1    1    1    1   14    9    9
icase,lcase,icix,iorb,nind1,ip1,iSx=    1    1    1    1   14   10   10
icase,lcase,icix,iorb,nind1,ip1,iSx=    1    1    1    1   14   11   11
icase,lcase,icix,iorb,nind1,ip1,iSx=    1    1    1    1   14   12   12
icase,lcase,icix,iorb,nind1,ip1,iSx=    1    1    1    1   14   13   13
icase,lcase,icix,iorb,nind1,ip1,iSx=    1    1    1    1   14   14   14
cixdim( 1)=14
noccur( 1, 1)=   6
noccur( 2, 1)=   8
iSx( 1, 1)=  1
iSx( 2, 1)=  2
iSx( 3, 1)=  3
iSx( 4, 1)=  4
iSx( 5, 1)=  5
iSx( 6, 1)=  6
iSx( 7, 1)=  7
iSx( 8, 1)=  8
iSx( 9, 1)=  9
iSx(10, 1)= 10
iSx(11, 1)= 11
iSx(12, 1)= 12
iSx(13, 1)= 13
iSx(14, 1)= 14
nindo( 1)= 14
CF for iorb1= 1 iorb2= 1
    0.92582010     0.00000000       0.00000000     0.00000000       0.00000000     0.00000000       0.00000000     0.00000000       0.00000000     0.00000000       0.00000000     0.00000000       0.00000000     0.00000000       0.00000000     0.00000000      -0.37796447     0.00000000       0.00000000     0.00000000       0.00000000     0.00000000       0.00000000     0.00000000       0.00000000     0.00000000       0.00000000     0.00000000   
    0.00000000     0.00000000       0.84515425     0.00000000       0.00000000     0.00000000       0.00000000     0.00000000       0.00000000     0.00000000       0.00000000     0.00000000       0.00000000     0.00000000       0.00000000     0.00000000       0.00000000     0.00000000      -0.53452248     0.00000000       0.00000000     0.00000000       0.00000000     0.00000000       0.00000000     0.00000000       0.00000000     0.00000000   
    0.00000000     0.00000000       0.00000000     0.00000000       0.75592895     0.00000000       0.00000000     0.00000000       0.00000000     0.00000000       0.00000000     0.00000000       0.00000000     0.00000000       0.00000000     0.00000000       0.00000000     0.00000000       0.00000000     0.00000000      -0.65465367     0.00000000       0.00000000     0.00000000       0.00000000     0.00000000       0.00000000     0.00000000   
    0.00000000     0.00000000       0.00000000     0.00000000       0.00000000     0.00000000       0.65465367     0.00000000       0.00000000     0.00000000       0.00000000     0.00000000       0.00000000     0.00000000       0.00000000     0.00000000       0.00000000     0.00000000       0.00000000     0.00000000       0.00000000     0.00000000      -0.75592895     0.00000000       0.00000000     0.00000000       0.00000000     0.00000000   
    0.00000000     0.00000000       0.00000000     0.00000000       0.00000000     0.00000000       0.00000000     0.00000000       0.53452248     0.00000000       0.00000000     0.00000000       0.00000000     0.00000000       0.00000000     0.00000000       0.00000000     0.00000000       0.00000000     0.00000000       0.00000000     0.00000000       0.00000000     0.00000000      -0.84515425     0.00000000       0.00000000     0.00000000   
    0.00000000     0.00000000       0.00000000     0.00000000       0.00000000     0.00000000       0.00000000     0.00000000       0.00000000     0.00000000       0.37796447     0.00000000       0.00000000     0.00000000       0.00000000     0.00000000       0.00000000     0.00000000       0.00000000     0.00000000       0.00000000     0.00000000       0.00000000     0.00000000       0.00000000     0.00000000      -0.92582010     0.00000000   
    0.00000000     0.00000000       0.00000000     0.00000000       0.00000000     0.00000000       0.00000000     0.00000000       0.00000000     0.00000000       0.00000000     0.00000000       0.00000000     0.00000000       1.00000000     0.00000000       0.00000000     0.00000000       0.00000000     0.00000000       0.00000000     0.00000000       0.00000000     0.00000000       0.00000000     0.00000000       0.00000000     0.00000000   
    0.37796447     0.00000000       0.00000000     0.00000000       0.00000000     0.00000000       0.00000000     0.00000000       0.00000000     0.00000000       0.00000000     0.00000000       0.00000000     0.00000000       0.00000000     0.00000000       0.92582010     0.00000000       0.00000000     0.00000000       0.00000000     0.00000000       0.00000000     0.00000000       0.00000000     0.00000000       0.00000000     0.00000000   
    0.00000000     0.00000000       0.53452248     0.00000000       0.00000000     0.00000000       0.00000000     0.00000000       0.00000000     0.00000000       0.00000000     0.00000000       0.00000000     0.00000000       0.00000000     0.00000000       0.00000000     0.00000000       0.84515425     0.00000000       0.00000000     0.00000000       0.00000000     0.00000000       0.00000000     0.00000000       0.00000000     0.00000000   
    0.00000000     0.00000000       0.00000000     0.00000000       0.65465367     0.00000000       0.00000000     0.00000000       0.00000000     0.00000000       0.00000000     0.00000000       0.00000000     0.00000000       0.00000000     0.00000000       0.00000000     0.00000000       0.00000000     0.00000000       0.75592895     0.00000000       0.00000000     0.00000000       0.00000000     0.00000000       0.00000000     0.00000000   
    0.00000000     0.00000000       0.00000000     0.00000000       0.00000000     0.00000000       0.75592895     0.00000000       0.00000000     0.00000000       0.00000000     0.00000000       0.00000000     0.00000000       0.00000000     0.00000000       0.00000000     0.00000000       0.00000000     0.00000000       0.00000000     0.00000000       0.65465367     0.00000000       0.00000000     0.00000000       0.00000000     0.00000000   
    0.00000000     0.00000000       0.00000000     0.00000000       0.00000000     0.00000000       0.00000000     0.00000000       0.84515425     0.00000000       0.00000000     0.00000000       0.00000000     0.00000000       0.00000000     0.00000000       0.00000000     0.00000000       0.00000000     0.00000000       0.00000000     0.00000000       0.00000000     0.00000000       0.53452248     0.00000000       0.00000000     0.00000000   
    0.00000000     0.00000000       0.00000000     0.00000000       0.00000000     0.00000000       0.00000000     0.00000000       0.00000000     0.00000000       0.92582010     0.00000000       0.00000000     0.00000000       0.00000000     0.00000000       0.00000000     0.00000000       0.00000000     0.00000000       0.00000000     0.00000000       0.00000000     0.00000000       0.00000000     0.00000000       0.37796447     0.00000000   
    0.00000000     0.00000000       0.00000000     0.00000000       0.00000000     0.00000000       0.00000000     0.00000000       0.00000000     0.00000000       0.00000000     0.00000000       1.00000000     0.00000000       0.00000000     0.00000000       0.00000000     0.00000000       0.00000000     0.00000000       0.00000000     0.00000000       0.00000000     0.00000000       0.00000000     0.00000000       0.00000000     0.00000000   
Rspin for iorb=  1
 angles=  0.000000000000000E+000   3.14159265358979       0.000000000000000E+000
  0.000000000000000E+000  0.000000000000000E+000  0.000000000000000E+000
 Rspin=
    0.000000    0.000000      0.000000    1.000000
    0.000000    1.000000      0.000000    0.000000
 Calculation for atom  1 which has iucase=  1
 ATPAR for spin up

          ATOMIC PARAMETERS FOR Pu  0+    

           ENERGY PARAMETERS ARE   0.85  -1.38   0.85   0.85

           L     U(R)          U'(R)         DU/DE        DU'/DE      NORM-U'
           0  0.550805E+00  0.814890E+00  0.112702E+00 -0.226018E+00
           1  0.530206E+00 -0.202389E-01 -0.145757E+00 -0.402471E+00
           2 -0.617744E+00  0.245310E-01  0.984799E-01  0.346334E+00
           3 -0.318381E+00  0.125267E+00  0.362558E+00  0.537027E+00
LO COEFFICIENT: l,A,B,C   0          0.65493    -3.20081     0.00000     0.00000
 
LO COEFFICIENT: l,A,B,C   0          0.32202     0.00000     0.77949     0.00000
 
LO COEFFICIENT: l,A,B,C   1          0.88210     3.20874     0.00000     0.00000
 
LO COEFFICIENT: l,A,B,C   1          0.27514     0.00000    -1.24513     0.00000
 
LO COEFFICIENT: l,A,B,C   2          0.85294     5.35032     0.00000     0.00000
 
LO COEFFICIENT: l,A,B,C   3          0.93967     0.82517     0.00000     0.00000
 
 ATPAR for spin down

          ATOMIC PARAMETERS FOR Pu  0+    

           ENERGY PARAMETERS ARE   0.85  -1.38   0.85   0.85

           L     U(R)          U'(R)         DU/DE        DU'/DE      NORM-U'
           0  0.550805E+00  0.814890E+00  0.112702E+00 -0.226018E+00
           1  0.530206E+00 -0.202389E-01 -0.145757E+00 -0.402471E+00
           2 -0.617744E+00  0.245310E-01  0.984799E-01  0.346334E+00
           3 -0.318381E+00  0.125267E+00  0.362558E+00  0.537027E+00
LO COEFFICIENT: l,A,B,C   0          0.65493    -3.20081     0.00000     0.00000
 
LO COEFFICIENT: l,A,B,C   0          0.32202     0.00000     0.77949     0.00000
 
LO COEFFICIENT: l,A,B,C   1          0.88210     3.20874     0.00000     0.00000
 
LO COEFFICIENT: l,A,B,C   1          0.27514     0.00000    -1.24513     0.00000
 
LO COEFFICIENT: l,A,B,C   2          0.85294     5.35032     0.00000     0.00000
 
LO COEFFICIENT: l,A,B,C   3          0.93967     0.82517     0.00000     0.00000
 
 L1=           0  L2=           0
 RADIAL INTEGRALS:
           1           1                 1           1   1.00000000000000     
           1           3                 1           1  0.575087459865161     
           1           1                 1           2   1.00000000000000     
           1           3                 1           2  0.575087459865161     
           1           1                 2           1   1.00000000000000     
           1           3                 2           1  0.575087459865161     
           1           1                 2           2   1.00000000000000     
           1           3                 2           2  0.575087459865161     
           2           2                 1           1  5.574016545175148E-002
           2           3                 1           1 -0.190881289083594     
           2           2                 1           2  5.574016545175148E-002
           2           3                 1           2 -0.190881289083594     
           2           2                 2           1  5.574016545175148E-002
           2           3                 2           1 -0.190881289083594     
           2           2                 2           2  5.574016545175148E-002
           2           3                 2           2 -0.190881289083594     
           3           1                 1           1  0.575087459865161     
           3           2                 1           1 -0.190881289083594     
           3           3                 1           1   1.00000000000000     
           3           1                 1           2  0.575087459865161     
           3           2                 1           2 -0.190881289083594     
           3           3                 1           2   1.00000000000000     
           3           1                 2           1  0.575087459865161     
           3           2                 2           1 -0.190881289083594     
           3           3                 2           1   1.00000000000000     
           3           1                 2           2  0.575087459865161     
           3           2                 2           2 -0.190881289083594     
           3           3                 2           2   1.00000000000000     
 L1=           1  L2=           1
 RADIAL INTEGRALS:
           1           1                 1           1   1.00000000000000     
           1           3                 1           1  0.913712405345792     
           1           1                 1           2   1.00000000000000     
           1           3                 1           2  0.913712405345792     
           1           1                 2           1   1.00000000000000     
           1           3                 2           1  0.913712405345792     
           1           1                 2           2   1.00000000000000     
           1           3                 2           2  0.913712405345792     
           2           2                 1           1  2.155116397044301E-002
           2           3                 1           1  5.949825667632075E-002
           2           2                 1           2  2.155116397044301E-002
           2           3                 1           2  5.949825667632075E-002
           2           2                 2           1  2.155116397044301E-002
           2           3                 2           1  5.949825667632075E-002
           2           2                 2           2  2.155116397044301E-002
           2           3                 2           2  5.949825667632075E-002
           3           1                 1           1  0.913712405345792     
           3           2                 1           1  5.949825667632075E-002
           3           3                 1           1   1.00000000000000     
           3           1                 1           2  0.913712405345792     
           3           2                 1           2  5.949825667632075E-002
           3           3                 1           2   1.00000000000000     
           3           1                 2           1  0.913712405345792     
           3           2                 2           1  5.949825667632075E-002
           3           3                 2           1   1.00000000000000     
           3           1                 2           2  0.913712405345792     
           3           2                 2           2  5.949825667632075E-002
           3           3                 2           2   1.00000000000000     
 L1=           2  L2=           2
 RADIAL INTEGRALS:
           1           1                 1           1   1.00000000000000     
           1           1                 1           2   1.00000000000000     
           1           1                 2           1   1.00000000000000     
           1           1                 2           2   1.00000000000000     
           2           2                 1           1  9.519062487256398E-003
           2           2                 1           2  9.519062487256398E-003
           2           2                 2           1  9.519062487256398E-003
           2           2                 2           2  9.519062487256398E-003
 L1=           3  L2=           3
 RADIAL INTEGRALS:
           1           1                 1           1   1.00000000000000     
           1           1                 1           2   1.00000000000000     
           1           1                 2           1   1.00000000000000     
           1           1                 2           2   1.00000000000000     
           2           2                 1           1  0.171858395349915     
           2           2                 1           2  0.171858395349915     
           2           2                 2           1  0.171858395349915     
           2           2                 2           2  0.171858395349915     
Saving potential parameters for atom 1 into  1
pr_proc=143  tot-k=286
 ------------------------------------------------------------------------------


   =====>>> CPU TIME SUMMARY

            TOTAL       :      1.2
 OMP_NUM_THREADS= 2
 GUTZ_SOLVER VO.1.5 BUILT ON Jan 19 2014 AT22:25:59
 NT=  1 SEC_N%DIM=   10 WITH ID:
           1       2      16     107     471    1472    3474    6477    9909   12912
       14914
 MEAN U/J:  0.2940  0.0265
 NEL_FIX_VDC1=      5.21
 ATOM DEPENDENT NELF1:
      5.2146
 DCMIX_A=  0.200000
 SYMMETRICALLY NON-EQUIVALENT ATOMS:
          1
 VARIATIONAL-SETUP-NON-EQUIVALENT ATOMS:
          1
 COMPLEMENTARY VARIATIONAL-SETUP-EQUIVALENT ATOMS:

 GYZ%SYM%IDSUM:
  1
 DIM(X_Gutz)=  4
 CALC SET: GAPJ-SHFT FULL       -JH-PROJ SLATER    VAR-FIXDC    Ryd.   
 NT= 1
 LOCAL INTERACTION PART   :
 U              :   0.2940
 J              :   0.0265
 FOCK SPACE PART:
 NA             :  7
 FS%OCC(1) L.B. :  0
 FS%OCC(2) U.B. :  9
 FS%DIM         :     14913
 HL%OCC(1) L.B. :  0
 HL%OCC(2) U.B. :  9
 ISO= 2 ISPIN_IN= 1 ISPIN= 1 ISPO= 2
 BND%NMAX=  76
 BZ INTEGRATION WITH TETRA METHOD, ICOR= 1
 EQUAL OCCUPANCY OF DEGENERATE STATES, TOL= 0.1E-05
 VALENCE ELECTRONS: TOTAL=    16.0
                    CORRELATED PART=     8.0
 SYM%IDI/IDF=  1 16
 BND%NMAXIN=   26
      GUTZ5_INI_CORR_UVEK takes  0 hours  0 minutes and    0.04 seconds (CPU).
                          takes  0 hours  0 minutes and    0.05 seconds (WALL).
                 SETUP_TB takes  0 hours  0 minutes and    1.30 seconds (CPU).
                          takes  0 hours  0 minutes and    0.64 seconds (WALL).
************  EL-  ************
 NI=  1 NI_GLOBAL=  1
   1.0890   1.0876   1.0883   1.0883   1.0876   1.0890   1.1698   1.1676   1.1671   1.1674   1.1674   1.1671   1.1676   1.1698
************  EL=  ************
 NI=  1 NI_GLOBAL=  1
   1.0890   0.0000   0.0000   0.0000   0.0004   0.0000   0.0000   0.0010   0.0000   0.0000   0.0000   0.0026   0.0000   0.0000
   0.0000   1.0876   0.0000   0.0000   0.0000   0.0004   0.0000   0.0000   0.0002   0.0000   0.0000   0.0000  -0.0022   0.0000
   0.0000   0.0000   1.0883   0.0000   0.0000   0.0000   0.0000   0.0000   0.0000  -0.0007   0.0000   0.0000   0.0000   0.0015
   0.0000   0.0000   0.0000   1.0883   0.0000   0.0000  -0.0015   0.0000   0.0000   0.0000   0.0007   0.0000   0.0000   0.0000
   0.0004   0.0000   0.0000   0.0000   1.0876   0.0000   0.0000   0.0022   0.0000   0.0000   0.0000  -0.0002   0.0000   0.0000
   0.0000   0.0004   0.0000   0.0000   0.0000   1.0890   0.0000   0.0000  -0.0026   0.0000   0.0000   0.0000  -0.0010   0.0000
   0.0000   0.0000   0.0000  -0.0015   0.0000   0.0000   1.1698   0.0000   0.0000   0.0000   0.0014   0.0000   0.0000   0.0000
   0.0010   0.0000   0.0000   0.0000   0.0022   0.0000   0.0000   1.1676   0.0000   0.0000   0.0000  -0.0001   0.0000   0.0000
   0.0000   0.0002   0.0000   0.0000   0.0000  -0.0026   0.0000   0.0000   1.1671   0.0000   0.0000   0.0000  -0.0001   0.0000
   0.0000   0.0000  -0.0007   0.0000   0.0000   0.0000   0.0000   0.0000   0.0000   1.1674   0.0000   0.0000   0.0000   0.0014
   0.0000   0.0000   0.0000   0.0007   0.0000   0.0000   0.0014   0.0000   0.0000   0.0000   1.1674   0.0000   0.0000   0.0000
   0.0026   0.0000   0.0000   0.0000  -0.0002   0.0000   0.0000  -0.0001   0.0000   0.0000   0.0000   1.1671   0.0000   0.0000
   0.0000  -0.0022   0.0000   0.0000   0.0000  -0.0010   0.0000   0.0000  -0.0001   0.0000   0.0000   0.0000   1.1676   0.0000
   0.0000   0.0000   0.0015   0.0000   0.0000   0.0000   0.0000   0.0000   0.0000   0.0014   0.0000   0.0000   0.0000   1.1698
 NI=  1 LOCAL ORBITAL LEVEL CENTER(ELC)=   1.134
************  EL0  ************
 NI=  1 NI_GLOBAL=  1
   1.0883   1.0883   1.0883   1.0883   1.0883   1.0883   1.1680   1.1680   1.1680   1.1680   1.1680   1.1680   1.1680   1.1680
************  ELL  ************
 NI=  1 NI_GLOBAL=  1
   1.0883   0.0000   0.0000   0.0000   0.0000   0.0000   0.0000   0.0000   0.0000   0.0000   0.0000   0.0000   0.0000   0.0000
   0.0000   1.0883   0.0000   0.0000   0.0000   0.0000   0.0000   0.0000   0.0000   0.0000   0.0000   0.0000   0.0000   0.0000
   0.0000   0.0000   1.0883   0.0000   0.0000   0.0000   0.0000   0.0000   0.0000   0.0000   0.0000   0.0000   0.0000   0.0000
   0.0000   0.0000   0.0000   1.0883   0.0000   0.0000   0.0000   0.0000   0.0000   0.0000   0.0000   0.0000   0.0000   0.0000
   0.0000   0.0000   0.0000   0.0000   1.0883   0.0000   0.0000   0.0000   0.0000   0.0000   0.0000   0.0000   0.0000   0.0000
   0.0000   0.0000   0.0000   0.0000   0.0000   1.0883   0.0000   0.0000   0.0000   0.0000   0.0000   0.0000   0.0000   0.0000
   0.0000   0.0000   0.0000   0.0000   0.0000   0.0000   1.1680   0.0000   0.0000   0.0000   0.0000   0.0000   0.0000   0.0000
   0.0000   0.0000   0.0000   0.0000   0.0000   0.0000   0.0000   1.1680   0.0000   0.0000   0.0000   0.0000   0.0000   0.0000
   0.0000   0.0000   0.0000   0.0000   0.0000   0.0000   0.0000   0.0000   1.1680   0.0000   0.0000   0.0000   0.0000   0.0000
   0.0000   0.0000   0.0000   0.0000   0.0000   0.0000   0.0000   0.0000   0.0000   1.1680   0.0000   0.0000   0.0000   0.0000
   0.0000   0.0000   0.0000   0.0000   0.0000   0.0000   0.0000   0.0000   0.0000   0.0000   1.1680   0.0000   0.0000   0.0000
   0.0000   0.0000   0.0000   0.0000   0.0000   0.0000   0.0000   0.0000   0.0000   0.0000   0.0000   1.1680   0.0000   0.0000
   0.0000   0.0000   0.0000   0.0000   0.0000   0.0000   0.0000   0.0000   0.0000   0.0000   0.0000   0.0000   1.1680   0.0000
   0.0000   0.0000   0.0000   0.0000   0.0000   0.0000   0.0000   0.0000   0.0000   0.0000   0.0000   0.0000   0.0000   1.1680
                  GET_EL0 takes  0 hours  0 minutes and    0.01 seconds (CPU).
                          takes  0 hours  0 minutes and    0.00 seconds (WALL).
 There are  4 blocks of bands, with band energy windows:
  -2.322  -2.302 |   -0.773  -0.708 |   -0.222  -0.043 |    0.675   4.500 | 
 Band window indices:
         1      2 |          3      4 |          5      8 |          9     77 | 
 Band width
       0.020   |         0.065   |         0.179   |         3.825   |  
 Band gap
       1.529   |         0.486   |         0.718   |  
 CORRELATED BLOCK: EMIN/EMIX=    0.6747    1.5259
 CORRELATED BAND WIDTH=   0.851
         GUTZ_RED_PRJ_NEQ takes  0 hours  1 minutes and    3.18 seconds (CPU).
                          takes  0 hours  1 minutes and    3.06 seconds (WALL).
 NI=  1 DIM_PHIK=   41227 HL%DIM=  14913
       ID_PHIK_N=
      1      2      4     33    264   1639   6153  15546  27321  36714
  41228
       ID_PHIK_J=
      1      2      3      4      8      9     18     19     28     29
     33     37     73    122    171    220    245    254    263    264
    300    349    638    807   1168   1364   1533   1582   1631   1635
   1639   1739   2180   2964   3864   4705   5381   5781   6037   6118
   6143   6152   6153   6349   6710   8079   9448  11564  12933  14377
  14953  15353  15474  15538  15542  15546  15835  16796  18560  21060
  23176  24940  26165  26841  27165  27286  27311  27320  27321  27517
  27878  29247  30616  32732  34101  35545  36121  36521  36642  36706
  36710  36714  36814  37255  38039  38939  39780  40456  40856  41112
  41193  41218  41227  41228
          GUTZ_SET_PRJ_EQ takes  0 hours  0 minutes and    0.00 seconds (CPU).
                          takes  0 hours  0 minutes and    0.00 seconds (WALL).
************   WH%X  ************
    0.88101760    0.90733055
    1.04200212    1.20744419
************  RIN  ************
 NI=  1 NI_GLOBAL=  1
   0.8810   0.8810   0.8810   0.8810   0.8810   0.8810   0.9073   0.9073   0.9073   0.9073   0.9073   0.9073   0.9073   0.9073
************  LA1  ************
 NI=  1 NI_GLOBAL=  1
   1.0420   1.0420   1.0420   1.0420   1.0420   1.0420   1.2074   1.2074   1.2074   1.2074   1.2074   1.2074   1.2074   1.2074
             CALC_BAND_AL takes  0 hours  0 minutes and    0.60 seconds (CPU).
                          takes  0 hours  0 minutes and    0.30 seconds (WALL).
 ILOOP            1
 ILOOP            2
   FERMI ENERGY AT    1.05165684996706     
   SUM RULE OF TETRAHEDRON INTEGRATION CHECKED 
   number of occupied bands:          18
   highest energy:   1.07011832836571     
************  NK-  ************
 NI=  1 NI_GLOBAL=  1
   0.8312   0.8097   0.8601   0.8601   0.8097   0.8312   0.0302   0.0270   0.0251   0.0248   0.0248   0.0251   0.0270   0.0302
************  NNK  ************
 NI=  1 NI_GLOBAL=  1
   0.8312   0.0000   0.0000   0.0000  -0.0035   0.0000   0.0000   0.0009   0.0000   0.0000   0.0000   0.0045   0.0000   0.0000
   0.0000   0.8097   0.0000   0.0000   0.0000  -0.0035   0.0000   0.0000  -0.0029   0.0000   0.0000   0.0000  -0.0106   0.0000
   0.0000   0.0000   0.8601   0.0000   0.0000   0.0000   0.0000   0.0000   0.0000   0.0168   0.0000   0.0000   0.0000  -0.0023
   0.0000   0.0000   0.0000   0.8601   0.0000   0.0000   0.0023   0.0000   0.0000   0.0000  -0.0168   0.0000   0.0000   0.0000
  -0.0035   0.0000   0.0000   0.0000   0.8097   0.0000   0.0000   0.0106   0.0000   0.0000   0.0000   0.0029   0.0000   0.0000
   0.0000  -0.0035   0.0000   0.0000   0.0000   0.8312   0.0000   0.0000  -0.0045   0.0000   0.0000   0.0000  -0.0009   0.0000
   0.0000   0.0000   0.0000   0.0023   0.0000   0.0000   0.0302   0.0000   0.0000   0.0000  -0.0010   0.0000   0.0000   0.0000
   0.0009   0.0000   0.0000   0.0000   0.0106   0.0000   0.0000   0.0270   0.0000   0.0000   0.0000  -0.0037   0.0000   0.0000
   0.0000  -0.0029   0.0000   0.0000   0.0000  -0.0045   0.0000   0.0000   0.0251   0.0000   0.0000   0.0000  -0.0037   0.0000
   0.0000   0.0000   0.0168   0.0000   0.0000   0.0000   0.0000   0.0000   0.0000   0.0248   0.0000   0.0000   0.0000  -0.0010
   0.0000   0.0000   0.0000  -0.0168   0.0000   0.0000  -0.0010   0.0000   0.0000   0.0000   0.0248   0.0000   0.0000   0.0000
   0.0045   0.0000   0.0000   0.0000   0.0029   0.0000   0.0000  -0.0037   0.0000   0.0000   0.0000   0.0251   0.0000   0.0000
   0.0000  -0.0106   0.0000   0.0000   0.0000  -0.0009   0.0000   0.0000  -0.0037   0.0000   0.0000   0.0000   0.0270   0.0000
   0.0000   0.0000  -0.0023   0.0000   0.0000   0.0000   0.0000   0.0000   0.0000  -0.0010   0.0000   0.0000   0.0000   0.0302
************  NKS  ************
 NI=  1 NI_GLOBAL=  1
   0.8336   0.8336   0.8336   0.8336   0.8336   0.8336   0.0268   0.0268   0.0268   0.0268   0.0268   0.0268   0.0268   0.0268
 NELE_LOC TOTAL:
           5.2161144232962258
              CALC_DA_BND takes  0 hours  0 minutes and    0.10 seconds (CPU).
                          takes  0 hours  0 minutes and    0.09 seconds (WALL).
************  DA-  ************
 NI=  1 NI_GLOBAL=  1
  -0.0170  -0.0182  -0.0163  -0.0163  -0.0182  -0.0170  -0.0067  -0.0061  -0.0054  -0.0055  -0.0055  -0.0054  -0.0061  -0.0067
************  DAA  ************
 NI=  1 NI_GLOBAL=  1
  -0.0172  -0.0172  -0.0172  -0.0172  -0.0172  -0.0172  -0.0059  -0.0059  -0.0059  -0.0059  -0.0059  -0.0059  -0.0059  -0.0059
 NI=  1 VDC=    1.3303
************  LA2  ************
 NI=  1 NI_GLOBAL=  1
  -2.4452  -2.4452  -2.4452  -2.4452  -2.4452  -2.4452  -2.3419  -2.3419  -2.3419  -2.3419  -2.3419  -2.3419  -2.3419  -2.3419
 NI=  1 PHI-step gap=  0.14E+00
************  RAA  ************
 NI=  1 NI_GLOBAL=  1
   0.8809   0.8809   0.8809   0.8809   0.8809   0.8809   0.9074   0.9074   0.9074   0.9074   0.9074   0.9074   0.9074   0.9074
************  NC0  ************
 NI=  1 NI_GLOBAL=  1
   0.8337   0.8337   0.8337   0.8337   0.8337   0.8337   0.0268   0.0268   0.0268   0.0268   0.0268   0.0268   0.0268   0.0268
                  CALC_LC takes  0 hours  8 minutes and   51.59 seconds (CPU).
                          takes  0 hours  8 minutes and   51.58 seconds (WALL).
                GUTZ_FCN1 takes  0 hours  8 minutes and   52.40 seconds (CPU).
                          takes  0 hours  8 minutes and   52.03 seconds (WALL).
************  DIF_X  ************
   -0.000135049671    0.000026284980
    0.000080590422    0.000001781532
 ITER1=  1 MAXERR=    0.00013505
************   WH%X  ************
    0.88107593    0.90735184
    1.04195167    1.20744012
************  RIN  ************
 NI=  1 NI_GLOBAL=  1
   0.8811   0.8811   0.8811   0.8811   0.8811   0.8811   0.9074   0.9074   0.9074   0.9074   0.9074   0.9074   0.9074   0.9074
************  LA1  ************
 NI=  1 NI_GLOBAL=  1
   1.0420   1.0420   1.0420   1.0420   1.0420   1.0420   1.2074   1.2074   1.2074   1.2074   1.2074   1.2074   1.2074   1.2074
             CALC_BAND_AL takes  0 hours  0 minutes and    0.59 seconds (CPU).
                          takes  0 hours  0 minutes and    0.30 seconds (WALL).
 ILOOP            1
 ILOOP            2
   FERMI ENERGY AT    1.05162205941879     
   SUM RULE OF TETRAHEDRON INTEGRATION CHECKED 
   number of occupied bands:          18
   highest energy:   1.07010285768976     
************  NK-  ************
 NI=  1 NI_GLOBAL=  1
   0.8313   0.8098   0.8602   0.8602   0.8098   0.8313   0.0301   0.0270   0.0251   0.0248   0.0248   0.0251   0.0270   0.0301
************  NNK  ************
 NI=  1 NI_GLOBAL=  1
   0.8313   0.0000   0.0000   0.0000  -0.0035   0.0000   0.0000   0.0009   0.0000   0.0000   0.0000   0.0045   0.0000   0.0000
   0.0000   0.8098   0.0000   0.0000   0.0000  -0.0035   0.0000   0.0000  -0.0029   0.0000   0.0000   0.0000  -0.0105   0.0000
   0.0000   0.0000   0.8602   0.0000   0.0000   0.0000   0.0000   0.0000   0.0000   0.0168   0.0000   0.0000   0.0000  -0.0023
   0.0000   0.0000   0.0000   0.8602   0.0000   0.0000   0.0023   0.0000   0.0000   0.0000  -0.0168   0.0000   0.0000   0.0000
  -0.0035   0.0000   0.0000   0.0000   0.8098   0.0000   0.0000   0.0105   0.0000   0.0000   0.0000   0.0029   0.0000   0.0000
   0.0000  -0.0035   0.0000   0.0000   0.0000   0.8313   0.0000   0.0000  -0.0045   0.0000   0.0000   0.0000  -0.0009   0.0000
   0.0000   0.0000   0.0000   0.0023   0.0000   0.0000   0.0301   0.0000   0.0000   0.0000  -0.0010   0.0000   0.0000   0.0000
   0.0009   0.0000   0.0000   0.0000   0.0105   0.0000   0.0000   0.0270   0.0000   0.0000   0.0000  -0.0037   0.0000   0.0000
   0.0000  -0.0029   0.0000   0.0000   0.0000  -0.0045   0.0000   0.0000   0.0251   0.0000   0.0000   0.0000  -0.0037   0.0000
   0.0000   0.0000   0.0168   0.0000   0.0000   0.0000   0.0000   0.0000   0.0000   0.0248   0.0000   0.0000   0.0000  -0.0010
   0.0000   0.0000   0.0000  -0.0168   0.0000   0.0000  -0.0010   0.0000   0.0000   0.0000   0.0248   0.0000   0.0000   0.0000
   0.0045   0.0000   0.0000   0.0000   0.0029   0.0000   0.0000  -0.0037   0.0000   0.0000   0.0000   0.0251   0.0000   0.0000
   0.0000  -0.0105   0.0000   0.0000   0.0000  -0.0009   0.0000   0.0000  -0.0037   0.0000   0.0000   0.0000   0.0270   0.0000
   0.0000   0.0000  -0.0023   0.0000   0.0000   0.0000   0.0000   0.0000   0.0000  -0.0010   0.0000   0.0000   0.0000   0.0301
************  NKS  ************
 NI=  1 NI_GLOBAL=  1
   0.8337   0.8337   0.8337   0.8337   0.8337   0.8337   0.0268   0.0268   0.0268   0.0268   0.0268   0.0268   0.0268   0.0268
 NELE_LOC TOTAL:
           5.2165759671125276
              CALC_DA_BND takes  0 hours  0 minutes and    0.14 seconds (CPU).
                          takes  0 hours  0 minutes and    0.09 seconds (WALL).
************  DA-  ************
 NI=  1 NI_GLOBAL=  1
  -0.0170  -0.0182  -0.0163  -0.0163  -0.0182  -0.0170  -0.0067  -0.0061  -0.0054  -0.0055  -0.0055  -0.0054  -0.0061  -0.0067
************  DAA  ************
 NI=  1 NI_GLOBAL=  1
  -0.0172  -0.0172  -0.0172  -0.0172  -0.0172  -0.0172  -0.0059  -0.0059  -0.0059  -0.0059  -0.0059  -0.0059  -0.0059  -0.0059
 NI=  1 VDC=    1.3303
************  LA2  ************
 NI=  1 NI_GLOBAL=  1
  -2.4452  -2.4452  -2.4452  -2.4452  -2.4452  -2.4452  -2.3419  -2.3419  -2.3419  -2.3419  -2.3419  -2.3419  -2.3419  -2.3419
 NI=  1 PHI-step gap=  0.14E+00
************  RAA  ************
 NI=  1 NI_GLOBAL=  1
   0.8811   0.8811   0.8811   0.8811   0.8811   0.8811   0.9074   0.9074   0.9074   0.9074   0.9074   0.9074   0.9074   0.9074
************  NC0  ************
 NI=  1 NI_GLOBAL=  1
   0.8337   0.8337   0.8337   0.8337   0.8337   0.8337   0.0268   0.0268   0.0268   0.0268   0.0268   0.0268   0.0268   0.0268
                  CALC_LC takes  0 hours  8 minutes and   31.15 seconds (CPU).
                          takes  0 hours  8 minutes and   31.03 seconds (WALL).
                GUTZ_FCN1 takes  0 hours  8 minutes and   31.99 seconds (CPU).
                          takes  0 hours  8 minutes and   31.48 seconds (WALL).
************  DIF_X  ************
   -0.000003868325   -0.000000805177
    0.000000640603    0.000000452233
 ITER1=  2 MAXERR=    0.00000387
************   WH%X  ************
    0.88107319    0.90734323
    1.04195129    1.20743594
************  RIN  ************
 NI=  1 NI_GLOBAL=  1
   0.8811   0.8811   0.8811   0.8811   0.8811   0.8811   0.9073   0.9073   0.9073   0.9073   0.9073   0.9073   0.9073   0.9073
************  LA1  ************
 NI=  1 NI_GLOBAL=  1
   1.0420   1.0420   1.0420   1.0420   1.0420   1.0420   1.2074   1.2074   1.2074   1.2074   1.2074   1.2074   1.2074   1.2074
             CALC_BAND_AL takes  0 hours  0 minutes and    0.60 seconds (CPU).
                          takes  0 hours  0 minutes and    0.31 seconds (WALL).
 ILOOP            1
 ILOOP            2
   FERMI ENERGY AT    1.05162169966600     
   SUM RULE OF TETRAHEDRON INTEGRATION CHECKED 
   number of occupied bands:          18
   highest energy:   1.07010262281145     
************  NK-  ************
 NI=  1 NI_GLOBAL=  1
   0.8313   0.8098   0.8602   0.8602   0.8098   0.8313   0.0302   0.0270   0.0251   0.0248   0.0248   0.0251   0.0270   0.0302
************  NNK  ************
 NI=  1 NI_GLOBAL=  1
   0.8313   0.0000   0.0000   0.0000  -0.0035   0.0000   0.0000   0.0009   0.0000   0.0000   0.0000   0.0045   0.0000   0.0000
   0.0000   0.8098   0.0000   0.0000   0.0000  -0.0035   0.0000   0.0000  -0.0029   0.0000   0.0000   0.0000  -0.0105   0.0000
   0.0000   0.0000   0.8602   0.0000   0.0000   0.0000   0.0000   0.0000   0.0000   0.0168   0.0000   0.0000   0.0000  -0.0023
   0.0000   0.0000   0.0000   0.8602   0.0000   0.0000   0.0023   0.0000   0.0000   0.0000  -0.0168   0.0000   0.0000   0.0000
  -0.0035   0.0000   0.0000   0.0000   0.8098   0.0000   0.0000   0.0105   0.0000   0.0000   0.0000   0.0029   0.0000   0.0000
   0.0000  -0.0035   0.0000   0.0000   0.0000   0.8313   0.0000   0.0000  -0.0045   0.0000   0.0000   0.0000  -0.0009   0.0000
   0.0000   0.0000   0.0000   0.0023   0.0000   0.0000   0.0302   0.0000   0.0000   0.0000  -0.0010   0.0000   0.0000   0.0000
   0.0009   0.0000   0.0000   0.0000   0.0105   0.0000   0.0000   0.0270   0.0000   0.0000   0.0000  -0.0037   0.0000   0.0000
   0.0000  -0.0029   0.0000   0.0000   0.0000  -0.0045   0.0000   0.0000   0.0251   0.0000   0.0000   0.0000  -0.0037   0.0000
   0.0000   0.0000   0.0168   0.0000   0.0000   0.0000   0.0000   0.0000   0.0000   0.0248   0.0000   0.0000   0.0000  -0.0010
   0.0000   0.0000   0.0000  -0.0168   0.0000   0.0000  -0.0010   0.0000   0.0000   0.0000   0.0248   0.0000   0.0000   0.0000
   0.0045   0.0000   0.0000   0.0000   0.0029   0.0000   0.0000  -0.0037   0.0000   0.0000   0.0000   0.0251   0.0000   0.0000
   0.0000  -0.0105   0.0000   0.0000   0.0000  -0.0009   0.0000   0.0000  -0.0037   0.0000   0.0000   0.0000   0.0270   0.0000
   0.0000   0.0000  -0.0023   0.0000   0.0000   0.0000   0.0000   0.0000   0.0000  -0.0010   0.0000   0.0000   0.0000   0.0302
************  NKS  ************
 NI=  1 NI_GLOBAL=  1
   0.8337   0.8337   0.8337   0.8337   0.8337   0.8337   0.0268   0.0268   0.0268   0.0268   0.0268   0.0268   0.0268   0.0268
 NELE_LOC TOTAL:
           5.2165814778389477
              CALC_DA_BND takes  0 hours  0 minutes and    0.15 seconds (CPU).
                          takes  0 hours  0 minutes and    0.08 seconds (WALL).
************  DA-  ************
 NI=  1 NI_GLOBAL=  1
  -0.0170  -0.0182  -0.0163  -0.0163  -0.0182  -0.0170  -0.0067  -0.0061  -0.0054  -0.0055  -0.0055  -0.0054  -0.0061  -0.0067
************  DAA  ************
 NI=  1 NI_GLOBAL=  1
  -0.0172  -0.0172  -0.0172  -0.0172  -0.0172  -0.0172  -0.0059  -0.0059  -0.0059  -0.0059  -0.0059  -0.0059  -0.0059  -0.0059
 NI=  1 VDC=    1.3303
************  LA2  ************
 NI=  1 NI_GLOBAL=  1
  -2.4452  -2.4452  -2.4452  -2.4452  -2.4452  -2.4452  -2.3419  -2.3419  -2.3419  -2.3419  -2.3419  -2.3419  -2.3419  -2.3419
 NI=  1 PHI-step gap=  0.14E+00
************  RAA  ************
 NI=  1 NI_GLOBAL=  1
   0.8811   0.8811   0.8811   0.8811   0.8811   0.8811   0.9073   0.9073   0.9073   0.9073   0.9073   0.9073   0.9073   0.9073
************  NC0  ************
 NI=  1 NI_GLOBAL=  1
   0.8337   0.8337   0.8337   0.8337   0.8337   0.8337   0.0268   0.0268   0.0268   0.0268   0.0268   0.0268   0.0268   0.0268
                  CALC_LC takes  0 hours  8 minutes and   22.11 seconds (CPU).
                          takes  0 hours  8 minutes and   22.02 seconds (WALL).
                GUTZ_FCN1 takes  0 hours  8 minutes and   22.99 seconds (CPU).
                          takes  0 hours  8 minutes and   22.47 seconds (WALL).
************  DIF_X  ************
   -0.000000274436   -0.000000021714
    0.000000064170   -0.000000008967
 ITER1=  3 MAXERR=    0.00000027
************   WH%X  ************
    0.88107306    0.90734339
    1.04195127    1.20743600
************  RIN  ************
 NI=  1 NI_GLOBAL=  1
   0.8811   0.8811   0.8811   0.8811   0.8811   0.8811   0.9073   0.9073   0.9073   0.9073   0.9073   0.9073   0.9073   0.9073
************  LA1  ************
 NI=  1 NI_GLOBAL=  1
   1.0420   1.0420   1.0420   1.0420   1.0420   1.0420   1.2074   1.2074   1.2074   1.2074   1.2074   1.2074   1.2074   1.2074
             CALC_BAND_AL takes  0 hours  0 minutes and    0.60 seconds (CPU).
                          takes  0 hours  0 minutes and    0.30 seconds (WALL).
 ILOOP            1
 ILOOP            2
   FERMI ENERGY AT    1.05162168083982     
   SUM RULE OF TETRAHEDRON INTEGRATION CHECKED 
   number of occupied bands:          18
   highest energy:   1.07010261276543     
************  NK-  ************
 NI=  1 NI_GLOBAL=  1
   0.8313   0.8098   0.8602   0.8602   0.8098   0.8313   0.0302   0.0270   0.0251   0.0248   0.0248   0.0251   0.0270   0.0302
************  NNK  ************
 NI=  1 NI_GLOBAL=  1
   0.8313   0.0000   0.0000   0.0000  -0.0035   0.0000   0.0000   0.0009   0.0000   0.0000   0.0000   0.0045   0.0000   0.0000
   0.0000   0.8098   0.0000   0.0000   0.0000  -0.0035   0.0000   0.0000  -0.0029   0.0000   0.0000   0.0000  -0.0105   0.0000
   0.0000   0.0000   0.8602   0.0000   0.0000   0.0000   0.0000   0.0000   0.0000   0.0168   0.0000   0.0000   0.0000  -0.0023
   0.0000   0.0000   0.0000   0.8602   0.0000   0.0000   0.0023   0.0000   0.0000   0.0000  -0.0168   0.0000   0.0000   0.0000
  -0.0035   0.0000   0.0000   0.0000   0.8098   0.0000   0.0000   0.0105   0.0000   0.0000   0.0000   0.0029   0.0000   0.0000
   0.0000  -0.0035   0.0000   0.0000   0.0000   0.8313   0.0000   0.0000  -0.0045   0.0000   0.0000   0.0000  -0.0009   0.0000
   0.0000   0.0000   0.0000   0.0023   0.0000   0.0000   0.0302   0.0000   0.0000   0.0000  -0.0010   0.0000   0.0000   0.0000
   0.0009   0.0000   0.0000   0.0000   0.0105   0.0000   0.0000   0.0270   0.0000   0.0000   0.0000  -0.0037   0.0000   0.0000
   0.0000  -0.0029   0.0000   0.0000   0.0000  -0.0045   0.0000   0.0000   0.0251   0.0000   0.0000   0.0000  -0.0037   0.0000
   0.0000   0.0000   0.0168   0.0000   0.0000   0.0000   0.0000   0.0000   0.0000   0.0248   0.0000   0.0000   0.0000  -0.0010
   0.0000   0.0000   0.0000  -0.0168   0.0000   0.0000  -0.0010   0.0000   0.0000   0.0000   0.0248   0.0000   0.0000   0.0000
   0.0045   0.0000   0.0000   0.0000   0.0029   0.0000   0.0000  -0.0037   0.0000   0.0000   0.0000   0.0251   0.0000   0.0000
   0.0000  -0.0105   0.0000   0.0000   0.0000  -0.0009   0.0000   0.0000  -0.0037   0.0000   0.0000   0.0000   0.0270   0.0000
   0.0000   0.0000  -0.0023   0.0000   0.0000   0.0000   0.0000   0.0000   0.0000  -0.0010   0.0000   0.0000   0.0000   0.0302
************  NKS  ************
 NI=  1 NI_GLOBAL=  1
   0.8337   0.8337   0.8337   0.8337   0.8337   0.8337   0.0268   0.0268   0.0268   0.0268   0.0268   0.0268   0.0268   0.0268
 NELE_LOC TOTAL:
           5.2165817481462300
              CALC_DA_BND takes  0 hours  0 minutes and    0.11 seconds (CPU).
                          takes  0 hours  0 minutes and    0.09 seconds (WALL).
************  DA-  ************
 NI=  1 NI_GLOBAL=  1
  -0.0170  -0.0182  -0.0163  -0.0163  -0.0182  -0.0170  -0.0067  -0.0061  -0.0054  -0.0055  -0.0055  -0.0054  -0.0061  -0.0067
************  DAA  ************
 NI=  1 NI_GLOBAL=  1
  -0.0172  -0.0172  -0.0172  -0.0172  -0.0172  -0.0172  -0.0059  -0.0059  -0.0059  -0.0059  -0.0059  -0.0059  -0.0059  -0.0059
 NI=  1 VDC=    1.3303
************  LA2  ************
 NI=  1 NI_GLOBAL=  1
  -2.4452  -2.4452  -2.4452  -2.4452  -2.4452  -2.4452  -2.3419  -2.3419  -2.3419  -2.3419  -2.3419  -2.3419  -2.3419  -2.3419
 NI=  1 PHI-step gap=  0.14E+00
************  RAA  ************
 NI=  1 NI_GLOBAL=  1
   0.8811   0.8811   0.8811   0.8811   0.8811   0.8811   0.9073   0.9073   0.9073   0.9073   0.9073   0.9073   0.9073   0.9073
************  NC0  ************
 NI=  1 NI_GLOBAL=  1
   0.8337   0.8337   0.8337   0.8337   0.8337   0.8337   0.0268   0.0268   0.0268   0.0268   0.0268   0.0268   0.0268   0.0268
                  CALC_LC takes  0 hours  7 minutes and   59.62 seconds (CPU).
                          takes  0 hours  7 minutes and   59.56 seconds (WALL).
                GUTZ_FCN1 takes  0 hours  8 minutes and    0.45 seconds (CPU).
                          takes  0 hours  8 minutes and    0.02 seconds (WALL).
************  DIF_X  ************
   -0.000000006060   -0.000000003528
    0.000000000954    0.000000001085
 ITER1=  4 MAXERR=    0.00000001
 NFJAC=   0
 SOLVE1 FINISHED WITH       4 ITERATIONS.
               GUTZ_SOLVE takes  0 hours 33 minutes and   47.83 seconds (CPU).
                          takes  0 hours 33 minutes and   46.00 seconds (WALL).
 MAX. NELF1 DIFF=    0.00195835
               CALC_PJRHO takes  0 hours  0 minutes and    0.53 seconds (CPU).
                          takes  0 hours  0 minutes and    0.39 seconds (WALL).
 NI=  1 SUM_PHY-SUM_KS=      0.00000001 WOULD BE RENORMALIZED
************  NC1  ************
 NI=  1 NI_GLOBAL=  1
   0.8171   0.8171   0.8171   0.8171   0.8171   0.8171   0.0392   0.0392   0.0392   0.0392   0.0392   0.0392   0.0392   0.0392
               CALC_NCPHY takes  0 hours  0 minutes and   50.37 seconds (CPU).
                          takes  0 hours  0 minutes and   50.19 seconds (WALL).
 GYZ%PJ%EGAMM:
     8.77621
 ENG%GAMM:     8.77621
 ENG%POT2:     3.07400
 EDCLA1(NI) ARRAY:
    -5.471
 EDCUJ(NI) ARRAY:
    -3.122
 EDCUJV(NI) ARRAY:
    -6.940
 EDC(NI) ARRAY:
    -8.593
 ENG%DBLC:    -8.59324
 ENG%DC1 :    -5.47086
 ENG%DC2 :    -3.12238
 ENG%DC2V:    -6.93970
 DC_E_STD_TO_E_V:    -3.81732
 ENG%BAND:     1.23037
 ENG%DL(DEEP LEVEL):    -6.73361
 ENG%TB=     1.41334
 ENG%TB-DC2=     4.53572
 NI=  1 OCC_CONFIG_WEIGHT:
        OCC= 0 WEIGHT=   0.00000
        OCC= 1 WEIGHT=   0.00000
        OCC= 2 WEIGHT=   0.00004
        OCC= 3 WEIGHT=   0.00406
        OCC= 4 WEIGHT=   0.10909
        OCC= 5 WEIGHT=   0.56937
        OCC= 6 WEIGHT=   0.30117
        OCC= 7 WEIGHT=   0.01602
        OCC= 8 WEIGHT=   0.00024
        OCC= 9 WEIGHT=   0.00000
                 CALC_RCW takes  0 hours  0 minutes and    0.00 seconds (CPU).
                          takes  0 hours  0 minutes and    0.00 seconds (WALL).
 NI=  1 J2=   11.2435
                 CALC_SLJ takes  0 hours  0 minutes and    0.00 seconds (CPU).
                          takes  0 hours  0 minutes and    0.00 seconds (WALL).
 NI=  1 ENTANGLEMENT ENTROPY=      3.5182
           CALC_ENTANGLES takes  0 hours  0 minutes and    1.16 seconds (CPU).
                          takes  0 hours  0 minutes and    1.02 seconds (WALL).
 CORRELATED SUBSPACE, SUM_FERWT=      8.0000000 SUM_KSWT=      8.0000000
 MAX OFF DIAGONAL KS.WT=    0.001895
 MAX/MIN R=    0.907343    0.881073
                CALC_KSWT takes  0 hours  0 minutes and    0.02 seconds (CPU).
                          takes  0 hours  0 minutes and    0.00 seconds (WALL).
                    TOTAL takes  0 hours 35 minutes and   44.86 seconds (CPU).
                          takes  0 hours 35 minutes and   41.67 seconds (WALL).
