******Program DMFT: Computes Gloc and Delta for Dynamical Mean Field Theory calculation ******
 CALCULATION WITH COMPLEX VECTORS
 CALCULATION WITH SOC VECTORS REQUIRED
 Running DMFT in mpi mode
  
 numkpt=         286
   0.00000   0.00000   0.00000   1.00000
   0.04762   0.04762   0.00000  12.00000
   0.09524   0.09524   0.00000  12.00000
   0.14286   0.14286   0.00000  12.00000
   0.19048   0.19048   0.00000  12.00000
   0.23810   0.23810   0.00000  12.00000
   0.28571   0.28571   0.00000  12.00000
   0.33333   0.33333   0.00000  12.00000
   0.38095   0.38095   0.00000  12.00000
   0.42857   0.42857   0.00000  12.00000
   0.47619   0.47619   0.00000  12.00000
   0.09524   0.04762   0.04762  24.00000
   0.14286   0.09524   0.04762  48.00000
   0.19048   0.14286   0.04762  48.00000
   0.23810   0.19048   0.04762  48.00000
   0.28571   0.23810   0.04762  48.00000
   0.33333   0.28571   0.04762  48.00000
   0.38095   0.33333   0.04762  48.00000
   0.42857   0.38095   0.04762  48.00000
   0.47619   0.42857   0.04762  48.00000
   0.52381   0.47619   0.04762  24.00000
   0.19048   0.09524   0.09524  24.00000
   0.23810   0.14286   0.09524  48.00000
   0.28571   0.19048   0.09524  48.00000
   0.33333   0.23810   0.09524  48.00000
   0.38095   0.28571   0.09524  48.00000
   0.42857   0.33333   0.09524  48.00000
   0.47619   0.38095   0.09524  48.00000
   0.52381   0.42857   0.09524  48.00000
   0.28571   0.14286   0.14286  24.00000
   0.33333   0.19048   0.14286  48.00000
   0.38095   0.23810   0.14286  48.00000
   0.42857   0.28571   0.14286  48.00000
   0.47619   0.33333   0.14286  48.00000
   0.52381   0.38095   0.14286  48.00000
   0.57143   0.42857   0.14286  24.00000
   0.38095   0.19048   0.19048  24.00000
   0.42857   0.23810   0.19048  48.00000
   0.47619   0.28571   0.19048  48.00000
   0.52381   0.33333   0.19048  48.00000
   0.57143   0.38095   0.19048  48.00000
   0.47619   0.23810   0.23810  24.00000
   0.52381   0.28571   0.23810  48.00000
   0.57143   0.33333   0.23810  48.00000
   0.61905   0.38095   0.23810  24.00000
   0.57143   0.28571   0.28571  24.00000
   0.61905   0.33333   0.28571  48.00000
   0.66667   0.33333   0.33333   8.00000
   0.09524   0.09524   0.09524   8.00000
   0.14286   0.14286   0.09524  24.00000
   0.19048   0.19048   0.09524  24.00000
   0.23810   0.23810   0.09524  24.00000
   0.28571   0.28571   0.09524  24.00000
   0.33333   0.33333   0.09524  24.00000
   0.38095   0.38095   0.09524  24.00000
   0.42857   0.42857   0.09524  24.00000
   0.47619   0.47619   0.09524  24.00000
   1.00000   1.00000   0.09524   6.00000
   0.19048   0.14286   0.14286  24.00000
   0.23810   0.19048   0.14286  48.00000
   0.28571   0.23810   0.14286  48.00000
   0.33333   0.28571   0.14286  48.00000
   0.38095   0.33333   0.14286  48.00000
   0.42857   0.38095   0.14286  48.00000
   0.47619   0.42857   0.14286  48.00000
   0.52381   0.47619   0.14286  24.00000
   1.00000   0.95238   0.14286  24.00000
   0.28571   0.19048   0.19048  24.00000
   0.33333   0.23810   0.19048  48.00000
   0.38095   0.28571   0.19048  48.00000
   0.42857   0.33333   0.19048  48.00000
   0.47619   0.38095   0.19048  48.00000
   0.52381   0.42857   0.19048  48.00000
   1.00000   0.90476   0.19048  24.00000
   1.04762   0.95238   0.19048  24.00000
   0.38095   0.23810   0.23810  24.00000
   0.42857   0.28571   0.23810  48.00000
   0.47619   0.33333   0.23810  48.00000
   0.52381   0.38095   0.23810  48.00000
   0.57143   0.42857   0.23810  24.00000
   1.00000   0.85714   0.23810  24.00000
   1.04762   0.90476   0.23810  48.00000
   0.47619   0.28571   0.28571  24.00000
   0.52381   0.33333   0.28571  48.00000
   0.57143   0.38095   0.28571  48.00000
   1.00000   0.80952   0.28571  24.00000
   1.04762   0.85714   0.28571  48.00000
   1.09524   0.90476   0.28571  24.00000
   0.57143   0.33333   0.33333  24.00000
   0.61905   0.38095   0.33333  24.00000
   1.00000   0.76190   0.33333  24.00000
   1.04762   0.80952   0.33333  48.00000
   1.09524   0.85714   0.33333  48.00000
   1.00000   0.71429   0.38095  24.00000
   1.04762   0.76190   0.38095  48.00000
   1.09524   0.80952   0.38095  48.00000
   1.14286   0.85714   0.38095  24.00000
   1.00000   0.66667   0.42857  24.00000
   1.04762   0.71429   0.42857  48.00000
   1.09524   0.76190   0.42857  48.00000
   1.14286   0.80952   0.42857  48.00000
   1.00000   0.61905   0.47619  24.00000
   1.04762   0.66667   0.47619  48.00000
   1.09524   0.71429   0.47619  48.00000
   1.14286   0.76190   0.47619  48.00000
   1.19048   0.80952   0.47619  24.00000
   1.00000   0.57143   0.52381  24.00000
   1.04762   0.61905   0.52381  48.00000
   1.09524   0.66667   0.52381  48.00000
   1.14286   0.71429   0.52381  48.00000
   1.19048   0.76190   0.52381  48.00000
   1.04762   0.57143   0.57143  24.00000
   1.09524   0.61905   0.57143  48.00000
   1.14286   0.66667   0.57143  48.00000
   1.19048   0.71429   0.57143  48.00000
   1.23810   0.76190   0.57143  24.00000
   1.14286   0.61905   0.61905  24.00000
   1.19048   0.66667   0.61905  48.00000
   1.23810   0.71429   0.61905  48.00000
   1.23810   0.66667   0.66667  24.00000
   1.28571   0.71429   0.66667  24.00000
   0.19048   0.19048   0.19048   8.00000
   0.23810   0.23810   0.19048  24.00000
   0.28571   0.28571   0.19048  24.00000
   0.33333   0.33333   0.19048  24.00000
   0.38095   0.38095   0.19048  24.00000
   0.42857   0.42857   0.19048  24.00000
   0.47619   0.47619   0.19048  24.00000
   1.00000   1.00000   0.19048   6.00000
   0.28571   0.23810   0.23810  24.00000
   0.33333   0.28571   0.23810  48.00000
   0.38095   0.33333   0.23810  48.00000
   0.42857   0.38095   0.23810  48.00000
   0.47619   0.42857   0.23810  48.00000
   0.52381   0.47619   0.23810  24.00000
   1.00000   0.95238   0.23810  24.00000
   0.38095   0.28571   0.28571  24.00000
   0.42857   0.33333   0.28571  48.00000
   0.47619   0.38095   0.28571  48.00000
   0.52381   0.42857   0.28571  48.00000
   1.00000   0.90476   0.28571  24.00000
   1.04762   0.95238   0.28571  24.00000
   0.47619   0.33333   0.33333  24.00000
   0.52381   0.38095   0.33333  48.00000
   0.57143   0.42857   0.33333  24.00000
   1.00000   0.85714   0.33333  24.00000
   1.04762   0.90476   0.33333  48.00000
   0.57143   0.38095   0.38095  24.00000
   1.00000   0.80952   0.38095  24.00000
   1.04762   0.85714   0.38095  48.00000
   1.09524   0.90476   0.38095  24.00000
   1.00000   0.76190   0.42857  24.00000
   1.04762   0.80952   0.42857  48.00000
   1.09524   0.85714   0.42857  48.00000
   1.00000   0.71429   0.47619  24.00000
   1.04762   0.76190   0.47619  48.00000
   1.09524   0.80952   0.47619  48.00000
   1.14286   0.85714   0.47619  24.00000
   1.00000   0.66667   0.52381  24.00000
   1.04762   0.71429   0.52381  48.00000
   1.09524   0.76190   0.52381  48.00000
   1.14286   0.80952   0.52381  48.00000
   1.00000   0.61905   0.57143  24.00000
   1.04762   0.66667   0.57143  48.00000
   1.09524   0.71429   0.57143  48.00000
   1.14286   0.76190   0.57143  48.00000
   1.19048   0.80952   0.57143  24.00000
   1.04762   0.61905   0.61905  24.00000
   1.09524   0.66667   0.61905  48.00000
   1.14286   0.71429   0.61905  48.00000
   1.19048   0.76190   0.61905  48.00000
   1.14286   0.66667   0.66667  24.00000
   1.19048   0.71429   0.66667  48.00000
   1.23810   0.76190   0.66667  24.00000
   1.23810   0.71429   0.71429  24.00000
   0.28571   0.28571   0.28571   8.00000
   0.33333   0.33333   0.28571  24.00000
   0.38095   0.38095   0.28571  24.00000
   0.42857   0.42857   0.28571  24.00000
   0.47619   0.47619   0.28571  24.00000
   1.00000   1.00000   0.28571   6.00000
   0.38095   0.33333   0.33333  24.00000
   0.42857   0.38095   0.33333  48.00000
   0.47619   0.42857   0.33333  48.00000
   0.52381   0.47619   0.33333  24.00000
   1.00000   0.95238   0.33333  24.00000
   0.47619   0.38095   0.38095  24.00000
   0.52381   0.42857   0.38095  48.00000
   1.00000   0.90476   0.38095  24.00000
   1.04762   0.95238   0.38095  24.00000
   0.57143   0.42857   0.42857   8.00000
   1.00000   0.85714   0.42857  24.00000
   1.04762   0.90476   0.42857  48.00000
   1.00000   0.80952   0.47619  24.00000
   1.04762   0.85714   0.47619  48.00000
   1.09524   0.90476   0.47619  24.00000
   1.00000   0.76190   0.52381  24.00000
   1.04762   0.80952   0.52381  48.00000
   1.09524   0.85714   0.52381  48.00000
   1.00000   0.71429   0.57143  24.00000
   1.04762   0.76190   0.57143  48.00000
   1.09524   0.80952   0.57143  48.00000
   1.14286   0.85714   0.57143  24.00000
   1.00000   0.66667   0.61905  24.00000
   1.04762   0.71429   0.61905  48.00000
   1.09524   0.76190   0.61905  48.00000
   1.14286   0.80952   0.61905  48.00000
   1.04762   0.66667   0.66667  24.00000
   1.09524   0.71429   0.66667  48.00000
   1.14286   0.76190   0.66667  48.00000
   1.19048   0.80952   0.66667  24.00000
   1.14286   0.71429   0.71429  24.00000
   1.19048   0.76190   0.71429  48.00000
   1.23810   0.76190   0.76190   8.00000
   0.38095   0.38095   0.38095   8.00000
   0.42857   0.42857   0.38095  24.00000
   0.47619   0.47619   0.38095  24.00000
   1.00000   1.00000   0.38095   6.00000
   0.47619   0.42857   0.42857  24.00000
   0.52381   0.47619   0.42857  24.00000
   1.00000   0.95238   0.42857  24.00000
   1.00000   0.90476   0.47619  24.00000
   1.04762   0.95238   0.47619  24.00000
   1.00000   0.85714   0.52381  24.00000
   1.04762   0.90476   0.52381  48.00000
   1.00000   0.80952   0.57143  24.00000
   1.04762   0.85714   0.57143  48.00000
   1.09524   0.90476   0.57143  24.00000
   1.00000   0.76190   0.61905  24.00000
   1.04762   0.80952   0.61905  48.00000
   1.09524   0.85714   0.61905  48.00000
   1.00000   0.71429   0.66667  24.00000
   1.04762   0.76190   0.66667  48.00000
   1.09524   0.80952   0.66667  48.00000
   1.14286   0.85714   0.66667  24.00000
   1.04762   0.71429   0.71429  24.00000
   1.09524   0.76190   0.71429  48.00000
   1.14286   0.80952   0.71429  48.00000
   1.14286   0.76190   0.76190  24.00000
   1.19048   0.80952   0.76190  24.00000
   0.47619   0.47619   0.47619   8.00000
   1.00000   1.00000   0.47619   6.00000
   1.00000   0.95238   0.52381  24.00000
   1.00000   0.90476   0.57143  24.00000
   1.04762   0.95238   0.57143  24.00000
   1.00000   0.85714   0.61905  24.00000
   1.04762   0.90476   0.61905  48.00000
   1.00000   0.80952   0.66667  24.00000
   1.04762   0.85714   0.66667  48.00000
   1.09524   0.90476   0.66667  24.00000
   1.00000   0.76190   0.71429  24.00000
   1.04762   0.80952   0.71429  48.00000
   1.09524   0.85714   0.71429  48.00000
   1.04762   0.76190   0.76190  24.00000
   1.09524   0.80952   0.76190  48.00000
   1.14286   0.85714   0.76190  24.00000
   1.14286   0.80952   0.80952  24.00000
   1.00000   1.00000   0.57143   6.00000
   1.00000   0.95238   0.61905  24.00000
   1.00000   0.90476   0.66667  24.00000
   1.04762   0.95238   0.66667  24.00000
   1.00000   0.85714   0.71429  24.00000
   1.04762   0.90476   0.71429  48.00000
   1.00000   0.80952   0.76190  24.00000
   1.04762   0.85714   0.76190  48.00000
   1.09524   0.90476   0.76190  24.00000
   1.04762   0.80952   0.80952  24.00000
   1.09524   0.85714   0.80952  48.00000
   1.14286   0.85714   0.85714   8.00000
   1.00000   1.00000   0.66667   6.00000
   1.00000   0.95238   0.71429  24.00000
   1.00000   0.90476   0.76190  24.00000
   1.04762   0.95238   0.76190  24.00000
   1.00000   0.85714   0.80952  24.00000
   1.04762   0.90476   0.80952  48.00000
   1.04762   0.85714   0.85714  24.00000
   1.09524   0.90476   0.85714  24.00000
   1.00000   1.00000   0.76190   6.00000
   1.00000   0.95238   0.80952  24.00000
   1.00000   0.90476   0.85714  24.00000
   1.04762   0.95238   0.85714  24.00000
   1.04762   0.90476   0.90476  24.00000
   1.00000   1.00000   0.85714   6.00000
   1.00000   0.95238   0.90476  24.00000
   1.04762   0.95238   0.95238   8.00000
   1.00000   1.00000   0.95238   6.00000




                              --------------------------------------------------
                                 S T R U C T U R A L   I N F O R M A T I O N
                              --------------------------------------------------


   SUBSTANCE                    = cubic body-centered  (epsilon Pu)                                               

   LATTICE                      = B   
   LATTICE CONSTANTS ARE        =    6.1814200   6.1814200   6.1814200
   NUMBER OF ATOMS IN UNITCELL  =   1
   MODE OF CALCULATION IS       = RELA
 IORD=          48
 FNAMES=
 ./epsilon_Pu_3.vectorso_1                                                      
                                                                                
                                           
 ./epsilon_Pu_3.vectorsodn_1                                                    
                                                                                
                                           
 epsilon_Pu_3.energyso_1                                                        
                                                                                
                                           
 epsilon_Pu_3.energysodn_1                                                      
                                                                                
                                           
  BR1,  BR2
   1.01646   0.00000   0.00000      0.00000   1.01646   1.01646
   0.00000   1.01646   0.00000      1.01646   0.00000   1.01646
   0.00000   0.00000   1.01646      1.01646   1.01646   0.00000
 projector corrected--must be 1,2, or 3! Now projector= 2
 Energy window:   -0.4410 < E <      0.441
 Projected density of states calculation for  1 atoms
--------- atom  1 -------------
l=  3  qsplit=  4
 Symmetrization over eq. k-points is performed
 ********** Start Reading Cix file *************
  Correlated block number           1
  Correlated index=
  1  0  0  0  0  0  0  0  0  0  0  0  0  0
  0  1  0  0  0  0  0  0  0  0  0  0  0  0
  0  0  1  0  0  0  0  0  0  0  0  0  0  0
  0  0  0  1  0  0  0  0  0  0  0  0  0  0
  0  0  0  0  1  0  0  0  0  0  0  0  0  0
  0  0  0  0  0  1  0  0  0  0  0  0  0  0
  0  0  0  0  0  0  2  0  0  0  0  0  0  0
  0  0  0  0  0  0  0  2  0  0  0  0  0  0
  0  0  0  0  0  0  0  0  2  0  0  0  0  0
  0  0  0  0  0  0  0  0  0  2  0  0  0  0
  0  0  0  0  0  0  0  0  0  0  2  0  0  0
  0  0  0  0  0  0  0  0  0  0  0  2  0  0
  0  0  0  0  0  0  0  0  0  0  0  0  2  0
  0  0  0  0  0  0  0  0  0  0  0  0  0  2
  Real part of unitary matrix=
  0.9258  0.0000  0.0000  0.0000  0.0000  0.0000  0.0000  0.0000 -0.3780  0.0000  0.0000  0.0000  0.0000  0.0000
  0.0000  0.8452  0.0000  0.0000  0.0000  0.0000  0.0000  0.0000  0.0000 -0.5345  0.0000  0.0000  0.0000  0.0000
  0.0000  0.0000  0.7559  0.0000  0.0000  0.0000  0.0000  0.0000  0.0000  0.0000 -0.6547  0.0000  0.0000  0.0000
  0.0000  0.0000  0.0000  0.6547  0.0000  0.0000  0.0000  0.0000  0.0000  0.0000  0.0000 -0.7559  0.0000  0.0000
  0.0000  0.0000  0.0000  0.0000  0.5345  0.0000  0.0000  0.0000  0.0000  0.0000  0.0000  0.0000 -0.8452  0.0000
  0.0000  0.0000  0.0000  0.0000  0.0000  0.3780  0.0000  0.0000  0.0000  0.0000  0.0000  0.0000  0.0000 -0.9258
  0.0000  0.0000  0.0000  0.0000  0.0000  0.0000  0.0000  1.0000  0.0000  0.0000  0.0000  0.0000  0.0000  0.0000
  0.3780  0.0000  0.0000  0.0000  0.0000  0.0000  0.0000  0.0000  0.9258  0.0000  0.0000  0.0000  0.0000  0.0000
  0.0000  0.5345  0.0000  0.0000  0.0000  0.0000  0.0000  0.0000  0.0000  0.8452  0.0000  0.0000  0.0000  0.0000
  0.0000  0.0000  0.6547  0.0000  0.0000  0.0000  0.0000  0.0000  0.0000  0.0000  0.7559  0.0000  0.0000  0.0000
  0.0000  0.0000  0.0000  0.7559  0.0000  0.0000  0.0000  0.0000  0.0000  0.0000  0.0000  0.6547  0.0000  0.0000
  0.0000  0.0000  0.0000  0.0000  0.8452  0.0000  0.0000  0.0000  0.0000  0.0000  0.0000  0.0000  0.5345  0.0000
  0.0000  0.0000  0.0000  0.0000  0.0000  0.9258  0.0000  0.0000  0.0000  0.0000  0.0000  0.0000  0.0000  0.3780
  0.0000  0.0000  0.0000  0.0000  0.0000  0.0000  1.0000  0.0000  0.0000  0.0000  0.0000  0.0000  0.0000  0.0000
  Imaginary part of unitary matrix=
  0.0000  0.0000  0.0000  0.0000  0.0000  0.0000  0.0000  0.0000  0.0000  0.0000  0.0000  0.0000  0.0000  0.0000
  0.0000  0.0000  0.0000  0.0000  0.0000  0.0000  0.0000  0.0000  0.0000  0.0000  0.0000  0.0000  0.0000  0.0000
  0.0000  0.0000  0.0000  0.0000  0.0000  0.0000  0.0000  0.0000  0.0000  0.0000  0.0000  0.0000  0.0000  0.0000
  0.0000  0.0000  0.0000  0.0000  0.0000  0.0000  0.0000  0.0000  0.0000  0.0000  0.0000  0.0000  0.0000  0.0000
  0.0000  0.0000  0.0000  0.0000  0.0000  0.0000  0.0000  0.0000  0.0000  0.0000  0.0000  0.0000  0.0000  0.0000
  0.0000  0.0000  0.0000  0.0000  0.0000  0.0000  0.0000  0.0000  0.0000  0.0000  0.0000  0.0000  0.0000  0.0000
  0.0000  0.0000  0.0000  0.0000  0.0000  0.0000  0.0000  0.0000  0.0000  0.0000  0.0000  0.0000  0.0000  0.0000
  0.0000  0.0000  0.0000  0.0000  0.0000  0.0000  0.0000  0.0000  0.0000  0.0000  0.0000  0.0000  0.0000  0.0000
  0.0000  0.0000  0.0000  0.0000  0.0000  0.0000  0.0000  0.0000  0.0000  0.0000  0.0000  0.0000  0.0000  0.0000
  0.0000  0.0000  0.0000  0.0000  0.0000  0.0000  0.0000  0.0000  0.0000  0.0000  0.0000  0.0000  0.0000  0.0000
  0.0000  0.0000  0.0000  0.0000  0.0000  0.0000  0.0000  0.0000  0.0000  0.0000  0.0000  0.0000  0.0000  0.0000
  0.0000  0.0000  0.0000  0.0000  0.0000  0.0000  0.0000  0.0000  0.0000  0.0000  0.0000  0.0000  0.0000  0.0000
  0.0000  0.0000  0.0000  0.0000  0.0000  0.0000  0.0000  0.0000  0.0000  0.0000  0.0000  0.0000  0.0000  0.0000
  0.0000  0.0000  0.0000  0.0000  0.0000  0.0000  0.0000  0.0000  0.0000  0.0000  0.0000  0.0000  0.0000  0.0000
  At least one transformation matrix is not Identity
 Magnetic system with s-o coupling; M theta, phi:  0.0000  0.0000
 Inside ROTDEF
Operation  1 transforms atom   1 from first atom   1
Actual position of atom  1 is:  0.000000    0.000000    0.000000
 
Combined transformation (acting on k-point) for correlated atoms
including users rotation and internal local rotation
catom  1 atom   1
   1.01646   0.00000   0.00000
   0.00000  -1.01646   0.00000
   0.00000   0.00000  -1.01646
 
 
 SPIN COORD SYSTEM:
    1.000000    0.000000    0.000000
    0.000000    1.000000    0.000000
    0.000000    0.000000    1.000000
 
 in global cartezian coordinates:
    1.000000    0.000000    0.000000
    0.000000   -1.000000    0.000000
    0.000000    0.000000   -1.000000
 ____________________________
 in spin coordinates:
    1.000000    0.000000    0.000000
    0.000000   -1.000000    0.000000
    0.000000    0.000000   -1.000000
           1   3.14159265358979       -1.00000000000000     
 
 in global cartezian coordinates:
    0.000000    1.000000    0.000000
   -1.000000    0.000000    0.000000
    0.000000    0.000000   -1.000000
 ____________________________
 in spin coordinates:
    0.000000    1.000000    0.000000
   -1.000000    0.000000    0.000000
    0.000000    0.000000   -1.000000
           2   1.57079632679490        1.00000000000000     
 
 in global cartezian coordinates:
    1.000000    0.000000    0.000000
    0.000000    0.000000   -1.000000
    0.000000   -1.000000    0.000000
 ____________________________
 in spin coordinates:
    1.000000    0.000000    0.000000
    0.000000    0.000000   -1.000000
    0.000000   -1.000000    0.000000
           3   1.57079632679490       0.000000000000000E+000
 
 symm. operation            3  removed !!!! so-det=  0.000000000000000E+000
 in global cartezian coordinates:
    0.000000    0.000000    1.000000
   -1.000000    0.000000    0.000000
    0.000000   -1.000000    0.000000
 ____________________________
 in spin coordinates:
    0.000000    0.000000    1.000000
   -1.000000    0.000000    0.000000
    0.000000   -1.000000    0.000000
           4   1.57079632679490       0.000000000000000E+000
 
 symm. operation            4  removed !!!! so-det=  0.000000000000000E+000
 in global cartezian coordinates:
    0.000000    1.000000    0.000000
    0.000000    0.000000   -1.000000
   -1.000000    0.000000    0.000000
 ____________________________
 in spin coordinates:
    0.000000    1.000000    0.000000
    0.000000    0.000000   -1.000000
   -1.000000    0.000000    0.000000
           5 NaN                      0.000000000000000E+000
 
 symm. operation            5  removed !!!! so-det=  0.000000000000000E+000
 in global cartezian coordinates:
    0.000000    0.000000    1.000000
    0.000000   -1.000000    0.000000
   -1.000000    0.000000    0.000000
 ____________________________
 in spin coordinates:
    0.000000    0.000000    1.000000
    0.000000   -1.000000    0.000000
   -1.000000    0.000000    0.000000
           6   1.57079632679490       0.000000000000000E+000
 
 symm. operation            6  removed !!!! so-det=  0.000000000000000E+000
 in global cartezian coordinates:
   -1.000000    0.000000    0.000000
    0.000000   -1.000000    0.000000
    0.000000    0.000000   -1.000000
 ____________________________
 in spin coordinates:
   -1.000000    0.000000    0.000000
    0.000000   -1.000000    0.000000
    0.000000    0.000000   -1.000000
           7  0.000000000000000E+000   1.00000000000000     
 
 in global cartezian coordinates:
    0.000000    1.000000    0.000000
    1.000000    0.000000    0.000000
    0.000000    0.000000   -1.000000
 ____________________________
 in spin coordinates:
    0.000000    1.000000    0.000000
    1.000000    0.000000    0.000000
    0.000000    0.000000   -1.000000
           8   1.57079632679490       -1.00000000000000     
 
 in global cartezian coordinates:
   -1.000000    0.000000    0.000000
    0.000000    0.000000   -1.000000
    0.000000   -1.000000    0.000000
 ____________________________
 in spin coordinates:
   -1.000000    0.000000    0.000000
    0.000000    0.000000   -1.000000
    0.000000   -1.000000    0.000000
           9   1.57079632679490       0.000000000000000E+000
 
 symm. operation            9  removed !!!! so-det=  0.000000000000000E+000
 in global cartezian coordinates:
    0.000000    0.000000    1.000000
    1.000000    0.000000    0.000000
    0.000000   -1.000000    0.000000
 ____________________________
 in spin coordinates:
    0.000000    0.000000    1.000000
    1.000000    0.000000    0.000000
    0.000000   -1.000000    0.000000
          10   1.57079632679490       0.000000000000000E+000
 
 symm. operation           10  removed !!!! so-det=  0.000000000000000E+000
 in global cartezian coordinates:
    0.000000    1.000000    0.000000
    0.000000    0.000000   -1.000000
    1.000000    0.000000    0.000000
 ____________________________
 in spin coordinates:
    0.000000    1.000000    0.000000
    0.000000    0.000000   -1.000000
    1.000000    0.000000    0.000000
          11 NaN                      0.000000000000000E+000
 
 symm. operation           11  removed !!!! so-det=  0.000000000000000E+000
 in global cartezian coordinates:
    0.000000    0.000000    1.000000
    0.000000   -1.000000    0.000000
    1.000000    0.000000    0.000000
 ____________________________
 in spin coordinates:
    0.000000    0.000000    1.000000
    0.000000   -1.000000    0.000000
    1.000000    0.000000    0.000000
          12   1.57079632679490       0.000000000000000E+000
 
 symm. operation           12  removed !!!! so-det=  0.000000000000000E+000
 in global cartezian coordinates:
    0.000000   -1.000000    0.000000
   -1.000000    0.000000    0.000000
    0.000000    0.000000   -1.000000
 ____________________________
 in spin coordinates:
    0.000000   -1.000000    0.000000
   -1.000000    0.000000    0.000000
    0.000000    0.000000   -1.000000
          13   4.71238898038469       -1.00000000000000     
 
 in global cartezian coordinates:
    1.000000    0.000000    0.000000
    0.000000    1.000000    0.000000
    0.000000    0.000000   -1.000000
 ____________________________
 in spin coordinates:
    1.000000    0.000000    0.000000
    0.000000    1.000000    0.000000
    0.000000    0.000000   -1.000000
          14   3.14159274101257        1.00000000000000     
 
 in global cartezian coordinates:
    0.000000   -1.000000    0.000000
    0.000000    0.000000   -1.000000
   -1.000000    0.000000    0.000000
 ____________________________
 in spin coordinates:
    0.000000   -1.000000    0.000000
    0.000000    0.000000   -1.000000
   -1.000000    0.000000    0.000000
          15 NaN                      0.000000000000000E+000
 
 symm. operation           15  removed !!!! so-det=  0.000000000000000E+000
 in global cartezian coordinates:
    0.000000    0.000000    1.000000
    0.000000    1.000000    0.000000
   -1.000000    0.000000    0.000000
 ____________________________
 in spin coordinates:
    0.000000    0.000000    1.000000
    0.000000    1.000000    0.000000
   -1.000000    0.000000    0.000000
          16   1.57079632679490       0.000000000000000E+000
 
 symm. operation           16  removed !!!! so-det=  0.000000000000000E+000
 in global cartezian coordinates:
    1.000000    0.000000    0.000000
    0.000000    0.000000   -1.000000
    0.000000    1.000000    0.000000
 ____________________________
 in spin coordinates:
    1.000000    0.000000    0.000000
    0.000000    0.000000   -1.000000
    0.000000    1.000000    0.000000
          17   1.57079632679490       0.000000000000000E+000
 
 symm. operation           17  removed !!!! so-det=  0.000000000000000E+000
 in global cartezian coordinates:
    0.000000    0.000000    1.000000
   -1.000000    0.000000    0.000000
    0.000000    1.000000    0.000000
 ____________________________
 in spin coordinates:
    0.000000    0.000000    1.000000
   -1.000000    0.000000    0.000000
    0.000000    1.000000    0.000000
          18   1.57079632679490       0.000000000000000E+000
 
 symm. operation           18  removed !!!! so-det=  0.000000000000000E+000
 in global cartezian coordinates:
    0.000000    0.000000   -1.000000
   -1.000000    0.000000    0.000000
    0.000000   -1.000000    0.000000
 ____________________________
 in spin coordinates:
    0.000000    0.000000   -1.000000
   -1.000000    0.000000    0.000000
    0.000000   -1.000000    0.000000
          19   1.57079632679490       0.000000000000000E+000
 
 symm. operation           19  removed !!!! so-det=  0.000000000000000E+000
 in global cartezian coordinates:
    1.000000    0.000000    0.000000
    0.000000    0.000000    1.000000
    0.000000   -1.000000    0.000000
 ____________________________
 in spin coordinates:
    1.000000    0.000000    0.000000
    0.000000    0.000000    1.000000
    0.000000   -1.000000    0.000000
          20   1.57079632679490       0.000000000000000E+000
 
 symm. operation           20  removed !!!! so-det=  0.000000000000000E+000
 in global cartezian coordinates:
    0.000000    0.000000   -1.000000
    0.000000   -1.000000    0.000000
   -1.000000    0.000000    0.000000
 ____________________________
 in spin coordinates:
    0.000000    0.000000   -1.000000
    0.000000   -1.000000    0.000000
   -1.000000    0.000000    0.000000
          21   1.57079632679490       0.000000000000000E+000
 
 symm. operation           21  removed !!!! so-det=  0.000000000000000E+000
 in global cartezian coordinates:
    0.000000    1.000000    0.000000
    0.000000    0.000000    1.000000
   -1.000000    0.000000    0.000000
 ____________________________
 in spin coordinates:
    0.000000    1.000000    0.000000
    0.000000    0.000000    1.000000
   -1.000000    0.000000    0.000000
          22 NaN                      0.000000000000000E+000
 
 symm. operation           22  removed !!!! so-det=  0.000000000000000E+000
 in global cartezian coordinates:
    1.000000    0.000000    0.000000
    0.000000   -1.000000    0.000000
    0.000000    0.000000    1.000000
 ____________________________
 in spin coordinates:
    1.000000    0.000000    0.000000
    0.000000   -1.000000    0.000000
    0.000000    0.000000    1.000000
          23   6.28318539460237       -1.00000000000000     
 
 in global cartezian coordinates:
    0.000000    1.000000    0.000000
   -1.000000    0.000000    0.000000
    0.000000    0.000000    1.000000
 ____________________________
 in spin coordinates:
    0.000000    1.000000    0.000000
   -1.000000    0.000000    0.000000
    0.000000    0.000000    1.000000
          24  -1.57079632679490        1.00000000000000     
 
 in global cartezian coordinates:
    0.000000   -1.000000    0.000000
    1.000000    0.000000    0.000000
    0.000000    0.000000   -1.000000
 ____________________________
 in spin coordinates:
    0.000000   -1.000000    0.000000
    1.000000    0.000000    0.000000
    0.000000    0.000000   -1.000000
          25  -1.57079632679490        1.00000000000000     
 
 in global cartezian coordinates:
   -1.000000    0.000000    0.000000
    0.000000    1.000000    0.000000
    0.000000    0.000000   -1.000000
 ____________________________
 in spin coordinates:
   -1.000000    0.000000    0.000000
    0.000000    1.000000    0.000000
    0.000000    0.000000   -1.000000
          26   6.28318539460237       -1.00000000000000     
 
 in global cartezian coordinates:
    0.000000   -1.000000    0.000000
    0.000000    0.000000   -1.000000
    1.000000    0.000000    0.000000
 ____________________________
 in spin coordinates:
    0.000000   -1.000000    0.000000
    0.000000    0.000000   -1.000000
    1.000000    0.000000    0.000000
          27 NaN                      0.000000000000000E+000
 
 symm. operation           27  removed !!!! so-det=  0.000000000000000E+000
 in global cartezian coordinates:
    0.000000    0.000000    1.000000
    0.000000    1.000000    0.000000
    1.000000    0.000000    0.000000
 ____________________________
 in spin coordinates:
    0.000000    0.000000    1.000000
    0.000000    1.000000    0.000000
    1.000000    0.000000    0.000000
          28   1.57079632679490       0.000000000000000E+000
 
 symm. operation           28  removed !!!! so-det=  0.000000000000000E+000
 in global cartezian coordinates:
   -1.000000    0.000000    0.000000
    0.000000    0.000000   -1.000000
    0.000000    1.000000    0.000000
 ____________________________
 in spin coordinates:
   -1.000000    0.000000    0.000000
    0.000000    0.000000   -1.000000
    0.000000    1.000000    0.000000
          29   1.57079632679490       0.000000000000000E+000
 
 symm. operation           29  removed !!!! so-det=  0.000000000000000E+000
 in global cartezian coordinates:
    0.000000    0.000000    1.000000
    1.000000    0.000000    0.000000
    0.000000    1.000000    0.000000
 ____________________________
 in spin coordinates:
    0.000000    0.000000    1.000000
    1.000000    0.000000    0.000000
    0.000000    1.000000    0.000000
          30   1.57079632679490       0.000000000000000E+000
 
 symm. operation           30  removed !!!! so-det=  0.000000000000000E+000
 in global cartezian coordinates:
    0.000000    0.000000   -1.000000
    1.000000    0.000000    0.000000
    0.000000   -1.000000    0.000000
 ____________________________
 in spin coordinates:
    0.000000    0.000000   -1.000000
    1.000000    0.000000    0.000000
    0.000000   -1.000000    0.000000
          31   1.57079632679490       0.000000000000000E+000
 
 symm. operation           31  removed !!!! so-det=  0.000000000000000E+000
 in global cartezian coordinates:
   -1.000000    0.000000    0.000000
    0.000000    0.000000    1.000000
    0.000000   -1.000000    0.000000
 ____________________________
 in spin coordinates:
   -1.000000    0.000000    0.000000
    0.000000    0.000000    1.000000
    0.000000   -1.000000    0.000000
          32   1.57079632679490       0.000000000000000E+000
 
 symm. operation           32  removed !!!! so-det=  0.000000000000000E+000
 in global cartezian coordinates:
    0.000000    0.000000   -1.000000
    0.000000   -1.000000    0.000000
    1.000000    0.000000    0.000000
 ____________________________
 in spin coordinates:
    0.000000    0.000000   -1.000000
    0.000000   -1.000000    0.000000
    1.000000    0.000000    0.000000
          33   1.57079632679490       0.000000000000000E+000
 
 symm. operation           33  removed !!!! so-det=  0.000000000000000E+000
 in global cartezian coordinates:
    0.000000    1.000000    0.000000
    0.000000    0.000000    1.000000
    1.000000    0.000000    0.000000
 ____________________________
 in spin coordinates:
    0.000000    1.000000    0.000000
    0.000000    0.000000    1.000000
    1.000000    0.000000    0.000000
          34 NaN                      0.000000000000000E+000
 
 symm. operation           34  removed !!!! so-det=  0.000000000000000E+000
 in global cartezian coordinates:
   -1.000000    0.000000    0.000000
    0.000000   -1.000000    0.000000
    0.000000    0.000000    1.000000
 ____________________________
 in spin coordinates:
   -1.000000    0.000000    0.000000
    0.000000   -1.000000    0.000000
    0.000000    0.000000    1.000000
          35   3.14159274101257        1.00000000000000     
 
 in global cartezian coordinates:
    0.000000    1.000000    0.000000
    1.000000    0.000000    0.000000
    0.000000    0.000000    1.000000
 ____________________________
 in spin coordinates:
    0.000000    1.000000    0.000000
    1.000000    0.000000    0.000000
    0.000000    0.000000    1.000000
          36   4.71238898038469       -1.00000000000000     
 
 in global cartezian coordinates:
    0.000000    0.000000   -1.000000
    0.000000    1.000000    0.000000
   -1.000000    0.000000    0.000000
 ____________________________
 in spin coordinates:
    0.000000    0.000000   -1.000000
    0.000000    1.000000    0.000000
   -1.000000    0.000000    0.000000
          37   1.57079632679490       0.000000000000000E+000
 
 symm. operation           37  removed !!!! so-det=  0.000000000000000E+000
 in global cartezian coordinates:
    0.000000   -1.000000    0.000000
    0.000000    0.000000    1.000000
   -1.000000    0.000000    0.000000
 ____________________________
 in spin coordinates:
    0.000000   -1.000000    0.000000
    0.000000    0.000000    1.000000
   -1.000000    0.000000    0.000000
          38 NaN                      0.000000000000000E+000
 
 symm. operation           38  removed !!!! so-det=  0.000000000000000E+000
 in global cartezian coordinates:
    0.000000    0.000000   -1.000000
   -1.000000    0.000000    0.000000
    0.000000    1.000000    0.000000
 ____________________________
 in spin coordinates:
    0.000000    0.000000   -1.000000
   -1.000000    0.000000    0.000000
    0.000000    1.000000    0.000000
          39   1.57079632679490       0.000000000000000E+000
 
 symm. operation           39  removed !!!! so-det=  0.000000000000000E+000
 in global cartezian coordinates:
    1.000000    0.000000    0.000000
    0.000000    0.000000    1.000000
    0.000000    1.000000    0.000000
 ____________________________
 in spin coordinates:
    1.000000    0.000000    0.000000
    0.000000    0.000000    1.000000
    0.000000    1.000000    0.000000
          40   1.57079632679490       0.000000000000000E+000
 
 symm. operation           40  removed !!!! so-det=  0.000000000000000E+000
 in global cartezian coordinates:
    0.000000   -1.000000    0.000000
   -1.000000    0.000000    0.000000
    0.000000    0.000000    1.000000
 ____________________________
 in spin coordinates:
    0.000000   -1.000000    0.000000
   -1.000000    0.000000    0.000000
    0.000000    0.000000    1.000000
          41   1.57079632679490       -1.00000000000000     
 
 in global cartezian coordinates:
    1.000000    0.000000    0.000000
    0.000000    1.000000    0.000000
    0.000000    0.000000    1.000000
 ____________________________
 in spin coordinates:
    1.000000    0.000000    0.000000
    0.000000    1.000000    0.000000
    0.000000    0.000000    1.000000
          42  0.000000000000000E+000   1.00000000000000     
 
 in global cartezian coordinates:
    0.000000    0.000000   -1.000000
    0.000000    1.000000    0.000000
    1.000000    0.000000    0.000000
 ____________________________
 in spin coordinates:
    0.000000    0.000000   -1.000000
    0.000000    1.000000    0.000000
    1.000000    0.000000    0.000000
          43   1.57079632679490       0.000000000000000E+000
 
 symm. operation           43  removed !!!! so-det=  0.000000000000000E+000
 in global cartezian coordinates:
    0.000000   -1.000000    0.000000
    0.000000    0.000000    1.000000
    1.000000    0.000000    0.000000
 ____________________________
 in spin coordinates:
    0.000000   -1.000000    0.000000
    0.000000    0.000000    1.000000
    1.000000    0.000000    0.000000
          44 NaN                      0.000000000000000E+000
 
 symm. operation           44  removed !!!! so-det=  0.000000000000000E+000
 in global cartezian coordinates:
    0.000000    0.000000   -1.000000
    1.000000    0.000000    0.000000
    0.000000    1.000000    0.000000
 ____________________________
 in spin coordinates:
    0.000000    0.000000   -1.000000
    1.000000    0.000000    0.000000
    0.000000    1.000000    0.000000
          45   1.57079632679490       0.000000000000000E+000
 
 symm. operation           45  removed !!!! so-det=  0.000000000000000E+000
 in global cartezian coordinates:
   -1.000000    0.000000    0.000000
    0.000000    0.000000    1.000000
    0.000000    1.000000    0.000000
 ____________________________
 in spin coordinates:
   -1.000000    0.000000    0.000000
    0.000000    0.000000    1.000000
    0.000000    1.000000    0.000000
          46   1.57079632679490       0.000000000000000E+000
 
 symm. operation           46  removed !!!! so-det=  0.000000000000000E+000
 in global cartezian coordinates:
    0.000000   -1.000000    0.000000
    1.000000    0.000000    0.000000
    0.000000    0.000000    1.000000
 ____________________________
 in spin coordinates:
    0.000000   -1.000000    0.000000
    1.000000    0.000000    0.000000
    0.000000    0.000000    1.000000
          47   1.57079632679490        1.00000000000000     
 
 in global cartezian coordinates:
   -1.000000    0.000000    0.000000
    0.000000    1.000000    0.000000
    0.000000    0.000000    1.000000
 ____________________________
 in spin coordinates:
   -1.000000    0.000000    0.000000
    0.000000    1.000000    0.000000
    0.000000    0.000000    1.000000
          48   3.14159265358979       -1.00000000000000     
 
 Original and SO-compatible symops changed:          48          16
 FNAME=
 epsilon_Pu_3.energyso_1                                                        
                                                                                
                                                     60
 FNAME=
 epsilon_Pu_3.energysodn_1                                                      
                                                                                
                                                     59
 BZ-integration with TETRA-program.   icor=: 1
 Equal occupancy of degenerate states, tol=: 0.1E-05
 call eord...
 call dos...
 ILOOP            1
 ILOOP            2
   FERMI ENERGY AT    1.65600422899258     
 RESULT OF INTEGRATION:      15.999999999644; SHOULD BE:      15.999999999900
   SUM RULE OF TETRAHEDRON INTEGRATION CHECKED 
 call eweigh...
   number of occupied bands:          18
   highest energy:   1.68872903925867     
 FERMI-LDA=   1.656 Ryd,  22.531 eV.
 ABSOLUTE EMIN=   1.215 Ryd.  16.531 eV.
 ABSOLUTE EMAX=   2.097 Ryd.  28.531 eV.


:NLDA  : NUMBER OF ELECTRONS          =  16.000

:FLDA  : F E R M I - ENERGY           =   1.65600
 
 ********** Information about the atomic index arrays ************
 iatom=           1
 isort=           1
 csort=           1
 maxucase=           1
icase, iucase, jatom, latom=     1     1     1     1
 
 *****  Arrays for correlated blocks ******
 norbitals=           1
 maxdim2=          14
iorbital( 1, 1)=   1
cix( 1, 1)=   1
icase,lcase,icix,iorb,nind1,ip1,iSx=    1    1    1    1   14    1    1
icase,lcase,icix,iorb,nind1,ip1,iSx=    1    1    1    1   14    2    2
icase,lcase,icix,iorb,nind1,ip1,iSx=    1    1    1    1   14    3    3
icase,lcase,icix,iorb,nind1,ip1,iSx=    1    1    1    1   14    4    4
icase,lcase,icix,iorb,nind1,ip1,iSx=    1    1    1    1   14    5    5
icase,lcase,icix,iorb,nind1,ip1,iSx=    1    1    1    1   14    6    6
icase,lcase,icix,iorb,nind1,ip1,iSx=    1    1    1    1   14    7    7
icase,lcase,icix,iorb,nind1,ip1,iSx=    1    1    1    1   14    8    8
icase,lcase,icix,iorb,nind1,ip1,iSx=    1    1    1    1   14    9    9
icase,lcase,icix,iorb,nind1,ip1,iSx=    1    1    1    1   14   10   10
icase,lcase,icix,iorb,nind1,ip1,iSx=    1    1    1    1   14   11   11
icase,lcase,icix,iorb,nind1,ip1,iSx=    1    1    1    1   14   12   12
icase,lcase,icix,iorb,nind1,ip1,iSx=    1    1    1    1   14   13   13
icase,lcase,icix,iorb,nind1,ip1,iSx=    1    1    1    1   14   14   14
cixdim( 1)=14
noccur( 1, 1)=   6
noccur( 2, 1)=   8
iSx( 1, 1)=  1
iSx( 2, 1)=  2
iSx( 3, 1)=  3
iSx( 4, 1)=  4
iSx( 5, 1)=  5
iSx( 6, 1)=  6
iSx( 7, 1)=  7
iSx( 8, 1)=  8
iSx( 9, 1)=  9
iSx(10, 1)= 10
iSx(11, 1)= 11
iSx(12, 1)= 12
iSx(13, 1)= 13
iSx(14, 1)= 14
nindo( 1)= 14
CF for iorb1= 1 iorb2= 1
    0.92582010     0.00000000       0.00000000     0.00000000       0.00000000     0.00000000       0.00000000     0.00000000       0.00000000     0.00000000       0.00000000     0.00000000       0.00000000     0.00000000       0.00000000     0.00000000      -0.37796447     0.00000000       0.00000000     0.00000000       0.00000000     0.00000000       0.00000000     0.00000000       0.00000000     0.00000000       0.00000000     0.00000000   
    0.00000000     0.00000000       0.84515425     0.00000000       0.00000000     0.00000000       0.00000000     0.00000000       0.00000000     0.00000000       0.00000000     0.00000000       0.00000000     0.00000000       0.00000000     0.00000000       0.00000000     0.00000000      -0.53452248     0.00000000       0.00000000     0.00000000       0.00000000     0.00000000       0.00000000     0.00000000       0.00000000     0.00000000   
    0.00000000     0.00000000       0.00000000     0.00000000       0.75592895     0.00000000       0.00000000     0.00000000       0.00000000     0.00000000       0.00000000     0.00000000       0.00000000     0.00000000       0.00000000     0.00000000       0.00000000     0.00000000       0.00000000     0.00000000      -0.65465367     0.00000000       0.00000000     0.00000000       0.00000000     0.00000000       0.00000000     0.00000000   
    0.00000000     0.00000000       0.00000000     0.00000000       0.00000000     0.00000000       0.65465367     0.00000000       0.00000000     0.00000000       0.00000000     0.00000000       0.00000000     0.00000000       0.00000000     0.00000000       0.00000000     0.00000000       0.00000000     0.00000000       0.00000000     0.00000000      -0.75592895     0.00000000       0.00000000     0.00000000       0.00000000     0.00000000   
    0.00000000     0.00000000       0.00000000     0.00000000       0.00000000     0.00000000       0.00000000     0.00000000       0.53452248     0.00000000       0.00000000     0.00000000       0.00000000     0.00000000       0.00000000     0.00000000       0.00000000     0.00000000       0.00000000     0.00000000       0.00000000     0.00000000       0.00000000     0.00000000      -0.84515425     0.00000000       0.00000000     0.00000000   
    0.00000000     0.00000000       0.00000000     0.00000000       0.00000000     0.00000000       0.00000000     0.00000000       0.00000000     0.00000000       0.37796447     0.00000000       0.00000000     0.00000000       0.00000000     0.00000000       0.00000000     0.00000000       0.00000000     0.00000000       0.00000000     0.00000000       0.00000000     0.00000000       0.00000000     0.00000000      -0.92582010     0.00000000   
    0.00000000     0.00000000       0.00000000     0.00000000       0.00000000     0.00000000       0.00000000     0.00000000       0.00000000     0.00000000       0.00000000     0.00000000       0.00000000     0.00000000       1.00000000     0.00000000       0.00000000     0.00000000       0.00000000     0.00000000       0.00000000     0.00000000       0.00000000     0.00000000       0.00000000     0.00000000       0.00000000     0.00000000   
    0.37796447     0.00000000       0.00000000     0.00000000       0.00000000     0.00000000       0.00000000     0.00000000       0.00000000     0.00000000       0.00000000     0.00000000       0.00000000     0.00000000       0.00000000     0.00000000       0.92582010     0.00000000       0.00000000     0.00000000       0.00000000     0.00000000       0.00000000     0.00000000       0.00000000     0.00000000       0.00000000     0.00000000   
    0.00000000     0.00000000       0.53452248     0.00000000       0.00000000     0.00000000       0.00000000     0.00000000       0.00000000     0.00000000       0.00000000     0.00000000       0.00000000     0.00000000       0.00000000     0.00000000       0.00000000     0.00000000       0.84515425     0.00000000       0.00000000     0.00000000       0.00000000     0.00000000       0.00000000     0.00000000       0.00000000     0.00000000   
    0.00000000     0.00000000       0.00000000     0.00000000       0.65465367     0.00000000       0.00000000     0.00000000       0.00000000     0.00000000       0.00000000     0.00000000       0.00000000     0.00000000       0.00000000     0.00000000       0.00000000     0.00000000       0.00000000     0.00000000       0.75592895     0.00000000       0.00000000     0.00000000       0.00000000     0.00000000       0.00000000     0.00000000   
    0.00000000     0.00000000       0.00000000     0.00000000       0.00000000     0.00000000       0.75592895     0.00000000       0.00000000     0.00000000       0.00000000     0.00000000       0.00000000     0.00000000       0.00000000     0.00000000       0.00000000     0.00000000       0.00000000     0.00000000       0.00000000     0.00000000       0.65465367     0.00000000       0.00000000     0.00000000       0.00000000     0.00000000   
    0.00000000     0.00000000       0.00000000     0.00000000       0.00000000     0.00000000       0.00000000     0.00000000       0.84515425     0.00000000       0.00000000     0.00000000       0.00000000     0.00000000       0.00000000     0.00000000       0.00000000     0.00000000       0.00000000     0.00000000       0.00000000     0.00000000       0.00000000     0.00000000       0.53452248     0.00000000       0.00000000     0.00000000   
    0.00000000     0.00000000       0.00000000     0.00000000       0.00000000     0.00000000       0.00000000     0.00000000       0.00000000     0.00000000       0.92582010     0.00000000       0.00000000     0.00000000       0.00000000     0.00000000       0.00000000     0.00000000       0.00000000     0.00000000       0.00000000     0.00000000       0.00000000     0.00000000       0.00000000     0.00000000       0.37796447     0.00000000   
    0.00000000     0.00000000       0.00000000     0.00000000       0.00000000     0.00000000       0.00000000     0.00000000       0.00000000     0.00000000       0.00000000     0.00000000       1.00000000     0.00000000       0.00000000     0.00000000       0.00000000     0.00000000       0.00000000     0.00000000       0.00000000     0.00000000       0.00000000     0.00000000       0.00000000     0.00000000       0.00000000     0.00000000   
Rspin for iorb=  1
 angles=  0.000000000000000E+000   3.14159265358979       0.000000000000000E+000
  0.000000000000000E+000  0.000000000000000E+000  0.000000000000000E+000
 Rspin=
    0.000000    0.000000      0.000000    1.000000
    0.000000    1.000000      0.000000    0.000000
 Calculation for atom  1 which has iucase=  1
 ATPAR for spin up

          ATOMIC PARAMETERS FOR Pu  0+    

           ENERGY PARAMETERS ARE   1.44  -0.84   1.44   1.44

           L     U(R)          U'(R)         DU/DE        DU'/DE      NORM-U'
           0  0.552096E+00  0.811307E+00  0.112006E+00 -0.227244E+00
           1  0.537634E+00 -0.153269E-03 -0.144146E+00 -0.402356E+00
           2 -0.617868E+00  0.254031E-01  0.985141E-01  0.346125E+00
           3 -0.313249E+00  0.130408E+00  0.366735E+00  0.538138E+00
LO COEFFICIENT: l,A,B,C   0          0.65224    -3.21499     0.00000     0.00000
 
LO COEFFICIENT: l,A,B,C   0          0.32138     0.00000     0.78048     0.00000
 
LO COEFFICIENT: l,A,B,C   1          0.87921     3.27928     0.00000     0.00000
 
LO COEFFICIENT: l,A,B,C   1          0.26920     0.00000    -1.23888     0.00000
 
LO COEFFICIENT: l,A,B,C   2          0.85295     5.34956     0.00000     0.00000
 
LO COEFFICIENT: l,A,B,C   3          0.94149     0.80418     0.00000     0.00000
 
 ATPAR for spin down

          ATOMIC PARAMETERS FOR Pu  0+    

           ENERGY PARAMETERS ARE   1.44  -0.84   1.44   1.44

           L     U(R)          U'(R)         DU/DE        DU'/DE      NORM-U'
           0  0.552096E+00  0.811307E+00  0.112006E+00 -0.227244E+00
           1  0.537634E+00 -0.153269E-03 -0.144146E+00 -0.402356E+00
           2 -0.617868E+00  0.254031E-01  0.985141E-01  0.346125E+00
           3 -0.313249E+00  0.130408E+00  0.366735E+00  0.538138E+00
LO COEFFICIENT: l,A,B,C   0          0.65224    -3.21499     0.00000     0.00000
 
LO COEFFICIENT: l,A,B,C   0          0.32138     0.00000     0.78048     0.00000
 
LO COEFFICIENT: l,A,B,C   1          0.87921     3.27928     0.00000     0.00000
 
LO COEFFICIENT: l,A,B,C   1          0.26920     0.00000    -1.23888     0.00000
 
LO COEFFICIENT: l,A,B,C   2          0.85295     5.34956     0.00000     0.00000
 
LO COEFFICIENT: l,A,B,C   3          0.94149     0.80418     0.00000     0.00000
 
 L1=           0  L2=           0
 RADIAL INTEGRALS:
           1           1                 1           1   1.00000000000000     
           1           3                 1           1  0.573226468223826     
           1           1                 1           2   1.00000000000000     
           1           3                 1           2  0.573226468223826     
           1           1                 2           1   1.00000000000000     
           1           3                 2           1  0.573226468223826     
           1           1                 2           2   1.00000000000000     
           1           3                 2           2  0.573226468223826     
           2           2                 1           1  5.558989958103810E-002
           2           3                 1           1 -0.190911940675805     
           2           2                 1           2  5.558989958103810E-002
           2           3                 1           2 -0.190911940675805     
           2           2                 2           1  5.558989958103810E-002
           2           3                 2           1 -0.190911940675805     
           2           2                 2           2  5.558989958103810E-002
           2           3                 2           2 -0.190911940675805     
           3           1                 1           1  0.573226468223826     
           3           2                 1           1 -0.190911940675805     
           3           3                 1           1   1.00000000000000     
           3           1                 1           2  0.573226468223826     
           3           2                 1           2 -0.190911940675805     
           3           3                 1           2   1.00000000000000     
           3           1                 2           1  0.573226468223826     
           3           2                 2           1 -0.190911940675805     
           3           3                 2           1   1.00000000000000     
           3           1                 2           2  0.573226468223826     
           3           2                 2           2 -0.190911940675805     
           3           3                 2           2   1.00000000000000     
 L1=           1  L2=           1
 RADIAL INTEGRALS:
           1           1                 1           1   1.00000000000000     
           1           3                 1           1  0.910439222704219     
           1           1                 1           2   1.00000000000000     
           1           3                 1           2  0.910439222704219     
           1           1                 2           1   1.00000000000000     
           1           3                 2           1  0.910439222704219     
           1           1                 2           2   1.00000000000000     
           1           3                 2           2  0.910439222704219     
           2           2                 1           1  2.110772499509948E-002
           2           3                 1           1  5.992995064062570E-002
           2           2                 1           2  2.110772499509948E-002
           2           3                 1           2  5.992995064062570E-002
           2           2                 2           1  2.110772499509948E-002
           2           3                 2           1  5.992995064062570E-002
           2           2                 2           2  2.110772499509948E-002
           2           3                 2           2  5.992995064062570E-002
           3           1                 1           1  0.910439222704219     
           3           2                 1           1  5.992995064062570E-002
           3           3                 1           1   1.00000000000000     
           3           1                 1           2  0.910439222704219     
           3           2                 1           2  5.992995064062570E-002
           3           3                 1           2   1.00000000000000     
           3           1                 2           1  0.910439222704219     
           3           2                 2           1  5.992995064062570E-002
           3           3                 2           1   1.00000000000000     
           3           1                 2           2  0.910439222704219     
           3           2                 2           2  5.992995064062570E-002
           3           3                 2           2   1.00000000000000     
 L1=           2  L2=           2
 RADIAL INTEGRALS:
           1           1                 1           1   1.00000000000000     
           1           1                 1           2   1.00000000000000     
           1           1                 2           1   1.00000000000000     
           1           1                 2           2   1.00000000000000     
           2           2                 1           1  9.521500980037937E-003
           2           2                 1           2  9.521500980037937E-003
           2           2                 2           1  9.521500980037937E-003
           2           2                 2           2  9.521500980037937E-003
 L1=           3  L2=           3
 RADIAL INTEGRALS:
           1           1                 1           1   1.00000000000000     
           1           1                 1           2   1.00000000000000     
           1           1                 2           1   1.00000000000000     
           1           1                 2           2   1.00000000000000     
           2           2                 1           1  0.175649230592455     
           2           2                 1           2  0.175649230592455     
           2           2                 2           1  0.175649230592455     
           2           2                 2           2  0.175649230592455     
Saving potential parameters for atom 1 into  1
pr_proc=143  tot-k=286
 ------------------------------------------------------------------------------


   =====>>> CPU TIME SUMMARY

            TOTAL       :      0.9
 OMP_NUM_THREADS= 2
 GUTZ_SOLVER VO.1.5 BUILT ON Jan 19 2014 AT22:25:59
 NT=  1 SEC_N%DIM=   10 WITH ID:
           1       2      16     107     471    1472    3474    6477    9909   12912
       14914
 MEAN U/J:  0.2940  0.0265
 NEL_FIX_VDC1=      5.26
 ATOM DEPENDENT NELF1:
      5.2594
 DCMIX_A=  0.200000
 SYMMETRICALLY NON-EQUIVALENT ATOMS:
          1
 VARIATIONAL-SETUP-NON-EQUIVALENT ATOMS:
          1
 COMPLEMENTARY VARIATIONAL-SETUP-EQUIVALENT ATOMS:

 GYZ%SYM%IDSUM:
  1
 DIM(X_Gutz)=  4
 CALC SET: GAPJ-SHFT FULL       -JH-PROJ SLATER    VAR-FIXDC    Ryd.   
 NT= 1
 LOCAL INTERACTION PART   :
 U              :   0.2940
 J              :   0.0265
 FOCK SPACE PART:
 NA             :  7
 FS%OCC(1) L.B. :  0
 FS%OCC(2) U.B. :  9
 FS%DIM         :     14913
 HL%OCC(1) L.B. :  0
 HL%OCC(2) U.B. :  9
 ISO= 2 ISPIN_IN= 1 ISPIN= 1 ISPO= 2
 BND%NMAX=  54
 BZ INTEGRATION WITH TETRA METHOD, ICOR= 1
 EQUAL OCCUPANCY OF DEGENERATE STATES, TOL= 0.1E-05
 VALENCE ELECTRONS: TOTAL=    16.0
                    CORRELATED PART=     8.0
 SYM%IDI/IDF=  1 16
 BND%NMAXIN=   24
      GUTZ5_INI_CORR_UVEK takes  0 hours  0 minutes and    0.04 seconds (CPU).
                          takes  0 hours  0 minutes and    0.04 seconds (WALL).
                 SETUP_TB takes  0 hours  0 minutes and    1.13 seconds (CPU).
                          takes  0 hours  0 minutes and    0.56 seconds (WALL).
************  EL-  ************
 NI=  1 NI_GLOBAL=  1
   1.6547   1.6623   1.6542   1.6542   1.6623   1.6547   1.7307   1.7421   1.7405   1.7289   1.7289   1.7405   1.7421   1.7307
************  EL=  ************
 NI=  1 NI_GLOBAL=  1
   1.6547   0.0000   0.0000   0.0000   0.0020   0.0000   0.0000  -0.0040   0.0000   0.0000   0.0000   0.0001   0.0000   0.0000
   0.0000   1.6623   0.0000   0.0000   0.0000   0.0020   0.0000   0.0000  -0.0002   0.0000   0.0000   0.0000   0.0048   0.0000
   0.0000   0.0000   1.6542   0.0000   0.0000   0.0000   0.0000   0.0000   0.0000   0.0088   0.0000   0.0000   0.0000   0.0009
   0.0000   0.0000   0.0000   1.6542   0.0000   0.0000  -0.0009   0.0000   0.0000   0.0000  -0.0088   0.0000   0.0000   0.0000
   0.0020   0.0000   0.0000   0.0000   1.6623   0.0000   0.0000  -0.0048   0.0000   0.0000   0.0000   0.0002   0.0000   0.0000
   0.0000   0.0020   0.0000   0.0000   0.0000   1.6547   0.0000   0.0000  -0.0001   0.0000   0.0000   0.0000   0.0040   0.0000
   0.0000   0.0000   0.0000  -0.0009   0.0000   0.0000   1.7307   0.0000   0.0000   0.0000  -0.0001   0.0000   0.0000   0.0000
  -0.0040   0.0000   0.0000   0.0000  -0.0048   0.0000   0.0000   1.7421   0.0000   0.0000   0.0000   0.0051   0.0000   0.0000
   0.0000  -0.0002   0.0000   0.0000   0.0000  -0.0001   0.0000   0.0000   1.7405   0.0000   0.0000   0.0000   0.0051   0.0000
   0.0000   0.0000   0.0088   0.0000   0.0000   0.0000   0.0000   0.0000   0.0000   1.7289   0.0000   0.0000   0.0000  -0.0001
   0.0000   0.0000   0.0000  -0.0088   0.0000   0.0000  -0.0001   0.0000   0.0000   0.0000   1.7289   0.0000   0.0000   0.0000
   0.0001   0.0000   0.0000   0.0000   0.0002   0.0000   0.0000   0.0051   0.0000   0.0000   0.0000   1.7405   0.0000   0.0000
   0.0000   0.0048   0.0000   0.0000   0.0000   0.0040   0.0000   0.0000   0.0051   0.0000   0.0000   0.0000   1.7421   0.0000
   0.0000   0.0000   0.0009   0.0000   0.0000   0.0000   0.0000   0.0000   0.0000  -0.0001   0.0000   0.0000   0.0000   1.7307
 NI=  1 LOCAL ORBITAL LEVEL CENTER(ELC)=   1.702
************  EL0  ************
 NI=  1 NI_GLOBAL=  1
   1.6571   1.6571   1.6571   1.6571   1.6571   1.6571   1.7355   1.7355   1.7355   1.7355   1.7355   1.7355   1.7355   1.7355
************  ELL  ************
 NI=  1 NI_GLOBAL=  1
   1.6571   0.0000   0.0000   0.0000   0.0000   0.0000   0.0000   0.0000   0.0000   0.0000   0.0000   0.0000   0.0000   0.0000
   0.0000   1.6571   0.0000   0.0000   0.0000   0.0000   0.0000   0.0000   0.0000   0.0000   0.0000   0.0000   0.0000   0.0000
   0.0000   0.0000   1.6571   0.0000   0.0000   0.0000   0.0000   0.0000   0.0000   0.0000   0.0000   0.0000   0.0000   0.0000
   0.0000   0.0000   0.0000   1.6571   0.0000   0.0000   0.0000   0.0000   0.0000   0.0000   0.0000   0.0000   0.0000   0.0000
   0.0000   0.0000   0.0000   0.0000   1.6571   0.0000   0.0000   0.0000   0.0000   0.0000   0.0000   0.0000   0.0000   0.0000
   0.0000   0.0000   0.0000   0.0000   0.0000   1.6571   0.0000   0.0000   0.0000   0.0000   0.0000   0.0000   0.0000   0.0000
   0.0000   0.0000   0.0000   0.0000   0.0000   0.0000   1.7355   0.0000   0.0000   0.0000   0.0000   0.0000   0.0000   0.0000
   0.0000   0.0000   0.0000   0.0000   0.0000   0.0000   0.0000   1.7355   0.0000   0.0000   0.0000   0.0000   0.0000   0.0000
   0.0000   0.0000   0.0000   0.0000   0.0000   0.0000   0.0000   0.0000   1.7355   0.0000   0.0000   0.0000   0.0000   0.0000
   0.0000   0.0000   0.0000   0.0000   0.0000   0.0000   0.0000   0.0000   0.0000   1.7355   0.0000   0.0000   0.0000   0.0000
   0.0000   0.0000   0.0000   0.0000   0.0000   0.0000   0.0000   0.0000   0.0000   0.0000   1.7355   0.0000   0.0000   0.0000
   0.0000   0.0000   0.0000   0.0000   0.0000   0.0000   0.0000   0.0000   0.0000   0.0000   0.0000   1.7355   0.0000   0.0000
   0.0000   0.0000   0.0000   0.0000   0.0000   0.0000   0.0000   0.0000   0.0000   0.0000   0.0000   0.0000   1.7355   0.0000
   0.0000   0.0000   0.0000   0.0000   0.0000   0.0000   0.0000   0.0000   0.0000   0.0000   0.0000   0.0000   0.0000   1.7355
                  GET_EL0 takes  0 hours  0 minutes and    0.01 seconds (CPU).
                          takes  0 hours  0 minutes and    0.00 seconds (WALL).
 There are  4 blocks of bands, with band energy windows:
  -1.802  -1.678 |   -0.260  -0.044 |    0.241   0.684 |    1.295   4.492 | 
 Band window indices:
         1      2 |          3      4 |          5      8 |          9     55 | 
 Band width
       0.124   |         0.216   |         0.443   |         3.197   |  
 Band gap
       1.419   |         0.285   |         0.611   |  
 CORRELATED BLOCK: EMIN/EMIX=    1.2955    2.0964
 CORRELATED BAND WIDTH=   0.801
         GUTZ_RED_PRJ_NEQ takes  0 hours  1 minutes and    3.74 seconds (CPU).
                          takes  0 hours  1 minutes and    3.72 seconds (WALL).
 NI=  1 DIM_PHIK=   41227 HL%DIM=  14913
       ID_PHIK_N=
      1      2      4     33    264   1639   6153  15546  27321  36714
  41228
       ID_PHIK_J=
      1      2      3      4      8      9     18     19     28     29
     33     37     73    122    171    220    245    254    263    264
    300    349    638    807   1168   1364   1533   1582   1631   1635
   1639   1739   2180   2964   3864   4705   5381   5781   6037   6118
   6143   6152   6153   6349   6710   8079   9448  11564  12933  14377
  14953  15353  15474  15538  15542  15546  15835  16796  18560  21060
  23176  24940  26165  26841  27165  27286  27311  27320  27321  27517
  27878  29247  30616  32732  34101  35545  36121  36521  36642  36706
  36710  36714  36814  37255  38039  38939  39780  40456  40856  41112
  41193  41218  41227  41228
          GUTZ_SET_PRJ_EQ takes  0 hours  0 minutes and    0.00 seconds (CPU).
                          takes  0 hours  0 minutes and    0.00 seconds (WALL).
************   WH%X  ************
    0.91507736    0.92596759
    1.62792838    1.75984568
************  RIN  ************
 NI=  1 NI_GLOBAL=  1
   0.9151   0.9151   0.9151   0.9151   0.9151   0.9151   0.9260   0.9260   0.9260   0.9260   0.9260   0.9260   0.9260   0.9260
************  LA1  ************
 NI=  1 NI_GLOBAL=  1
   1.6279   1.6279   1.6279   1.6279   1.6279   1.6279   1.7598   1.7598   1.7598   1.7598   1.7598   1.7598   1.7598   1.7598
             CALC_BAND_AL takes  0 hours  0 minutes and    0.46 seconds (CPU).
                          takes  0 hours  0 minutes and    0.23 seconds (WALL).
 ILOOP            1
 ILOOP            2
   FERMI ENERGY AT    1.64489757661715     
   SUM RULE OF TETRAHEDRON INTEGRATION CHECKED 
   number of occupied bands:          18
   highest energy:   1.69905851334548     
************  NK-  ************
 NI=  1 NI_GLOBAL=  1
   0.7316   0.6717   0.7169   0.7169   0.6717   0.7316   0.1196   0.1653   0.1159   0.1093   0.1093   0.1159   0.1653   0.1196
************  NNK  ************
 NI=  1 NI_GLOBAL=  1
   0.7316   0.0000   0.0000   0.0000  -0.0360   0.0000   0.0000  -0.0177   0.0000   0.0000   0.0000   0.0081   0.0000   0.0000
   0.0000   0.6717   0.0000   0.0000   0.0000  -0.0360   0.0000   0.0000   0.0325   0.0000   0.0000   0.0000  -0.0320   0.0000
   0.0000   0.0000   0.7169   0.0000   0.0000   0.0000   0.0000   0.0000   0.0000  -0.0324   0.0000   0.0000   0.0000  -0.0241
   0.0000   0.0000   0.0000   0.7169   0.0000   0.0000   0.0241   0.0000   0.0000   0.0000   0.0324   0.0000   0.0000   0.0000
  -0.0360   0.0000   0.0000   0.0000   0.6717   0.0000   0.0000   0.0320   0.0000   0.0000   0.0000  -0.0325   0.0000   0.0000
   0.0000  -0.0360   0.0000   0.0000   0.0000   0.7316   0.0000   0.0000  -0.0081   0.0000   0.0000   0.0000   0.0177   0.0000
   0.0000   0.0000   0.0000   0.0241   0.0000   0.0000   0.1196   0.0000   0.0000   0.0000  -0.0036   0.0000   0.0000   0.0000
  -0.0177   0.0000   0.0000   0.0000   0.0320   0.0000   0.0000   0.1653   0.0000   0.0000   0.0000  -0.0027   0.0000   0.0000
   0.0000   0.0325   0.0000   0.0000   0.0000  -0.0081   0.0000   0.0000   0.1159   0.0000   0.0000   0.0000  -0.0027   0.0000
   0.0000   0.0000  -0.0324   0.0000   0.0000   0.0000   0.0000   0.0000   0.0000   0.1093   0.0000   0.0000   0.0000  -0.0036
   0.0000   0.0000   0.0000   0.0324   0.0000   0.0000  -0.0036   0.0000   0.0000   0.0000   0.1093   0.0000   0.0000   0.0000
   0.0081   0.0000   0.0000   0.0000  -0.0325   0.0000   0.0000  -0.0027   0.0000   0.0000   0.0000   0.1159   0.0000   0.0000
   0.0000  -0.0320   0.0000   0.0000   0.0000   0.0177   0.0000   0.0000  -0.0027   0.0000   0.0000   0.0000   0.1653   0.0000
   0.0000   0.0000  -0.0241   0.0000   0.0000   0.0000   0.0000   0.0000   0.0000  -0.0036   0.0000   0.0000   0.0000   0.1196
************  NKS  ************
 NI=  1 NI_GLOBAL=  1
   0.7067   0.7067   0.7067   0.7067   0.7067   0.7067   0.1275   0.1275   0.1275   0.1275   0.1275   0.1275   0.1275   0.1275
 NELE_LOC TOTAL:
           5.2606899902441420
              CALC_DA_BND takes  0 hours  0 minutes and    0.07 seconds (CPU).
                          takes  0 hours  0 minutes and    0.08 seconds (WALL).
************  DA-  ************
 NI=  1 NI_GLOBAL=  1
  -0.0352  -0.0351  -0.0327  -0.0327  -0.0351  -0.0352  -0.0237  -0.0337  -0.0234  -0.0223  -0.0223  -0.0234  -0.0337  -0.0237
************  DAA  ************
 NI=  1 NI_GLOBAL=  1
  -0.0343  -0.0343  -0.0343  -0.0343  -0.0343  -0.0343  -0.0258  -0.0258  -0.0258  -0.0258  -0.0258  -0.0258  -0.0258  -0.0258
 NI=  1 VDC=    1.3429
************  LA2  ************
 NI=  1 NI_GLOBAL=  1
  -3.0335  -3.0335  -3.0335  -3.0335  -3.0335  -3.0335  -2.9430  -2.9430  -2.9430  -2.9430  -2.9430  -2.9430  -2.9430  -2.9430
 NI=  1 PHI-step gap=  0.16E+00
************  RAA  ************
 NI=  1 NI_GLOBAL=  1
   0.9150   0.9150   0.9150   0.9150   0.9150   0.9150   0.9260   0.9260   0.9260   0.9260   0.9260   0.9260   0.9260   0.9260
************  NC0  ************
 NI=  1 NI_GLOBAL=  1
   0.7068   0.7068   0.7068   0.7068   0.7068   0.7068   0.1276   0.1276   0.1276   0.1276   0.1276   0.1276   0.1276   0.1276
                  CALC_LC takes  0 hours 10 minutes and   23.04 seconds (CPU).
                          takes  0 hours 10 minutes and   23.03 seconds (WALL).
                GUTZ_FCN1 takes  0 hours 10 minutes and   23.87 seconds (CPU).
                          takes  0 hours 10 minutes and   23.52 seconds (WALL).
************  DIF_X  ************
   -0.000034976179    0.000058984308
    0.000040064536    0.000020084367
 ITER1=  1 MAXERR=    0.00005898
************   WH%X  ************
    0.91508304    0.92596388
    1.62788873    1.75980379
************  RIN  ************
 NI=  1 NI_GLOBAL=  1
   0.9151   0.9151   0.9151   0.9151   0.9151   0.9151   0.9260   0.9260   0.9260   0.9260   0.9260   0.9260   0.9260   0.9260
************  LA1  ************
 NI=  1 NI_GLOBAL=  1
   1.6279   1.6279   1.6279   1.6279   1.6279   1.6279   1.7598   1.7598   1.7598   1.7598   1.7598   1.7598   1.7598   1.7598
             CALC_BAND_AL takes  0 hours  0 minutes and    0.46 seconds (CPU).
                          takes  0 hours  0 minutes and    0.23 seconds (WALL).
 ILOOP            1
 ILOOP            2
   FERMI ENERGY AT    1.64486594908707     
   SUM RULE OF TETRAHEDRON INTEGRATION CHECKED 
   number of occupied bands:          18
   highest energy:   1.69903846287179     
************  NK-  ************
 NI=  1 NI_GLOBAL=  1
   0.7317   0.6717   0.7169   0.7169   0.6717   0.7317   0.1196   0.1653   0.1159   0.1093   0.1093   0.1159   0.1653   0.1196
************  NNK  ************
 NI=  1 NI_GLOBAL=  1
   0.7317   0.0000   0.0000   0.0000  -0.0360   0.0000   0.0000  -0.0177   0.0000   0.0000   0.0000   0.0081   0.0000   0.0000
   0.0000   0.6717   0.0000   0.0000   0.0000  -0.0360   0.0000   0.0000   0.0325   0.0000   0.0000   0.0000  -0.0320   0.0000
   0.0000   0.0000   0.7169   0.0000   0.0000   0.0000   0.0000   0.0000   0.0000  -0.0324   0.0000   0.0000   0.0000  -0.0241
   0.0000   0.0000   0.0000   0.7169   0.0000   0.0000   0.0241   0.0000   0.0000   0.0000   0.0324   0.0000   0.0000   0.0000
  -0.0360   0.0000   0.0000   0.0000   0.6717   0.0000   0.0000   0.0320   0.0000   0.0000   0.0000  -0.0325   0.0000   0.0000
   0.0000  -0.0360   0.0000   0.0000   0.0000   0.7317   0.0000   0.0000  -0.0081   0.0000   0.0000   0.0000   0.0177   0.0000
   0.0000   0.0000   0.0000   0.0241   0.0000   0.0000   0.1196   0.0000   0.0000   0.0000  -0.0036   0.0000   0.0000   0.0000
  -0.0177   0.0000   0.0000   0.0000   0.0320   0.0000   0.0000   0.1653   0.0000   0.0000   0.0000  -0.0026   0.0000   0.0000
   0.0000   0.0325   0.0000   0.0000   0.0000  -0.0081   0.0000   0.0000   0.1159   0.0000   0.0000   0.0000  -0.0026   0.0000
   0.0000   0.0000  -0.0324   0.0000   0.0000   0.0000   0.0000   0.0000   0.0000   0.1093   0.0000   0.0000   0.0000  -0.0036
   0.0000   0.0000   0.0000   0.0324   0.0000   0.0000  -0.0036   0.0000   0.0000   0.0000   0.1093   0.0000   0.0000   0.0000
   0.0081   0.0000   0.0000   0.0000  -0.0325   0.0000   0.0000  -0.0026   0.0000   0.0000   0.0000   0.1159   0.0000   0.0000
   0.0000  -0.0320   0.0000   0.0000   0.0000   0.0177   0.0000   0.0000  -0.0026   0.0000   0.0000   0.0000   0.1653   0.0000
   0.0000   0.0000  -0.0241   0.0000   0.0000   0.0000   0.0000   0.0000   0.0000  -0.0036   0.0000   0.0000   0.0000   0.1196
************  NKS  ************
 NI=  1 NI_GLOBAL=  1
   0.7068   0.7068   0.7068   0.7068   0.7068   0.7068   0.1275   0.1275   0.1275   0.1275   0.1275   0.1275   0.1275   0.1275
 NELE_LOC TOTAL:
           5.2610091820672142
              CALC_DA_BND takes  0 hours  0 minutes and    0.07 seconds (CPU).
                          takes  0 hours  0 minutes and    0.08 seconds (WALL).
************  DA-  ************
 NI=  1 NI_GLOBAL=  1
  -0.0352  -0.0351  -0.0327  -0.0327  -0.0351  -0.0352  -0.0237  -0.0337  -0.0234  -0.0223  -0.0223  -0.0234  -0.0337  -0.0237
************  DAA  ************
 NI=  1 NI_GLOBAL=  1
  -0.0343  -0.0343  -0.0343  -0.0343  -0.0343  -0.0343  -0.0258  -0.0258  -0.0258  -0.0258  -0.0258  -0.0258  -0.0258  -0.0258
 NI=  1 VDC=    1.3429
************  LA2  ************
 NI=  1 NI_GLOBAL=  1
  -3.0334  -3.0334  -3.0334  -3.0334  -3.0334  -3.0334  -2.9429  -2.9429  -2.9429  -2.9429  -2.9429  -2.9429  -2.9429  -2.9429
 NI=  1 PHI-step gap=  0.16E+00
************  RAA  ************
 NI=  1 NI_GLOBAL=  1
   0.9151   0.9151   0.9151   0.9151   0.9151   0.9151   0.9260   0.9260   0.9260   0.9260   0.9260   0.9260   0.9260   0.9260
************  NC0  ************
 NI=  1 NI_GLOBAL=  1
   0.7068   0.7068   0.7068   0.7068   0.7068   0.7068   0.1275   0.1275   0.1275   0.1275   0.1275   0.1275   0.1275   0.1275
                  CALC_LC takes  0 hours 10 minutes and    6.71 seconds (CPU).
                          takes  0 hours 10 minutes and    6.59 seconds (WALL).
                GUTZ_FCN1 takes  0 hours 10 minutes and    7.44 seconds (CPU).
                          takes  0 hours 10 minutes and    7.06 seconds (WALL).
************  DIF_X  ************
   -0.000001789281    0.000001404735
    0.000000167638   -0.000000213979
 ITER1=  2 MAXERR=    0.00000179
************   WH%X  ************
    0.91508146    0.92596597
    1.62788876    1.75980438
************  RIN  ************
 NI=  1 NI_GLOBAL=  1
   0.9151   0.9151   0.9151   0.9151   0.9151   0.9151   0.9260   0.9260   0.9260   0.9260   0.9260   0.9260   0.9260   0.9260
************  LA1  ************
 NI=  1 NI_GLOBAL=  1
   1.6279   1.6279   1.6279   1.6279   1.6279   1.6279   1.7598   1.7598   1.7598   1.7598   1.7598   1.7598   1.7598   1.7598
             CALC_BAND_AL takes  0 hours  0 minutes and    0.46 seconds (CPU).
                          takes  0 hours  0 minutes and    0.23 seconds (WALL).
 ILOOP            1
 ILOOP            2
   FERMI ENERGY AT    1.64486594175451     
   SUM RULE OF TETRAHEDRON INTEGRATION CHECKED 
   number of occupied bands:          18
   highest energy:   1.69903846240141     
************  NK-  ************
 NI=  1 NI_GLOBAL=  1
   0.7317   0.6717   0.7169   0.7169   0.6717   0.7317   0.1196   0.1653   0.1159   0.1093   0.1093   0.1159   0.1653   0.1196
************  NNK  ************
 NI=  1 NI_GLOBAL=  1
   0.7317   0.0000   0.0000   0.0000  -0.0360   0.0000   0.0000  -0.0177   0.0000   0.0000   0.0000   0.0081   0.0000   0.0000
   0.0000   0.6717   0.0000   0.0000   0.0000  -0.0360   0.0000   0.0000   0.0325   0.0000   0.0000   0.0000  -0.0320   0.0000
   0.0000   0.0000   0.7169   0.0000   0.0000   0.0000   0.0000   0.0000   0.0000  -0.0324   0.0000   0.0000   0.0000  -0.0241
   0.0000   0.0000   0.0000   0.7169   0.0000   0.0000   0.0241   0.0000   0.0000   0.0000   0.0324   0.0000   0.0000   0.0000
  -0.0360   0.0000   0.0000   0.0000   0.6717   0.0000   0.0000   0.0320   0.0000   0.0000   0.0000  -0.0325   0.0000   0.0000
   0.0000  -0.0360   0.0000   0.0000   0.0000   0.7317   0.0000   0.0000  -0.0081   0.0000   0.0000   0.0000   0.0177   0.0000
   0.0000   0.0000   0.0000   0.0241   0.0000   0.0000   0.1196   0.0000   0.0000   0.0000  -0.0036   0.0000   0.0000   0.0000
  -0.0177   0.0000   0.0000   0.0000   0.0320   0.0000   0.0000   0.1653   0.0000   0.0000   0.0000  -0.0026   0.0000   0.0000
   0.0000   0.0325   0.0000   0.0000   0.0000  -0.0081   0.0000   0.0000   0.1159   0.0000   0.0000   0.0000  -0.0026   0.0000
   0.0000   0.0000  -0.0324   0.0000   0.0000   0.0000   0.0000   0.0000   0.0000   0.1093   0.0000   0.0000   0.0000  -0.0036
   0.0000   0.0000   0.0000   0.0324   0.0000   0.0000  -0.0036   0.0000   0.0000   0.0000   0.1093   0.0000   0.0000   0.0000
   0.0081   0.0000   0.0000   0.0000  -0.0325   0.0000   0.0000  -0.0026   0.0000   0.0000   0.0000   0.1159   0.0000   0.0000
   0.0000  -0.0320   0.0000   0.0000   0.0000   0.0177   0.0000   0.0000  -0.0026   0.0000   0.0000   0.0000   0.1653   0.0000
   0.0000   0.0000  -0.0241   0.0000   0.0000   0.0000   0.0000   0.0000   0.0000  -0.0036   0.0000   0.0000   0.0000   0.1196
************  NKS  ************
 NI=  1 NI_GLOBAL=  1
   0.7068   0.7068   0.7068   0.7068   0.7068   0.7068   0.1275   0.1275   0.1275   0.1275   0.1275   0.1275   0.1275   0.1275
 NELE_LOC TOTAL:
           5.2610084446106740
              CALC_DA_BND takes  0 hours  0 minutes and    0.08 seconds (CPU).
                          takes  0 hours  0 minutes and    0.08 seconds (WALL).
************  DA-  ************
 NI=  1 NI_GLOBAL=  1
  -0.0352  -0.0351  -0.0327  -0.0327  -0.0351  -0.0352  -0.0237  -0.0337  -0.0234  -0.0223  -0.0223  -0.0234  -0.0337  -0.0237
************  DAA  ************
 NI=  1 NI_GLOBAL=  1
  -0.0343  -0.0343  -0.0343  -0.0343  -0.0343  -0.0343  -0.0258  -0.0258  -0.0258  -0.0258  -0.0258  -0.0258  -0.0258  -0.0258
 NI=  1 VDC=    1.3429
************  LA2  ************
 NI=  1 NI_GLOBAL=  1
  -3.0334  -3.0334  -3.0334  -3.0334  -3.0334  -3.0334  -2.9429  -2.9429  -2.9429  -2.9429  -2.9429  -2.9429  -2.9429  -2.9429
 NI=  1 PHI-step gap=  0.16E+00
************  RAA  ************
 NI=  1 NI_GLOBAL=  1
   0.9151   0.9151   0.9151   0.9151   0.9151   0.9151   0.9260   0.9260   0.9260   0.9260   0.9260   0.9260   0.9260   0.9260
************  NC0  ************
 NI=  1 NI_GLOBAL=  1
   0.7068   0.7068   0.7068   0.7068   0.7068   0.7068   0.1275   0.1275   0.1275   0.1275   0.1275   0.1275   0.1275   0.1275
                  CALC_LC takes  0 hours 10 minutes and   26.47 seconds (CPU).
                          takes  0 hours 10 minutes and   26.37 seconds (WALL).
                GUTZ_FCN1 takes  0 hours 10 minutes and   27.20 seconds (CPU).
                          takes  0 hours 10 minutes and   26.85 seconds (WALL).
************  DIF_X  ************
   -0.000000024700    0.000000008638
   -0.000000002966    0.000000007055
 ITER1=  3 MAXERR=    0.00000002
************   WH%X  ************
    0.91508143    0.92596596
    1.62788876    1.75980436
************  RIN  ************
 NI=  1 NI_GLOBAL=  1
   0.9151   0.9151   0.9151   0.9151   0.9151   0.9151   0.9260   0.9260   0.9260   0.9260   0.9260   0.9260   0.9260   0.9260
************  LA1  ************
 NI=  1 NI_GLOBAL=  1
   1.6279   1.6279   1.6279   1.6279   1.6279   1.6279   1.7598   1.7598   1.7598   1.7598   1.7598   1.7598   1.7598   1.7598
             CALC_BAND_AL takes  0 hours  0 minutes and    0.46 seconds (CPU).
                          takes  0 hours  0 minutes and    0.23 seconds (WALL).
 ILOOP            1
 ILOOP            2
   FERMI ENERGY AT    1.64486593930744     
   SUM RULE OF TETRAHEDRON INTEGRATION CHECKED 
   number of occupied bands:          18
   highest energy:   1.69903845823314     
************  NK-  ************
 NI=  1 NI_GLOBAL=  1
   0.7317   0.6717   0.7169   0.7169   0.6717   0.7317   0.1196   0.1653   0.1159   0.1093   0.1093   0.1159   0.1653   0.1196
************  NNK  ************
 NI=  1 NI_GLOBAL=  1
   0.7317   0.0000   0.0000   0.0000  -0.0360   0.0000   0.0000  -0.0177   0.0000   0.0000   0.0000   0.0081   0.0000   0.0000
   0.0000   0.6717   0.0000   0.0000   0.0000  -0.0360   0.0000   0.0000   0.0325   0.0000   0.0000   0.0000  -0.0320   0.0000
   0.0000   0.0000   0.7169   0.0000   0.0000   0.0000   0.0000   0.0000   0.0000  -0.0324   0.0000   0.0000   0.0000  -0.0241
   0.0000   0.0000   0.0000   0.7169   0.0000   0.0000   0.0241   0.0000   0.0000   0.0000   0.0324   0.0000   0.0000   0.0000
  -0.0360   0.0000   0.0000   0.0000   0.6717   0.0000   0.0000   0.0320   0.0000   0.0000   0.0000  -0.0325   0.0000   0.0000
   0.0000  -0.0360   0.0000   0.0000   0.0000   0.7317   0.0000   0.0000  -0.0081   0.0000   0.0000   0.0000   0.0177   0.0000
   0.0000   0.0000   0.0000   0.0241   0.0000   0.0000   0.1196   0.0000   0.0000   0.0000  -0.0036   0.0000   0.0000   0.0000
  -0.0177   0.0000   0.0000   0.0000   0.0320   0.0000   0.0000   0.1653   0.0000   0.0000   0.0000  -0.0026   0.0000   0.0000
   0.0000   0.0325   0.0000   0.0000   0.0000  -0.0081   0.0000   0.0000   0.1159   0.0000   0.0000   0.0000  -0.0026   0.0000
   0.0000   0.0000  -0.0324   0.0000   0.0000   0.0000   0.0000   0.0000   0.0000   0.1093   0.0000   0.0000   0.0000  -0.0036
   0.0000   0.0000   0.0000   0.0324   0.0000   0.0000  -0.0036   0.0000   0.0000   0.0000   0.1093   0.0000   0.0000   0.0000
   0.0081   0.0000   0.0000   0.0000  -0.0325   0.0000   0.0000  -0.0026   0.0000   0.0000   0.0000   0.1159   0.0000   0.0000
   0.0000  -0.0320   0.0000   0.0000   0.0000   0.0177   0.0000   0.0000  -0.0026   0.0000   0.0000   0.0000   0.1653   0.0000
   0.0000   0.0000  -0.0241   0.0000   0.0000   0.0000   0.0000   0.0000   0.0000  -0.0036   0.0000   0.0000   0.0000   0.1196
************  NKS  ************
 NI=  1 NI_GLOBAL=  1
   0.7068   0.7068   0.7068   0.7068   0.7068   0.7068   0.1275   0.1275   0.1275   0.1275   0.1275   0.1275   0.1275   0.1275
 NELE_LOC TOTAL:
           5.2610084678277342
              CALC_DA_BND takes  0 hours  0 minutes and    0.08 seconds (CPU).
                          takes  0 hours  0 minutes and    0.08 seconds (WALL).
************  DA-  ************
 NI=  1 NI_GLOBAL=  1
  -0.0352  -0.0351  -0.0327  -0.0327  -0.0351  -0.0352  -0.0237  -0.0337  -0.0234  -0.0223  -0.0223  -0.0234  -0.0337  -0.0237
************  DAA  ************
 NI=  1 NI_GLOBAL=  1
  -0.0343  -0.0343  -0.0343  -0.0343  -0.0343  -0.0343  -0.0258  -0.0258  -0.0258  -0.0258  -0.0258  -0.0258  -0.0258  -0.0258
 NI=  1 VDC=    1.3429
************  LA2  ************
 NI=  1 NI_GLOBAL=  1
  -3.0334  -3.0334  -3.0334  -3.0334  -3.0334  -3.0334  -2.9429  -2.9429  -2.9429  -2.9429  -2.9429  -2.9429  -2.9429  -2.9429
 NI=  1 PHI-step gap=  0.16E+00
************  RAA  ************
 NI=  1 NI_GLOBAL=  1
   0.9151   0.9151   0.9151   0.9151   0.9151   0.9151   0.9260   0.9260   0.9260   0.9260   0.9260   0.9260   0.9260   0.9260
************  NC0  ************
 NI=  1 NI_GLOBAL=  1
   0.7068   0.7068   0.7068   0.7068   0.7068   0.7068   0.1275   0.1275   0.1275   0.1275   0.1275   0.1275   0.1275   0.1275
                  CALC_LC takes  0 hours 11 minutes and    1.53 seconds (CPU).
                          takes  0 hours 11 minutes and    1.44 seconds (WALL).
                GUTZ_FCN1 takes  0 hours 11 minutes and    2.25 seconds (CPU).
                          takes  0 hours 11 minutes and    1.93 seconds (WALL).
************  DIF_X  ************
    0.000000000323    0.000000000346
    0.000000000234   -0.000000000250
 ITER1=  4 MAXERR=    0.00000000
 NFJAC=   0
 SOLVE1 FINISHED WITH       4 ITERATIONS.
               GUTZ_SOLVE takes  0 hours 42 minutes and    0.76 seconds (CPU).
                          takes  0 hours 41 minutes and   59.36 seconds (WALL).
 MAX. NELF1 DIFF=    0.00164178
               CALC_PJRHO takes  0 hours  0 minutes and    0.52 seconds (CPU).
                          takes  0 hours  0 minutes and    0.41 seconds (WALL).
 NI=  1 SUM_PHY-SUM_KS=      0.00000000 WOULD BE RENORMALIZED
************  NC1  ************
 NI=  1 NI_GLOBAL=  1
   0.7006   0.7006   0.7006   0.7006   0.7006   0.7006   0.1322   0.1322   0.1322   0.1322   0.1322   0.1322   0.1322   0.1322
               CALC_NCPHY takes  0 hours  0 minutes and   50.60 seconds (CPU).
                          takes  0 hours  0 minutes and   50.48 seconds (WALL).
 GYZ%PJ%EGAMM:
    12.00715
 ENG%GAMM:    12.00715
 ENG%POT2:     3.20625
 EDCLA1(NI) ARRAY:
    -8.699
 EDCUJ(NI) ARRAY:
    -3.182
 EDCUJV(NI) ARRAY:
    -7.065
 EDC(NI) ARRAY:
   -11.881
 ENG%DBLC:   -11.88072
 ENG%DC1 :    -8.69893
 ENG%DC2 :    -3.18178
 ENG%DC2V:    -7.06489
 DC_E_STD_TO_E_V:    -3.88311
 ENG%BAND:    10.24628
 ENG%DL(DEEP LEVEL):    -2.19219
 ENG%TB=    10.37271
 ENG%TB-DC2=    13.55449
 NI=  1 OCC_CONFIG_WEIGHT:
        OCC= 0 WEIGHT=   0.00000
        OCC= 1 WEIGHT=   0.00001
        OCC= 2 WEIGHT=   0.00049
        OCC= 3 WEIGHT=   0.01572
        OCC= 4 WEIGHT=   0.15856
        OCC= 5 WEIGHT=   0.44409
        OCC= 6 WEIGHT=   0.31433
        OCC= 7 WEIGHT=   0.06239
        OCC= 8 WEIGHT=   0.00430
        OCC= 9 WEIGHT=   0.00012
                 CALC_RCW takes  0 hours  0 minutes and    0.00 seconds (CPU).
                          takes  0 hours  0 minutes and    0.00 seconds (WALL).
 NI=  1 J2=   26.3019
                 CALC_SLJ takes  0 hours  0 minutes and    0.00 seconds (CPU).
                          takes  0 hours  0 minutes and    0.00 seconds (WALL).
 NI=  1 ENTANGLEMENT ENTROPY=      6.4358
           CALC_ENTANGLES takes  0 hours  0 minutes and    1.23 seconds (CPU).
                          takes  0 hours  0 minutes and    1.02 seconds (WALL).
 CORRELATED SUBSPACE, SUM_FERWT=      8.0000000 SUM_KSWT=      8.0000000
 MAX OFF DIAGONAL KS.WT=    0.001278
 MAX/MIN R=    0.925966    0.915081
                CALC_KSWT takes  0 hours  0 minutes and    0.02 seconds (CPU).
                          takes  0 hours  0 minutes and    0.02 seconds (WALL).
                    TOTAL takes  0 hours 43 minutes and   58.54 seconds (CPU).
                          takes  0 hours 43 minutes and   55.98 seconds (WALL).
