******Program DMFT: Computes Gloc and Delta for Dynamical Mean Field Theory calculation ******
 CALCULATION WITH COMPLEX VECTORS
 CALCULATION WITH SOC VECTORS REQUIRED
 Running DMFT in mpi mode
  
 numkpt=         286
   0.00000   0.00000   0.00000   1.00000
   0.04762   0.04762  -0.04762   8.00000
   0.09524   0.09524  -0.09524   8.00000
   0.14286   0.14286  -0.14286   8.00000
   0.19048   0.19048  -0.19048   8.00000
   0.23810   0.23810  -0.23810   8.00000
   0.28571   0.28571  -0.28571   8.00000
   0.33333   0.33333  -0.33333   8.00000
   0.38095   0.38095  -0.38095   8.00000
   0.42857   0.42857  -0.42857   8.00000
   0.47619   0.47619  -0.47619   8.00000
   0.09524   0.00000   0.00000   6.00000
   0.14286   0.04762  -0.04762  24.00000
   0.19048   0.09524  -0.09524  24.00000
   0.23810   0.14286  -0.14286  24.00000
   0.28571   0.19048  -0.19048  24.00000
   0.33333   0.23810  -0.23810  24.00000
   0.38095   0.28571  -0.28571  24.00000
   0.42857   0.33333  -0.33333  24.00000
   0.47619   0.38095  -0.38095  24.00000
   0.52381   0.42857  -0.42857  24.00000
   0.57143   0.47619  -0.47619  24.00000
   0.61905   0.52381  -0.52381  24.00000
   0.66667   0.57143  -0.57143  24.00000
   0.71429   0.61905  -0.61905  24.00000
   0.76190   0.66667  -0.66667  24.00000
   0.80952   0.71429  -0.71429  24.00000
   0.85714   0.76190  -0.76190  24.00000
   0.90476   0.80952  -0.80952  24.00000
   0.95238   0.85714  -0.85714  24.00000
   1.00000   0.90476  -0.90476  12.00000
   0.19048   0.00000   0.00000   6.00000
   0.23810   0.04762  -0.04762  24.00000
   0.28571   0.09524  -0.09524  24.00000
   0.33333   0.14286  -0.14286  24.00000
   0.38095   0.19048  -0.19048  24.00000
   0.42857   0.23810  -0.23810  24.00000
   0.47619   0.28571  -0.28571  24.00000
   0.52381   0.33333  -0.33333  24.00000
   0.57143   0.38095  -0.38095  24.00000
   0.61905   0.42857  -0.42857  24.00000
   0.66667   0.47619  -0.47619  24.00000
   0.71429   0.52381  -0.52381  24.00000
   0.76190   0.57143  -0.57143  24.00000
   0.80952   0.61905  -0.61905  24.00000
   0.85714   0.66667  -0.66667  24.00000
   0.90476   0.71429  -0.71429  24.00000
   0.95238   0.76190  -0.76190  24.00000
   1.00000   0.80952  -0.80952  12.00000
   0.28571   0.00000   0.00000   6.00000
   0.33333   0.04762  -0.04762  24.00000
   0.38095   0.09524  -0.09524  24.00000
   0.42857   0.14286  -0.14286  24.00000
   0.47619   0.19048  -0.19048  24.00000
   0.52381   0.23810  -0.23810  24.00000
   0.57143   0.28571  -0.28571  24.00000
   0.61905   0.33333  -0.33333  24.00000
   0.66667   0.38095  -0.38095  24.00000
   0.71429   0.42857  -0.42857  24.00000
   0.76190   0.47619  -0.47619  24.00000
   0.80952   0.52381  -0.52381  24.00000
   0.85714   0.57143  -0.57143  24.00000
   0.90476   0.61905  -0.61905  24.00000
   0.95238   0.66667  -0.66667  24.00000
   1.00000   0.71429  -0.71429  12.00000
   0.38095   0.00000   0.00000   6.00000
   0.42857   0.04762  -0.04762  24.00000
   0.47619   0.09524  -0.09524  24.00000
   0.52381   0.14286  -0.14286  24.00000
   0.57143   0.19048  -0.19048  24.00000
   0.61905   0.23810  -0.23810  24.00000
   0.66667   0.28571  -0.28571  24.00000
   0.71429   0.33333  -0.33333  24.00000
   0.76190   0.38095  -0.38095  24.00000
   0.80952   0.42857  -0.42857  24.00000
   0.85714   0.47619  -0.47619  24.00000
   0.90476   0.52381  -0.52381  24.00000
   0.95238   0.57143  -0.57143  24.00000
   1.00000   0.61905  -0.61905  12.00000
   0.47619   0.00000   0.00000   6.00000
   0.52381   0.04762  -0.04762  24.00000
   0.57143   0.09524  -0.09524  24.00000
   0.61905   0.14286  -0.14286  24.00000
   0.66667   0.19048  -0.19048  24.00000
   0.71429   0.23810  -0.23810  24.00000
   0.76190   0.28571  -0.28571  24.00000
   0.80952   0.33333  -0.33333  24.00000
   0.85714   0.38095  -0.38095  24.00000
   0.90476   0.42857  -0.42857  24.00000
   0.95238   0.47619  -0.47619  24.00000
   1.00000   0.52381  -0.52381  12.00000
   0.57143   0.00000   0.00000   6.00000
   0.61905   0.04762  -0.04762  24.00000
   0.66667   0.09524  -0.09524  24.00000
   0.71429   0.14286  -0.14286  24.00000
   0.76190   0.19048  -0.19048  24.00000
   0.80952   0.23810  -0.23810  24.00000
   0.85714   0.28571  -0.28571  24.00000
   0.90476   0.33333  -0.33333  24.00000
   0.95238   0.38095  -0.38095  24.00000
   1.00000   0.42857  -0.42857  12.00000
   0.66667   0.00000   0.00000   6.00000
   0.71429   0.04762  -0.04762  24.00000
   0.76190   0.09524  -0.09524  24.00000
   0.80952   0.14286  -0.14286  24.00000
   0.85714   0.19048  -0.19048  24.00000
   0.90476   0.23810  -0.23810  24.00000
   0.95238   0.28571  -0.28571  24.00000
   1.00000   0.33333  -0.33333  12.00000
   0.76190   0.00000   0.00000   6.00000
   0.80952   0.04762  -0.04762  24.00000
   0.85714   0.09524  -0.09524  24.00000
   0.90476   0.14286  -0.14286  24.00000
   0.95238   0.19048  -0.19048  24.00000
   1.00000   0.23810  -0.23810  12.00000
   0.85714   0.00000   0.00000   6.00000
   0.90476   0.04762  -0.04762  24.00000
   0.95238   0.09524  -0.09524  24.00000
   1.00000   0.14286  -0.14286  12.00000
   0.95238   0.00000   0.00000   6.00000
   1.00000   0.04762  -0.04762  12.00000
   0.19048   0.09524   0.00000  24.00000
   0.23810   0.14286  -0.04762  48.00000
   0.28571   0.19048  -0.09524  48.00000
   0.33333   0.23810  -0.14286  48.00000
   0.38095   0.28571  -0.19048  48.00000
   0.42857   0.33333  -0.23810  48.00000
   0.47619   0.38095  -0.28571  48.00000
   0.52381   0.42857  -0.33333  48.00000
   0.57143   0.47619  -0.38095  48.00000
   0.28571   0.09524   0.00000  24.00000
   0.33333   0.14286  -0.04762  48.00000
   0.38095   0.19048  -0.09524  48.00000
   0.42857   0.23810  -0.14286  48.00000
   0.47619   0.28571  -0.19048  48.00000
   0.52381   0.33333  -0.23810  48.00000
   0.57143   0.38095  -0.28571  48.00000
   0.61905   0.42857  -0.33333  48.00000
   0.66667   0.47619  -0.38095  48.00000
   0.71429   0.52381  -0.42857  48.00000
   0.76190   0.57143  -0.47619  48.00000
   0.80952   0.61905  -0.52381  48.00000
   0.85714   0.66667  -0.57143  48.00000
   0.90476   0.71429  -0.61905  48.00000
   0.95238   0.76190  -0.66667  48.00000
   1.00000   0.80952  -0.71429  24.00000
   0.38095   0.09524   0.00000  24.00000
   0.42857   0.14286  -0.04762  48.00000
   0.47619   0.19048  -0.09524  48.00000
   0.52381   0.23810  -0.14286  48.00000
   0.57143   0.28571  -0.19048  48.00000
   0.61905   0.33333  -0.23810  48.00000
   0.66667   0.38095  -0.28571  48.00000
   0.71429   0.42857  -0.33333  48.00000
   0.76190   0.47619  -0.38095  48.00000
   0.80952   0.52381  -0.42857  48.00000
   0.85714   0.57143  -0.47619  48.00000
   0.90476   0.61905  -0.52381  48.00000
   0.95238   0.66667  -0.57143  48.00000
   1.00000   0.71429  -0.61905  24.00000
   0.47619   0.09524   0.00000  24.00000
   0.52381   0.14286  -0.04762  48.00000
   0.57143   0.19048  -0.09524  48.00000
   0.61905   0.23810  -0.14286  48.00000
   0.66667   0.28571  -0.19048  48.00000
   0.71429   0.33333  -0.23810  48.00000
   0.76190   0.38095  -0.28571  48.00000
   0.80952   0.42857  -0.33333  48.00000
   0.85714   0.47619  -0.38095  48.00000
   0.90476   0.52381  -0.42857  48.00000
   0.95238   0.57143  -0.47619  48.00000
   1.00000   0.61905  -0.52381  24.00000
   0.57143   0.09524   0.00000  24.00000
   0.61905   0.14286  -0.04762  48.00000
   0.66667   0.19048  -0.09524  48.00000
   0.71429   0.23810  -0.14286  48.00000
   0.76190   0.28571  -0.19048  48.00000
   0.80952   0.33333  -0.23810  48.00000
   0.85714   0.38095  -0.28571  48.00000
   0.90476   0.42857  -0.33333  48.00000
   0.95238   0.47619  -0.38095  48.00000
   1.00000   0.52381  -0.42857  24.00000
   0.66667   0.09524   0.00000  24.00000
   0.71429   0.14286  -0.04762  48.00000
   0.76190   0.19048  -0.09524  48.00000
   0.80952   0.23810  -0.14286  48.00000
   0.85714   0.28571  -0.19048  48.00000
   0.90476   0.33333  -0.23810  48.00000
   0.95238   0.38095  -0.28571  48.00000
   1.00000   0.42857  -0.33333  24.00000
   0.76190   0.09524   0.00000  24.00000
   0.80952   0.14286  -0.04762  48.00000
   0.85714   0.19048  -0.09524  48.00000
   0.90476   0.23810  -0.14286  48.00000
   0.95238   0.28571  -0.19048  48.00000
   1.00000   0.33333  -0.23810  24.00000
   0.85714   0.09524   0.00000  24.00000
   0.90476   0.14286  -0.04762  48.00000
   0.95238   0.19048  -0.09524  48.00000
   1.00000   0.23810  -0.14286  24.00000
   0.95238   0.09524   0.00000  24.00000
   1.00000   0.14286  -0.04762  24.00000
   0.38095   0.19048   0.00000  24.00000
   0.42857   0.23810  -0.04762  48.00000
   0.47619   0.28571  -0.09524  48.00000
   0.52381   0.33333  -0.14286  48.00000
   0.57143   0.38095  -0.19048  48.00000
   0.61905   0.42857  -0.23810  48.00000
   0.66667   0.47619  -0.28571  48.00000
   0.47619   0.19048   0.00000  24.00000
   0.52381   0.23810  -0.04762  48.00000
   0.57143   0.28571  -0.09524  48.00000
   0.61905   0.33333  -0.14286  48.00000
   0.66667   0.38095  -0.19048  48.00000
   0.71429   0.42857  -0.23810  48.00000
   0.76190   0.47619  -0.28571  48.00000
   0.80952   0.52381  -0.33333  48.00000
   0.85714   0.57143  -0.38095  48.00000
   0.90476   0.61905  -0.42857  48.00000
   0.95238   0.66667  -0.47619  48.00000
   1.00000   0.71429  -0.52381  24.00000
   0.57143   0.19048   0.00000  24.00000
   0.61905   0.23810  -0.04762  48.00000
   0.66667   0.28571  -0.09524  48.00000
   0.71429   0.33333  -0.14286  48.00000
   0.76190   0.38095  -0.19048  48.00000
   0.80952   0.42857  -0.23810  48.00000
   0.85714   0.47619  -0.28571  48.00000
   0.90476   0.52381  -0.33333  48.00000
   0.95238   0.57143  -0.38095  48.00000
   1.00000   0.61905  -0.42857  24.00000
   0.66667   0.19048   0.00000  24.00000
   0.71429   0.23810  -0.04762  48.00000
   0.76190   0.28571  -0.09524  48.00000
   0.80952   0.33333  -0.14286  48.00000
   0.85714   0.38095  -0.19048  48.00000
   0.90476   0.42857  -0.23810  48.00000
   0.95238   0.47619  -0.28571  48.00000
   1.00000   0.52381  -0.33333  24.00000
   0.76190   0.19048   0.00000  24.00000
   0.80952   0.23810  -0.04762  48.00000
   0.85714   0.28571  -0.09524  48.00000
   0.90476   0.33333  -0.14286  48.00000
   0.95238   0.38095  -0.19048  48.00000
   1.00000   0.42857  -0.23810  24.00000
   0.85714   0.19048   0.00000  24.00000
   0.90476   0.23810  -0.04762  48.00000
   0.95238   0.28571  -0.09524  48.00000
   1.00000   0.33333  -0.14286  24.00000
   0.95238   0.19048   0.00000  24.00000
   1.00000   0.23810  -0.04762  24.00000
   0.57143   0.28571   0.00000  24.00000
   0.61905   0.33333  -0.04762  48.00000
   0.66667   0.38095  -0.09524  48.00000
   0.71429   0.42857  -0.14286  48.00000
   0.76190   0.47619  -0.19048  48.00000
   0.66667   0.28571   0.00000  24.00000
   0.71429   0.33333  -0.04762  48.00000
   0.76190   0.38095  -0.09524  48.00000
   0.80952   0.42857  -0.14286  48.00000
   0.85714   0.47619  -0.19048  48.00000
   0.90476   0.52381  -0.23810  48.00000
   0.95238   0.57143  -0.28571  48.00000
   1.00000   0.61905  -0.33333  24.00000
   0.76190   0.28571   0.00000  24.00000
   0.80952   0.33333  -0.04762  48.00000
   0.85714   0.38095  -0.09524  48.00000
   0.90476   0.42857  -0.14286  48.00000
   0.95238   0.47619  -0.19048  48.00000
   1.00000   0.52381  -0.23810  24.00000
   0.85714   0.28571   0.00000  24.00000
   0.90476   0.33333  -0.04762  48.00000
   0.95238   0.38095  -0.09524  48.00000
   1.00000   0.42857  -0.14286  24.00000
   0.95238   0.28571   0.00000  24.00000
   1.00000   0.33333  -0.04762  24.00000
   0.76190   0.38095   0.00000  24.00000
   0.80952   0.42857  -0.04762  48.00000
   0.85714   0.47619  -0.09524  48.00000
   0.85714   0.38095   0.00000  24.00000
   0.90476   0.42857  -0.04762  48.00000
   0.95238   0.47619  -0.09524  48.00000
   1.00000   0.52381  -0.14286  24.00000
   0.95238   0.38095   0.00000  24.00000
   1.00000   0.42857  -0.04762  24.00000
   0.95238   0.47619   0.00000  24.00000




                              --------------------------------------------------
                                 S T R U C T U R A L   I N F O R M A T I O N
                              --------------------------------------------------


   SUBSTANCE                    = cubic fcc  (delta)                                                              

   LATTICE                      = F   
   LATTICE CONSTANTS ARE        =    7.3148960   7.3148960   7.3148960
   NUMBER OF ATOMS IN UNITCELL  =   1
   MODE OF CALCULATION IS       = RELA
 IORD=          48
 FNAMES=
 ./delta_Pu_0.vectorso_1                                                        
                                                                                
                                           
 ./delta_Pu_0.vectorsodn_1                                                      
                                                                                
                                           
 delta_Pu_0.energyso_1                                                          
                                                                                
                                           
 delta_Pu_0.energysodn_1                                                        
                                                                                
                                           
  BR1,  BR2
   0.85896   0.00000   0.00000     -0.85896   0.85896   0.85896
   0.00000   0.85896   0.00000      0.85896  -0.85896   0.85896
   0.00000   0.00000   0.85896      0.85896   0.85896  -0.85896
 projector corrected--must be 1,2, or 3! Now projector= 2
 Energy window:   -0.4410 < E <      0.441
 Projected density of states calculation for  1 atoms
--------- atom  1 -------------
l=  3  qsplit=  4
 Symmetrization over eq. k-points is performed
 ********** Start Reading Cix file *************
  Correlated block number           1
  Correlated index=
  1  0  0  0  0  0  0  0  0  0  0  0  0  0
  0  1  0  0  0  0  0  0  0  0  0  0  0  0
  0  0  1  0  0  0  0  0  0  0  0  0  0  0
  0  0  0  1  0  0  0  0  0  0  0  0  0  0
  0  0  0  0  1  0  0  0  0  0  0  0  0  0
  0  0  0  0  0  1  0  0  0  0  0  0  0  0
  0  0  0  0  0  0  2  0  0  0  0  0  0  0
  0  0  0  0  0  0  0  2  0  0  0  0  0  0
  0  0  0  0  0  0  0  0  2  0  0  0  0  0
  0  0  0  0  0  0  0  0  0  2  0  0  0  0
  0  0  0  0  0  0  0  0  0  0  2  0  0  0
  0  0  0  0  0  0  0  0  0  0  0  2  0  0
  0  0  0  0  0  0  0  0  0  0  0  0  2  0
  0  0  0  0  0  0  0  0  0  0  0  0  0  2
  Real part of unitary matrix=
  0.9258  0.0000  0.0000  0.0000  0.0000  0.0000  0.0000  0.0000 -0.3780  0.0000  0.0000  0.0000  0.0000  0.0000
  0.0000  0.8452  0.0000  0.0000  0.0000  0.0000  0.0000  0.0000  0.0000 -0.5345  0.0000  0.0000  0.0000  0.0000
  0.0000  0.0000  0.7559  0.0000  0.0000  0.0000  0.0000  0.0000  0.0000  0.0000 -0.6547  0.0000  0.0000  0.0000
  0.0000  0.0000  0.0000  0.6547  0.0000  0.0000  0.0000  0.0000  0.0000  0.0000  0.0000 -0.7559  0.0000  0.0000
  0.0000  0.0000  0.0000  0.0000  0.5345  0.0000  0.0000  0.0000  0.0000  0.0000  0.0000  0.0000 -0.8452  0.0000
  0.0000  0.0000  0.0000  0.0000  0.0000  0.3780  0.0000  0.0000  0.0000  0.0000  0.0000  0.0000  0.0000 -0.9258
  0.0000  0.0000  0.0000  0.0000  0.0000  0.0000  0.0000  1.0000  0.0000  0.0000  0.0000  0.0000  0.0000  0.0000
  0.3780  0.0000  0.0000  0.0000  0.0000  0.0000  0.0000  0.0000  0.9258  0.0000  0.0000  0.0000  0.0000  0.0000
  0.0000  0.5345  0.0000  0.0000  0.0000  0.0000  0.0000  0.0000  0.0000  0.8452  0.0000  0.0000  0.0000  0.0000
  0.0000  0.0000  0.6547  0.0000  0.0000  0.0000  0.0000  0.0000  0.0000  0.0000  0.7559  0.0000  0.0000  0.0000
  0.0000  0.0000  0.0000  0.7559  0.0000  0.0000  0.0000  0.0000  0.0000  0.0000  0.0000  0.6547  0.0000  0.0000
  0.0000  0.0000  0.0000  0.0000  0.8452  0.0000  0.0000  0.0000  0.0000  0.0000  0.0000  0.0000  0.5345  0.0000
  0.0000  0.0000  0.0000  0.0000  0.0000  0.9258  0.0000  0.0000  0.0000  0.0000  0.0000  0.0000  0.0000  0.3780
  0.0000  0.0000  0.0000  0.0000  0.0000  0.0000  1.0000  0.0000  0.0000  0.0000  0.0000  0.0000  0.0000  0.0000
  Imaginary part of unitary matrix=
  0.0000  0.0000  0.0000  0.0000  0.0000  0.0000  0.0000  0.0000  0.0000  0.0000  0.0000  0.0000  0.0000  0.0000
  0.0000  0.0000  0.0000  0.0000  0.0000  0.0000  0.0000  0.0000  0.0000  0.0000  0.0000  0.0000  0.0000  0.0000
  0.0000  0.0000  0.0000  0.0000  0.0000  0.0000  0.0000  0.0000  0.0000  0.0000  0.0000  0.0000  0.0000  0.0000
  0.0000  0.0000  0.0000  0.0000  0.0000  0.0000  0.0000  0.0000  0.0000  0.0000  0.0000  0.0000  0.0000  0.0000
  0.0000  0.0000  0.0000  0.0000  0.0000  0.0000  0.0000  0.0000  0.0000  0.0000  0.0000  0.0000  0.0000  0.0000
  0.0000  0.0000  0.0000  0.0000  0.0000  0.0000  0.0000  0.0000  0.0000  0.0000  0.0000  0.0000  0.0000  0.0000
  0.0000  0.0000  0.0000  0.0000  0.0000  0.0000  0.0000  0.0000  0.0000  0.0000  0.0000  0.0000  0.0000  0.0000
  0.0000  0.0000  0.0000  0.0000  0.0000  0.0000  0.0000  0.0000  0.0000  0.0000  0.0000  0.0000  0.0000  0.0000
  0.0000  0.0000  0.0000  0.0000  0.0000  0.0000  0.0000  0.0000  0.0000  0.0000  0.0000  0.0000  0.0000  0.0000
  0.0000  0.0000  0.0000  0.0000  0.0000  0.0000  0.0000  0.0000  0.0000  0.0000  0.0000  0.0000  0.0000  0.0000
  0.0000  0.0000  0.0000  0.0000  0.0000  0.0000  0.0000  0.0000  0.0000  0.0000  0.0000  0.0000  0.0000  0.0000
  0.0000  0.0000  0.0000  0.0000  0.0000  0.0000  0.0000  0.0000  0.0000  0.0000  0.0000  0.0000  0.0000  0.0000
  0.0000  0.0000  0.0000  0.0000  0.0000  0.0000  0.0000  0.0000  0.0000  0.0000  0.0000  0.0000  0.0000  0.0000
  0.0000  0.0000  0.0000  0.0000  0.0000  0.0000  0.0000  0.0000  0.0000  0.0000  0.0000  0.0000  0.0000  0.0000
  At least one transformation matrix is not Identity
 Magnetic system with s-o coupling; M theta, phi:  0.0000  0.0000
 Inside ROTDEF
Operation  1 transforms atom   1 from first atom   1
Actual position of atom  1 is:  0.000000    0.000000    0.000000
 
Combined transformation (acting on k-point) for correlated atoms
including users rotation and internal local rotation
catom  1 atom   1
   0.85896   0.00000   0.00000
   0.00000  -0.85896   0.00000
   0.00000   0.00000  -0.85896
 
 
 SPIN COORD SYSTEM:
    1.000000    0.000000    0.000000
    0.000000    1.000000    0.000000
    0.000000    0.000000    1.000000
 
 in global cartezian coordinates:
    1.000000    0.000000    0.000000
    0.000000   -1.000000    0.000000
    0.000000    0.000000   -1.000000
 ____________________________
 in spin coordinates:
    1.000000    0.000000    0.000000
    0.000000   -1.000000    0.000000
    0.000000    0.000000   -1.000000
           1   3.14159265358979       -1.00000000000000     
 
 in global cartezian coordinates:
    1.000000    0.000000    0.000000
    0.000000    0.000000   -1.000000
    0.000000   -1.000000    0.000000
 ____________________________
 in spin coordinates:
    1.000000    0.000000    0.000000
    0.000000    0.000000   -1.000000
    0.000000   -1.000000    0.000000
           2   1.57079632679490       0.000000000000000E+000
 
 symm. operation            2  removed !!!! so-det=  0.000000000000000E+000
 in global cartezian coordinates:
   -1.000000    0.000000    0.000000
    0.000000   -1.000000    0.000000
    0.000000    0.000000   -1.000000
 ____________________________
 in spin coordinates:
   -1.000000    0.000000    0.000000
    0.000000   -1.000000    0.000000
    0.000000    0.000000   -1.000000
           3  0.000000000000000E+000   1.00000000000000     
 
 in global cartezian coordinates:
   -1.000000    0.000000    0.000000
    0.000000    0.000000   -1.000000
    0.000000   -1.000000    0.000000
 ____________________________
 in spin coordinates:
   -1.000000    0.000000    0.000000
    0.000000    0.000000   -1.000000
    0.000000   -1.000000    0.000000
           4   1.57079632679490       0.000000000000000E+000
 
 symm. operation            4  removed !!!! so-det=  0.000000000000000E+000
 in global cartezian coordinates:
    0.000000   -1.000000    0.000000
    1.000000    0.000000    0.000000
    0.000000    0.000000   -1.000000
 ____________________________
 in spin coordinates:
    0.000000   -1.000000    0.000000
    1.000000    0.000000    0.000000
    0.000000    0.000000   -1.000000
           5  -1.57079632679490        1.00000000000000     
 
 in global cartezian coordinates:
    0.000000   -1.000000    0.000000
    0.000000    0.000000   -1.000000
    1.000000    0.000000    0.000000
 ____________________________
 in spin coordinates:
    0.000000   -1.000000    0.000000
    0.000000    0.000000   -1.000000
    1.000000    0.000000    0.000000
           6 NaN                      0.000000000000000E+000
 
 symm. operation            6  removed !!!! so-det=  0.000000000000000E+000
 in global cartezian coordinates:
    0.000000    1.000000    0.000000
    1.000000    0.000000    0.000000
    0.000000    0.000000   -1.000000
 ____________________________
 in spin coordinates:
    0.000000    1.000000    0.000000
    1.000000    0.000000    0.000000
    0.000000    0.000000   -1.000000
           7   1.57079632679490       -1.00000000000000     
 
 in global cartezian coordinates:
    0.000000    1.000000    0.000000
    0.000000    0.000000   -1.000000
    1.000000    0.000000    0.000000
 ____________________________
 in spin coordinates:
    0.000000    1.000000    0.000000
    0.000000    0.000000   -1.000000
    1.000000    0.000000    0.000000
           8 NaN                      0.000000000000000E+000
 
 symm. operation            8  removed !!!! so-det=  0.000000000000000E+000
 in global cartezian coordinates:
    0.000000    0.000000   -1.000000
    1.000000    0.000000    0.000000
    0.000000   -1.000000    0.000000
 ____________________________
 in spin coordinates:
    0.000000    0.000000   -1.000000
    1.000000    0.000000    0.000000
    0.000000   -1.000000    0.000000
           9   1.57079632679490       0.000000000000000E+000
 
 symm. operation            9  removed !!!! so-det=  0.000000000000000E+000
 in global cartezian coordinates:
    0.000000    0.000000   -1.000000
    0.000000   -1.000000    0.000000
    1.000000    0.000000    0.000000
 ____________________________
 in spin coordinates:
    0.000000    0.000000   -1.000000
    0.000000   -1.000000    0.000000
    1.000000    0.000000    0.000000
          10   1.57079632679490       0.000000000000000E+000
 
 symm. operation           10  removed !!!! so-det=  0.000000000000000E+000
 in global cartezian coordinates:
    0.000000    0.000000    1.000000
    1.000000    0.000000    0.000000
    0.000000   -1.000000    0.000000
 ____________________________
 in spin coordinates:
    0.000000    0.000000    1.000000
    1.000000    0.000000    0.000000
    0.000000   -1.000000    0.000000
          11   1.57079632679490       0.000000000000000E+000
 
 symm. operation           11  removed !!!! so-det=  0.000000000000000E+000
 in global cartezian coordinates:
    0.000000    0.000000    1.000000
    0.000000   -1.000000    0.000000
    1.000000    0.000000    0.000000
 ____________________________
 in spin coordinates:
    0.000000    0.000000    1.000000
    0.000000   -1.000000    0.000000
    1.000000    0.000000    0.000000
          12   1.57079632679490       0.000000000000000E+000
 
 symm. operation           12  removed !!!! so-det=  0.000000000000000E+000
 in global cartezian coordinates:
    0.000000   -1.000000    0.000000
   -1.000000    0.000000    0.000000
    0.000000    0.000000   -1.000000
 ____________________________
 in spin coordinates:
    0.000000   -1.000000    0.000000
   -1.000000    0.000000    0.000000
    0.000000    0.000000   -1.000000
          13   4.71238898038469       -1.00000000000000     
 
 in global cartezian coordinates:
    0.000000    1.000000    0.000000
   -1.000000    0.000000    0.000000
    0.000000    0.000000   -1.000000
 ____________________________
 in spin coordinates:
    0.000000    1.000000    0.000000
   -1.000000    0.000000    0.000000
    0.000000    0.000000   -1.000000
          14   1.57079632679490        1.00000000000000     
 
 in global cartezian coordinates:
    0.000000   -1.000000    0.000000
    0.000000    0.000000   -1.000000
   -1.000000    0.000000    0.000000
 ____________________________
 in spin coordinates:
    0.000000   -1.000000    0.000000
    0.000000    0.000000   -1.000000
   -1.000000    0.000000    0.000000
          15 NaN                      0.000000000000000E+000
 
 symm. operation           15  removed !!!! so-det=  0.000000000000000E+000
 in global cartezian coordinates:
    0.000000    1.000000    0.000000
    0.000000    0.000000   -1.000000
   -1.000000    0.000000    0.000000
 ____________________________
 in spin coordinates:
    0.000000    1.000000    0.000000
    0.000000    0.000000   -1.000000
   -1.000000    0.000000    0.000000
          16 NaN                      0.000000000000000E+000
 
 symm. operation           16  removed !!!! so-det=  0.000000000000000E+000
 in global cartezian coordinates:
    1.000000    0.000000    0.000000
    0.000000    1.000000    0.000000
    0.000000    0.000000   -1.000000
 ____________________________
 in spin coordinates:
    1.000000    0.000000    0.000000
    0.000000    1.000000    0.000000
    0.000000    0.000000   -1.000000
          17   3.14159274101257        1.00000000000000     
 
 in global cartezian coordinates:
   -1.000000    0.000000    0.000000
    0.000000    1.000000    0.000000
    0.000000    0.000000   -1.000000
 ____________________________
 in spin coordinates:
   -1.000000    0.000000    0.000000
    0.000000    1.000000    0.000000
    0.000000    0.000000   -1.000000
          18   6.28318539460237       -1.00000000000000     
 
 in global cartezian coordinates:
    1.000000    0.000000    0.000000
    0.000000    0.000000   -1.000000
    0.000000    1.000000    0.000000
 ____________________________
 in spin coordinates:
    1.000000    0.000000    0.000000
    0.000000    0.000000   -1.000000
    0.000000    1.000000    0.000000
          19   1.57079632679490       0.000000000000000E+000
 
 symm. operation           19  removed !!!! so-det=  0.000000000000000E+000
 in global cartezian coordinates:
   -1.000000    0.000000    0.000000
    0.000000    0.000000   -1.000000
    0.000000    1.000000    0.000000
 ____________________________
 in spin coordinates:
   -1.000000    0.000000    0.000000
    0.000000    0.000000   -1.000000
    0.000000    1.000000    0.000000
          20   1.57079632679490       0.000000000000000E+000
 
 symm. operation           20  removed !!!! so-det=  0.000000000000000E+000
 in global cartezian coordinates:
    0.000000    0.000000   -1.000000
   -1.000000    0.000000    0.000000
    0.000000   -1.000000    0.000000
 ____________________________
 in spin coordinates:
    0.000000    0.000000   -1.000000
   -1.000000    0.000000    0.000000
    0.000000   -1.000000    0.000000
          21   1.57079632679490       0.000000000000000E+000
 
 symm. operation           21  removed !!!! so-det=  0.000000000000000E+000
 in global cartezian coordinates:
    0.000000    0.000000   -1.000000
    0.000000   -1.000000    0.000000
   -1.000000    0.000000    0.000000
 ____________________________
 in spin coordinates:
    0.000000    0.000000   -1.000000
    0.000000   -1.000000    0.000000
   -1.000000    0.000000    0.000000
          22   1.57079632679490       0.000000000000000E+000
 
 symm. operation           22  removed !!!! so-det=  0.000000000000000E+000
 in global cartezian coordinates:
    0.000000    0.000000    1.000000
   -1.000000    0.000000    0.000000
    0.000000   -1.000000    0.000000
 ____________________________
 in spin coordinates:
    0.000000    0.000000    1.000000
   -1.000000    0.000000    0.000000
    0.000000   -1.000000    0.000000
          23   1.57079632679490       0.000000000000000E+000
 
 symm. operation           23  removed !!!! so-det=  0.000000000000000E+000
 in global cartezian coordinates:
    0.000000    0.000000    1.000000
    0.000000   -1.000000    0.000000
   -1.000000    0.000000    0.000000
 ____________________________
 in spin coordinates:
    0.000000    0.000000    1.000000
    0.000000   -1.000000    0.000000
   -1.000000    0.000000    0.000000
          24   1.57079632679490       0.000000000000000E+000
 
 symm. operation           24  removed !!!! so-det=  0.000000000000000E+000
 in global cartezian coordinates:
    0.000000    0.000000   -1.000000
    0.000000    1.000000    0.000000
    1.000000    0.000000    0.000000
 ____________________________
 in spin coordinates:
    0.000000    0.000000   -1.000000
    0.000000    1.000000    0.000000
    1.000000    0.000000    0.000000
          25   1.57079632679490       0.000000000000000E+000
 
 symm. operation           25  removed !!!! so-det=  0.000000000000000E+000
 in global cartezian coordinates:
    0.000000    0.000000   -1.000000
    1.000000    0.000000    0.000000
    0.000000    1.000000    0.000000
 ____________________________
 in spin coordinates:
    0.000000    0.000000   -1.000000
    1.000000    0.000000    0.000000
    0.000000    1.000000    0.000000
          26   1.57079632679490       0.000000000000000E+000
 
 symm. operation           26  removed !!!! so-det=  0.000000000000000E+000
 in global cartezian coordinates:
    0.000000    0.000000    1.000000
    0.000000    1.000000    0.000000
    1.000000    0.000000    0.000000
 ____________________________
 in spin coordinates:
    0.000000    0.000000    1.000000
    0.000000    1.000000    0.000000
    1.000000    0.000000    0.000000
          27   1.57079632679490       0.000000000000000E+000
 
 symm. operation           27  removed !!!! so-det=  0.000000000000000E+000
 in global cartezian coordinates:
    0.000000    0.000000    1.000000
    1.000000    0.000000    0.000000
    0.000000    1.000000    0.000000
 ____________________________
 in spin coordinates:
    0.000000    0.000000    1.000000
    1.000000    0.000000    0.000000
    0.000000    1.000000    0.000000
          28   1.57079632679490       0.000000000000000E+000
 
 symm. operation           28  removed !!!! so-det=  0.000000000000000E+000
 in global cartezian coordinates:
    1.000000    0.000000    0.000000
    0.000000    0.000000    1.000000
    0.000000   -1.000000    0.000000
 ____________________________
 in spin coordinates:
    1.000000    0.000000    0.000000
    0.000000    0.000000    1.000000
    0.000000   -1.000000    0.000000
          29   1.57079632679490       0.000000000000000E+000
 
 symm. operation           29  removed !!!! so-det=  0.000000000000000E+000
 in global cartezian coordinates:
   -1.000000    0.000000    0.000000
    0.000000    0.000000    1.000000
    0.000000   -1.000000    0.000000
 ____________________________
 in spin coordinates:
   -1.000000    0.000000    0.000000
    0.000000    0.000000    1.000000
    0.000000   -1.000000    0.000000
          30   1.57079632679490       0.000000000000000E+000
 
 symm. operation           30  removed !!!! so-det=  0.000000000000000E+000
 in global cartezian coordinates:
    1.000000    0.000000    0.000000
    0.000000   -1.000000    0.000000
    0.000000    0.000000    1.000000
 ____________________________
 in spin coordinates:
    1.000000    0.000000    0.000000
    0.000000   -1.000000    0.000000
    0.000000    0.000000    1.000000
          31   6.28318539460237       -1.00000000000000     
 
 in global cartezian coordinates:
   -1.000000    0.000000    0.000000
    0.000000   -1.000000    0.000000
    0.000000    0.000000    1.000000
 ____________________________
 in spin coordinates:
   -1.000000    0.000000    0.000000
    0.000000   -1.000000    0.000000
    0.000000    0.000000    1.000000
          32   3.14159274101257        1.00000000000000     
 
 in global cartezian coordinates:
    0.000000   -1.000000    0.000000
    0.000000    0.000000    1.000000
    1.000000    0.000000    0.000000
 ____________________________
 in spin coordinates:
    0.000000   -1.000000    0.000000
    0.000000    0.000000    1.000000
    1.000000    0.000000    0.000000
          33 NaN                      0.000000000000000E+000
 
 symm. operation           33  removed !!!! so-det=  0.000000000000000E+000
 in global cartezian coordinates:
    0.000000    1.000000    0.000000
    0.000000    0.000000    1.000000
    1.000000    0.000000    0.000000
 ____________________________
 in spin coordinates:
    0.000000    1.000000    0.000000
    0.000000    0.000000    1.000000
    1.000000    0.000000    0.000000
          34 NaN                      0.000000000000000E+000
 
 symm. operation           34  removed !!!! so-det=  0.000000000000000E+000
 in global cartezian coordinates:
    0.000000   -1.000000    0.000000
    1.000000    0.000000    0.000000
    0.000000    0.000000    1.000000
 ____________________________
 in spin coordinates:
    0.000000   -1.000000    0.000000
    1.000000    0.000000    0.000000
    0.000000    0.000000    1.000000
          35   1.57079632679490        1.00000000000000     
 
 in global cartezian coordinates:
    0.000000    1.000000    0.000000
    1.000000    0.000000    0.000000
    0.000000    0.000000    1.000000
 ____________________________
 in spin coordinates:
    0.000000    1.000000    0.000000
    1.000000    0.000000    0.000000
    0.000000    0.000000    1.000000
          36   4.71238898038469       -1.00000000000000     
 
 in global cartezian coordinates:
    0.000000    0.000000   -1.000000
    0.000000    1.000000    0.000000
   -1.000000    0.000000    0.000000
 ____________________________
 in spin coordinates:
    0.000000    0.000000   -1.000000
    0.000000    1.000000    0.000000
   -1.000000    0.000000    0.000000
          37   1.57079632679490       0.000000000000000E+000
 
 symm. operation           37  removed !!!! so-det=  0.000000000000000E+000
 in global cartezian coordinates:
    0.000000    0.000000   -1.000000
   -1.000000    0.000000    0.000000
    0.000000    1.000000    0.000000
 ____________________________
 in spin coordinates:
    0.000000    0.000000   -1.000000
   -1.000000    0.000000    0.000000
    0.000000    1.000000    0.000000
          38   1.57079632679490       0.000000000000000E+000
 
 symm. operation           38  removed !!!! so-det=  0.000000000000000E+000
 in global cartezian coordinates:
    0.000000    0.000000    1.000000
    0.000000    1.000000    0.000000
   -1.000000    0.000000    0.000000
 ____________________________
 in spin coordinates:
    0.000000    0.000000    1.000000
    0.000000    1.000000    0.000000
   -1.000000    0.000000    0.000000
          39   1.57079632679490       0.000000000000000E+000
 
 symm. operation           39  removed !!!! so-det=  0.000000000000000E+000
 in global cartezian coordinates:
    0.000000    0.000000    1.000000
   -1.000000    0.000000    0.000000
    0.000000    1.000000    0.000000
 ____________________________
 in spin coordinates:
    0.000000    0.000000    1.000000
   -1.000000    0.000000    0.000000
    0.000000    1.000000    0.000000
          40   1.57079632679490       0.000000000000000E+000
 
 symm. operation           40  removed !!!! so-det=  0.000000000000000E+000
 in global cartezian coordinates:
    0.000000   -1.000000    0.000000
    0.000000    0.000000    1.000000
   -1.000000    0.000000    0.000000
 ____________________________
 in spin coordinates:
    0.000000   -1.000000    0.000000
    0.000000    0.000000    1.000000
   -1.000000    0.000000    0.000000
          41 NaN                      0.000000000000000E+000
 
 symm. operation           41  removed !!!! so-det=  0.000000000000000E+000
 in global cartezian coordinates:
    0.000000   -1.000000    0.000000
   -1.000000    0.000000    0.000000
    0.000000    0.000000    1.000000
 ____________________________
 in spin coordinates:
    0.000000   -1.000000    0.000000
   -1.000000    0.000000    0.000000
    0.000000    0.000000    1.000000
          42   1.57079632679490       -1.00000000000000     
 
 in global cartezian coordinates:
    0.000000    1.000000    0.000000
    0.000000    0.000000    1.000000
   -1.000000    0.000000    0.000000
 ____________________________
 in spin coordinates:
    0.000000    1.000000    0.000000
    0.000000    0.000000    1.000000
   -1.000000    0.000000    0.000000
          43 NaN                      0.000000000000000E+000
 
 symm. operation           43  removed !!!! so-det=  0.000000000000000E+000
 in global cartezian coordinates:
    0.000000    1.000000    0.000000
   -1.000000    0.000000    0.000000
    0.000000    0.000000    1.000000
 ____________________________
 in spin coordinates:
    0.000000    1.000000    0.000000
   -1.000000    0.000000    0.000000
    0.000000    0.000000    1.000000
          44  -1.57079632679490        1.00000000000000     
 
 in global cartezian coordinates:
    1.000000    0.000000    0.000000
    0.000000    0.000000    1.000000
    0.000000    1.000000    0.000000
 ____________________________
 in spin coordinates:
    1.000000    0.000000    0.000000
    0.000000    0.000000    1.000000
    0.000000    1.000000    0.000000
          45   1.57079632679490       0.000000000000000E+000
 
 symm. operation           45  removed !!!! so-det=  0.000000000000000E+000
 in global cartezian coordinates:
    1.000000    0.000000    0.000000
    0.000000    1.000000    0.000000
    0.000000    0.000000    1.000000
 ____________________________
 in spin coordinates:
    1.000000    0.000000    0.000000
    0.000000    1.000000    0.000000
    0.000000    0.000000    1.000000
          46  0.000000000000000E+000   1.00000000000000     
 
 in global cartezian coordinates:
   -1.000000    0.000000    0.000000
    0.000000    0.000000    1.000000
    0.000000    1.000000    0.000000
 ____________________________
 in spin coordinates:
   -1.000000    0.000000    0.000000
    0.000000    0.000000    1.000000
    0.000000    1.000000    0.000000
          47   1.57079632679490       0.000000000000000E+000
 
 symm. operation           47  removed !!!! so-det=  0.000000000000000E+000
 in global cartezian coordinates:
   -1.000000    0.000000    0.000000
    0.000000    1.000000    0.000000
    0.000000    0.000000    1.000000
 ____________________________
 in spin coordinates:
   -1.000000    0.000000    0.000000
    0.000000    1.000000    0.000000
    0.000000    0.000000    1.000000
          48   3.14159265358979       -1.00000000000000     
 
 Original and SO-compatible symops changed:          48          16
 FNAME=
 delta_Pu_0.energyso_1                                                          
                                                                                
                                                     60
 FNAME=
 delta_Pu_0.energysodn_1                                                        
                                                                                
                                                     59
 BZ-integration with TETRA-program.   icor=: 1
 Equal occupancy of degenerate states, tol=: 0.1E-05
 call eord...
 call dos...
 ILOOP            1
 ILOOP            2
   FERMI ENERGY AT    2.02921569203979     
 RESULT OF INTEGRATION:      15.999999999864; SHOULD BE:      15.999999999900
   SUM RULE OF TETRAHEDRON INTEGRATION CHECKED 
 call eweigh...
   number of occupied bands:          18
   highest energy:   2.05494845063293     
 FERMI-LDA=   2.029 Ryd,  27.609 eV.
 ABSOLUTE EMIN=   1.588 Ryd.  21.609 eV.
 ABSOLUTE EMAX=   2.470 Ryd.  33.609 eV.


:NLDA  : NUMBER OF ELECTRONS          =  16.000

:FLDA  : F E R M I - ENERGY           =   2.02922
 
 ********** Information about the atomic index arrays ************
 iatom=           1
 isort=           1
 csort=           1
 maxucase=           1
icase, iucase, jatom, latom=     1     1     1     1
 
 *****  Arrays for correlated blocks ******
 norbitals=           1
 maxdim2=          14
iorbital( 1, 1)=   1
cix( 1, 1)=   1
icase,lcase,icix,iorb,nind1,ip1,iSx=    1    1    1    1   14    1    1
icase,lcase,icix,iorb,nind1,ip1,iSx=    1    1    1    1   14    2    2
icase,lcase,icix,iorb,nind1,ip1,iSx=    1    1    1    1   14    3    3
icase,lcase,icix,iorb,nind1,ip1,iSx=    1    1    1    1   14    4    4
icase,lcase,icix,iorb,nind1,ip1,iSx=    1    1    1    1   14    5    5
icase,lcase,icix,iorb,nind1,ip1,iSx=    1    1    1    1   14    6    6
icase,lcase,icix,iorb,nind1,ip1,iSx=    1    1    1    1   14    7    7
icase,lcase,icix,iorb,nind1,ip1,iSx=    1    1    1    1   14    8    8
icase,lcase,icix,iorb,nind1,ip1,iSx=    1    1    1    1   14    9    9
icase,lcase,icix,iorb,nind1,ip1,iSx=    1    1    1    1   14   10   10
icase,lcase,icix,iorb,nind1,ip1,iSx=    1    1    1    1   14   11   11
icase,lcase,icix,iorb,nind1,ip1,iSx=    1    1    1    1   14   12   12
icase,lcase,icix,iorb,nind1,ip1,iSx=    1    1    1    1   14   13   13
icase,lcase,icix,iorb,nind1,ip1,iSx=    1    1    1    1   14   14   14
cixdim( 1)=14
noccur( 1, 1)=   6
noccur( 2, 1)=   8
iSx( 1, 1)=  1
iSx( 2, 1)=  2
iSx( 3, 1)=  3
iSx( 4, 1)=  4
iSx( 5, 1)=  5
iSx( 6, 1)=  6
iSx( 7, 1)=  7
iSx( 8, 1)=  8
iSx( 9, 1)=  9
iSx(10, 1)= 10
iSx(11, 1)= 11
iSx(12, 1)= 12
iSx(13, 1)= 13
iSx(14, 1)= 14
nindo( 1)= 14
CF for iorb1= 1 iorb2= 1
    0.92582010     0.00000000       0.00000000     0.00000000       0.00000000     0.00000000       0.00000000     0.00000000       0.00000000     0.00000000       0.00000000     0.00000000       0.00000000     0.00000000       0.00000000     0.00000000      -0.37796447     0.00000000       0.00000000     0.00000000       0.00000000     0.00000000       0.00000000     0.00000000       0.00000000     0.00000000       0.00000000     0.00000000   
    0.00000000     0.00000000       0.84515425     0.00000000       0.00000000     0.00000000       0.00000000     0.00000000       0.00000000     0.00000000       0.00000000     0.00000000       0.00000000     0.00000000       0.00000000     0.00000000       0.00000000     0.00000000      -0.53452248     0.00000000       0.00000000     0.00000000       0.00000000     0.00000000       0.00000000     0.00000000       0.00000000     0.00000000   
    0.00000000     0.00000000       0.00000000     0.00000000       0.75592895     0.00000000       0.00000000     0.00000000       0.00000000     0.00000000       0.00000000     0.00000000       0.00000000     0.00000000       0.00000000     0.00000000       0.00000000     0.00000000       0.00000000     0.00000000      -0.65465367     0.00000000       0.00000000     0.00000000       0.00000000     0.00000000       0.00000000     0.00000000   
    0.00000000     0.00000000       0.00000000     0.00000000       0.00000000     0.00000000       0.65465367     0.00000000       0.00000000     0.00000000       0.00000000     0.00000000       0.00000000     0.00000000       0.00000000     0.00000000       0.00000000     0.00000000       0.00000000     0.00000000       0.00000000     0.00000000      -0.75592895     0.00000000       0.00000000     0.00000000       0.00000000     0.00000000   
    0.00000000     0.00000000       0.00000000     0.00000000       0.00000000     0.00000000       0.00000000     0.00000000       0.53452248     0.00000000       0.00000000     0.00000000       0.00000000     0.00000000       0.00000000     0.00000000       0.00000000     0.00000000       0.00000000     0.00000000       0.00000000     0.00000000       0.00000000     0.00000000      -0.84515425     0.00000000       0.00000000     0.00000000   
    0.00000000     0.00000000       0.00000000     0.00000000       0.00000000     0.00000000       0.00000000     0.00000000       0.00000000     0.00000000       0.37796447     0.00000000       0.00000000     0.00000000       0.00000000     0.00000000       0.00000000     0.00000000       0.00000000     0.00000000       0.00000000     0.00000000       0.00000000     0.00000000       0.00000000     0.00000000      -0.92582010     0.00000000   
    0.00000000     0.00000000       0.00000000     0.00000000       0.00000000     0.00000000       0.00000000     0.00000000       0.00000000     0.00000000       0.00000000     0.00000000       0.00000000     0.00000000       1.00000000     0.00000000       0.00000000     0.00000000       0.00000000     0.00000000       0.00000000     0.00000000       0.00000000     0.00000000       0.00000000     0.00000000       0.00000000     0.00000000   
    0.37796447     0.00000000       0.00000000     0.00000000       0.00000000     0.00000000       0.00000000     0.00000000       0.00000000     0.00000000       0.00000000     0.00000000       0.00000000     0.00000000       0.00000000     0.00000000       0.92582010     0.00000000       0.00000000     0.00000000       0.00000000     0.00000000       0.00000000     0.00000000       0.00000000     0.00000000       0.00000000     0.00000000   
    0.00000000     0.00000000       0.53452248     0.00000000       0.00000000     0.00000000       0.00000000     0.00000000       0.00000000     0.00000000       0.00000000     0.00000000       0.00000000     0.00000000       0.00000000     0.00000000       0.00000000     0.00000000       0.84515425     0.00000000       0.00000000     0.00000000       0.00000000     0.00000000       0.00000000     0.00000000       0.00000000     0.00000000   
    0.00000000     0.00000000       0.00000000     0.00000000       0.65465367     0.00000000       0.00000000     0.00000000       0.00000000     0.00000000       0.00000000     0.00000000       0.00000000     0.00000000       0.00000000     0.00000000       0.00000000     0.00000000       0.00000000     0.00000000       0.75592895     0.00000000       0.00000000     0.00000000       0.00000000     0.00000000       0.00000000     0.00000000   
    0.00000000     0.00000000       0.00000000     0.00000000       0.00000000     0.00000000       0.75592895     0.00000000       0.00000000     0.00000000       0.00000000     0.00000000       0.00000000     0.00000000       0.00000000     0.00000000       0.00000000     0.00000000       0.00000000     0.00000000       0.00000000     0.00000000       0.65465367     0.00000000       0.00000000     0.00000000       0.00000000     0.00000000   
    0.00000000     0.00000000       0.00000000     0.00000000       0.00000000     0.00000000       0.00000000     0.00000000       0.84515425     0.00000000       0.00000000     0.00000000       0.00000000     0.00000000       0.00000000     0.00000000       0.00000000     0.00000000       0.00000000     0.00000000       0.00000000     0.00000000       0.00000000     0.00000000       0.53452248     0.00000000       0.00000000     0.00000000   
    0.00000000     0.00000000       0.00000000     0.00000000       0.00000000     0.00000000       0.00000000     0.00000000       0.00000000     0.00000000       0.92582010     0.00000000       0.00000000     0.00000000       0.00000000     0.00000000       0.00000000     0.00000000       0.00000000     0.00000000       0.00000000     0.00000000       0.00000000     0.00000000       0.00000000     0.00000000       0.37796447     0.00000000   
    0.00000000     0.00000000       0.00000000     0.00000000       0.00000000     0.00000000       0.00000000     0.00000000       0.00000000     0.00000000       0.00000000     0.00000000       1.00000000     0.00000000       0.00000000     0.00000000       0.00000000     0.00000000       0.00000000     0.00000000       0.00000000     0.00000000       0.00000000     0.00000000       0.00000000     0.00000000       0.00000000     0.00000000   
Rspin for iorb=  1
 angles=  0.000000000000000E+000   3.14159265358979       0.000000000000000E+000
  0.000000000000000E+000  0.000000000000000E+000  0.000000000000000E+000
 Rspin=
    0.000000    0.000000      0.000000    1.000000
    0.000000    1.000000      0.000000    0.000000
 Calculation for atom  1 which has iucase=  1
 ATPAR for spin up

          ATOMIC PARAMETERS FOR Pu  0+    

           ENERGY PARAMETERS ARE   1.82  -0.50   1.82   1.82

           L     U(R)          U'(R)         DU/DE        DU'/DE      NORM-U'
           0  0.551979E+00  0.803144E+00  0.110846E+00 -0.230637E+00
           1  0.539598E+00 -0.602180E-03 -0.143191E+00 -0.400773E+00
           2 -0.614818E+00  0.413158E-01  0.987696E-01  0.345276E+00
           3 -0.309788E+00  0.141619E+00  0.366237E+00  0.531108E+00
LO COEFFICIENT: l,A,B,C   0          0.64960    -3.23484     0.00000     0.00000
 
LO COEFFICIENT: l,A,B,C   0          0.32342     0.00000     0.77964     0.00000
 
LO COEFFICIENT: l,A,B,C   1          0.87844     3.31029     0.00000     0.00000
 
LO COEFFICIENT: l,A,B,C   1          0.25710     0.00000    -1.22759     0.00000
 
LO COEFFICIENT: l,A,B,C   2          0.85408     5.31644     0.00000     0.00000
 
LO COEFFICIENT: l,A,B,C   3          0.94255     0.79727     0.00000     0.00000
 
 ATPAR for spin down

          ATOMIC PARAMETERS FOR Pu  0+    

           ENERGY PARAMETERS ARE   1.82  -0.50   1.82   1.82

           L     U(R)          U'(R)         DU/DE        DU'/DE      NORM-U'
           0  0.551979E+00  0.803144E+00  0.110846E+00 -0.230637E+00
           1  0.539598E+00 -0.602180E-03 -0.143191E+00 -0.400773E+00
           2 -0.614818E+00  0.413158E-01  0.987696E-01  0.345276E+00
           3 -0.309788E+00  0.141619E+00  0.366237E+00  0.531108E+00
LO COEFFICIENT: l,A,B,C   0          0.64960    -3.23484     0.00000     0.00000
 
LO COEFFICIENT: l,A,B,C   0          0.32342     0.00000     0.77964     0.00000
 
LO COEFFICIENT: l,A,B,C   1          0.87844     3.31029     0.00000     0.00000
 
LO COEFFICIENT: l,A,B,C   1          0.25710     0.00000    -1.22759     0.00000
 
LO COEFFICIENT: l,A,B,C   2          0.85408     5.31644     0.00000     0.00000
 
LO COEFFICIENT: l,A,B,C   3          0.94255     0.79727     0.00000     0.00000
 
 L1=           0  L2=           0
 RADIAL INTEGRALS:
           1           1                 1           1   1.00000000000000     
           1           3                 1           1  0.570209671116751     
           1           1                 1           2   1.00000000000000     
           1           3                 1           2  0.570209671116751     
           1           1                 2           1   1.00000000000000     
           1           3                 2           1  0.570209671116751     
           1           1                 2           2   1.00000000000000     
           1           3                 2           2  0.570209671116751     
           2           2                 1           1  5.523732685935894E-002
           2           3                 1           1 -0.190754905850205     
           2           2                 1           2  5.523732685935894E-002
           2           3                 1           2 -0.190754905850205     
           2           2                 2           1  5.523732685935894E-002
           2           3                 2           1 -0.190754905850205     
           2           2                 2           2  5.523732685935894E-002
           2           3                 2           2 -0.190754905850205     
           3           1                 1           1  0.570209671116751     
           3           2                 1           1 -0.190754905850205     
           3           3                 1           1   1.00000000000000     
           3           1                 1           2  0.570209671116751     
           3           2                 1           2 -0.190754905850205     
           3           3                 1           2   1.00000000000000     
           3           1                 2           1  0.570209671116751     
           3           2                 2           1 -0.190754905850205     
           3           3                 2           1   1.00000000000000     
           3           1                 2           2  0.570209671116751     
           3           2                 2           2 -0.190754905850205     
           3           3                 2           2   1.00000000000000     
 L1=           1  L2=           1
 RADIAL INTEGRALS:
           1           1                 1           1   1.00000000000000     
           1           3                 1           1  0.907883621167008     
           1           1                 1           2   1.00000000000000     
           1           3                 1           2  0.907883621167008     
           1           1                 2           1   1.00000000000000     
           1           3                 2           1  0.907883621167008     
           1           1                 2           2   1.00000000000000     
           1           3                 2           2  0.907883621167008     
           2           2                 1           1  2.083839347862656E-002
           2           3                 1           1  6.034329362446621E-002
           2           2                 1           2  2.083839347862656E-002
           2           3                 1           2  6.034329362446621E-002
           2           2                 2           1  2.083839347862656E-002
           2           3                 2           1  6.034329362446621E-002
           2           2                 2           2  2.083839347862656E-002
           2           3                 2           2  6.034329362446621E-002
           3           1                 1           1  0.907883621167008     
           3           2                 1           1  6.034329362446621E-002
           3           3                 1           1   1.00000000000000     
           3           1                 1           2  0.907883621167008     
           3           2                 1           2  6.034329362446621E-002
           3           3                 1           2   1.00000000000000     
           3           1                 2           1  0.907883621167008     
           3           2                 2           1  6.034329362446621E-002
           3           3                 2           1   1.00000000000000     
           3           1                 2           2  0.907883621167008     
           3           2                 2           2  6.034329362446621E-002
           3           3                 2           2   1.00000000000000     
 L1=           2  L2=           2
 RADIAL INTEGRALS:
           1           1                 1           1   1.00000000000000     
           1           1                 1           2   1.00000000000000     
           1           1                 2           1   1.00000000000000     
           1           1                 2           2   1.00000000000000     
           2           2                 1           1  9.572103969083997E-003
           2           2                 1           2  9.572103969083997E-003
           2           2                 2           1  9.572103969083997E-003
           2           2                 2           2  9.572103969083997E-003
 L1=           3  L2=           3
 RADIAL INTEGRALS:
           1           1                 1           1   1.00000000000000     
           1           1                 1           2   1.00000000000000     
           1           1                 2           1   1.00000000000000     
           1           1                 2           2   1.00000000000000     
           2           2                 1           1  0.175571132437750     
           2           2                 1           2  0.175571132437750     
           2           2                 2           1  0.175571132437750     
           2           2                 2           2  0.175571132437750     
Saving potential parameters for atom 1 into  1
pr_proc=143  tot-k=286
 ------------------------------------------------------------------------------


   =====>>> CPU TIME SUMMARY

            TOTAL       :      0.7
 OMP_NUM_THREADS= 2
 GUTZ_SOLVER VO.1.5 BUILT ON Jan 19 2014 AT22:25:59
 NT=  1 SEC_N%DIM=   10 WITH ID:
           1       2      16     107     471    1472    3474    6477    9909   12912
       14914
 MEAN U/J:  0.2940  0.0265
 NEL_FIX_VDC1=      5.49
 ATOM DEPENDENT NELF1:
      5.5097
 DCMIX_A=  0.200000
 SYMMETRICALLY NON-EQUIVALENT ATOMS:
          1
 VARIATIONAL-SETUP-NON-EQUIVALENT ATOMS:
          1
 COMPLEMENTARY VARIATIONAL-SETUP-EQUIVALENT ATOMS:

 GYZ%SYM%IDSUM:
  1
 DIM(X_Gutz)=  4
 CALC SET: GAPJ-SHFT FULL       -JH-PROJ SLATER    VAR-FIXDC    Ryd.   
 NT= 1
 LOCAL INTERACTION PART   :
 U              :   0.2940
 J              :   0.0265
 FOCK SPACE PART:
 NA             :  7
 FS%OCC(1) L.B. :  0
 FS%OCC(2) U.B. :  9
 FS%DIM         :     14913
 HL%OCC(1) L.B. :  0
 HL%OCC(2) U.B. :  9
 ISO= 2 ISPIN_IN= 1 ISPIN= 1 ISPO= 2
 BND%NMAX=  48
 BZ INTEGRATION WITH TETRA METHOD, ICOR= 1
 EQUAL OCCUPANCY OF DEGENERATE STATES, TOL= 0.1E-05
 VALENCE ELECTRONS: TOTAL=    16.0
                    CORRELATED PART=     8.0
 SYM%IDI/IDF=  1 16
 BND%NMAXIN=   22
      GUTZ5_INI_CORR_UVEK takes  0 hours  0 minutes and    0.03 seconds (CPU).
                          takes  0 hours  0 minutes and    0.03 seconds (WALL).
                 SETUP_TB takes  0 hours  0 minutes and    1.05 seconds (CPU).
                          takes  0 hours  0 minutes and    0.52 seconds (WALL).
************  EL-  ************
 NI=  1 NI_GLOBAL=  1
   2.0214   2.0232   2.0209   2.0209   2.0232   2.0214   2.0937   2.0983   2.0862   2.0998   2.0998   2.0862   2.0983   2.0937
************  EL=  ************
 NI=  1 NI_GLOBAL=  1
   2.0214   0.0000   0.0000   0.0000   0.0034   0.0000   0.0000  -0.0019   0.0000   0.0000   0.0000   0.0080   0.0000   0.0000
   0.0000   2.0232   0.0000   0.0000   0.0000   0.0034   0.0000   0.0000   0.0049   0.0000   0.0000   0.0000  -0.0043   0.0000
   0.0000   0.0000   2.0209   0.0000   0.0000   0.0000   0.0000   0.0000   0.0000  -0.0083   0.0000   0.0000   0.0000   0.0061
   0.0000   0.0000   0.0000   2.0209   0.0000   0.0000  -0.0061   0.0000   0.0000   0.0000   0.0083   0.0000   0.0000   0.0000
   0.0034   0.0000   0.0000   0.0000   2.0232   0.0000   0.0000   0.0043   0.0000   0.0000   0.0000  -0.0049   0.0000   0.0000
   0.0000   0.0034   0.0000   0.0000   0.0000   2.0214   0.0000   0.0000  -0.0080   0.0000   0.0000   0.0000   0.0019   0.0000
   0.0000   0.0000   0.0000  -0.0061   0.0000   0.0000   2.0937   0.0000   0.0000   0.0000   0.0064   0.0000   0.0000   0.0000
  -0.0019   0.0000   0.0000   0.0000   0.0043   0.0000   0.0000   2.0983   0.0000   0.0000   0.0000  -0.0011   0.0000   0.0000
   0.0000   0.0049   0.0000   0.0000   0.0000  -0.0080   0.0000   0.0000   2.0862   0.0000   0.0000   0.0000  -0.0011   0.0000
   0.0000   0.0000  -0.0083   0.0000   0.0000   0.0000   0.0000   0.0000   0.0000   2.0998   0.0000   0.0000   0.0000   0.0064
   0.0000   0.0000   0.0000   0.0083   0.0000   0.0000   0.0064   0.0000   0.0000   0.0000   2.0998   0.0000   0.0000   0.0000
   0.0080   0.0000   0.0000   0.0000  -0.0049   0.0000   0.0000  -0.0011   0.0000   0.0000   0.0000   2.0862   0.0000   0.0000
   0.0000  -0.0043   0.0000   0.0000   0.0000   0.0019   0.0000   0.0000  -0.0011   0.0000   0.0000   0.0000   2.0983   0.0000
   0.0000   0.0000   0.0061   0.0000   0.0000   0.0000   0.0000   0.0000   0.0000   0.0064   0.0000   0.0000   0.0000   2.0937
 NI=  1 LOCAL ORBITAL LEVEL CENTER(ELC)=   2.063
************  EL0  ************
 NI=  1 NI_GLOBAL=  1
   2.0218   2.0218   2.0218   2.0218   2.0218   2.0218   2.0945   2.0945   2.0945   2.0945   2.0945   2.0945   2.0945   2.0945
************  ELL  ************
 NI=  1 NI_GLOBAL=  1
   2.0218   0.0000   0.0000   0.0000   0.0000   0.0000   0.0000   0.0000   0.0000   0.0000   0.0000   0.0000   0.0000   0.0000
   0.0000   2.0218   0.0000   0.0000   0.0000   0.0000   0.0000   0.0000   0.0000   0.0000   0.0000   0.0000   0.0000   0.0000
   0.0000   0.0000   2.0218   0.0000   0.0000   0.0000   0.0000   0.0000   0.0000   0.0000   0.0000   0.0000   0.0000   0.0000
   0.0000   0.0000   0.0000   2.0218   0.0000   0.0000   0.0000   0.0000   0.0000   0.0000   0.0000   0.0000   0.0000   0.0000
   0.0000   0.0000   0.0000   0.0000   2.0218   0.0000   0.0000   0.0000   0.0000   0.0000   0.0000   0.0000   0.0000   0.0000
   0.0000   0.0000   0.0000   0.0000   0.0000   2.0218   0.0000   0.0000   0.0000   0.0000   0.0000   0.0000   0.0000   0.0000
   0.0000   0.0000   0.0000   0.0000   0.0000   0.0000   2.0945   0.0000   0.0000   0.0000   0.0000   0.0000   0.0000   0.0000
   0.0000   0.0000   0.0000   0.0000   0.0000   0.0000   0.0000   2.0945   0.0000   0.0000   0.0000   0.0000   0.0000   0.0000
   0.0000   0.0000   0.0000   0.0000   0.0000   0.0000   0.0000   0.0000   2.0945   0.0000   0.0000   0.0000   0.0000   0.0000
   0.0000   0.0000   0.0000   0.0000   0.0000   0.0000   0.0000   0.0000   0.0000   2.0945   0.0000   0.0000   0.0000   0.0000
   0.0000   0.0000   0.0000   0.0000   0.0000   0.0000   0.0000   0.0000   0.0000   0.0000   2.0945   0.0000   0.0000   0.0000
   0.0000   0.0000   0.0000   0.0000   0.0000   0.0000   0.0000   0.0000   0.0000   0.0000   0.0000   2.0945   0.0000   0.0000
   0.0000   0.0000   0.0000   0.0000   0.0000   0.0000   0.0000   0.0000   0.0000   0.0000   0.0000   0.0000   2.0945   0.0000
   0.0000   0.0000   0.0000   0.0000   0.0000   0.0000   0.0000   0.0000   0.0000   0.0000   0.0000   0.0000   0.0000   2.0945
                  GET_EL0 takes  0 hours  0 minutes and    0.01 seconds (CPU).
                          takes  0 hours  0 minutes and    0.00 seconds (WALL).
 There are  4 blocks of bands, with band energy windows:
  -1.508  -1.334 |    0.043   0.393 |    0.510   1.149 |    1.570   4.491 | 
 Band window indices:
         1      2 |          3      4 |          5      8 |          9     49 | 
 Band width
       0.175   |         0.350   |         0.639   |         2.921   |  
 Band gap
       1.377   |         0.117   |         0.420   |  
 CORRELATED BLOCK: EMIN/EMIX=    1.5954    2.4700
 CORRELATED BAND WIDTH=   0.875
         GUTZ_RED_PRJ_NEQ takes  0 hours  1 minutes and    0.76 seconds (CPU).
                          takes  0 hours  1 minutes and    0.69 seconds (WALL).
 NI=  1 DIM_PHIK=   41227 HL%DIM=  14913
       ID_PHIK_N=
      1      2      4     33    264   1639   6153  15546  27321  36714
  41228
       ID_PHIK_J=
      1      2      3      4      8      9     18     19     28     29
     33     37     73    122    171    220    245    254    263    264
    300    349    638    807   1168   1364   1533   1582   1631   1635
   1639   1739   2180   2964   3864   4705   5381   5781   6037   6118
   6143   6152   6153   6349   6710   8079   9448  11564  12933  14377
  14953  15353  15474  15538  15542  15546  15835  16796  18560  21060
  23176  24940  26165  26841  27165  27286  27311  27320  27321  27517
  27878  29247  30616  32732  34101  35545  36121  36521  36642  36706
  36710  36714  36814  37255  38039  38939  39780  40456  40856  41112
  41193  41218  41227  41228
          GUTZ_SET_PRJ_EQ takes  0 hours  0 minutes and    0.00 seconds (CPU).
                          takes  0 hours  0 minutes and    0.00 seconds (WALL).
************   WH%X  ************
    0.92813339    0.93631335
    2.00056354    2.11522114
************  RIN  ************
 NI=  1 NI_GLOBAL=  1
   0.9281   0.9281   0.9281   0.9281   0.9281   0.9281   0.9363   0.9363   0.9363   0.9363   0.9363   0.9363   0.9363   0.9363
************  LA1  ************
 NI=  1 NI_GLOBAL=  1
   2.0006   2.0006   2.0006   2.0006   2.0006   2.0006   2.1152   2.1152   2.1152   2.1152   2.1152   2.1152   2.1152   2.1152
             CALC_BAND_AL takes  0 hours  0 minutes and    0.44 seconds (CPU).
                          takes  0 hours  0 minutes and    0.22 seconds (WALL).
 ILOOP            1
 ILOOP            2
   FERMI ENERGY AT    2.02938537576691     
   SUM RULE OF TETRAHEDRON INTEGRATION CHECKED 
   number of occupied bands:          18
   highest energy:   2.06223242053209     
************  NK-  ************
 NI=  1 NI_GLOBAL=  1
   0.6270   0.6284   0.7135   0.7135   0.6284   0.6270   0.2195   0.1853   0.2083   0.1749   0.1749   0.2083   0.1853   0.2195
************  NNK  ************
 NI=  1 NI_GLOBAL=  1
   0.6270   0.0000   0.0000   0.0000  -0.0603   0.0000   0.0000   0.0477   0.0000   0.0000   0.0000  -0.0707   0.0000   0.0000
   0.0000   0.6284   0.0000   0.0000   0.0000  -0.0603   0.0000   0.0000  -0.0846   0.0000   0.0000   0.0000   0.0783   0.0000
   0.0000   0.0000   0.7135   0.0000   0.0000   0.0000   0.0000   0.0000   0.0000   0.0885   0.0000   0.0000   0.0000  -0.0707
   0.0000   0.0000   0.0000   0.7135   0.0000   0.0000   0.0707   0.0000   0.0000   0.0000  -0.0885   0.0000   0.0000   0.0000
  -0.0603   0.0000   0.0000   0.0000   0.6284   0.0000   0.0000  -0.0783   0.0000   0.0000   0.0000   0.0846   0.0000   0.0000
   0.0000  -0.0603   0.0000   0.0000   0.0000   0.6270   0.0000   0.0000   0.0707   0.0000   0.0000   0.0000  -0.0477   0.0000
   0.0000   0.0000   0.0000   0.0707   0.0000   0.0000   0.2195   0.0000   0.0000   0.0000  -0.0211   0.0000   0.0000   0.0000
   0.0477   0.0000   0.0000   0.0000  -0.0783   0.0000   0.0000   0.1853   0.0000   0.0000   0.0000  -0.0159   0.0000   0.0000
   0.0000  -0.0846   0.0000   0.0000   0.0000   0.0707   0.0000   0.0000   0.2083   0.0000   0.0000   0.0000  -0.0159   0.0000
   0.0000   0.0000   0.0885   0.0000   0.0000   0.0000   0.0000   0.0000   0.0000   0.1749   0.0000   0.0000   0.0000  -0.0211
   0.0000   0.0000   0.0000  -0.0885   0.0000   0.0000  -0.0211   0.0000   0.0000   0.0000   0.1749   0.0000   0.0000   0.0000
  -0.0707   0.0000   0.0000   0.0000   0.0846   0.0000   0.0000  -0.0159   0.0000   0.0000   0.0000   0.2083   0.0000   0.0000
   0.0000   0.0783   0.0000   0.0000   0.0000  -0.0477   0.0000   0.0000  -0.0159   0.0000   0.0000   0.0000   0.1853   0.0000
   0.0000   0.0000  -0.0707   0.0000   0.0000   0.0000   0.0000   0.0000   0.0000  -0.0211   0.0000   0.0000   0.0000   0.2195
************  NKS  ************
 NI=  1 NI_GLOBAL=  1
   0.6563   0.6563   0.6563   0.6563   0.6563   0.6563   0.1970   0.1970   0.1970   0.1970   0.1970   0.1970   0.1970   0.1970
 NELE_LOC TOTAL:
           5.5139112166890465
              CALC_DA_BND takes  0 hours  0 minutes and    0.13 seconds (CPU).
                          takes  0 hours  0 minutes and    0.06 seconds (WALL).
************  DA-  ************
 NI=  1 NI_GLOBAL=  1
  -0.0473  -0.0429  -0.0414  -0.0414  -0.0429  -0.0473  -0.0451  -0.0414  -0.0386  -0.0357  -0.0357  -0.0386  -0.0414  -0.0451
************  DAA  ************
 NI=  1 NI_GLOBAL=  1
  -0.0439  -0.0439  -0.0439  -0.0439  -0.0439  -0.0439  -0.0402  -0.0402  -0.0402  -0.0402  -0.0402  -0.0402  -0.0402  -0.0402
 NI=  1 VDC=    1.4132
************  LA2  ************
 NI=  1 NI_GLOBAL=  1
  -3.4702  -3.4702  -3.4702  -3.4702  -3.4702  -3.4702  -3.3842  -3.3842  -3.3842  -3.3842  -3.3842  -3.3842  -3.3842  -3.3842
 NI=  1 PHI-step gap=  0.18E+00
************  RAA  ************
 NI=  1 NI_GLOBAL=  1
   0.9281   0.9281   0.9281   0.9281   0.9281   0.9281   0.9364   0.9364   0.9364   0.9364   0.9364   0.9364   0.9364   0.9364
************  NC0  ************
 NI=  1 NI_GLOBAL=  1
   0.6564   0.6564   0.6564   0.6564   0.6564   0.6564   0.1970   0.1970   0.1970   0.1970   0.1970   0.1970   0.1970   0.1970
                  CALC_LC takes  0 hours  6 minutes and    7.81 seconds (CPU).
                          takes  0 hours  6 minutes and    7.78 seconds (WALL).
                GUTZ_FCN1 takes  0 hours  6 minutes and    8.48 seconds (CPU).
                          takes  0 hours  6 minutes and    8.11 seconds (WALL).
************  DIF_X  ************
   -0.000040771004    0.000081952800
    0.000067379570    0.000047745412
 ITER1=  1 MAXERR=    0.00008195
************   WH%X  ************
    0.92813898    0.93630302
    2.00046573    2.11510709
************  RIN  ************
 NI=  1 NI_GLOBAL=  1
   0.9281   0.9281   0.9281   0.9281   0.9281   0.9281   0.9363   0.9363   0.9363   0.9363   0.9363   0.9363   0.9363   0.9363
************  LA1  ************
 NI=  1 NI_GLOBAL=  1
   2.0005   2.0005   2.0005   2.0005   2.0005   2.0005   2.1151   2.1151   2.1151   2.1151   2.1151   2.1151   2.1151   2.1151
             CALC_BAND_AL takes  0 hours  0 minutes and    0.44 seconds (CPU).
                          takes  0 hours  0 minutes and    0.22 seconds (WALL).
 ILOOP            1
 ILOOP            2
   FERMI ENERGY AT    2.02929097312829     
   SUM RULE OF TETRAHEDRON INTEGRATION CHECKED 
   number of occupied bands:          18
   highest energy:   2.06214836957826     
************  NK-  ************
 NI=  1 NI_GLOBAL=  1
   0.6270   0.6285   0.7136   0.7136   0.6285   0.6270   0.2196   0.1854   0.2083   0.1749   0.1749   0.2083   0.1854   0.2196
************  NNK  ************
 NI=  1 NI_GLOBAL=  1
   0.6270   0.0000   0.0000   0.0000  -0.0603   0.0000   0.0000   0.0477   0.0000   0.0000   0.0000  -0.0707   0.0000   0.0000
   0.0000   0.6285   0.0000   0.0000   0.0000  -0.0603   0.0000   0.0000  -0.0846   0.0000   0.0000   0.0000   0.0783   0.0000
   0.0000   0.0000   0.7136   0.0000   0.0000   0.0000   0.0000   0.0000   0.0000   0.0885   0.0000   0.0000   0.0000  -0.0707
   0.0000   0.0000   0.0000   0.7136   0.0000   0.0000   0.0707   0.0000   0.0000   0.0000  -0.0885   0.0000   0.0000   0.0000
  -0.0603   0.0000   0.0000   0.0000   0.6285   0.0000   0.0000  -0.0783   0.0000   0.0000   0.0000   0.0846   0.0000   0.0000
   0.0000  -0.0603   0.0000   0.0000   0.0000   0.6270   0.0000   0.0000   0.0707   0.0000   0.0000   0.0000  -0.0477   0.0000
   0.0000   0.0000   0.0000   0.0707   0.0000   0.0000   0.2196   0.0000   0.0000   0.0000  -0.0211   0.0000   0.0000   0.0000
   0.0477   0.0000   0.0000   0.0000  -0.0783   0.0000   0.0000   0.1854   0.0000   0.0000   0.0000  -0.0159   0.0000   0.0000
   0.0000  -0.0846   0.0000   0.0000   0.0000   0.0707   0.0000   0.0000   0.2083   0.0000   0.0000   0.0000  -0.0159   0.0000
   0.0000   0.0000   0.0885   0.0000   0.0000   0.0000   0.0000   0.0000   0.0000   0.1749   0.0000   0.0000   0.0000  -0.0211
   0.0000   0.0000   0.0000  -0.0885   0.0000   0.0000  -0.0211   0.0000   0.0000   0.0000   0.1749   0.0000   0.0000   0.0000
  -0.0707   0.0000   0.0000   0.0000   0.0846   0.0000   0.0000  -0.0159   0.0000   0.0000   0.0000   0.2083   0.0000   0.0000
   0.0000   0.0783   0.0000   0.0000   0.0000  -0.0477   0.0000   0.0000  -0.0159   0.0000   0.0000   0.0000   0.1854   0.0000
   0.0000   0.0000  -0.0707   0.0000   0.0000   0.0000   0.0000   0.0000   0.0000  -0.0211   0.0000   0.0000   0.0000   0.2196
************  NKS  ************
 NI=  1 NI_GLOBAL=  1
   0.6563   0.6563   0.6563   0.6563   0.6563   0.6563   0.1970   0.1970   0.1970   0.1970   0.1970   0.1970   0.1970   0.1970
 NELE_LOC TOTAL:
           5.5144375495932536
              CALC_DA_BND takes  0 hours  0 minutes and    0.13 seconds (CPU).
                          takes  0 hours  0 minutes and    0.06 seconds (WALL).
************  DA-  ************
 NI=  1 NI_GLOBAL=  1
  -0.0474  -0.0429  -0.0414  -0.0414  -0.0429  -0.0474  -0.0451  -0.0414  -0.0386  -0.0357  -0.0357  -0.0386  -0.0414  -0.0451
************  DAA  ************
 NI=  1 NI_GLOBAL=  1
  -0.0439  -0.0439  -0.0439  -0.0439  -0.0439  -0.0439  -0.0402  -0.0402  -0.0402  -0.0402  -0.0402  -0.0402  -0.0402  -0.0402
 NI=  1 VDC=    1.4132
************  LA2  ************
 NI=  1 NI_GLOBAL=  1
  -3.4701  -3.4701  -3.4701  -3.4701  -3.4701  -3.4701  -3.3842  -3.3842  -3.3842  -3.3842  -3.3842  -3.3842  -3.3842  -3.3842
 NI=  1 PHI-step gap=  0.18E+00
************  RAA  ************
 NI=  1 NI_GLOBAL=  1
   0.9281   0.9281   0.9281   0.9281   0.9281   0.9281   0.9363   0.9363   0.9363   0.9363   0.9363   0.9363   0.9363   0.9363
************  NC0  ************
 NI=  1 NI_GLOBAL=  1
   0.6563   0.6563   0.6563   0.6563   0.6563   0.6563   0.1970   0.1970   0.1970   0.1970   0.1970   0.1970   0.1970   0.1970
                  CALC_LC takes  0 hours  6 minutes and   25.32 seconds (CPU).
                          takes  0 hours  6 minutes and   25.34 seconds (WALL).
                GUTZ_FCN1 takes  0 hours  6 minutes and   25.99 seconds (CPU).
                          takes  0 hours  6 minutes and   25.69 seconds (WALL).
************  DIF_X  ************
   -0.000003888028    0.000003542768
    0.000002248786   -0.000001813072
 ITER1=  2 MAXERR=    0.00000389
************   WH%X  ************
    0.92813719    0.93631062
    2.00046445    2.11511048
************  RIN  ************
 NI=  1 NI_GLOBAL=  1
   0.9281   0.9281   0.9281   0.9281   0.9281   0.9281   0.9363   0.9363   0.9363   0.9363   0.9363   0.9363   0.9363   0.9363
************  LA1  ************
 NI=  1 NI_GLOBAL=  1
   2.0005   2.0005   2.0005   2.0005   2.0005   2.0005   2.1151   2.1151   2.1151   2.1151   2.1151   2.1151   2.1151   2.1151
             CALC_BAND_AL takes  0 hours  0 minutes and    0.44 seconds (CPU).
                          takes  0 hours  0 minutes and    0.22 seconds (WALL).
 ILOOP            1
 ILOOP            2
   FERMI ENERGY AT    2.02929076574296     
   SUM RULE OF TETRAHEDRON INTEGRATION CHECKED 
   number of occupied bands:          18
   highest energy:   2.06214955345061     
************  NK-  ************
 NI=  1 NI_GLOBAL=  1
   0.6270   0.6285   0.7136   0.7136   0.6285   0.6270   0.2196   0.1854   0.2083   0.1749   0.1749   0.2083   0.1854   0.2196
************  NNK  ************
 NI=  1 NI_GLOBAL=  1
   0.6270   0.0000   0.0000   0.0000  -0.0603   0.0000   0.0000   0.0477   0.0000   0.0000   0.0000  -0.0707   0.0000   0.0000
   0.0000   0.6285   0.0000   0.0000   0.0000  -0.0603   0.0000   0.0000  -0.0846   0.0000   0.0000   0.0000   0.0783   0.0000
   0.0000   0.0000   0.7136   0.0000   0.0000   0.0000   0.0000   0.0000   0.0000   0.0885   0.0000   0.0000   0.0000  -0.0707
   0.0000   0.0000   0.0000   0.7136   0.0000   0.0000   0.0707   0.0000   0.0000   0.0000  -0.0885   0.0000   0.0000   0.0000
  -0.0603   0.0000   0.0000   0.0000   0.6285   0.0000   0.0000  -0.0783   0.0000   0.0000   0.0000   0.0846   0.0000   0.0000
   0.0000  -0.0603   0.0000   0.0000   0.0000   0.6270   0.0000   0.0000   0.0707   0.0000   0.0000   0.0000  -0.0477   0.0000
   0.0000   0.0000   0.0000   0.0707   0.0000   0.0000   0.2196   0.0000   0.0000   0.0000  -0.0211   0.0000   0.0000   0.0000
   0.0477   0.0000   0.0000   0.0000  -0.0783   0.0000   0.0000   0.1854   0.0000   0.0000   0.0000  -0.0159   0.0000   0.0000
   0.0000  -0.0846   0.0000   0.0000   0.0000   0.0707   0.0000   0.0000   0.2083   0.0000   0.0000   0.0000  -0.0159   0.0000
   0.0000   0.0000   0.0885   0.0000   0.0000   0.0000   0.0000   0.0000   0.0000   0.1749   0.0000   0.0000   0.0000  -0.0211
   0.0000   0.0000   0.0000  -0.0885   0.0000   0.0000  -0.0211   0.0000   0.0000   0.0000   0.1749   0.0000   0.0000   0.0000
  -0.0707   0.0000   0.0000   0.0000   0.0846   0.0000   0.0000  -0.0159   0.0000   0.0000   0.0000   0.2083   0.0000   0.0000
   0.0000   0.0783   0.0000   0.0000   0.0000  -0.0477   0.0000   0.0000  -0.0159   0.0000   0.0000   0.0000   0.1854   0.0000
   0.0000   0.0000  -0.0707   0.0000   0.0000   0.0000   0.0000   0.0000   0.0000  -0.0211   0.0000   0.0000   0.0000   0.2196
************  NKS  ************
 NI=  1 NI_GLOBAL=  1
   0.6564   0.6564   0.6564   0.6564   0.6564   0.6564   0.1970   0.1970   0.1970   0.1970   0.1970   0.1970   0.1970   0.1970
 NELE_LOC TOTAL:
           5.5144370582952442
              CALC_DA_BND takes  0 hours  0 minutes and    0.10 seconds (CPU).
                          takes  0 hours  0 minutes and    0.06 seconds (WALL).
************  DA-  ************
 NI=  1 NI_GLOBAL=  1
  -0.0474  -0.0429  -0.0414  -0.0414  -0.0429  -0.0474  -0.0451  -0.0414  -0.0386  -0.0357  -0.0357  -0.0386  -0.0414  -0.0451
************  DAA  ************
 NI=  1 NI_GLOBAL=  1
  -0.0439  -0.0439  -0.0439  -0.0439  -0.0439  -0.0439  -0.0402  -0.0402  -0.0402  -0.0402  -0.0402  -0.0402  -0.0402  -0.0402
 NI=  1 VDC=    1.4132
************  LA2  ************
 NI=  1 NI_GLOBAL=  1
  -3.4701  -3.4701  -3.4701  -3.4701  -3.4701  -3.4701  -3.3842  -3.3842  -3.3842  -3.3842  -3.3842  -3.3842  -3.3842  -3.3842
 NI=  1 PHI-step gap=  0.18E+00
************  RAA  ************
 NI=  1 NI_GLOBAL=  1
   0.9281   0.9281   0.9281   0.9281   0.9281   0.9281   0.9363   0.9363   0.9363   0.9363   0.9363   0.9363   0.9363   0.9363
************  NC0  ************
 NI=  1 NI_GLOBAL=  1
   0.6564   0.6564   0.6564   0.6564   0.6564   0.6564   0.1970   0.1970   0.1970   0.1970   0.1970   0.1970   0.1970   0.1970
                  CALC_LC takes  0 hours  5 minutes and   50.40 seconds (CPU).
                          takes  0 hours  5 minutes and   50.25 seconds (WALL).
                GUTZ_FCN1 takes  0 hours  5 minutes and   51.04 seconds (CPU).
                          takes  0 hours  5 minutes and   50.58 seconds (WALL).
************  DIF_X  ************
   -0.000000114068   -0.000000080663
   -0.000000216083    0.000000172013
 ITER1=  3 MAXERR=    0.00000022
************   WH%X  ************
    0.92813688    0.93631017
    2.00046458    2.11511020
************  RIN  ************
 NI=  1 NI_GLOBAL=  1
   0.9281   0.9281   0.9281   0.9281   0.9281   0.9281   0.9363   0.9363   0.9363   0.9363   0.9363   0.9363   0.9363   0.9363
************  LA1  ************
 NI=  1 NI_GLOBAL=  1
   2.0005   2.0005   2.0005   2.0005   2.0005   2.0005   2.1151   2.1151   2.1151   2.1151   2.1151   2.1151   2.1151   2.1151
             CALC_BAND_AL takes  0 hours  0 minutes and    0.43 seconds (CPU).
                          takes  0 hours  0 minutes and    0.23 seconds (WALL).
 ILOOP            1
 ILOOP            2
   FERMI ENERGY AT    2.02929077123115     
   SUM RULE OF TETRAHEDRON INTEGRATION CHECKED 
   number of occupied bands:          18
   highest energy:   2.06214943590174     
************  NK-  ************
 NI=  1 NI_GLOBAL=  1
   0.6270   0.6285   0.7136   0.7136   0.6285   0.6270   0.2196   0.1854   0.2083   0.1749   0.1749   0.2083   0.1854   0.2196
************  NNK  ************
 NI=  1 NI_GLOBAL=  1
   0.6270   0.0000   0.0000   0.0000  -0.0603   0.0000   0.0000   0.0477   0.0000   0.0000   0.0000  -0.0707   0.0000   0.0000
   0.0000   0.6285   0.0000   0.0000   0.0000  -0.0603   0.0000   0.0000  -0.0846   0.0000   0.0000   0.0000   0.0783   0.0000
   0.0000   0.0000   0.7136   0.0000   0.0000   0.0000   0.0000   0.0000   0.0000   0.0885   0.0000   0.0000   0.0000  -0.0707
   0.0000   0.0000   0.0000   0.7136   0.0000   0.0000   0.0707   0.0000   0.0000   0.0000  -0.0885   0.0000   0.0000   0.0000
  -0.0603   0.0000   0.0000   0.0000   0.6285   0.0000   0.0000  -0.0783   0.0000   0.0000   0.0000   0.0846   0.0000   0.0000
   0.0000  -0.0603   0.0000   0.0000   0.0000   0.6270   0.0000   0.0000   0.0707   0.0000   0.0000   0.0000  -0.0477   0.0000
   0.0000   0.0000   0.0000   0.0707   0.0000   0.0000   0.2196   0.0000   0.0000   0.0000  -0.0211   0.0000   0.0000   0.0000
   0.0477   0.0000   0.0000   0.0000  -0.0783   0.0000   0.0000   0.1854   0.0000   0.0000   0.0000  -0.0159   0.0000   0.0000
   0.0000  -0.0846   0.0000   0.0000   0.0000   0.0707   0.0000   0.0000   0.2083   0.0000   0.0000   0.0000  -0.0159   0.0000
   0.0000   0.0000   0.0885   0.0000   0.0000   0.0000   0.0000   0.0000   0.0000   0.1749   0.0000   0.0000   0.0000  -0.0211
   0.0000   0.0000   0.0000  -0.0885   0.0000   0.0000  -0.0211   0.0000   0.0000   0.0000   0.1749   0.0000   0.0000   0.0000
  -0.0707   0.0000   0.0000   0.0000   0.0846   0.0000   0.0000  -0.0159   0.0000   0.0000   0.0000   0.2083   0.0000   0.0000
   0.0000   0.0783   0.0000   0.0000   0.0000  -0.0477   0.0000   0.0000  -0.0159   0.0000   0.0000   0.0000   0.1854   0.0000
   0.0000   0.0000  -0.0707   0.0000   0.0000   0.0000   0.0000   0.0000   0.0000  -0.0211   0.0000   0.0000   0.0000   0.2196
************  NKS  ************
 NI=  1 NI_GLOBAL=  1
   0.6564   0.6564   0.6564   0.6564   0.6564   0.6564   0.1970   0.1970   0.1970   0.1970   0.1970   0.1970   0.1970   0.1970
 NELE_LOC TOTAL:
           5.5144370347937341
              CALC_DA_BND takes  0 hours  0 minutes and    0.07 seconds (CPU).
                          takes  0 hours  0 minutes and    0.08 seconds (WALL).
************  DA-  ************
 NI=  1 NI_GLOBAL=  1
  -0.0474  -0.0429  -0.0414  -0.0414  -0.0429  -0.0474  -0.0451  -0.0414  -0.0386  -0.0357  -0.0357  -0.0386  -0.0414  -0.0451
************  DAA  ************
 NI=  1 NI_GLOBAL=  1
  -0.0439  -0.0439  -0.0439  -0.0439  -0.0439  -0.0439  -0.0402  -0.0402  -0.0402  -0.0402  -0.0402  -0.0402  -0.0402  -0.0402
 NI=  1 VDC=    1.4132
************  LA2  ************
 NI=  1 NI_GLOBAL=  1
  -3.4701  -3.4701  -3.4701  -3.4701  -3.4701  -3.4701  -3.3842  -3.3842  -3.3842  -3.3842  -3.3842  -3.3842  -3.3842  -3.3842
 NI=  1 PHI-step gap=  0.18E+00
************  RAA  ************
 NI=  1 NI_GLOBAL=  1
   0.9281   0.9281   0.9281   0.9281   0.9281   0.9281   0.9363   0.9363   0.9363   0.9363   0.9363   0.9363   0.9363   0.9363
************  NC0  ************
 NI=  1 NI_GLOBAL=  1
   0.6564   0.6564   0.6564   0.6564   0.6564   0.6564   0.1970   0.1970   0.1970   0.1970   0.1970   0.1970   0.1970   0.1970
                  CALC_LC takes  0 hours  6 minutes and    7.95 seconds (CPU).
                          takes  0 hours  6 minutes and    7.89 seconds (WALL).
                GUTZ_FCN1 takes  0 hours  6 minutes and    8.50 seconds (CPU).
                          takes  0 hours  6 minutes and    8.23 seconds (WALL).
************  DIF_X  ************
    0.000000002223    0.000000004558
    0.000000010239   -0.000000007172
 ITER1=  4 MAXERR=    0.00000001
************   WH%X  ************
    0.92813690    0.93631019
    2.00046458    2.11511021
************  RIN  ************
 NI=  1 NI_GLOBAL=  1
   0.9281   0.9281   0.9281   0.9281   0.9281   0.9281   0.9363   0.9363   0.9363   0.9363   0.9363   0.9363   0.9363   0.9363
************  LA1  ************
 NI=  1 NI_GLOBAL=  1
   2.0005   2.0005   2.0005   2.0005   2.0005   2.0005   2.1151   2.1151   2.1151   2.1151   2.1151   2.1151   2.1151   2.1151
             CALC_BAND_AL takes  0 hours  0 minutes and    0.44 seconds (CPU).
                          takes  0 hours  0 minutes and    0.22 seconds (WALL).
 ILOOP            1
 ILOOP            2
   FERMI ENERGY AT    2.02929077006688     
   SUM RULE OF TETRAHEDRON INTEGRATION CHECKED 
   number of occupied bands:          18
   highest energy:   2.06214944005690     
************  NK-  ************
 NI=  1 NI_GLOBAL=  1
   0.6270   0.6285   0.7136   0.7136   0.6285   0.6270   0.2196   0.1854   0.2083   0.1749   0.1749   0.2083   0.1854   0.2196
************  NNK  ************
 NI=  1 NI_GLOBAL=  1
   0.6270   0.0000   0.0000   0.0000  -0.0603   0.0000   0.0000   0.0477   0.0000   0.0000   0.0000  -0.0707   0.0000   0.0000
   0.0000   0.6285   0.0000   0.0000   0.0000  -0.0603   0.0000   0.0000  -0.0846   0.0000   0.0000   0.0000   0.0783   0.0000
   0.0000   0.0000   0.7136   0.0000   0.0000   0.0000   0.0000   0.0000   0.0000   0.0885   0.0000   0.0000   0.0000  -0.0707
   0.0000   0.0000   0.0000   0.7136   0.0000   0.0000   0.0707   0.0000   0.0000   0.0000  -0.0885   0.0000   0.0000   0.0000
  -0.0603   0.0000   0.0000   0.0000   0.6285   0.0000   0.0000  -0.0783   0.0000   0.0000   0.0000   0.0846   0.0000   0.0000
   0.0000  -0.0603   0.0000   0.0000   0.0000   0.6270   0.0000   0.0000   0.0707   0.0000   0.0000   0.0000  -0.0477   0.0000
   0.0000   0.0000   0.0000   0.0707   0.0000   0.0000   0.2196   0.0000   0.0000   0.0000  -0.0211   0.0000   0.0000   0.0000
   0.0477   0.0000   0.0000   0.0000  -0.0783   0.0000   0.0000   0.1854   0.0000   0.0000   0.0000  -0.0159   0.0000   0.0000
   0.0000  -0.0846   0.0000   0.0000   0.0000   0.0707   0.0000   0.0000   0.2083   0.0000   0.0000   0.0000  -0.0159   0.0000
   0.0000   0.0000   0.0885   0.0000   0.0000   0.0000   0.0000   0.0000   0.0000   0.1749   0.0000   0.0000   0.0000  -0.0211
   0.0000   0.0000   0.0000  -0.0885   0.0000   0.0000  -0.0211   0.0000   0.0000   0.0000   0.1749   0.0000   0.0000   0.0000
  -0.0707   0.0000   0.0000   0.0000   0.0846   0.0000   0.0000  -0.0159   0.0000   0.0000   0.0000   0.2083   0.0000   0.0000
   0.0000   0.0783   0.0000   0.0000   0.0000  -0.0477   0.0000   0.0000  -0.0159   0.0000   0.0000   0.0000   0.1854   0.0000
   0.0000   0.0000  -0.0707   0.0000   0.0000   0.0000   0.0000   0.0000   0.0000  -0.0211   0.0000   0.0000   0.0000   0.2196
************  NKS  ************
 NI=  1 NI_GLOBAL=  1
   0.6564   0.6564   0.6564   0.6564   0.6564   0.6564   0.1970   0.1970   0.1970   0.1970   0.1970   0.1970   0.1970   0.1970
 NELE_LOC TOTAL:
           5.5144370404516980
              CALC_DA_BND takes  0 hours  0 minutes and    0.07 seconds (CPU).
                          takes  0 hours  0 minutes and    0.06 seconds (WALL).
************  DA-  ************
 NI=  1 NI_GLOBAL=  1
  -0.0474  -0.0429  -0.0414  -0.0414  -0.0429  -0.0474  -0.0451  -0.0414  -0.0386  -0.0357  -0.0357  -0.0386  -0.0414  -0.0451
************  DAA  ************
 NI=  1 NI_GLOBAL=  1
  -0.0439  -0.0439  -0.0439  -0.0439  -0.0439  -0.0439  -0.0402  -0.0402  -0.0402  -0.0402  -0.0402  -0.0402  -0.0402  -0.0402
 NI=  1 VDC=    1.4132
************  LA2  ************
 NI=  1 NI_GLOBAL=  1
  -3.4701  -3.4701  -3.4701  -3.4701  -3.4701  -3.4701  -3.3842  -3.3842  -3.3842  -3.3842  -3.3842  -3.3842  -3.3842  -3.3842
 NI=  1 PHI-step gap=  0.18E+00
************  RAA  ************
 NI=  1 NI_GLOBAL=  1
   0.9281   0.9281   0.9281   0.9281   0.9281   0.9281   0.9363   0.9363   0.9363   0.9363   0.9363   0.9363   0.9363   0.9363
************  NC0  ************
 NI=  1 NI_GLOBAL=  1
   0.6564   0.6564   0.6564   0.6564   0.6564   0.6564   0.1970   0.1970   0.1970   0.1970   0.1970   0.1970   0.1970   0.1970
                  CALC_LC takes  0 hours  6 minutes and   44.68 seconds (CPU).
                          takes  0 hours  6 minutes and   44.61 seconds (WALL).
                GUTZ_FCN1 takes  0 hours  6 minutes and   45.26 seconds (CPU).
                          takes  0 hours  6 minutes and   44.95 seconds (WALL).
************  DIF_X  ************
   -0.000000000011   -0.000000000015
   -0.000000000005    0.000000000004
 ITER1=  5 MAXERR=    0.00000000
 NFJAC=   0
 SOLVE1 FINISHED WITH       5 ITERATIONS.
               GUTZ_SOLVE takes  0 hours 31 minutes and   19.26 seconds (CPU).
                          takes  0 hours 31 minutes and   17.56 seconds (WALL).
 MAX. NELF1 DIFF=    0.00476696
               CALC_PJRHO takes  0 hours  0 minutes and    0.46 seconds (CPU).
                          takes  0 hours  0 minutes and    0.38 seconds (WALL).
 NI=  1 SUM_PHY-SUM_KS=      0.00000000 WOULD BE RENORMALIZED
************  NC1  ************
 NI=  1 NI_GLOBAL=  1
   0.6527   0.6527   0.6527   0.6527   0.6527   0.6527   0.1998   0.1998   0.1998   0.1998   0.1998   0.1998   0.1998   0.1998
               CALC_NCPHY takes  0 hours  0 minutes and   49.70 seconds (CPU).
                          takes  0 hours  0 minutes and   49.58 seconds (WALL).
 GYZ%PJ%EGAMM:
    14.85355
 ENG%GAMM:    14.85355
 ENG%POT2:     3.58818
 EDCLA1(NI) ARRAY:
   -11.212
 EDCUJ(NI) ARRAY:
    -3.531
 EDCUJV(NI) ARRAY:
    -7.793
 EDC(NI) ARRAY:
   -14.743
 ENG%DBLC:   -14.74339
 ENG%DC1 :   -11.21215
 ENG%DC2 :    -3.53124
 ENG%DC2V:    -7.79275
 DC_E_STD_TO_E_V:    -4.26151
 ENG%BAND:    15.66151
 ENG%DL(DEEP LEVEL):     0.52369
 ENG%TB=    15.77166
 ENG%TB-DC2=    19.30290
 NI=  1 OCC_CONFIG_WEIGHT:
        OCC= 0 WEIGHT=   0.00000
        OCC= 1 WEIGHT=   0.00001
        OCC= 2 WEIGHT=   0.00049
        OCC= 3 WEIGHT=   0.01282
        OCC= 4 WEIGHT=   0.11816
        OCC= 5 WEIGHT=   0.36511
        OCC= 6 WEIGHT=   0.36424
        OCC= 7 WEIGHT=   0.12280
        OCC= 8 WEIGHT=   0.01559
        OCC= 9 WEIGHT=   0.00078
                 CALC_RCW takes  0 hours  0 minutes and    0.00 seconds (CPU).
                          takes  0 hours  0 minutes and    0.00 seconds (WALL).
 NI=  1 J2=   33.8065
                 CALC_SLJ takes  0 hours  0 minutes and    0.00 seconds (CPU).
                          takes  0 hours  0 minutes and    0.00 seconds (WALL).
 NI=  1 ENTANGLEMENT ENTROPY=      7.5721
           CALC_ENTANGLES takes  0 hours  0 minutes and    1.03 seconds (CPU).
                          takes  0 hours  0 minutes and    0.91 seconds (WALL).
 CORRELATED SUBSPACE, SUM_FERWT=      7.9844509 SUM_KSWT=      7.9844509
 MAX OFF DIAGONAL KS.WT=    0.001426
 MAX/MIN R=    0.936310    0.928137
                CALC_KSWT takes  0 hours  0 minutes and    0.01 seconds (CPU).
                          takes  0 hours  0 minutes and    0.02 seconds (WALL).
                    TOTAL takes  0 hours 33 minutes and   12.74 seconds (CPU).
                          takes  0 hours 33 minutes and   10.05 seconds (WALL).
