******Program DMFT: Computes Gloc and Delta for Dynamical Mean Field Theory calculation ******
 CALCULATION WITH COMPLEX VECTORS
 CALCULATION WITH SOC VECTORS REQUIRED
 Running DMFT in mpi mode
  
 numkpt=         286
   0.00000   0.00000   0.00000   1.00000
   0.04762   0.04762   0.00000  12.00000
   0.09524   0.09524   0.00000  12.00000
   0.14286   0.14286   0.00000  12.00000
   0.19048   0.19048   0.00000  12.00000
   0.23810   0.23810   0.00000  12.00000
   0.28571   0.28571   0.00000  12.00000
   0.33333   0.33333   0.00000  12.00000
   0.38095   0.38095   0.00000  12.00000
   0.42857   0.42857   0.00000  12.00000
   0.47619   0.47619   0.00000  12.00000
   0.09524   0.04762   0.04762  24.00000
   0.14286   0.09524   0.04762  48.00000
   0.19048   0.14286   0.04762  48.00000
   0.23810   0.19048   0.04762  48.00000
   0.28571   0.23810   0.04762  48.00000
   0.33333   0.28571   0.04762  48.00000
   0.38095   0.33333   0.04762  48.00000
   0.42857   0.38095   0.04762  48.00000
   0.47619   0.42857   0.04762  48.00000
   0.52381   0.47619   0.04762  24.00000
   0.19048   0.09524   0.09524  24.00000
   0.23810   0.14286   0.09524  48.00000
   0.28571   0.19048   0.09524  48.00000
   0.33333   0.23810   0.09524  48.00000
   0.38095   0.28571   0.09524  48.00000
   0.42857   0.33333   0.09524  48.00000
   0.47619   0.38095   0.09524  48.00000
   0.52381   0.42857   0.09524  48.00000
   0.28571   0.14286   0.14286  24.00000
   0.33333   0.19048   0.14286  48.00000
   0.38095   0.23810   0.14286  48.00000
   0.42857   0.28571   0.14286  48.00000
   0.47619   0.33333   0.14286  48.00000
   0.52381   0.38095   0.14286  48.00000
   0.57143   0.42857   0.14286  24.00000
   0.38095   0.19048   0.19048  24.00000
   0.42857   0.23810   0.19048  48.00000
   0.47619   0.28571   0.19048  48.00000
   0.52381   0.33333   0.19048  48.00000
   0.57143   0.38095   0.19048  48.00000
   0.47619   0.23810   0.23810  24.00000
   0.52381   0.28571   0.23810  48.00000
   0.57143   0.33333   0.23810  48.00000
   0.61905   0.38095   0.23810  24.00000
   0.57143   0.28571   0.28571  24.00000
   0.61905   0.33333   0.28571  48.00000
   0.66667   0.33333   0.33333   8.00000
   0.09524   0.09524   0.09524   8.00000
   0.14286   0.14286   0.09524  24.00000
   0.19048   0.19048   0.09524  24.00000
   0.23810   0.23810   0.09524  24.00000
   0.28571   0.28571   0.09524  24.00000
   0.33333   0.33333   0.09524  24.00000
   0.38095   0.38095   0.09524  24.00000
   0.42857   0.42857   0.09524  24.00000
   0.47619   0.47619   0.09524  24.00000
   1.00000   1.00000   0.09524   6.00000
   0.19048   0.14286   0.14286  24.00000
   0.23810   0.19048   0.14286  48.00000
   0.28571   0.23810   0.14286  48.00000
   0.33333   0.28571   0.14286  48.00000
   0.38095   0.33333   0.14286  48.00000
   0.42857   0.38095   0.14286  48.00000
   0.47619   0.42857   0.14286  48.00000
   0.52381   0.47619   0.14286  24.00000
   1.00000   0.95238   0.14286  24.00000
   0.28571   0.19048   0.19048  24.00000
   0.33333   0.23810   0.19048  48.00000
   0.38095   0.28571   0.19048  48.00000
   0.42857   0.33333   0.19048  48.00000
   0.47619   0.38095   0.19048  48.00000
   0.52381   0.42857   0.19048  48.00000
   1.00000   0.90476   0.19048  24.00000
   1.04762   0.95238   0.19048  24.00000
   0.38095   0.23810   0.23810  24.00000
   0.42857   0.28571   0.23810  48.00000
   0.47619   0.33333   0.23810  48.00000
   0.52381   0.38095   0.23810  48.00000
   0.57143   0.42857   0.23810  24.00000
   1.00000   0.85714   0.23810  24.00000
   1.04762   0.90476   0.23810  48.00000
   0.47619   0.28571   0.28571  24.00000
   0.52381   0.33333   0.28571  48.00000
   0.57143   0.38095   0.28571  48.00000
   1.00000   0.80952   0.28571  24.00000
   1.04762   0.85714   0.28571  48.00000
   1.09524   0.90476   0.28571  24.00000
   0.57143   0.33333   0.33333  24.00000
   0.61905   0.38095   0.33333  24.00000
   1.00000   0.76190   0.33333  24.00000
   1.04762   0.80952   0.33333  48.00000
   1.09524   0.85714   0.33333  48.00000
   1.00000   0.71429   0.38095  24.00000
   1.04762   0.76190   0.38095  48.00000
   1.09524   0.80952   0.38095  48.00000
   1.14286   0.85714   0.38095  24.00000
   1.00000   0.66667   0.42857  24.00000
   1.04762   0.71429   0.42857  48.00000
   1.09524   0.76190   0.42857  48.00000
   1.14286   0.80952   0.42857  48.00000
   1.00000   0.61905   0.47619  24.00000
   1.04762   0.66667   0.47619  48.00000
   1.09524   0.71429   0.47619  48.00000
   1.14286   0.76190   0.47619  48.00000
   1.19048   0.80952   0.47619  24.00000
   1.00000   0.57143   0.52381  24.00000
   1.04762   0.61905   0.52381  48.00000
   1.09524   0.66667   0.52381  48.00000
   1.14286   0.71429   0.52381  48.00000
   1.19048   0.76190   0.52381  48.00000
   1.04762   0.57143   0.57143  24.00000
   1.09524   0.61905   0.57143  48.00000
   1.14286   0.66667   0.57143  48.00000
   1.19048   0.71429   0.57143  48.00000
   1.23810   0.76190   0.57143  24.00000
   1.14286   0.61905   0.61905  24.00000
   1.19048   0.66667   0.61905  48.00000
   1.23810   0.71429   0.61905  48.00000
   1.23810   0.66667   0.66667  24.00000
   1.28571   0.71429   0.66667  24.00000
   0.19048   0.19048   0.19048   8.00000
   0.23810   0.23810   0.19048  24.00000
   0.28571   0.28571   0.19048  24.00000
   0.33333   0.33333   0.19048  24.00000
   0.38095   0.38095   0.19048  24.00000
   0.42857   0.42857   0.19048  24.00000
   0.47619   0.47619   0.19048  24.00000
   1.00000   1.00000   0.19048   6.00000
   0.28571   0.23810   0.23810  24.00000
   0.33333   0.28571   0.23810  48.00000
   0.38095   0.33333   0.23810  48.00000
   0.42857   0.38095   0.23810  48.00000
   0.47619   0.42857   0.23810  48.00000
   0.52381   0.47619   0.23810  24.00000
   1.00000   0.95238   0.23810  24.00000
   0.38095   0.28571   0.28571  24.00000
   0.42857   0.33333   0.28571  48.00000
   0.47619   0.38095   0.28571  48.00000
   0.52381   0.42857   0.28571  48.00000
   1.00000   0.90476   0.28571  24.00000
   1.04762   0.95238   0.28571  24.00000
   0.47619   0.33333   0.33333  24.00000
   0.52381   0.38095   0.33333  48.00000
   0.57143   0.42857   0.33333  24.00000
   1.00000   0.85714   0.33333  24.00000
   1.04762   0.90476   0.33333  48.00000
   0.57143   0.38095   0.38095  24.00000
   1.00000   0.80952   0.38095  24.00000
   1.04762   0.85714   0.38095  48.00000
   1.09524   0.90476   0.38095  24.00000
   1.00000   0.76190   0.42857  24.00000
   1.04762   0.80952   0.42857  48.00000
   1.09524   0.85714   0.42857  48.00000
   1.00000   0.71429   0.47619  24.00000
   1.04762   0.76190   0.47619  48.00000
   1.09524   0.80952   0.47619  48.00000
   1.14286   0.85714   0.47619  24.00000
   1.00000   0.66667   0.52381  24.00000
   1.04762   0.71429   0.52381  48.00000
   1.09524   0.76190   0.52381  48.00000
   1.14286   0.80952   0.52381  48.00000
   1.00000   0.61905   0.57143  24.00000
   1.04762   0.66667   0.57143  48.00000
   1.09524   0.71429   0.57143  48.00000
   1.14286   0.76190   0.57143  48.00000
   1.19048   0.80952   0.57143  24.00000
   1.04762   0.61905   0.61905  24.00000
   1.09524   0.66667   0.61905  48.00000
   1.14286   0.71429   0.61905  48.00000
   1.19048   0.76190   0.61905  48.00000
   1.14286   0.66667   0.66667  24.00000
   1.19048   0.71429   0.66667  48.00000
   1.23810   0.76190   0.66667  24.00000
   1.23810   0.71429   0.71429  24.00000
   0.28571   0.28571   0.28571   8.00000
   0.33333   0.33333   0.28571  24.00000
   0.38095   0.38095   0.28571  24.00000
   0.42857   0.42857   0.28571  24.00000
   0.47619   0.47619   0.28571  24.00000
   1.00000   1.00000   0.28571   6.00000
   0.38095   0.33333   0.33333  24.00000
   0.42857   0.38095   0.33333  48.00000
   0.47619   0.42857   0.33333  48.00000
   0.52381   0.47619   0.33333  24.00000
   1.00000   0.95238   0.33333  24.00000
   0.47619   0.38095   0.38095  24.00000
   0.52381   0.42857   0.38095  48.00000
   1.00000   0.90476   0.38095  24.00000
   1.04762   0.95238   0.38095  24.00000
   0.57143   0.42857   0.42857   8.00000
   1.00000   0.85714   0.42857  24.00000
   1.04762   0.90476   0.42857  48.00000
   1.00000   0.80952   0.47619  24.00000
   1.04762   0.85714   0.47619  48.00000
   1.09524   0.90476   0.47619  24.00000
   1.00000   0.76190   0.52381  24.00000
   1.04762   0.80952   0.52381  48.00000
   1.09524   0.85714   0.52381  48.00000
   1.00000   0.71429   0.57143  24.00000
   1.04762   0.76190   0.57143  48.00000
   1.09524   0.80952   0.57143  48.00000
   1.14286   0.85714   0.57143  24.00000
   1.00000   0.66667   0.61905  24.00000
   1.04762   0.71429   0.61905  48.00000
   1.09524   0.76190   0.61905  48.00000
   1.14286   0.80952   0.61905  48.00000
   1.04762   0.66667   0.66667  24.00000
   1.09524   0.71429   0.66667  48.00000
   1.14286   0.76190   0.66667  48.00000
   1.19048   0.80952   0.66667  24.00000
   1.14286   0.71429   0.71429  24.00000
   1.19048   0.76190   0.71429  48.00000
   1.23810   0.76190   0.76190   8.00000
   0.38095   0.38095   0.38095   8.00000
   0.42857   0.42857   0.38095  24.00000
   0.47619   0.47619   0.38095  24.00000
   1.00000   1.00000   0.38095   6.00000
   0.47619   0.42857   0.42857  24.00000
   0.52381   0.47619   0.42857  24.00000
   1.00000   0.95238   0.42857  24.00000
   1.00000   0.90476   0.47619  24.00000
   1.04762   0.95238   0.47619  24.00000
   1.00000   0.85714   0.52381  24.00000
   1.04762   0.90476   0.52381  48.00000
   1.00000   0.80952   0.57143  24.00000
   1.04762   0.85714   0.57143  48.00000
   1.09524   0.90476   0.57143  24.00000
   1.00000   0.76190   0.61905  24.00000
   1.04762   0.80952   0.61905  48.00000
   1.09524   0.85714   0.61905  48.00000
   1.00000   0.71429   0.66667  24.00000
   1.04762   0.76190   0.66667  48.00000
   1.09524   0.80952   0.66667  48.00000
   1.14286   0.85714   0.66667  24.00000
   1.04762   0.71429   0.71429  24.00000
   1.09524   0.76190   0.71429  48.00000
   1.14286   0.80952   0.71429  48.00000
   1.14286   0.76190   0.76190  24.00000
   1.19048   0.80952   0.76190  24.00000
   0.47619   0.47619   0.47619   8.00000
   1.00000   1.00000   0.47619   6.00000
   1.00000   0.95238   0.52381  24.00000
   1.00000   0.90476   0.57143  24.00000
   1.04762   0.95238   0.57143  24.00000
   1.00000   0.85714   0.61905  24.00000
   1.04762   0.90476   0.61905  48.00000
   1.00000   0.80952   0.66667  24.00000
   1.04762   0.85714   0.66667  48.00000
   1.09524   0.90476   0.66667  24.00000
   1.00000   0.76190   0.71429  24.00000
   1.04762   0.80952   0.71429  48.00000
   1.09524   0.85714   0.71429  48.00000
   1.04762   0.76190   0.76190  24.00000
   1.09524   0.80952   0.76190  48.00000
   1.14286   0.85714   0.76190  24.00000
   1.14286   0.80952   0.80952  24.00000
   1.00000   1.00000   0.57143   6.00000
   1.00000   0.95238   0.61905  24.00000
   1.00000   0.90476   0.66667  24.00000
   1.04762   0.95238   0.66667  24.00000
   1.00000   0.85714   0.71429  24.00000
   1.04762   0.90476   0.71429  48.00000
   1.00000   0.80952   0.76190  24.00000
   1.04762   0.85714   0.76190  48.00000
   1.09524   0.90476   0.76190  24.00000
   1.04762   0.80952   0.80952  24.00000
   1.09524   0.85714   0.80952  48.00000
   1.14286   0.85714   0.85714   8.00000
   1.00000   1.00000   0.66667   6.00000
   1.00000   0.95238   0.71429  24.00000
   1.00000   0.90476   0.76190  24.00000
   1.04762   0.95238   0.76190  24.00000
   1.00000   0.85714   0.80952  24.00000
   1.04762   0.90476   0.80952  48.00000
   1.04762   0.85714   0.85714  24.00000
   1.09524   0.90476   0.85714  24.00000
   1.00000   1.00000   0.76190   6.00000
   1.00000   0.95238   0.80952  24.00000
   1.00000   0.90476   0.85714  24.00000
   1.04762   0.95238   0.85714  24.00000
   1.04762   0.90476   0.90476  24.00000
   1.00000   1.00000   0.85714   6.00000
   1.00000   0.95238   0.90476  24.00000
   1.04762   0.95238   0.95238   8.00000
   1.00000   1.00000   0.95238   6.00000




                              --------------------------------------------------
                                 S T R U C T U R A L   I N F O R M A T I O N
                              --------------------------------------------------


   SUBSTANCE                    = cubic body-centered  (epsilon Pu)                                               

   LATTICE                      = B   
   LATTICE CONSTANTS ARE        =    6.2969870   6.2969870   6.2969870
   NUMBER OF ATOMS IN UNITCELL  =   1
   MODE OF CALCULATION IS       = RELA
 IORD=          48
 FNAMES=
 ./epsilon_Pu_4.vectorso_1                                                      
                                                                                
                                           
 ./epsilon_Pu_4.vectorsodn_1                                                    
                                                                                
                                           
 epsilon_Pu_4.energyso_1                                                        
                                                                                
                                           
 epsilon_Pu_4.energysodn_1                                                      
                                                                                
                                           
  BR1,  BR2
   0.99781   0.00000   0.00000      0.00000   0.99781   0.99781
   0.00000   0.99781   0.00000      0.99781   0.00000   0.99781
   0.00000   0.00000   0.99781      0.99781   0.99781   0.00000
 projector corrected--must be 1,2, or 3! Now projector= 2
 Energy window:   -0.4410 < E <      0.441
 Projected density of states calculation for  1 atoms
--------- atom  1 -------------
l=  3  qsplit=  4
 Symmetrization over eq. k-points is performed
 ********** Start Reading Cix file *************
  Correlated block number           1
  Correlated index=
  1  0  0  0  0  0  0  0  0  0  0  0  0  0
  0  1  0  0  0  0  0  0  0  0  0  0  0  0
  0  0  1  0  0  0  0  0  0  0  0  0  0  0
  0  0  0  1  0  0  0  0  0  0  0  0  0  0
  0  0  0  0  1  0  0  0  0  0  0  0  0  0
  0  0  0  0  0  1  0  0  0  0  0  0  0  0
  0  0  0  0  0  0  2  0  0  0  0  0  0  0
  0  0  0  0  0  0  0  2  0  0  0  0  0  0
  0  0  0  0  0  0  0  0  2  0  0  0  0  0
  0  0  0  0  0  0  0  0  0  2  0  0  0  0
  0  0  0  0  0  0  0  0  0  0  2  0  0  0
  0  0  0  0  0  0  0  0  0  0  0  2  0  0
  0  0  0  0  0  0  0  0  0  0  0  0  2  0
  0  0  0  0  0  0  0  0  0  0  0  0  0  2
  Real part of unitary matrix=
  0.9258  0.0000  0.0000  0.0000  0.0000  0.0000  0.0000  0.0000 -0.3780  0.0000  0.0000  0.0000  0.0000  0.0000
  0.0000  0.8452  0.0000  0.0000  0.0000  0.0000  0.0000  0.0000  0.0000 -0.5345  0.0000  0.0000  0.0000  0.0000
  0.0000  0.0000  0.7559  0.0000  0.0000  0.0000  0.0000  0.0000  0.0000  0.0000 -0.6547  0.0000  0.0000  0.0000
  0.0000  0.0000  0.0000  0.6547  0.0000  0.0000  0.0000  0.0000  0.0000  0.0000  0.0000 -0.7559  0.0000  0.0000
  0.0000  0.0000  0.0000  0.0000  0.5345  0.0000  0.0000  0.0000  0.0000  0.0000  0.0000  0.0000 -0.8452  0.0000
  0.0000  0.0000  0.0000  0.0000  0.0000  0.3780  0.0000  0.0000  0.0000  0.0000  0.0000  0.0000  0.0000 -0.9258
  0.0000  0.0000  0.0000  0.0000  0.0000  0.0000  0.0000  1.0000  0.0000  0.0000  0.0000  0.0000  0.0000  0.0000
  0.3780  0.0000  0.0000  0.0000  0.0000  0.0000  0.0000  0.0000  0.9258  0.0000  0.0000  0.0000  0.0000  0.0000
  0.0000  0.5345  0.0000  0.0000  0.0000  0.0000  0.0000  0.0000  0.0000  0.8452  0.0000  0.0000  0.0000  0.0000
  0.0000  0.0000  0.6547  0.0000  0.0000  0.0000  0.0000  0.0000  0.0000  0.0000  0.7559  0.0000  0.0000  0.0000
  0.0000  0.0000  0.0000  0.7559  0.0000  0.0000  0.0000  0.0000  0.0000  0.0000  0.0000  0.6547  0.0000  0.0000
  0.0000  0.0000  0.0000  0.0000  0.8452  0.0000  0.0000  0.0000  0.0000  0.0000  0.0000  0.0000  0.5345  0.0000
  0.0000  0.0000  0.0000  0.0000  0.0000  0.9258  0.0000  0.0000  0.0000  0.0000  0.0000  0.0000  0.0000  0.3780
  0.0000  0.0000  0.0000  0.0000  0.0000  0.0000  1.0000  0.0000  0.0000  0.0000  0.0000  0.0000  0.0000  0.0000
  Imaginary part of unitary matrix=
  0.0000  0.0000  0.0000  0.0000  0.0000  0.0000  0.0000  0.0000  0.0000  0.0000  0.0000  0.0000  0.0000  0.0000
  0.0000  0.0000  0.0000  0.0000  0.0000  0.0000  0.0000  0.0000  0.0000  0.0000  0.0000  0.0000  0.0000  0.0000
  0.0000  0.0000  0.0000  0.0000  0.0000  0.0000  0.0000  0.0000  0.0000  0.0000  0.0000  0.0000  0.0000  0.0000
  0.0000  0.0000  0.0000  0.0000  0.0000  0.0000  0.0000  0.0000  0.0000  0.0000  0.0000  0.0000  0.0000  0.0000
  0.0000  0.0000  0.0000  0.0000  0.0000  0.0000  0.0000  0.0000  0.0000  0.0000  0.0000  0.0000  0.0000  0.0000
  0.0000  0.0000  0.0000  0.0000  0.0000  0.0000  0.0000  0.0000  0.0000  0.0000  0.0000  0.0000  0.0000  0.0000
  0.0000  0.0000  0.0000  0.0000  0.0000  0.0000  0.0000  0.0000  0.0000  0.0000  0.0000  0.0000  0.0000  0.0000
  0.0000  0.0000  0.0000  0.0000  0.0000  0.0000  0.0000  0.0000  0.0000  0.0000  0.0000  0.0000  0.0000  0.0000
  0.0000  0.0000  0.0000  0.0000  0.0000  0.0000  0.0000  0.0000  0.0000  0.0000  0.0000  0.0000  0.0000  0.0000
  0.0000  0.0000  0.0000  0.0000  0.0000  0.0000  0.0000  0.0000  0.0000  0.0000  0.0000  0.0000  0.0000  0.0000
  0.0000  0.0000  0.0000  0.0000  0.0000  0.0000  0.0000  0.0000  0.0000  0.0000  0.0000  0.0000  0.0000  0.0000
  0.0000  0.0000  0.0000  0.0000  0.0000  0.0000  0.0000  0.0000  0.0000  0.0000  0.0000  0.0000  0.0000  0.0000
  0.0000  0.0000  0.0000  0.0000  0.0000  0.0000  0.0000  0.0000  0.0000  0.0000  0.0000  0.0000  0.0000  0.0000
  0.0000  0.0000  0.0000  0.0000  0.0000  0.0000  0.0000  0.0000  0.0000  0.0000  0.0000  0.0000  0.0000  0.0000
  At least one transformation matrix is not Identity
 Magnetic system with s-o coupling; M theta, phi:  0.0000  0.0000
 Inside ROTDEF
Operation  1 transforms atom   1 from first atom   1
Actual position of atom  1 is:  0.000000    0.000000    0.000000
 
Combined transformation (acting on k-point) for correlated atoms
including users rotation and internal local rotation
catom  1 atom   1
   0.99781   0.00000   0.00000
   0.00000  -0.99781   0.00000
   0.00000   0.00000  -0.99781
 
 
 SPIN COORD SYSTEM:
    1.000000    0.000000    0.000000
    0.000000    1.000000    0.000000
    0.000000    0.000000    1.000000
 
 in global cartezian coordinates:
    1.000000    0.000000    0.000000
    0.000000   -1.000000    0.000000
    0.000000    0.000000   -1.000000
 ____________________________
 in spin coordinates:
    1.000000    0.000000    0.000000
    0.000000   -1.000000    0.000000
    0.000000    0.000000   -1.000000
           1   3.14159265358979       -1.00000000000000     
 
 in global cartezian coordinates:
    0.000000    1.000000    0.000000
   -1.000000    0.000000    0.000000
    0.000000    0.000000   -1.000000
 ____________________________
 in spin coordinates:
    0.000000    1.000000    0.000000
   -1.000000    0.000000    0.000000
    0.000000    0.000000   -1.000000
           2   1.57079632679490        1.00000000000000     
 
 in global cartezian coordinates:
    1.000000    0.000000    0.000000
    0.000000    0.000000   -1.000000
    0.000000   -1.000000    0.000000
 ____________________________
 in spin coordinates:
    1.000000    0.000000    0.000000
    0.000000    0.000000   -1.000000
    0.000000   -1.000000    0.000000
           3   1.57079632679490       0.000000000000000E+000
 
 symm. operation            3  removed !!!! so-det=  0.000000000000000E+000
 in global cartezian coordinates:
    0.000000    0.000000    1.000000
   -1.000000    0.000000    0.000000
    0.000000   -1.000000    0.000000
 ____________________________
 in spin coordinates:
    0.000000    0.000000    1.000000
   -1.000000    0.000000    0.000000
    0.000000   -1.000000    0.000000
           4   1.57079632679490       0.000000000000000E+000
 
 symm. operation            4  removed !!!! so-det=  0.000000000000000E+000
 in global cartezian coordinates:
    0.000000    1.000000    0.000000
    0.000000    0.000000   -1.000000
   -1.000000    0.000000    0.000000
 ____________________________
 in spin coordinates:
    0.000000    1.000000    0.000000
    0.000000    0.000000   -1.000000
   -1.000000    0.000000    0.000000
           5 NaN                      0.000000000000000E+000
 
 symm. operation            5  removed !!!! so-det=  0.000000000000000E+000
 in global cartezian coordinates:
    0.000000    0.000000    1.000000
    0.000000   -1.000000    0.000000
   -1.000000    0.000000    0.000000
 ____________________________
 in spin coordinates:
    0.000000    0.000000    1.000000
    0.000000   -1.000000    0.000000
   -1.000000    0.000000    0.000000
           6   1.57079632679490       0.000000000000000E+000
 
 symm. operation            6  removed !!!! so-det=  0.000000000000000E+000
 in global cartezian coordinates:
   -1.000000    0.000000    0.000000
    0.000000   -1.000000    0.000000
    0.000000    0.000000   -1.000000
 ____________________________
 in spin coordinates:
   -1.000000    0.000000    0.000000
    0.000000   -1.000000    0.000000
    0.000000    0.000000   -1.000000
           7  0.000000000000000E+000   1.00000000000000     
 
 in global cartezian coordinates:
    0.000000    1.000000    0.000000
    1.000000    0.000000    0.000000
    0.000000    0.000000   -1.000000
 ____________________________
 in spin coordinates:
    0.000000    1.000000    0.000000
    1.000000    0.000000    0.000000
    0.000000    0.000000   -1.000000
           8   1.57079632679490       -1.00000000000000     
 
 in global cartezian coordinates:
   -1.000000    0.000000    0.000000
    0.000000    0.000000   -1.000000
    0.000000   -1.000000    0.000000
 ____________________________
 in spin coordinates:
   -1.000000    0.000000    0.000000
    0.000000    0.000000   -1.000000
    0.000000   -1.000000    0.000000
           9   1.57079632679490       0.000000000000000E+000
 
 symm. operation            9  removed !!!! so-det=  0.000000000000000E+000
 in global cartezian coordinates:
    0.000000    0.000000    1.000000
    1.000000    0.000000    0.000000
    0.000000   -1.000000    0.000000
 ____________________________
 in spin coordinates:
    0.000000    0.000000    1.000000
    1.000000    0.000000    0.000000
    0.000000   -1.000000    0.000000
          10   1.57079632679490       0.000000000000000E+000
 
 symm. operation           10  removed !!!! so-det=  0.000000000000000E+000
 in global cartezian coordinates:
    0.000000    1.000000    0.000000
    0.000000    0.000000   -1.000000
    1.000000    0.000000    0.000000
 ____________________________
 in spin coordinates:
    0.000000    1.000000    0.000000
    0.000000    0.000000   -1.000000
    1.000000    0.000000    0.000000
          11 NaN                      0.000000000000000E+000
 
 symm. operation           11  removed !!!! so-det=  0.000000000000000E+000
 in global cartezian coordinates:
    0.000000    0.000000    1.000000
    0.000000   -1.000000    0.000000
    1.000000    0.000000    0.000000
 ____________________________
 in spin coordinates:
    0.000000    0.000000    1.000000
    0.000000   -1.000000    0.000000
    1.000000    0.000000    0.000000
          12   1.57079632679490       0.000000000000000E+000
 
 symm. operation           12  removed !!!! so-det=  0.000000000000000E+000
 in global cartezian coordinates:
    0.000000   -1.000000    0.000000
   -1.000000    0.000000    0.000000
    0.000000    0.000000   -1.000000
 ____________________________
 in spin coordinates:
    0.000000   -1.000000    0.000000
   -1.000000    0.000000    0.000000
    0.000000    0.000000   -1.000000
          13   4.71238898038469       -1.00000000000000     
 
 in global cartezian coordinates:
    1.000000    0.000000    0.000000
    0.000000    1.000000    0.000000
    0.000000    0.000000   -1.000000
 ____________________________
 in spin coordinates:
    1.000000    0.000000    0.000000
    0.000000    1.000000    0.000000
    0.000000    0.000000   -1.000000
          14   3.14159274101257        1.00000000000000     
 
 in global cartezian coordinates:
    0.000000   -1.000000    0.000000
    0.000000    0.000000   -1.000000
   -1.000000    0.000000    0.000000
 ____________________________
 in spin coordinates:
    0.000000   -1.000000    0.000000
    0.000000    0.000000   -1.000000
   -1.000000    0.000000    0.000000
          15 NaN                      0.000000000000000E+000
 
 symm. operation           15  removed !!!! so-det=  0.000000000000000E+000
 in global cartezian coordinates:
    0.000000    0.000000    1.000000
    0.000000    1.000000    0.000000
   -1.000000    0.000000    0.000000
 ____________________________
 in spin coordinates:
    0.000000    0.000000    1.000000
    0.000000    1.000000    0.000000
   -1.000000    0.000000    0.000000
          16   1.57079632679490       0.000000000000000E+000
 
 symm. operation           16  removed !!!! so-det=  0.000000000000000E+000
 in global cartezian coordinates:
    1.000000    0.000000    0.000000
    0.000000    0.000000   -1.000000
    0.000000    1.000000    0.000000
 ____________________________
 in spin coordinates:
    1.000000    0.000000    0.000000
    0.000000    0.000000   -1.000000
    0.000000    1.000000    0.000000
          17   1.57079632679490       0.000000000000000E+000
 
 symm. operation           17  removed !!!! so-det=  0.000000000000000E+000
 in global cartezian coordinates:
    0.000000    0.000000    1.000000
   -1.000000    0.000000    0.000000
    0.000000    1.000000    0.000000
 ____________________________
 in spin coordinates:
    0.000000    0.000000    1.000000
   -1.000000    0.000000    0.000000
    0.000000    1.000000    0.000000
          18   1.57079632679490       0.000000000000000E+000
 
 symm. operation           18  removed !!!! so-det=  0.000000000000000E+000
 in global cartezian coordinates:
    0.000000    0.000000   -1.000000
   -1.000000    0.000000    0.000000
    0.000000   -1.000000    0.000000
 ____________________________
 in spin coordinates:
    0.000000    0.000000   -1.000000
   -1.000000    0.000000    0.000000
    0.000000   -1.000000    0.000000
          19   1.57079632679490       0.000000000000000E+000
 
 symm. operation           19  removed !!!! so-det=  0.000000000000000E+000
 in global cartezian coordinates:
    1.000000    0.000000    0.000000
    0.000000    0.000000    1.000000
    0.000000   -1.000000    0.000000
 ____________________________
 in spin coordinates:
    1.000000    0.000000    0.000000
    0.000000    0.000000    1.000000
    0.000000   -1.000000    0.000000
          20   1.57079632679490       0.000000000000000E+000
 
 symm. operation           20  removed !!!! so-det=  0.000000000000000E+000
 in global cartezian coordinates:
    0.000000    0.000000   -1.000000
    0.000000   -1.000000    0.000000
   -1.000000    0.000000    0.000000
 ____________________________
 in spin coordinates:
    0.000000    0.000000   -1.000000
    0.000000   -1.000000    0.000000
   -1.000000    0.000000    0.000000
          21   1.57079632679490       0.000000000000000E+000
 
 symm. operation           21  removed !!!! so-det=  0.000000000000000E+000
 in global cartezian coordinates:
    0.000000    1.000000    0.000000
    0.000000    0.000000    1.000000
   -1.000000    0.000000    0.000000
 ____________________________
 in spin coordinates:
    0.000000    1.000000    0.000000
    0.000000    0.000000    1.000000
   -1.000000    0.000000    0.000000
          22 NaN                      0.000000000000000E+000
 
 symm. operation           22  removed !!!! so-det=  0.000000000000000E+000
 in global cartezian coordinates:
    1.000000    0.000000    0.000000
    0.000000   -1.000000    0.000000
    0.000000    0.000000    1.000000
 ____________________________
 in spin coordinates:
    1.000000    0.000000    0.000000
    0.000000   -1.000000    0.000000
    0.000000    0.000000    1.000000
          23   6.28318539460237       -1.00000000000000     
 
 in global cartezian coordinates:
    0.000000    1.000000    0.000000
   -1.000000    0.000000    0.000000
    0.000000    0.000000    1.000000
 ____________________________
 in spin coordinates:
    0.000000    1.000000    0.000000
   -1.000000    0.000000    0.000000
    0.000000    0.000000    1.000000
          24  -1.57079632679490        1.00000000000000     
 
 in global cartezian coordinates:
    0.000000   -1.000000    0.000000
    1.000000    0.000000    0.000000
    0.000000    0.000000   -1.000000
 ____________________________
 in spin coordinates:
    0.000000   -1.000000    0.000000
    1.000000    0.000000    0.000000
    0.000000    0.000000   -1.000000
          25  -1.57079632679490        1.00000000000000     
 
 in global cartezian coordinates:
   -1.000000    0.000000    0.000000
    0.000000    1.000000    0.000000
    0.000000    0.000000   -1.000000
 ____________________________
 in spin coordinates:
   -1.000000    0.000000    0.000000
    0.000000    1.000000    0.000000
    0.000000    0.000000   -1.000000
          26   6.28318539460237       -1.00000000000000     
 
 in global cartezian coordinates:
    0.000000   -1.000000    0.000000
    0.000000    0.000000   -1.000000
    1.000000    0.000000    0.000000
 ____________________________
 in spin coordinates:
    0.000000   -1.000000    0.000000
    0.000000    0.000000   -1.000000
    1.000000    0.000000    0.000000
          27 NaN                      0.000000000000000E+000
 
 symm. operation           27  removed !!!! so-det=  0.000000000000000E+000
 in global cartezian coordinates:
    0.000000    0.000000    1.000000
    0.000000    1.000000    0.000000
    1.000000    0.000000    0.000000
 ____________________________
 in spin coordinates:
    0.000000    0.000000    1.000000
    0.000000    1.000000    0.000000
    1.000000    0.000000    0.000000
          28   1.57079632679490       0.000000000000000E+000
 
 symm. operation           28  removed !!!! so-det=  0.000000000000000E+000
 in global cartezian coordinates:
   -1.000000    0.000000    0.000000
    0.000000    0.000000   -1.000000
    0.000000    1.000000    0.000000
 ____________________________
 in spin coordinates:
   -1.000000    0.000000    0.000000
    0.000000    0.000000   -1.000000
    0.000000    1.000000    0.000000
          29   1.57079632679490       0.000000000000000E+000
 
 symm. operation           29  removed !!!! so-det=  0.000000000000000E+000
 in global cartezian coordinates:
    0.000000    0.000000    1.000000
    1.000000    0.000000    0.000000
    0.000000    1.000000    0.000000
 ____________________________
 in spin coordinates:
    0.000000    0.000000    1.000000
    1.000000    0.000000    0.000000
    0.000000    1.000000    0.000000
          30   1.57079632679490       0.000000000000000E+000
 
 symm. operation           30  removed !!!! so-det=  0.000000000000000E+000
 in global cartezian coordinates:
    0.000000    0.000000   -1.000000
    1.000000    0.000000    0.000000
    0.000000   -1.000000    0.000000
 ____________________________
 in spin coordinates:
    0.000000    0.000000   -1.000000
    1.000000    0.000000    0.000000
    0.000000   -1.000000    0.000000
          31   1.57079632679490       0.000000000000000E+000
 
 symm. operation           31  removed !!!! so-det=  0.000000000000000E+000
 in global cartezian coordinates:
   -1.000000    0.000000    0.000000
    0.000000    0.000000    1.000000
    0.000000   -1.000000    0.000000
 ____________________________
 in spin coordinates:
   -1.000000    0.000000    0.000000
    0.000000    0.000000    1.000000
    0.000000   -1.000000    0.000000
          32   1.57079632679490       0.000000000000000E+000
 
 symm. operation           32  removed !!!! so-det=  0.000000000000000E+000
 in global cartezian coordinates:
    0.000000    0.000000   -1.000000
    0.000000   -1.000000    0.000000
    1.000000    0.000000    0.000000
 ____________________________
 in spin coordinates:
    0.000000    0.000000   -1.000000
    0.000000   -1.000000    0.000000
    1.000000    0.000000    0.000000
          33   1.57079632679490       0.000000000000000E+000
 
 symm. operation           33  removed !!!! so-det=  0.000000000000000E+000
 in global cartezian coordinates:
    0.000000    1.000000    0.000000
    0.000000    0.000000    1.000000
    1.000000    0.000000    0.000000
 ____________________________
 in spin coordinates:
    0.000000    1.000000    0.000000
    0.000000    0.000000    1.000000
    1.000000    0.000000    0.000000
          34 NaN                      0.000000000000000E+000
 
 symm. operation           34  removed !!!! so-det=  0.000000000000000E+000
 in global cartezian coordinates:
   -1.000000    0.000000    0.000000
    0.000000   -1.000000    0.000000
    0.000000    0.000000    1.000000
 ____________________________
 in spin coordinates:
   -1.000000    0.000000    0.000000
    0.000000   -1.000000    0.000000
    0.000000    0.000000    1.000000
          35   3.14159274101257        1.00000000000000     
 
 in global cartezian coordinates:
    0.000000    1.000000    0.000000
    1.000000    0.000000    0.000000
    0.000000    0.000000    1.000000
 ____________________________
 in spin coordinates:
    0.000000    1.000000    0.000000
    1.000000    0.000000    0.000000
    0.000000    0.000000    1.000000
          36   4.71238898038469       -1.00000000000000     
 
 in global cartezian coordinates:
    0.000000    0.000000   -1.000000
    0.000000    1.000000    0.000000
   -1.000000    0.000000    0.000000
 ____________________________
 in spin coordinates:
    0.000000    0.000000   -1.000000
    0.000000    1.000000    0.000000
   -1.000000    0.000000    0.000000
          37   1.57079632679490       0.000000000000000E+000
 
 symm. operation           37  removed !!!! so-det=  0.000000000000000E+000
 in global cartezian coordinates:
    0.000000   -1.000000    0.000000
    0.000000    0.000000    1.000000
   -1.000000    0.000000    0.000000
 ____________________________
 in spin coordinates:
    0.000000   -1.000000    0.000000
    0.000000    0.000000    1.000000
   -1.000000    0.000000    0.000000
          38 NaN                      0.000000000000000E+000
 
 symm. operation           38  removed !!!! so-det=  0.000000000000000E+000
 in global cartezian coordinates:
    0.000000    0.000000   -1.000000
   -1.000000    0.000000    0.000000
    0.000000    1.000000    0.000000
 ____________________________
 in spin coordinates:
    0.000000    0.000000   -1.000000
   -1.000000    0.000000    0.000000
    0.000000    1.000000    0.000000
          39   1.57079632679490       0.000000000000000E+000
 
 symm. operation           39  removed !!!! so-det=  0.000000000000000E+000
 in global cartezian coordinates:
    1.000000    0.000000    0.000000
    0.000000    0.000000    1.000000
    0.000000    1.000000    0.000000
 ____________________________
 in spin coordinates:
    1.000000    0.000000    0.000000
    0.000000    0.000000    1.000000
    0.000000    1.000000    0.000000
          40   1.57079632679490       0.000000000000000E+000
 
 symm. operation           40  removed !!!! so-det=  0.000000000000000E+000
 in global cartezian coordinates:
    0.000000   -1.000000    0.000000
   -1.000000    0.000000    0.000000
    0.000000    0.000000    1.000000
 ____________________________
 in spin coordinates:
    0.000000   -1.000000    0.000000
   -1.000000    0.000000    0.000000
    0.000000    0.000000    1.000000
          41   1.57079632679490       -1.00000000000000     
 
 in global cartezian coordinates:
    1.000000    0.000000    0.000000
    0.000000    1.000000    0.000000
    0.000000    0.000000    1.000000
 ____________________________
 in spin coordinates:
    1.000000    0.000000    0.000000
    0.000000    1.000000    0.000000
    0.000000    0.000000    1.000000
          42  0.000000000000000E+000   1.00000000000000     
 
 in global cartezian coordinates:
    0.000000    0.000000   -1.000000
    0.000000    1.000000    0.000000
    1.000000    0.000000    0.000000
 ____________________________
 in spin coordinates:
    0.000000    0.000000   -1.000000
    0.000000    1.000000    0.000000
    1.000000    0.000000    0.000000
          43   1.57079632679490       0.000000000000000E+000
 
 symm. operation           43  removed !!!! so-det=  0.000000000000000E+000
 in global cartezian coordinates:
    0.000000   -1.000000    0.000000
    0.000000    0.000000    1.000000
    1.000000    0.000000    0.000000
 ____________________________
 in spin coordinates:
    0.000000   -1.000000    0.000000
    0.000000    0.000000    1.000000
    1.000000    0.000000    0.000000
          44 NaN                      0.000000000000000E+000
 
 symm. operation           44  removed !!!! so-det=  0.000000000000000E+000
 in global cartezian coordinates:
    0.000000    0.000000   -1.000000
    1.000000    0.000000    0.000000
    0.000000    1.000000    0.000000
 ____________________________
 in spin coordinates:
    0.000000    0.000000   -1.000000
    1.000000    0.000000    0.000000
    0.000000    1.000000    0.000000
          45   1.57079632679490       0.000000000000000E+000
 
 symm. operation           45  removed !!!! so-det=  0.000000000000000E+000
 in global cartezian coordinates:
   -1.000000    0.000000    0.000000
    0.000000    0.000000    1.000000
    0.000000    1.000000    0.000000
 ____________________________
 in spin coordinates:
   -1.000000    0.000000    0.000000
    0.000000    0.000000    1.000000
    0.000000    1.000000    0.000000
          46   1.57079632679490       0.000000000000000E+000
 
 symm. operation           46  removed !!!! so-det=  0.000000000000000E+000
 in global cartezian coordinates:
    0.000000   -1.000000    0.000000
    1.000000    0.000000    0.000000
    0.000000    0.000000    1.000000
 ____________________________
 in spin coordinates:
    0.000000   -1.000000    0.000000
    1.000000    0.000000    0.000000
    0.000000    0.000000    1.000000
          47   1.57079632679490        1.00000000000000     
 
 in global cartezian coordinates:
   -1.000000    0.000000    0.000000
    0.000000    1.000000    0.000000
    0.000000    0.000000    1.000000
 ____________________________
 in spin coordinates:
   -1.000000    0.000000    0.000000
    0.000000    1.000000    0.000000
    0.000000    0.000000    1.000000
          48   3.14159265358979       -1.00000000000000     
 
 Original and SO-compatible symops changed:          48          16
 FNAME=
 epsilon_Pu_4.energyso_1                                                        
                                                                                
                                                     60
 FNAME=
 epsilon_Pu_4.energysodn_1                                                      
                                                                                
                                                     59
 BZ-integration with TETRA-program.   icor=: 1
 Equal occupancy of degenerate states, tol=: 0.1E-05
 call eord...
 call dos...
 ILOOP            1
 ILOOP            2
   FERMI ENERGY AT    1.56540399142510     
 RESULT OF INTEGRATION:      15.999999999732; SHOULD BE:      15.999999999900
   SUM RULE OF TETRAHEDRON INTEGRATION CHECKED 
 call eweigh...
   number of occupied bands:          18
   highest energy:   1.59345901291307     
 FERMI-LDA=   1.565 Ryd,  21.298 eV.
 ABSOLUTE EMIN=   1.124 Ryd.  15.298 eV.
 ABSOLUTE EMAX=   2.006 Ryd.  27.298 eV.


:NLDA  : NUMBER OF ELECTRONS          =  16.000

:FLDA  : F E R M I - ENERGY           =   1.56540
 
 ********** Information about the atomic index arrays ************
 iatom=           1
 isort=           1
 csort=           1
 maxucase=           1
icase, iucase, jatom, latom=     1     1     1     1
 
 *****  Arrays for correlated blocks ******
 norbitals=           1
 maxdim2=          14
iorbital( 1, 1)=   1
cix( 1, 1)=   1
icase,lcase,icix,iorb,nind1,ip1,iSx=    1    1    1    1   14    1    1
icase,lcase,icix,iorb,nind1,ip1,iSx=    1    1    1    1   14    2    2
icase,lcase,icix,iorb,nind1,ip1,iSx=    1    1    1    1   14    3    3
icase,lcase,icix,iorb,nind1,ip1,iSx=    1    1    1    1   14    4    4
icase,lcase,icix,iorb,nind1,ip1,iSx=    1    1    1    1   14    5    5
icase,lcase,icix,iorb,nind1,ip1,iSx=    1    1    1    1   14    6    6
icase,lcase,icix,iorb,nind1,ip1,iSx=    1    1    1    1   14    7    7
icase,lcase,icix,iorb,nind1,ip1,iSx=    1    1    1    1   14    8    8
icase,lcase,icix,iorb,nind1,ip1,iSx=    1    1    1    1   14    9    9
icase,lcase,icix,iorb,nind1,ip1,iSx=    1    1    1    1   14   10   10
icase,lcase,icix,iorb,nind1,ip1,iSx=    1    1    1    1   14   11   11
icase,lcase,icix,iorb,nind1,ip1,iSx=    1    1    1    1   14   12   12
icase,lcase,icix,iorb,nind1,ip1,iSx=    1    1    1    1   14   13   13
icase,lcase,icix,iorb,nind1,ip1,iSx=    1    1    1    1   14   14   14
cixdim( 1)=14
noccur( 1, 1)=   6
noccur( 2, 1)=   8
iSx( 1, 1)=  1
iSx( 2, 1)=  2
iSx( 3, 1)=  3
iSx( 4, 1)=  4
iSx( 5, 1)=  5
iSx( 6, 1)=  6
iSx( 7, 1)=  7
iSx( 8, 1)=  8
iSx( 9, 1)=  9
iSx(10, 1)= 10
iSx(11, 1)= 11
iSx(12, 1)= 12
iSx(13, 1)= 13
iSx(14, 1)= 14
nindo( 1)= 14
CF for iorb1= 1 iorb2= 1
    0.92582010     0.00000000       0.00000000     0.00000000       0.00000000     0.00000000       0.00000000     0.00000000       0.00000000     0.00000000       0.00000000     0.00000000       0.00000000     0.00000000       0.00000000     0.00000000      -0.37796447     0.00000000       0.00000000     0.00000000       0.00000000     0.00000000       0.00000000     0.00000000       0.00000000     0.00000000       0.00000000     0.00000000   
    0.00000000     0.00000000       0.84515425     0.00000000       0.00000000     0.00000000       0.00000000     0.00000000       0.00000000     0.00000000       0.00000000     0.00000000       0.00000000     0.00000000       0.00000000     0.00000000       0.00000000     0.00000000      -0.53452248     0.00000000       0.00000000     0.00000000       0.00000000     0.00000000       0.00000000     0.00000000       0.00000000     0.00000000   
    0.00000000     0.00000000       0.00000000     0.00000000       0.75592895     0.00000000       0.00000000     0.00000000       0.00000000     0.00000000       0.00000000     0.00000000       0.00000000     0.00000000       0.00000000     0.00000000       0.00000000     0.00000000       0.00000000     0.00000000      -0.65465367     0.00000000       0.00000000     0.00000000       0.00000000     0.00000000       0.00000000     0.00000000   
    0.00000000     0.00000000       0.00000000     0.00000000       0.00000000     0.00000000       0.65465367     0.00000000       0.00000000     0.00000000       0.00000000     0.00000000       0.00000000     0.00000000       0.00000000     0.00000000       0.00000000     0.00000000       0.00000000     0.00000000       0.00000000     0.00000000      -0.75592895     0.00000000       0.00000000     0.00000000       0.00000000     0.00000000   
    0.00000000     0.00000000       0.00000000     0.00000000       0.00000000     0.00000000       0.00000000     0.00000000       0.53452248     0.00000000       0.00000000     0.00000000       0.00000000     0.00000000       0.00000000     0.00000000       0.00000000     0.00000000       0.00000000     0.00000000       0.00000000     0.00000000       0.00000000     0.00000000      -0.84515425     0.00000000       0.00000000     0.00000000   
    0.00000000     0.00000000       0.00000000     0.00000000       0.00000000     0.00000000       0.00000000     0.00000000       0.00000000     0.00000000       0.37796447     0.00000000       0.00000000     0.00000000       0.00000000     0.00000000       0.00000000     0.00000000       0.00000000     0.00000000       0.00000000     0.00000000       0.00000000     0.00000000       0.00000000     0.00000000      -0.92582010     0.00000000   
    0.00000000     0.00000000       0.00000000     0.00000000       0.00000000     0.00000000       0.00000000     0.00000000       0.00000000     0.00000000       0.00000000     0.00000000       0.00000000     0.00000000       1.00000000     0.00000000       0.00000000     0.00000000       0.00000000     0.00000000       0.00000000     0.00000000       0.00000000     0.00000000       0.00000000     0.00000000       0.00000000     0.00000000   
    0.37796447     0.00000000       0.00000000     0.00000000       0.00000000     0.00000000       0.00000000     0.00000000       0.00000000     0.00000000       0.00000000     0.00000000       0.00000000     0.00000000       0.00000000     0.00000000       0.92582010     0.00000000       0.00000000     0.00000000       0.00000000     0.00000000       0.00000000     0.00000000       0.00000000     0.00000000       0.00000000     0.00000000   
    0.00000000     0.00000000       0.53452248     0.00000000       0.00000000     0.00000000       0.00000000     0.00000000       0.00000000     0.00000000       0.00000000     0.00000000       0.00000000     0.00000000       0.00000000     0.00000000       0.00000000     0.00000000       0.84515425     0.00000000       0.00000000     0.00000000       0.00000000     0.00000000       0.00000000     0.00000000       0.00000000     0.00000000   
    0.00000000     0.00000000       0.00000000     0.00000000       0.65465367     0.00000000       0.00000000     0.00000000       0.00000000     0.00000000       0.00000000     0.00000000       0.00000000     0.00000000       0.00000000     0.00000000       0.00000000     0.00000000       0.00000000     0.00000000       0.75592895     0.00000000       0.00000000     0.00000000       0.00000000     0.00000000       0.00000000     0.00000000   
    0.00000000     0.00000000       0.00000000     0.00000000       0.00000000     0.00000000       0.75592895     0.00000000       0.00000000     0.00000000       0.00000000     0.00000000       0.00000000     0.00000000       0.00000000     0.00000000       0.00000000     0.00000000       0.00000000     0.00000000       0.00000000     0.00000000       0.65465367     0.00000000       0.00000000     0.00000000       0.00000000     0.00000000   
    0.00000000     0.00000000       0.00000000     0.00000000       0.00000000     0.00000000       0.00000000     0.00000000       0.84515425     0.00000000       0.00000000     0.00000000       0.00000000     0.00000000       0.00000000     0.00000000       0.00000000     0.00000000       0.00000000     0.00000000       0.00000000     0.00000000       0.00000000     0.00000000       0.53452248     0.00000000       0.00000000     0.00000000   
    0.00000000     0.00000000       0.00000000     0.00000000       0.00000000     0.00000000       0.00000000     0.00000000       0.00000000     0.00000000       0.92582010     0.00000000       0.00000000     0.00000000       0.00000000     0.00000000       0.00000000     0.00000000       0.00000000     0.00000000       0.00000000     0.00000000       0.00000000     0.00000000       0.00000000     0.00000000       0.37796447     0.00000000   
    0.00000000     0.00000000       0.00000000     0.00000000       0.00000000     0.00000000       0.00000000     0.00000000       0.00000000     0.00000000       0.00000000     0.00000000       1.00000000     0.00000000       0.00000000     0.00000000       0.00000000     0.00000000       0.00000000     0.00000000       0.00000000     0.00000000       0.00000000     0.00000000       0.00000000     0.00000000       0.00000000     0.00000000   
Rspin for iorb=  1
 angles=  0.000000000000000E+000   3.14159265358979       0.000000000000000E+000
  0.000000000000000E+000  0.000000000000000E+000  0.000000000000000E+000
 Rspin=
    0.000000    0.000000      0.000000    1.000000
    0.000000    1.000000      0.000000    0.000000
 Calculation for atom  1 which has iucase=  1
 ATPAR for spin up

          ATOMIC PARAMETERS FOR Pu  0+    

           ENERGY PARAMETERS ARE   1.34  -0.93   1.34   1.34

           L     U(R)          U'(R)         DU/DE        DU'/DE      NORM-U'
           0  0.552008E+00  0.812327E+00  0.112141E+00 -0.226874E+00
           1  0.537382E+00 -0.281936E-03 -0.144231E+00 -0.402510E+00
           2 -0.618059E+00  0.241218E-01  0.984975E-01  0.346222E+00
           3 -0.313996E+00  0.129093E+00  0.366336E+00  0.538558E+00
LO COEFFICIENT: l,A,B,C   0          0.65264    -3.21259     0.00000     0.00000
 
LO COEFFICIENT: l,A,B,C   0          0.32126     0.00000     0.78048     0.00000
 
LO COEFFICIENT: l,A,B,C   1          0.87932     3.27623     0.00000     0.00000
 
LO COEFFICIENT: l,A,B,C   1          0.27008     0.00000    -1.23971     0.00000
 
LO COEFFICIENT: l,A,B,C   2          0.85287     5.35165     0.00000     0.00000
 
LO COEFFICIENT: l,A,B,C   3          0.94124     0.80676     0.00000     0.00000
 
 ATPAR for spin down

          ATOMIC PARAMETERS FOR Pu  0+    

           ENERGY PARAMETERS ARE   1.34  -0.93   1.34   1.34

           L     U(R)          U'(R)         DU/DE        DU'/DE      NORM-U'
           0  0.552008E+00  0.812327E+00  0.112141E+00 -0.226874E+00
           1  0.537382E+00 -0.281936E-03 -0.144231E+00 -0.402510E+00
           2 -0.618059E+00  0.241218E-01  0.984975E-01  0.346222E+00
           3 -0.313996E+00  0.129093E+00  0.366336E+00  0.538558E+00
LO COEFFICIENT: l,A,B,C   0          0.65264    -3.21259     0.00000     0.00000
 
LO COEFFICIENT: l,A,B,C   0          0.32126     0.00000     0.78048     0.00000
 
LO COEFFICIENT: l,A,B,C   1          0.87932     3.27623     0.00000     0.00000
 
LO COEFFICIENT: l,A,B,C   1          0.27008     0.00000    -1.23971     0.00000
 
LO COEFFICIENT: l,A,B,C   2          0.85287     5.35165     0.00000     0.00000
 
LO COEFFICIENT: l,A,B,C   3          0.94124     0.80676     0.00000     0.00000
 
 L1=           0  L2=           0
 RADIAL INTEGRALS:
           1           1                 1           1   1.00000000000000     
           1           3                 1           1  0.573617324883012     
           1           1                 1           2   1.00000000000000     
           1           3                 1           2  0.573617324883012     
           1           1                 2           1   1.00000000000000     
           1           3                 2           1  0.573617324883012     
           1           1                 2           2   1.00000000000000     
           1           3                 2           2  0.573617324883012     
           2           2                 1           1  5.562186625248645E-002
           2           3                 1           1 -0.190907038900908     
           2           2                 1           2  5.562186625248645E-002
           2           3                 1           2 -0.190907038900908     
           2           2                 2           1  5.562186625248645E-002
           2           3                 2           1 -0.190907038900908     
           2           2                 2           2  5.562186625248645E-002
           2           3                 2           2 -0.190907038900908     
           3           1                 1           1  0.573617324883012     
           3           2                 1           1 -0.190907038900908     
           3           3                 1           1   1.00000000000000     
           3           1                 1           2  0.573617324883012     
           3           2                 1           2 -0.190907038900908     
           3           3                 1           2   1.00000000000000     
           3           1                 2           1  0.573617324883012     
           3           2                 2           1 -0.190907038900908     
           3           3                 2           1   1.00000000000000     
           3           1                 2           2  0.573617324883012     
           3           2                 2           2 -0.190907038900908     
           3           3                 2           2   1.00000000000000     
 L1=           1  L2=           1
 RADIAL INTEGRALS:
           1           1                 1           1   1.00000000000000     
           1           3                 1           1  0.910665560725066     
           1           1                 1           2   1.00000000000000     
           1           3                 1           2  0.910665560725066     
           1           1                 2           1   1.00000000000000     
           1           3                 2           1  0.910665560725066     
           1           1                 2           2   1.00000000000000     
           1           3                 2           2  0.910665560725066     
           2           2                 1           1  2.112895840956115E-002
           2           3                 1           1  5.988835992086006E-002
           2           2                 1           2  2.112895840956115E-002
           2           3                 1           2  5.988835992086006E-002
           2           2                 2           1  2.112895840956115E-002
           2           3                 2           1  5.988835992086006E-002
           2           2                 2           2  2.112895840956115E-002
           2           3                 2           2  5.988835992086006E-002
           3           1                 1           1  0.910665560725066     
           3           2                 1           1  5.988835992086006E-002
           3           3                 1           1   1.00000000000000     
           3           1                 1           2  0.910665560725066     
           3           2                 1           2  5.988835992086006E-002
           3           3                 1           2   1.00000000000000     
           3           1                 2           1  0.910665560725066     
           3           2                 2           1  5.988835992086006E-002
           3           3                 2           1   1.00000000000000     
           3           1                 2           2  0.910665560725066     
           3           2                 2           2  5.988835992086006E-002
           3           3                 2           2   1.00000000000000     
 L1=           2  L2=           2
 RADIAL INTEGRALS:
           1           1                 1           1   1.00000000000000     
           1           1                 1           2   1.00000000000000     
           1           1                 2           1   1.00000000000000     
           1           1                 2           2   1.00000000000000     
           2           2                 1           1  9.518605052464385E-003
           2           2                 1           2  9.518605052464385E-003
           2           2                 2           1  9.518605052464385E-003
           2           2                 2           2  9.518605052464385E-003
 L1=           3  L2=           3
 RADIAL INTEGRALS:
           1           1                 1           1   1.00000000000000     
           1           1                 1           2   1.00000000000000     
           1           1                 2           1   1.00000000000000     
           1           1                 2           2   1.00000000000000     
           2           2                 1           1  0.175251543547302     
           2           2                 1           2  0.175251543547302     
           2           2                 2           1  0.175251543547302     
           2           2                 2           2  0.175251543547302     
Saving potential parameters for atom 1 into  1
pr_proc=143  tot-k=286
 ------------------------------------------------------------------------------


   =====>>> CPU TIME SUMMARY

            TOTAL       :      0.9
 OMP_NUM_THREADS= 2
 GUTZ_SOLVER VO.1.5 BUILT ON Jan 19 2014 AT22:25:59
 NT=  1 SEC_N%DIM=   10 WITH ID:
           1       2      16     107     471    1472    3474    6477    9909   12912
       14914
 MEAN U/J:  0.2940  0.0265
 NEL_FIX_VDC1=      5.23
 ATOM DEPENDENT NELF1:
      5.2308
 DCMIX_A=  0.200000
 SYMMETRICALLY NON-EQUIVALENT ATOMS:
          1
 VARIATIONAL-SETUP-NON-EQUIVALENT ATOMS:
          1
 COMPLEMENTARY VARIATIONAL-SETUP-EQUIVALENT ATOMS:

 GYZ%SYM%IDSUM:
  1
 DIM(X_Gutz)=  4
 CALC SET: GAPJ-SHFT FULL       -JH-PROJ SLATER    VAR-FIXDC    Ryd.   
 NT= 1
 LOCAL INTERACTION PART   :
 U              :   0.2940
 J              :   0.0265
 FOCK SPACE PART:
 NA             :  7
 FS%OCC(1) L.B. :  0
 FS%OCC(2) U.B. :  9
 FS%DIM         :     14913
 HL%OCC(1) L.B. :  0
 HL%OCC(2) U.B. :  9
 ISO= 2 ISPIN_IN= 1 ISPIN= 1 ISPO= 2
 BND%NMAX=  58
 BZ INTEGRATION WITH TETRA METHOD, ICOR= 1
 EQUAL OCCUPANCY OF DEGENERATE STATES, TOL= 0.1E-05
 VALENCE ELECTRONS: TOTAL=    16.0
                    CORRELATED PART=     8.0
 SYM%IDI/IDF=  1 16
 BND%NMAXIN=   24
      GUTZ5_INI_CORR_UVEK takes  0 hours  0 minutes and    0.03 seconds (CPU).
                          takes  0 hours  0 minutes and    0.02 seconds (WALL).
                 SETUP_TB takes  0 hours  0 minutes and    1.08 seconds (CPU).
                          takes  0 hours  0 minutes and    0.54 seconds (WALL).
************  EL-  ************
 NI=  1 NI_GLOBAL=  1
   1.5651   1.5712   1.5634   1.5634   1.5712   1.5651   1.6425   1.6518   1.6496   1.6385   1.6385   1.6496   1.6518   1.6425
************  EL=  ************
 NI=  1 NI_GLOBAL=  1
   1.5651   0.0000   0.0000   0.0000   0.0021   0.0000   0.0000  -0.0033   0.0000   0.0000   0.0000  -0.0006   0.0000   0.0000
   0.0000   1.5712   0.0000   0.0000   0.0000   0.0021   0.0000   0.0000   0.0001   0.0000   0.0000   0.0000   0.0052   0.0000
   0.0000   0.0000   1.5634   0.0000   0.0000   0.0000   0.0000   0.0000   0.0000   0.0083   0.0000   0.0000   0.0000   0.0006
   0.0000   0.0000   0.0000   1.5634   0.0000   0.0000  -0.0006   0.0000   0.0000   0.0000  -0.0083   0.0000   0.0000   0.0000
   0.0021   0.0000   0.0000   0.0000   1.5712   0.0000   0.0000  -0.0052   0.0000   0.0000   0.0000  -0.0001   0.0000   0.0000
   0.0000   0.0021   0.0000   0.0000   0.0000   1.5651   0.0000   0.0000   0.0006   0.0000   0.0000   0.0000   0.0033   0.0000
   0.0000   0.0000   0.0000  -0.0006   0.0000   0.0000   1.6425   0.0000   0.0000   0.0000   0.0000   0.0000   0.0000   0.0000
  -0.0033   0.0000   0.0000   0.0000  -0.0052   0.0000   0.0000   1.6518   0.0000   0.0000   0.0000   0.0048   0.0000   0.0000
   0.0000   0.0001   0.0000   0.0000   0.0000   0.0006   0.0000   0.0000   1.6496   0.0000   0.0000   0.0000   0.0048   0.0000
   0.0000   0.0000   0.0083   0.0000   0.0000   0.0000   0.0000   0.0000   0.0000   1.6385   0.0000   0.0000   0.0000   0.0000
   0.0000   0.0000   0.0000  -0.0083   0.0000   0.0000   0.0000   0.0000   0.0000   0.0000   1.6385   0.0000   0.0000   0.0000
  -0.0006   0.0000   0.0000   0.0000  -0.0001   0.0000   0.0000   0.0048   0.0000   0.0000   0.0000   1.6496   0.0000   0.0000
   0.0000   0.0052   0.0000   0.0000   0.0000   0.0033   0.0000   0.0000   0.0048   0.0000   0.0000   0.0000   1.6518   0.0000
   0.0000   0.0000   0.0006   0.0000   0.0000   0.0000   0.0000   0.0000   0.0000   0.0000   0.0000   0.0000   0.0000   1.6425
 NI=  1 LOCAL ORBITAL LEVEL CENTER(ELC)=   1.612
************  EL0  ************
 NI=  1 NI_GLOBAL=  1
   1.5665   1.5665   1.5665   1.5665   1.5665   1.5665   1.6456   1.6456   1.6456   1.6456   1.6456   1.6456   1.6456   1.6456
************  ELL  ************
 NI=  1 NI_GLOBAL=  1
   1.5665   0.0000   0.0000   0.0000   0.0000   0.0000   0.0000   0.0000   0.0000   0.0000   0.0000   0.0000   0.0000   0.0000
   0.0000   1.5665   0.0000   0.0000   0.0000   0.0000   0.0000   0.0000   0.0000   0.0000   0.0000   0.0000   0.0000   0.0000
   0.0000   0.0000   1.5665   0.0000   0.0000   0.0000   0.0000   0.0000   0.0000   0.0000   0.0000   0.0000   0.0000   0.0000
   0.0000   0.0000   0.0000   1.5665   0.0000   0.0000   0.0000   0.0000   0.0000   0.0000   0.0000   0.0000   0.0000   0.0000
   0.0000   0.0000   0.0000   0.0000   1.5665   0.0000   0.0000   0.0000   0.0000   0.0000   0.0000   0.0000   0.0000   0.0000
   0.0000   0.0000   0.0000   0.0000   0.0000   1.5665   0.0000   0.0000   0.0000   0.0000   0.0000   0.0000   0.0000   0.0000
   0.0000   0.0000   0.0000   0.0000   0.0000   0.0000   1.6456   0.0000   0.0000   0.0000   0.0000   0.0000   0.0000   0.0000
   0.0000   0.0000   0.0000   0.0000   0.0000   0.0000   0.0000   1.6456   0.0000   0.0000   0.0000   0.0000   0.0000   0.0000
   0.0000   0.0000   0.0000   0.0000   0.0000   0.0000   0.0000   0.0000   1.6456   0.0000   0.0000   0.0000   0.0000   0.0000
   0.0000   0.0000   0.0000   0.0000   0.0000   0.0000   0.0000   0.0000   0.0000   1.6456   0.0000   0.0000   0.0000   0.0000
   0.0000   0.0000   0.0000   0.0000   0.0000   0.0000   0.0000   0.0000   0.0000   0.0000   1.6456   0.0000   0.0000   0.0000
   0.0000   0.0000   0.0000   0.0000   0.0000   0.0000   0.0000   0.0000   0.0000   0.0000   0.0000   1.6456   0.0000   0.0000
   0.0000   0.0000   0.0000   0.0000   0.0000   0.0000   0.0000   0.0000   0.0000   0.0000   0.0000   0.0000   1.6456   0.0000
   0.0000   0.0000   0.0000   0.0000   0.0000   0.0000   0.0000   0.0000   0.0000   0.0000   0.0000   0.0000   0.0000   1.6456
                  GET_EL0 takes  0 hours  0 minutes and    0.01 seconds (CPU).
                          takes  0 hours  0 minutes and    0.02 seconds (WALL).
 There are  4 blocks of bands, with band energy windows:
  -1.880  -1.777 |   -0.338  -0.150 |    0.172   0.567 |    1.215   4.493 | 
 Band window indices:
         1      2 |          3      4 |          5      8 |          9     59 | 
 Band width
       0.103   |         0.188   |         0.395   |         3.279   |  
 Band gap
       1.439   |         0.321   |         0.648   |  
 CORRELATED BLOCK: EMIN/EMIX=    1.2148    2.0063
 CORRELATED BAND WIDTH=   0.791
         GUTZ_RED_PRJ_NEQ takes  0 hours  1 minutes and    0.95 seconds (CPU).
                          takes  0 hours  1 minutes and    0.90 seconds (WALL).
 NI=  1 DIM_PHIK=   41227 HL%DIM=  14913
       ID_PHIK_N=
      1      2      4     33    264   1639   6153  15546  27321  36714
  41228
       ID_PHIK_J=
      1      2      3      4      8      9     18     19     28     29
     33     37     73    122    171    220    245    254    263    264
    300    349    638    807   1168   1364   1533   1582   1631   1635
   1639   1739   2180   2964   3864   4705   5381   5781   6037   6118
   6143   6152   6153   6349   6710   8079   9448  11564  12933  14377
  14953  15353  15474  15538  15542  15546  15835  16796  18560  21060
  23176  24940  26165  26841  27165  27286  27311  27320  27321  27517
  27878  29247  30616  32732  34101  35545  36121  36521  36642  36706
  36710  36714  36814  37255  38039  38939  39780  40456  40856  41112
  41193  41218  41227  41228
          GUTZ_SET_PRJ_EQ takes  0 hours  0 minutes and    0.00 seconds (CPU).
                          takes  0 hours  0 minutes and    0.00 seconds (WALL).
************   WH%X  ************
    0.91000050    0.92201996
    1.53478409    1.67166963
************  RIN  ************
 NI=  1 NI_GLOBAL=  1
   0.9100   0.9100   0.9100   0.9100   0.9100   0.9100   0.9220   0.9220   0.9220   0.9220   0.9220   0.9220   0.9220   0.9220
************  LA1  ************
 NI=  1 NI_GLOBAL=  1
   1.5348   1.5348   1.5348   1.5348   1.5348   1.5348   1.6717   1.6717   1.6717   1.6717   1.6717   1.6717   1.6717   1.6717
             CALC_BAND_AL takes  0 hours  0 minutes and    0.46 seconds (CPU).
                          takes  0 hours  0 minutes and    0.23 seconds (WALL).
 ILOOP            1
 ILOOP            2
   FERMI ENERGY AT    1.55089749997933     
   SUM RULE OF TETRAHEDRON INTEGRATION CHECKED 
   number of occupied bands:          18
   highest energy:   1.62010745184965     
************  NK-  ************
 NI=  1 NI_GLOBAL=  1
   0.7502   0.6926   0.7423   0.7423   0.6926   0.7502   0.0986   0.1423   0.0985   0.0916   0.0916   0.0985   0.1423   0.0986
************  NNK  ************
 NI=  1 NI_GLOBAL=  1
   0.7502   0.0000   0.0000   0.0000  -0.0389   0.0000   0.0000  -0.0216   0.0000   0.0000   0.0000   0.0046   0.0000   0.0000
   0.0000   0.6926   0.0000   0.0000   0.0000  -0.0389   0.0000   0.0000   0.0313   0.0000   0.0000   0.0000  -0.0260   0.0000
   0.0000   0.0000   0.7423   0.0000   0.0000   0.0000   0.0000   0.0000   0.0000  -0.0284   0.0000   0.0000   0.0000  -0.0264
   0.0000   0.0000   0.0000   0.7423   0.0000   0.0000   0.0264   0.0000   0.0000   0.0000   0.0284   0.0000   0.0000   0.0000
  -0.0389   0.0000   0.0000   0.0000   0.6926   0.0000   0.0000   0.0260   0.0000   0.0000   0.0000  -0.0313   0.0000   0.0000
   0.0000  -0.0389   0.0000   0.0000   0.0000   0.7502   0.0000   0.0000  -0.0046   0.0000   0.0000   0.0000   0.0216   0.0000
   0.0000   0.0000   0.0000   0.0264   0.0000   0.0000   0.0986   0.0000   0.0000   0.0000  -0.0017   0.0000   0.0000   0.0000
  -0.0216   0.0000   0.0000   0.0000   0.0260   0.0000   0.0000   0.1423   0.0000   0.0000   0.0000  -0.0011   0.0000   0.0000
   0.0000   0.0313   0.0000   0.0000   0.0000  -0.0046   0.0000   0.0000   0.0985   0.0000   0.0000   0.0000  -0.0011   0.0000
   0.0000   0.0000  -0.0284   0.0000   0.0000   0.0000   0.0000   0.0000   0.0000   0.0916   0.0000   0.0000   0.0000  -0.0017
   0.0000   0.0000   0.0000   0.0284   0.0000   0.0000  -0.0017   0.0000   0.0000   0.0000   0.0916   0.0000   0.0000   0.0000
   0.0046   0.0000   0.0000   0.0000  -0.0313   0.0000   0.0000  -0.0011   0.0000   0.0000   0.0000   0.0985   0.0000   0.0000
   0.0000  -0.0260   0.0000   0.0000   0.0000   0.0216   0.0000   0.0000  -0.0011   0.0000   0.0000   0.0000   0.1423   0.0000
   0.0000   0.0000  -0.0264   0.0000   0.0000   0.0000   0.0000   0.0000   0.0000  -0.0017   0.0000   0.0000   0.0000   0.0986
************  NKS  ************
 NI=  1 NI_GLOBAL=  1
   0.7284   0.7284   0.7284   0.7284   0.7284   0.7284   0.1078   0.1078   0.1078   0.1078   0.1078   0.1078   0.1078   0.1078
 NELE_LOC TOTAL:
           5.2321972140601236
              CALC_DA_BND takes  0 hours  0 minutes and    0.07 seconds (CPU).
                          takes  0 hours  0 minutes and    0.08 seconds (WALL).
************  DA-  ************
 NI=  1 NI_GLOBAL=  1
  -0.0318  -0.0318  -0.0294  -0.0294  -0.0318  -0.0318  -0.0196  -0.0289  -0.0199  -0.0187  -0.0187  -0.0199  -0.0289  -0.0196
************  DAA  ************
 NI=  1 NI_GLOBAL=  1
  -0.0310  -0.0310  -0.0310  -0.0310  -0.0310  -0.0310  -0.0218  -0.0218  -0.0218  -0.0218  -0.0218  -0.0218  -0.0218  -0.0218
 NI=  1 VDC=    1.3349
************  LA2  ************
 NI=  1 NI_GLOBAL=  1
  -2.9348  -2.9348  -2.9348  -2.9348  -2.9348  -2.9348  -2.8428  -2.8428  -2.8428  -2.8428  -2.8428  -2.8428  -2.8428  -2.8428
 NI=  1 PHI-step gap=  0.15E+00
************  RAA  ************
 NI=  1 NI_GLOBAL=  1
   0.9099   0.9099   0.9099   0.9099   0.9099   0.9099   0.9221   0.9221   0.9221   0.9221   0.9221   0.9221   0.9221   0.9221
************  NC0  ************
 NI=  1 NI_GLOBAL=  1
   0.7284   0.7284   0.7284   0.7284   0.7284   0.7284   0.1078   0.1078   0.1078   0.1078   0.1078   0.1078   0.1078   0.1078
                  CALC_LC takes  0 hours  8 minutes and   12.13 seconds (CPU).
                          takes  0 hours  8 minutes and   12.07 seconds (WALL).
                GUTZ_FCN1 takes  0 hours  8 minutes and   12.97 seconds (CPU).
                          takes  0 hours  8 minutes and   12.56 seconds (WALL).
************  DIF_X  ************
   -0.000055267739    0.000031465440
    0.000055022481    0.000009151530
 ITER1=  1 MAXERR=    0.00005527
************   WH%X  ************
    0.91001152    0.92202204
    1.53474352    1.67164854
************  RIN  ************
 NI=  1 NI_GLOBAL=  1
   0.9100   0.9100   0.9100   0.9100   0.9100   0.9100   0.9220   0.9220   0.9220   0.9220   0.9220   0.9220   0.9220   0.9220
************  LA1  ************
 NI=  1 NI_GLOBAL=  1
   1.5347   1.5347   1.5347   1.5347   1.5347   1.5347   1.6716   1.6716   1.6716   1.6716   1.6716   1.6716   1.6716   1.6716
             CALC_BAND_AL takes  0 hours  0 minutes and    0.47 seconds (CPU).
                          takes  0 hours  0 minutes and    0.24 seconds (WALL).
 ILOOP            1
   FERMI ENERGY AT    1.55086863043475     
   SUM RULE OF TETRAHEDRON INTEGRATION CHECKED 
   number of occupied bands:          18
   highest energy:   1.62009446355702     
************  NK-  ************
 NI=  1 NI_GLOBAL=  1
   0.7503   0.6926   0.7423   0.7423   0.6926   0.7503   0.0986   0.1423   0.0984   0.0916   0.0916   0.0984   0.1423   0.0986
************  NNK  ************
 NI=  1 NI_GLOBAL=  1
   0.7503   0.0000   0.0000   0.0000  -0.0389   0.0000   0.0000  -0.0216   0.0000   0.0000   0.0000   0.0046   0.0000   0.0000
   0.0000   0.6926   0.0000   0.0000   0.0000  -0.0389   0.0000   0.0000   0.0313   0.0000   0.0000   0.0000  -0.0260   0.0000
   0.0000   0.0000   0.7423   0.0000   0.0000   0.0000   0.0000   0.0000   0.0000  -0.0284   0.0000   0.0000   0.0000  -0.0264
   0.0000   0.0000   0.0000   0.7423   0.0000   0.0000   0.0264   0.0000   0.0000   0.0000   0.0284   0.0000   0.0000   0.0000
  -0.0389   0.0000   0.0000   0.0000   0.6926   0.0000   0.0000   0.0260   0.0000   0.0000   0.0000  -0.0313   0.0000   0.0000
   0.0000  -0.0389   0.0000   0.0000   0.0000   0.7503   0.0000   0.0000  -0.0046   0.0000   0.0000   0.0000   0.0216   0.0000
   0.0000   0.0000   0.0000   0.0264   0.0000   0.0000   0.0986   0.0000   0.0000   0.0000  -0.0017   0.0000   0.0000   0.0000
  -0.0216   0.0000   0.0000   0.0000   0.0260   0.0000   0.0000   0.1423   0.0000   0.0000   0.0000  -0.0011   0.0000   0.0000
   0.0000   0.0313   0.0000   0.0000   0.0000  -0.0046   0.0000   0.0000   0.0984   0.0000   0.0000   0.0000  -0.0011   0.0000
   0.0000   0.0000  -0.0284   0.0000   0.0000   0.0000   0.0000   0.0000   0.0000   0.0916   0.0000   0.0000   0.0000  -0.0017
   0.0000   0.0000   0.0000   0.0284   0.0000   0.0000  -0.0017   0.0000   0.0000   0.0000   0.0916   0.0000   0.0000   0.0000
   0.0046   0.0000   0.0000   0.0000  -0.0313   0.0000   0.0000  -0.0011   0.0000   0.0000   0.0000   0.0984   0.0000   0.0000
   0.0000  -0.0260   0.0000   0.0000   0.0000   0.0216   0.0000   0.0000  -0.0011   0.0000   0.0000   0.0000   0.1423   0.0000
   0.0000   0.0000  -0.0264   0.0000   0.0000   0.0000   0.0000   0.0000   0.0000  -0.0017   0.0000   0.0000   0.0000   0.0986
************  NKS  ************
 NI=  1 NI_GLOBAL=  1
   0.7284   0.7284   0.7284   0.7284   0.7284   0.7284   0.1077   0.1077   0.1077   0.1077   0.1077   0.1077   0.1077   0.1077
 NELE_LOC TOTAL:
           5.2325418398475083
              CALC_DA_BND takes  0 hours  0 minutes and    0.08 seconds (CPU).
                          takes  0 hours  0 minutes and    0.08 seconds (WALL).
************  DA-  ************
 NI=  1 NI_GLOBAL=  1
  -0.0318  -0.0318  -0.0294  -0.0294  -0.0318  -0.0318  -0.0196  -0.0289  -0.0199  -0.0187  -0.0187  -0.0199  -0.0289  -0.0196
************  DAA  ************
 NI=  1 NI_GLOBAL=  1
  -0.0310  -0.0310  -0.0310  -0.0310  -0.0310  -0.0310  -0.0218  -0.0218  -0.0218  -0.0218  -0.0218  -0.0218  -0.0218  -0.0218
 NI=  1 VDC=    1.3349
************  LA2  ************
 NI=  1 NI_GLOBAL=  1
  -2.9348  -2.9348  -2.9348  -2.9348  -2.9348  -2.9348  -2.8428  -2.8428  -2.8428  -2.8428  -2.8428  -2.8428  -2.8428  -2.8428
 NI=  1 PHI-step gap=  0.15E+00
************  RAA  ************
 NI=  1 NI_GLOBAL=  1
   0.9100   0.9100   0.9100   0.9100   0.9100   0.9100   0.9220   0.9220   0.9220   0.9220   0.9220   0.9220   0.9220   0.9220
************  NC0  ************
 NI=  1 NI_GLOBAL=  1
   0.7284   0.7284   0.7284   0.7284   0.7284   0.7284   0.1077   0.1077   0.1077   0.1077   0.1077   0.1077   0.1077   0.1077
                  CALC_LC takes  0 hours  6 minutes and   36.76 seconds (CPU).
                          takes  0 hours  6 minutes and   36.77 seconds (WALL).
                GUTZ_FCN1 takes  0 hours  6 minutes and   37.55 seconds (CPU).
                          takes  0 hours  6 minutes and   37.26 seconds (WALL).
************  DIF_X  ************
   -0.000002890253    0.000000476904
   -0.000000007197    0.000000310924
 ITER1=  2 MAXERR=    0.00000289
************   WH%X  ************
    0.91000849    0.92202113
    1.53474353    1.67164772
************  RIN  ************
 NI=  1 NI_GLOBAL=  1
   0.9100   0.9100   0.9100   0.9100   0.9100   0.9100   0.9220   0.9220   0.9220   0.9220   0.9220   0.9220   0.9220   0.9220
************  LA1  ************
 NI=  1 NI_GLOBAL=  1
   1.5347   1.5347   1.5347   1.5347   1.5347   1.5347   1.6716   1.6716   1.6716   1.6716   1.6716   1.6716   1.6716   1.6716
             CALC_BAND_AL takes  0 hours  0 minutes and    0.46 seconds (CPU).
                          takes  0 hours  0 minutes and    0.23 seconds (WALL).
 ILOOP            1
 ILOOP            2
   FERMI ENERGY AT    1.55086809878533     
   SUM RULE OF TETRAHEDRON INTEGRATION CHECKED 
   number of occupied bands:          18
   highest energy:   1.62009419690897     
************  NK-  ************
 NI=  1 NI_GLOBAL=  1
   0.7503   0.6926   0.7423   0.7423   0.6926   0.7503   0.0986   0.1423   0.0984   0.0916   0.0916   0.0984   0.1423   0.0986
************  NNK  ************
 NI=  1 NI_GLOBAL=  1
   0.7503   0.0000   0.0000   0.0000  -0.0389   0.0000   0.0000  -0.0216   0.0000   0.0000   0.0000   0.0046   0.0000   0.0000
   0.0000   0.6926   0.0000   0.0000   0.0000  -0.0389   0.0000   0.0000   0.0313   0.0000   0.0000   0.0000  -0.0260   0.0000
   0.0000   0.0000   0.7423   0.0000   0.0000   0.0000   0.0000   0.0000   0.0000  -0.0284   0.0000   0.0000   0.0000  -0.0264
   0.0000   0.0000   0.0000   0.7423   0.0000   0.0000   0.0264   0.0000   0.0000   0.0000   0.0284   0.0000   0.0000   0.0000
  -0.0389   0.0000   0.0000   0.0000   0.6926   0.0000   0.0000   0.0260   0.0000   0.0000   0.0000  -0.0313   0.0000   0.0000
   0.0000  -0.0389   0.0000   0.0000   0.0000   0.7503   0.0000   0.0000  -0.0046   0.0000   0.0000   0.0000   0.0216   0.0000
   0.0000   0.0000   0.0000   0.0264   0.0000   0.0000   0.0986   0.0000   0.0000   0.0000  -0.0017   0.0000   0.0000   0.0000
  -0.0216   0.0000   0.0000   0.0000   0.0260   0.0000   0.0000   0.1423   0.0000   0.0000   0.0000  -0.0011   0.0000   0.0000
   0.0000   0.0313   0.0000   0.0000   0.0000  -0.0046   0.0000   0.0000   0.0984   0.0000   0.0000   0.0000  -0.0011   0.0000
   0.0000   0.0000  -0.0284   0.0000   0.0000   0.0000   0.0000   0.0000   0.0000   0.0916   0.0000   0.0000   0.0000  -0.0017
   0.0000   0.0000   0.0000   0.0284   0.0000   0.0000  -0.0017   0.0000   0.0000   0.0000   0.0916   0.0000   0.0000   0.0000
   0.0046   0.0000   0.0000   0.0000  -0.0313   0.0000   0.0000  -0.0011   0.0000   0.0000   0.0000   0.0984   0.0000   0.0000
   0.0000  -0.0260   0.0000   0.0000   0.0000   0.0216   0.0000   0.0000  -0.0011   0.0000   0.0000   0.0000   0.1423   0.0000
   0.0000   0.0000  -0.0264   0.0000   0.0000   0.0000   0.0000   0.0000   0.0000  -0.0017   0.0000   0.0000   0.0000   0.0986
************  NKS  ************
 NI=  1 NI_GLOBAL=  1
   0.7284   0.7284   0.7284   0.7284   0.7284   0.7284   0.1077   0.1077   0.1077   0.1077   0.1077   0.1077   0.1077   0.1077
 NELE_LOC TOTAL:
           5.2325353724486492
              CALC_DA_BND takes  0 hours  0 minutes and    0.07 seconds (CPU).
                          takes  0 hours  0 minutes and    0.08 seconds (WALL).
************  DA-  ************
 NI=  1 NI_GLOBAL=  1
  -0.0318  -0.0318  -0.0294  -0.0294  -0.0318  -0.0318  -0.0196  -0.0289  -0.0199  -0.0187  -0.0187  -0.0199  -0.0289  -0.0196
************  DAA  ************
 NI=  1 NI_GLOBAL=  1
  -0.0310  -0.0310  -0.0310  -0.0310  -0.0310  -0.0310  -0.0218  -0.0218  -0.0218  -0.0218  -0.0218  -0.0218  -0.0218  -0.0218
 NI=  1 VDC=    1.3349
************  LA2  ************
 NI=  1 NI_GLOBAL=  1
  -2.9348  -2.9348  -2.9348  -2.9348  -2.9348  -2.9348  -2.8428  -2.8428  -2.8428  -2.8428  -2.8428  -2.8428  -2.8428  -2.8428
 NI=  1 PHI-step gap=  0.15E+00
************  RAA  ************
 NI=  1 NI_GLOBAL=  1
   0.9100   0.9100   0.9100   0.9100   0.9100   0.9100   0.9220   0.9220   0.9220   0.9220   0.9220   0.9220   0.9220   0.9220
************  NC0  ************
 NI=  1 NI_GLOBAL=  1
   0.7284   0.7284   0.7284   0.7284   0.7284   0.7284   0.1077   0.1077   0.1077   0.1077   0.1077   0.1077   0.1077   0.1077
                  CALC_LC takes  0 hours  5 minutes and   35.34 seconds (CPU).
                          takes  0 hours  5 minutes and   35.25 seconds (WALL).
                GUTZ_FCN1 takes  0 hours  5 minutes and   36.21 seconds (CPU).
                          takes  0 hours  5 minutes and   35.73 seconds (WALL).
************  DIF_X  ************
   -0.000000871203    0.000001227108
    0.000000710581    0.000000327175
 ITER1=  3 MAXERR=    0.00000123
************   WH%X  ************
    0.91000840    0.92202110
    1.53474286    1.67164698
************  RIN  ************
 NI=  1 NI_GLOBAL=  1
   0.9100   0.9100   0.9100   0.9100   0.9100   0.9100   0.9220   0.9220   0.9220   0.9220   0.9220   0.9220   0.9220   0.9220
************  LA1  ************
 NI=  1 NI_GLOBAL=  1
   1.5347   1.5347   1.5347   1.5347   1.5347   1.5347   1.6716   1.6716   1.6716   1.6716   1.6716   1.6716   1.6716   1.6716
             CALC_BAND_AL takes  0 hours  0 minutes and    0.45 seconds (CPU).
                          takes  0 hours  0 minutes and    0.23 seconds (WALL).
 ILOOP            1
 ILOOP            2
   FERMI ENERGY AT    1.55086756786007     
   SUM RULE OF TETRAHEDRON INTEGRATION CHECKED 
   number of occupied bands:          18
   highest energy:   1.62009389716024     
************  NK-  ************
 NI=  1 NI_GLOBAL=  1
   0.7503   0.6926   0.7423   0.7423   0.6926   0.7503   0.0986   0.1423   0.0984   0.0916   0.0916   0.0984   0.1423   0.0986
************  NNK  ************
 NI=  1 NI_GLOBAL=  1
   0.7503   0.0000   0.0000   0.0000  -0.0389   0.0000   0.0000  -0.0216   0.0000   0.0000   0.0000   0.0046   0.0000   0.0000
   0.0000   0.6926   0.0000   0.0000   0.0000  -0.0389   0.0000   0.0000   0.0313   0.0000   0.0000   0.0000  -0.0260   0.0000
   0.0000   0.0000   0.7423   0.0000   0.0000   0.0000   0.0000   0.0000   0.0000  -0.0284   0.0000   0.0000   0.0000  -0.0264
   0.0000   0.0000   0.0000   0.7423   0.0000   0.0000   0.0264   0.0000   0.0000   0.0000   0.0284   0.0000   0.0000   0.0000
  -0.0389   0.0000   0.0000   0.0000   0.6926   0.0000   0.0000   0.0260   0.0000   0.0000   0.0000  -0.0313   0.0000   0.0000
   0.0000  -0.0389   0.0000   0.0000   0.0000   0.7503   0.0000   0.0000  -0.0046   0.0000   0.0000   0.0000   0.0216   0.0000
   0.0000   0.0000   0.0000   0.0264   0.0000   0.0000   0.0986   0.0000   0.0000   0.0000  -0.0017   0.0000   0.0000   0.0000
  -0.0216   0.0000   0.0000   0.0000   0.0260   0.0000   0.0000   0.1423   0.0000   0.0000   0.0000  -0.0011   0.0000   0.0000
   0.0000   0.0313   0.0000   0.0000   0.0000  -0.0046   0.0000   0.0000   0.0984   0.0000   0.0000   0.0000  -0.0011   0.0000
   0.0000   0.0000  -0.0284   0.0000   0.0000   0.0000   0.0000   0.0000   0.0000   0.0916   0.0000   0.0000   0.0000  -0.0017
   0.0000   0.0000   0.0000   0.0284   0.0000   0.0000  -0.0017   0.0000   0.0000   0.0000   0.0916   0.0000   0.0000   0.0000
   0.0046   0.0000   0.0000   0.0000  -0.0313   0.0000   0.0000  -0.0011   0.0000   0.0000   0.0000   0.0984   0.0000   0.0000
   0.0000  -0.0260   0.0000   0.0000   0.0000   0.0216   0.0000   0.0000  -0.0011   0.0000   0.0000   0.0000   0.1423   0.0000
   0.0000   0.0000  -0.0264   0.0000   0.0000   0.0000   0.0000   0.0000   0.0000  -0.0017   0.0000   0.0000   0.0000   0.0986
************  NKS  ************
 NI=  1 NI_GLOBAL=  1
   0.7284   0.7284   0.7284   0.7284   0.7284   0.7284   0.1077   0.1077   0.1077   0.1077   0.1077   0.1077   0.1077   0.1077
 NELE_LOC TOTAL:
           5.2325412616610372
              CALC_DA_BND takes  0 hours  0 minutes and    0.07 seconds (CPU).
                          takes  0 hours  0 minutes and    0.06 seconds (WALL).
************  DA-  ************
 NI=  1 NI_GLOBAL=  1
  -0.0318  -0.0318  -0.0294  -0.0294  -0.0318  -0.0318  -0.0196  -0.0289  -0.0199  -0.0187  -0.0187  -0.0199  -0.0289  -0.0196
************  DAA  ************
 NI=  1 NI_GLOBAL=  1
  -0.0310  -0.0310  -0.0310  -0.0310  -0.0310  -0.0310  -0.0218  -0.0218  -0.0218  -0.0218  -0.0218  -0.0218  -0.0218  -0.0218
 NI=  1 VDC=    1.3349
************  LA2  ************
 NI=  1 NI_GLOBAL=  1
  -2.9348  -2.9348  -2.9348  -2.9348  -2.9348  -2.9348  -2.8428  -2.8428  -2.8428  -2.8428  -2.8428  -2.8428  -2.8428  -2.8428
 NI=  1 PHI-step gap=  0.15E+00
************  RAA  ************
 NI=  1 NI_GLOBAL=  1
   0.9100   0.9100   0.9100   0.9100   0.9100   0.9100   0.9220   0.9220   0.9220   0.9220   0.9220   0.9220   0.9220   0.9220
************  NC0  ************
 NI=  1 NI_GLOBAL=  1
   0.7284   0.7284   0.7284   0.7284   0.7284   0.7284   0.1077   0.1077   0.1077   0.1077   0.1077   0.1077   0.1077   0.1077
                  CALC_LC takes  0 hours  5 minutes and   33.85 seconds (CPU).
                          takes  0 hours  5 minutes and   33.75 seconds (WALL).
                GUTZ_FCN1 takes  0 hours  5 minutes and   34.73 seconds (CPU).
                          takes  0 hours  5 minutes and   34.22 seconds (WALL).
************  DIF_X  ************
    0.000000052456   -0.000000033230
   -0.000000027173   -0.000000024303
 ITER1=  4 MAXERR=    0.00000005
************   WH%X  ************
    0.91000842    0.92202116
    1.53474290    1.67164705
************  RIN  ************
 NI=  1 NI_GLOBAL=  1
   0.9100   0.9100   0.9100   0.9100   0.9100   0.9100   0.9220   0.9220   0.9220   0.9220   0.9220   0.9220   0.9220   0.9220
************  LA1  ************
 NI=  1 NI_GLOBAL=  1
   1.5347   1.5347   1.5347   1.5347   1.5347   1.5347   1.6716   1.6716   1.6716   1.6716   1.6716   1.6716   1.6716   1.6716
             CALC_BAND_AL takes  0 hours  0 minutes and    0.45 seconds (CPU).
                          takes  0 hours  0 minutes and    0.23 seconds (WALL).
 ILOOP            1
 ILOOP            2
   FERMI ENERGY AT    1.55086759766820     
   SUM RULE OF TETRAHEDRON INTEGRATION CHECKED 
   number of occupied bands:          18
   highest energy:   1.62009391774557     
************  NK-  ************
 NI=  1 NI_GLOBAL=  1
   0.7503   0.6926   0.7423   0.7423   0.6926   0.7503   0.0986   0.1423   0.0984   0.0916   0.0916   0.0984   0.1423   0.0986
************  NNK  ************
 NI=  1 NI_GLOBAL=  1
   0.7503   0.0000   0.0000   0.0000  -0.0389   0.0000   0.0000  -0.0216   0.0000   0.0000   0.0000   0.0046   0.0000   0.0000
   0.0000   0.6926   0.0000   0.0000   0.0000  -0.0389   0.0000   0.0000   0.0313   0.0000   0.0000   0.0000  -0.0260   0.0000
   0.0000   0.0000   0.7423   0.0000   0.0000   0.0000   0.0000   0.0000   0.0000  -0.0284   0.0000   0.0000   0.0000  -0.0264
   0.0000   0.0000   0.0000   0.7423   0.0000   0.0000   0.0264   0.0000   0.0000   0.0000   0.0284   0.0000   0.0000   0.0000
  -0.0389   0.0000   0.0000   0.0000   0.6926   0.0000   0.0000   0.0260   0.0000   0.0000   0.0000  -0.0313   0.0000   0.0000
   0.0000  -0.0389   0.0000   0.0000   0.0000   0.7503   0.0000   0.0000  -0.0046   0.0000   0.0000   0.0000   0.0216   0.0000
   0.0000   0.0000   0.0000   0.0264   0.0000   0.0000   0.0986   0.0000   0.0000   0.0000  -0.0017   0.0000   0.0000   0.0000
  -0.0216   0.0000   0.0000   0.0000   0.0260   0.0000   0.0000   0.1423   0.0000   0.0000   0.0000  -0.0011   0.0000   0.0000
   0.0000   0.0313   0.0000   0.0000   0.0000  -0.0046   0.0000   0.0000   0.0984   0.0000   0.0000   0.0000  -0.0011   0.0000
   0.0000   0.0000  -0.0284   0.0000   0.0000   0.0000   0.0000   0.0000   0.0000   0.0916   0.0000   0.0000   0.0000  -0.0017
   0.0000   0.0000   0.0000   0.0284   0.0000   0.0000  -0.0017   0.0000   0.0000   0.0000   0.0916   0.0000   0.0000   0.0000
   0.0046   0.0000   0.0000   0.0000  -0.0313   0.0000   0.0000  -0.0011   0.0000   0.0000   0.0000   0.0984   0.0000   0.0000
   0.0000  -0.0260   0.0000   0.0000   0.0000   0.0216   0.0000   0.0000  -0.0011   0.0000   0.0000   0.0000   0.1423   0.0000
   0.0000   0.0000  -0.0264   0.0000   0.0000   0.0000   0.0000   0.0000   0.0000  -0.0017   0.0000   0.0000   0.0000   0.0986
************  NKS  ************
 NI=  1 NI_GLOBAL=  1
   0.7284   0.7284   0.7284   0.7284   0.7284   0.7284   0.1077   0.1077   0.1077   0.1077   0.1077   0.1077   0.1077   0.1077
 NELE_LOC TOTAL:
           5.2325409196073647
              CALC_DA_BND takes  0 hours  0 minutes and    0.07 seconds (CPU).
                          takes  0 hours  0 minutes and    0.06 seconds (WALL).
************  DA-  ************
 NI=  1 NI_GLOBAL=  1
  -0.0318  -0.0318  -0.0294  -0.0294  -0.0318  -0.0318  -0.0196  -0.0289  -0.0199  -0.0187  -0.0187  -0.0199  -0.0289  -0.0196
************  DAA  ************
 NI=  1 NI_GLOBAL=  1
  -0.0310  -0.0310  -0.0310  -0.0310  -0.0310  -0.0310  -0.0218  -0.0218  -0.0218  -0.0218  -0.0218  -0.0218  -0.0218  -0.0218
 NI=  1 VDC=    1.3349
************  LA2  ************
 NI=  1 NI_GLOBAL=  1
  -2.9348  -2.9348  -2.9348  -2.9348  -2.9348  -2.9348  -2.8428  -2.8428  -2.8428  -2.8428  -2.8428  -2.8428  -2.8428  -2.8428
 NI=  1 PHI-step gap=  0.15E+00
************  RAA  ************
 NI=  1 NI_GLOBAL=  1
   0.9100   0.9100   0.9100   0.9100   0.9100   0.9100   0.9220   0.9220   0.9220   0.9220   0.9220   0.9220   0.9220   0.9220
************  NC0  ************
 NI=  1 NI_GLOBAL=  1
   0.7284   0.7284   0.7284   0.7284   0.7284   0.7284   0.1077   0.1077   0.1077   0.1077   0.1077   0.1077   0.1077   0.1077
                  CALC_LC takes  0 hours  5 minutes and   32.90 seconds (CPU).
                          takes  0 hours  5 minutes and   32.89 seconds (WALL).
                GUTZ_FCN1 takes  0 hours  5 minutes and   33.68 seconds (CPU).
                          takes  0 hours  5 minutes and   33.36 seconds (WALL).
************  DIF_X  ************
   -0.000000008868    0.000000012803
    0.000000007075    0.000000003691
 ITER1=  5 MAXERR=    0.00000001
************   WH%X  ************
    0.91000842    0.92202116
    1.53474289    1.67164704
************  RIN  ************
 NI=  1 NI_GLOBAL=  1
   0.9100   0.9100   0.9100   0.9100   0.9100   0.9100   0.9220   0.9220   0.9220   0.9220   0.9220   0.9220   0.9220   0.9220
************  LA1  ************
 NI=  1 NI_GLOBAL=  1
   1.5347   1.5347   1.5347   1.5347   1.5347   1.5347   1.6716   1.6716   1.6716   1.6716   1.6716   1.6716   1.6716   1.6716
             CALC_BAND_AL takes  0 hours  0 minutes and    0.46 seconds (CPU).
                          takes  0 hours  0 minutes and    0.23 seconds (WALL).
 ILOOP            1
 ILOOP            2
   FERMI ENERGY AT    1.55086759278649     
   SUM RULE OF TETRAHEDRON INTEGRATION CHECKED 
   number of occupied bands:          18
   highest energy:   1.62009391493068     
************  NK-  ************
 NI=  1 NI_GLOBAL=  1
   0.7503   0.6926   0.7423   0.7423   0.6926   0.7503   0.0986   0.1423   0.0984   0.0916   0.0916   0.0984   0.1423   0.0986
************  NNK  ************
 NI=  1 NI_GLOBAL=  1
   0.7503   0.0000   0.0000   0.0000  -0.0389   0.0000   0.0000  -0.0216   0.0000   0.0000   0.0000   0.0046   0.0000   0.0000
   0.0000   0.6926   0.0000   0.0000   0.0000  -0.0389   0.0000   0.0000   0.0313   0.0000   0.0000   0.0000  -0.0260   0.0000
   0.0000   0.0000   0.7423   0.0000   0.0000   0.0000   0.0000   0.0000   0.0000  -0.0284   0.0000   0.0000   0.0000  -0.0264
   0.0000   0.0000   0.0000   0.7423   0.0000   0.0000   0.0264   0.0000   0.0000   0.0000   0.0284   0.0000   0.0000   0.0000
  -0.0389   0.0000   0.0000   0.0000   0.6926   0.0000   0.0000   0.0260   0.0000   0.0000   0.0000  -0.0313   0.0000   0.0000
   0.0000  -0.0389   0.0000   0.0000   0.0000   0.7503   0.0000   0.0000  -0.0046   0.0000   0.0000   0.0000   0.0216   0.0000
   0.0000   0.0000   0.0000   0.0264   0.0000   0.0000   0.0986   0.0000   0.0000   0.0000  -0.0017   0.0000   0.0000   0.0000
  -0.0216   0.0000   0.0000   0.0000   0.0260   0.0000   0.0000   0.1423   0.0000   0.0000   0.0000  -0.0011   0.0000   0.0000
   0.0000   0.0313   0.0000   0.0000   0.0000  -0.0046   0.0000   0.0000   0.0984   0.0000   0.0000   0.0000  -0.0011   0.0000
   0.0000   0.0000  -0.0284   0.0000   0.0000   0.0000   0.0000   0.0000   0.0000   0.0916   0.0000   0.0000   0.0000  -0.0017
   0.0000   0.0000   0.0000   0.0284   0.0000   0.0000  -0.0017   0.0000   0.0000   0.0000   0.0916   0.0000   0.0000   0.0000
   0.0046   0.0000   0.0000   0.0000  -0.0313   0.0000   0.0000  -0.0011   0.0000   0.0000   0.0000   0.0984   0.0000   0.0000
   0.0000  -0.0260   0.0000   0.0000   0.0000   0.0216   0.0000   0.0000  -0.0011   0.0000   0.0000   0.0000   0.1423   0.0000
   0.0000   0.0000  -0.0264   0.0000   0.0000   0.0000   0.0000   0.0000   0.0000  -0.0017   0.0000   0.0000   0.0000   0.0986
************  NKS  ************
 NI=  1 NI_GLOBAL=  1
   0.7284   0.7284   0.7284   0.7284   0.7284   0.7284   0.1077   0.1077   0.1077   0.1077   0.1077   0.1077   0.1077   0.1077
 NELE_LOC TOTAL:
           5.2325409737320712
              CALC_DA_BND takes  0 hours  0 minutes and    0.07 seconds (CPU).
                          takes  0 hours  0 minutes and    0.08 seconds (WALL).
************  DA-  ************
 NI=  1 NI_GLOBAL=  1
  -0.0318  -0.0318  -0.0294  -0.0294  -0.0318  -0.0318  -0.0196  -0.0289  -0.0199  -0.0187  -0.0187  -0.0199  -0.0289  -0.0196
************  DAA  ************
 NI=  1 NI_GLOBAL=  1
  -0.0310  -0.0310  -0.0310  -0.0310  -0.0310  -0.0310  -0.0218  -0.0218  -0.0218  -0.0218  -0.0218  -0.0218  -0.0218  -0.0218
 NI=  1 VDC=    1.3349
************  LA2  ************
 NI=  1 NI_GLOBAL=  1
  -2.9348  -2.9348  -2.9348  -2.9348  -2.9348  -2.9348  -2.8428  -2.8428  -2.8428  -2.8428  -2.8428  -2.8428  -2.8428  -2.8428
 NI=  1 PHI-step gap=  0.15E+00
************  RAA  ************
 NI=  1 NI_GLOBAL=  1
   0.9100   0.9100   0.9100   0.9100   0.9100   0.9100   0.9220   0.9220   0.9220   0.9220   0.9220   0.9220   0.9220   0.9220
************  NC0  ************
 NI=  1 NI_GLOBAL=  1
   0.7284   0.7284   0.7284   0.7284   0.7284   0.7284   0.1077   0.1077   0.1077   0.1077   0.1077   0.1077   0.1077   0.1077
                  CALC_LC takes  0 hours  5 minutes and   34.33 seconds (CPU).
                          takes  0 hours  5 minutes and   34.18 seconds (WALL).
                GUTZ_FCN1 takes  0 hours  5 minutes and   35.06 seconds (CPU).
                          takes  0 hours  5 minutes and   34.66 seconds (WALL).
************  DIF_X  ************
   -0.000000000632    0.000000000942
    0.000000000517    0.000000000261
 ITER1=  6 MAXERR=    0.00000000
 NFJAC=   0
 SOLVE1 FINISHED WITH       6 ITERATIONS.
               GUTZ_SOLVE takes  0 hours 37 minutes and   10.20 seconds (CPU).
                          takes  0 hours 37 minutes and    7.80 seconds (WALL).
 MAX. NELF1 DIFF=    0.00172901
               CALC_PJRHO takes  0 hours  0 minutes and    0.51 seconds (CPU).
                          takes  0 hours  0 minutes and    0.36 seconds (WALL).
 NI=  1 SUM_PHY-SUM_KS=      0.00000001 WOULD BE RENORMALIZED
************  NC1  ************
 NI=  1 NI_GLOBAL=  1
   0.7210   0.7210   0.7210   0.7210   0.7210   0.7210   0.1133   0.1133   0.1133   0.1133   0.1133   0.1133   0.1133   0.1133
               CALC_NCPHY takes  0 hours  0 minutes and   49.64 seconds (CPU).
                          takes  0 hours  0 minutes and   49.46 seconds (WALL).
 GYZ%PJ%EGAMM:
    11.42476
 ENG%GAMM:    11.42476
 ENG%POT2:     3.15612
 EDCLA1(NI) ARRAY:
    -8.149
 EDCUJ(NI) ARRAY:
    -3.144
 EDCUJV(NI) ARRAY:
    -6.985
 EDC(NI) ARRAY:
   -11.292
 ENG%DBLC:   -11.29227
 ENG%DC1 :    -8.14861
 ENG%DC2 :    -3.14365
 ENG%DC2V:    -6.98471
 DC_E_STD_TO_E_V:    -3.84106
 ENG%BAND:     8.84566
 ENG%DL(DEEP LEVEL):    -2.89915
 ENG%TB=     8.97815
 ENG%TB-DC2=    12.12181
 NI=  1 OCC_CONFIG_WEIGHT:
        OCC= 0 WEIGHT=   0.00000
        OCC= 1 WEIGHT=   0.00000
        OCC= 2 WEIGHT=   0.00038
        OCC= 3 WEIGHT=   0.01413
        OCC= 4 WEIGHT=   0.15888
        OCC= 5 WEIGHT=   0.46408
        OCC= 6 WEIGHT=   0.30730
        OCC= 7 WEIGHT=   0.05218
        OCC= 8 WEIGHT=   0.00298
        OCC= 9 WEIGHT=   0.00007
                 CALC_RCW takes  0 hours  0 minutes and    0.00 seconds (CPU).
                          takes  0 hours  0 minutes and    0.00 seconds (WALL).
 NI=  1 J2=   23.7115
                 CALC_SLJ takes  0 hours  0 minutes and    0.00 seconds (CPU).
                          takes  0 hours  0 minutes and    0.00 seconds (WALL).
 NI=  1 ENTANGLEMENT ENTROPY=      6.0029
           CALC_ENTANGLES takes  0 hours  0 minutes and    1.03 seconds (CPU).
                          takes  0 hours  0 minutes and    0.91 seconds (WALL).
 CORRELATED SUBSPACE, SUM_FERWT=      8.0000000 SUM_KSWT=      8.0000000
 MAX OFF DIAGONAL KS.WT=    0.001243
 MAX/MIN R=    0.922021    0.910008
                CALC_KSWT takes  0 hours  0 minutes and    0.01 seconds (CPU).
                          takes  0 hours  0 minutes and    0.02 seconds (WALL).
                    TOTAL takes  0 hours 39 minutes and    3.81 seconds (CPU).
                          takes  0 hours 39 minutes and    0.33 seconds (WALL).
