******Program DMFT: Computes Gloc and Delta for Dynamical Mean Field Theory calculation ******
 CALCULATION WITH COMPLEX VECTORS
 CALCULATION WITH SOC VECTORS REQUIRED
 Running DMFT in mpi mode
  
 numkpt=         726
   0.00000   0.00000   0.00000   1.00000
   0.04762   0.04762   0.00000   4.00000
   0.09524   0.09524   0.00000   4.00000
   0.14286   0.14286   0.00000   4.00000
   0.19048   0.19048   0.00000   4.00000
   0.23810   0.23810   0.00000   4.00000
   0.28571   0.28571   0.00000   4.00000
   0.33333   0.33333   0.00000   4.00000
   0.38095   0.38095   0.00000   4.00000
   0.42857   0.42857   0.00000   4.00000
   0.47619   0.47619   0.00000   4.00000
   0.04762   0.00000   0.04762   8.00000
   0.09524   0.04762   0.04762  16.00000
   0.14286   0.09524   0.04762  16.00000
   0.19048   0.14286   0.04762  16.00000
   0.23810   0.19048   0.04762  16.00000
   0.28571   0.23810   0.04762  16.00000
   0.33333   0.28571   0.04762  16.00000
   0.38095   0.33333   0.04762  16.00000
   0.42857   0.38095   0.04762  16.00000
   0.47619   0.42857   0.04762  16.00000
   0.52381   0.47619   0.04762   8.00000
   0.09524   0.00000   0.09524   8.00000
   0.14286   0.04762   0.09524  16.00000
   0.19048   0.09524   0.09524  16.00000
   0.23810   0.14286   0.09524  16.00000
   0.28571   0.19048   0.09524  16.00000
   0.33333   0.23810   0.09524  16.00000
   0.38095   0.28571   0.09524  16.00000
   0.42857   0.33333   0.09524  16.00000
   0.47619   0.38095   0.09524  16.00000
   0.52381   0.42857   0.09524  16.00000
   1.04762   0.95238   0.09524   8.00000
   0.14286   0.00000   0.14286   8.00000
   0.19048   0.04762   0.14286  16.00000
   0.23810   0.09524   0.14286  16.00000
   0.28571   0.14286   0.14286  16.00000
   0.33333   0.19048   0.14286  16.00000
   0.38095   0.23810   0.14286  16.00000
   0.42857   0.28571   0.14286  16.00000
   0.47619   0.33333   0.14286  16.00000
   0.52381   0.38095   0.14286  16.00000
   0.57143   0.42857   0.14286   8.00000
   1.04762   0.90476   0.14286  16.00000
   0.19048   0.00000   0.19048   8.00000
   0.23810   0.04762   0.19048  16.00000
   0.28571   0.09524   0.19048  16.00000
   0.33333   0.14286   0.19048  16.00000
   0.38095   0.19048   0.19048  16.00000
   0.42857   0.23810   0.19048  16.00000
   0.47619   0.28571   0.19048  16.00000
   0.52381   0.33333   0.19048  16.00000
   0.57143   0.38095   0.19048  16.00000
   1.04762   0.85714   0.19048  16.00000
   1.09524   0.90476   0.19048   8.00000
   0.23810   0.00000   0.23810   8.00000
   0.28571   0.04762   0.23810  16.00000
   0.33333   0.09524   0.23810  16.00000
   0.38095   0.14286   0.23810  16.00000
   0.42857   0.19048   0.23810  16.00000
   0.47619   0.23810   0.23810  16.00000
   0.52381   0.28571   0.23810  16.00000
   0.57143   0.33333   0.23810  16.00000
   0.61905   0.38095   0.23810   8.00000
   1.04762   0.80952   0.23810  16.00000
   1.09524   0.85714   0.23810  16.00000
   0.28571   0.00000   0.28571   8.00000
   0.33333   0.04762   0.28571  16.00000
   0.38095   0.09524   0.28571  16.00000
   0.42857   0.14286   0.28571  16.00000
   0.47619   0.19048   0.28571  16.00000
   0.52381   0.23810   0.28571  16.00000
   0.57143   0.28571   0.28571  16.00000
   0.61905   0.33333   0.28571  16.00000
   1.04762   0.76190   0.28571  16.00000
   1.09524   0.80952   0.28571  16.00000
   1.14286   0.85714   0.28571   8.00000
   0.33333   0.00000   0.33333   8.00000
   0.38095   0.04762   0.33333  16.00000
   0.42857   0.09524   0.33333  16.00000
   0.47619   0.14286   0.33333  16.00000
   0.52381   0.19048   0.33333  16.00000
   0.57143   0.23810   0.33333  16.00000
   0.61905   0.28571   0.33333  16.00000
   0.66667   0.33333   0.33333   8.00000
   1.04762   0.71429   0.33333  16.00000
   1.09524   0.76190   0.33333  16.00000
   1.14286   0.80952   0.33333  16.00000
   0.38095   0.00000   0.38095   8.00000
   0.42857   0.04762   0.38095  16.00000
   0.47619   0.09524   0.38095  16.00000
   0.52381   0.14286   0.38095  16.00000
   0.57143   0.19048   0.38095  16.00000
   0.61905   0.23810   0.38095  16.00000
   0.66667   0.28571   0.38095  16.00000
   1.04762   0.66667   0.38095  16.00000
   1.09524   0.71429   0.38095  16.00000
   1.14286   0.76190   0.38095  16.00000
   1.19048   0.80952   0.38095   8.00000
   0.42857   0.00000   0.42857   8.00000
   0.47619   0.04762   0.42857  16.00000
   0.52381   0.09524   0.42857  16.00000
   0.57143   0.14286   0.42857  16.00000
   0.61905   0.19048   0.42857  16.00000
   0.66667   0.23810   0.42857  16.00000
   0.71429   0.28571   0.42857   8.00000
   1.04762   0.61905   0.42857  16.00000
   1.09524   0.66667   0.42857  16.00000
   1.14286   0.71429   0.42857  16.00000
   1.19048   0.76190   0.42857  16.00000
   0.47619   0.00000   0.47619   8.00000
   0.52381   0.04762   0.47619  16.00000
   0.57143   0.09524   0.47619  16.00000
   0.61905   0.14286   0.47619  16.00000
   0.66667   0.19048   0.47619  16.00000
   0.71429   0.23810   0.47619  16.00000
   1.04762   0.57143   0.47619  16.00000
   1.09524   0.61905   0.47619  16.00000
   1.14286   0.66667   0.47619  16.00000
   1.19048   0.71429   0.47619  16.00000
   1.23810   0.76190   0.47619   8.00000
   0.09524   0.09524   0.09524   8.00000
   0.14286   0.14286   0.09524   8.00000
   0.19048   0.19048   0.09524   8.00000
   0.23810   0.23810   0.09524   8.00000
   0.28571   0.28571   0.09524   8.00000
   0.33333   0.33333   0.09524   8.00000
   0.38095   0.38095   0.09524   8.00000
   0.42857   0.42857   0.09524   8.00000
   0.47619   0.47619   0.09524   8.00000
   1.00000   1.00000   0.09524   2.00000
   0.14286   0.09524   0.14286  16.00000
   0.19048   0.14286   0.14286  16.00000
   0.23810   0.19048   0.14286  16.00000
   0.28571   0.23810   0.14286  16.00000
   0.33333   0.28571   0.14286  16.00000
   0.38095   0.33333   0.14286  16.00000
   0.42857   0.38095   0.14286  16.00000
   0.47619   0.42857   0.14286  16.00000
   0.52381   0.47619   0.14286   8.00000
   1.00000   0.95238   0.14286   8.00000
   0.19048   0.09524   0.19048  16.00000
   0.23810   0.14286   0.19048  16.00000
   0.28571   0.19048   0.19048  16.00000
   0.33333   0.23810   0.19048  16.00000
   0.38095   0.28571   0.19048  16.00000
   0.42857   0.33333   0.19048  16.00000
   0.47619   0.38095   0.19048  16.00000
   0.52381   0.42857   0.19048  16.00000
   1.00000   0.90476   0.19048   8.00000
   1.04762   0.95238   0.19048   8.00000
   0.23810   0.09524   0.23810  16.00000
   0.28571   0.14286   0.23810  16.00000
   0.33333   0.19048   0.23810  16.00000
   0.38095   0.23810   0.23810  16.00000
   0.42857   0.28571   0.23810  16.00000
   0.47619   0.33333   0.23810  16.00000
   0.52381   0.38095   0.23810  16.00000
   0.57143   0.42857   0.23810   8.00000
   1.00000   0.85714   0.23810   8.00000
   1.04762   0.90476   0.23810  16.00000
   0.28571   0.09524   0.28571  16.00000
   0.33333   0.14286   0.28571  16.00000
   0.38095   0.19048   0.28571  16.00000
   0.42857   0.23810   0.28571  16.00000
   0.47619   0.28571   0.28571  16.00000
   0.52381   0.33333   0.28571  16.00000
   0.57143   0.38095   0.28571  16.00000
   1.00000   0.80952   0.28571   8.00000
   1.04762   0.85714   0.28571  16.00000
   1.09524   0.90476   0.28571   8.00000
   0.33333   0.09524   0.33333  16.00000
   0.38095   0.14286   0.33333  16.00000
   0.42857   0.19048   0.33333  16.00000
   0.47619   0.23810   0.33333  16.00000
   0.52381   0.28571   0.33333  16.00000
   0.57143   0.33333   0.33333  16.00000
   0.61905   0.38095   0.33333   8.00000
   1.00000   0.76190   0.33333   8.00000
   1.04762   0.80952   0.33333  16.00000
   1.09524   0.85714   0.33333  16.00000
   0.38095   0.09524   0.38095  16.00000
   0.42857   0.14286   0.38095  16.00000
   0.47619   0.19048   0.38095  16.00000
   0.52381   0.23810   0.38095  16.00000
   0.57143   0.28571   0.38095  16.00000
   0.61905   0.33333   0.38095  16.00000
   1.00000   0.71429   0.38095   8.00000
   1.04762   0.76190   0.38095  16.00000
   1.09524   0.80952   0.38095  16.00000
   1.14286   0.85714   0.38095   8.00000
   0.42857   0.09524   0.42857  16.00000
   0.47619   0.14286   0.42857  16.00000
   0.52381   0.19048   0.42857  16.00000
   0.57143   0.23810   0.42857  16.00000
   0.61905   0.28571   0.42857  16.00000
   0.66667   0.33333   0.42857   8.00000
   1.00000   0.66667   0.42857   8.00000
   1.04762   0.71429   0.42857  16.00000
   1.09524   0.76190   0.42857  16.00000
   1.14286   0.80952   0.42857  16.00000
   0.47619   0.09524   0.47619  16.00000
   0.52381   0.14286   0.47619  16.00000
   0.57143   0.19048   0.47619  16.00000
   0.61905   0.23810   0.47619  16.00000
   0.66667   0.28571   0.47619  16.00000
   1.00000   0.61905   0.47619   8.00000
   1.04762   0.66667   0.47619  16.00000
   1.09524   0.71429   0.47619  16.00000
   1.14286   0.76190   0.47619  16.00000
   1.19048   0.80952   0.47619   8.00000
   0.57143   0.14286   0.52381  16.00000
   0.61905   0.19048   0.52381  16.00000
   0.66667   0.23810   0.52381  16.00000
   0.71429   0.28571   0.52381   8.00000
   1.00000   0.57143   0.52381   8.00000
   1.04762   0.61905   0.52381  16.00000
   1.09524   0.66667   0.52381  16.00000
   1.14286   0.71429   0.52381  16.00000
   1.19048   0.76190   0.52381  16.00000
   0.61905   0.14286   0.57143  16.00000
   0.66667   0.19048   0.57143  16.00000
   0.71429   0.23810   0.57143  16.00000
   1.00000   0.52381   0.57143   8.00000
   1.04762   0.57143   0.57143  16.00000
   1.09524   0.61905   0.57143  16.00000
   1.14286   0.66667   0.57143  16.00000
   1.19048   0.71429   0.57143  16.00000
   1.23810   0.76190   0.57143   8.00000
   0.66667   0.14286   0.61905  16.00000
   0.71429   0.19048   0.61905  16.00000
   0.76190   0.23810   0.61905   8.00000
   1.00000   0.47619   0.61905   8.00000
   1.04762   0.52381   0.61905  16.00000
   1.09524   0.57143   0.61905  16.00000
   1.14286   0.61905   0.61905  16.00000
   1.19048   0.66667   0.61905  16.00000
   1.23810   0.71429   0.61905  16.00000
   0.71429   0.14286   0.66667  16.00000
   0.76190   0.19048   0.66667  16.00000
   1.00000   0.42857   0.66667   8.00000
   1.04762   0.47619   0.66667  16.00000
   1.09524   0.52381   0.66667  16.00000
   1.14286   0.57143   0.66667  16.00000
   1.19048   0.61905   0.66667  16.00000
   1.23810   0.66667   0.66667  16.00000
   1.28571   0.71429   0.66667   8.00000
   0.76190   0.14286   0.71429  16.00000
   0.80952   0.19048   0.71429   8.00000
   1.00000   0.38095   0.71429   8.00000
   1.04762   0.42857   0.71429  16.00000
   1.09524   0.47619   0.71429  16.00000
   1.14286   0.52381   0.71429  16.00000
   1.19048   0.57143   0.71429  16.00000
   1.23810   0.61905   0.71429  16.00000
   1.28571   0.66667   0.71429  16.00000
   0.80952   0.14286   0.76190  16.00000
   1.00000   0.33333   0.76190   8.00000
   1.04762   0.38095   0.76190  16.00000
   1.09524   0.42857   0.76190  16.00000
   1.14286   0.47619   0.76190  16.00000
   1.19048   0.52381   0.76190  16.00000
   1.23810   0.57143   0.76190  16.00000
   1.28571   0.61905   0.76190  16.00000
   1.33333   0.66667   0.76190   8.00000
   0.85714   0.14286   0.80952   8.00000
   1.00000   0.28571   0.80952   8.00000
   1.04762   0.33333   0.80952  16.00000
   1.09524   0.38095   0.80952  16.00000
   1.14286   0.42857   0.80952  16.00000
   1.19048   0.47619   0.80952  16.00000
   1.23810   0.52381   0.80952  16.00000
   1.28571   0.57143   0.80952  16.00000
   1.33333   0.61905   0.80952  16.00000
   1.00000   0.23810   0.85714   8.00000
   1.04762   0.28571   0.85714  16.00000
   1.09524   0.33333   0.85714  16.00000
   1.14286   0.38095   0.85714  16.00000
   1.19048   0.42857   0.85714  16.00000
   1.23810   0.47619   0.85714  16.00000
   1.28571   0.52381   0.85714  16.00000
   1.33333   0.57143   0.85714  16.00000
   1.38095   0.61905   0.85714   8.00000
   1.00000   0.19048   0.90476   8.00000
   1.04762   0.23810   0.90476  16.00000
   1.09524   0.28571   0.90476  16.00000
   1.14286   0.33333   0.90476  16.00000
   1.19048   0.38095   0.90476  16.00000
   1.23810   0.42857   0.90476  16.00000
   1.28571   0.47619   0.90476  16.00000
   1.33333   0.52381   0.90476  16.00000
   1.38095   0.57143   0.90476  16.00000
   1.00000   0.14286   0.95238   8.00000
   1.04762   0.19048   0.95238  16.00000
   1.09524   0.23810   0.95238  16.00000
   1.14286   0.28571   0.95238  16.00000
   1.19048   0.33333   0.95238  16.00000
   1.23810   0.38095   0.95238  16.00000
   1.28571   0.42857   0.95238  16.00000
   1.33333   0.47619   0.95238  16.00000
   1.38095   0.52381   0.95238  16.00000
   1.42857   0.57143   0.95238   8.00000
   1.00000   0.09524   1.00000   4.00000
   1.04762   0.14286   1.00000   8.00000
   1.09524   0.19048   1.00000   8.00000
   1.14286   0.23810   1.00000   8.00000
   1.19048   0.28571   1.00000   8.00000
   1.23810   0.33333   1.00000   8.00000
   1.28571   0.38095   1.00000   8.00000
   1.33333   0.42857   1.00000   8.00000
   1.38095   0.47619   1.00000   8.00000
   1.42857   0.52381   1.00000   8.00000
   0.19048   0.19048   0.19048   8.00000
   0.23810   0.23810   0.19048   8.00000
   0.28571   0.28571   0.19048   8.00000
   0.33333   0.33333   0.19048   8.00000
   0.38095   0.38095   0.19048   8.00000
   0.42857   0.42857   0.19048   8.00000
   0.47619   0.47619   0.19048   8.00000
   1.00000   1.00000   0.19048   2.00000
   0.23810   0.19048   0.23810  16.00000
   0.28571   0.23810   0.23810  16.00000
   0.33333   0.28571   0.23810  16.00000
   0.38095   0.33333   0.23810  16.00000
   0.42857   0.38095   0.23810  16.00000
   0.47619   0.42857   0.23810  16.00000
   0.52381   0.47619   0.23810   8.00000
   1.00000   0.95238   0.23810   8.00000
   0.28571   0.19048   0.28571  16.00000
   0.33333   0.23810   0.28571  16.00000
   0.38095   0.28571   0.28571  16.00000
   0.42857   0.33333   0.28571  16.00000
   0.47619   0.38095   0.28571  16.00000
   0.52381   0.42857   0.28571  16.00000
   1.00000   0.90476   0.28571   8.00000
   1.04762   0.95238   0.28571   8.00000
   0.33333   0.19048   0.33333  16.00000
   0.38095   0.23810   0.33333  16.00000
   0.42857   0.28571   0.33333  16.00000
   0.47619   0.33333   0.33333  16.00000
   0.52381   0.38095   0.33333  16.00000
   0.57143   0.42857   0.33333   8.00000
   1.00000   0.85714   0.33333   8.00000
   1.04762   0.90476   0.33333  16.00000
   0.38095   0.19048   0.38095  16.00000
   0.42857   0.23810   0.38095  16.00000
   0.47619   0.28571   0.38095  16.00000
   0.52381   0.33333   0.38095  16.00000
   0.57143   0.38095   0.38095  16.00000
   1.00000   0.80952   0.38095   8.00000
   1.04762   0.85714   0.38095  16.00000
   1.09524   0.90476   0.38095   8.00000
   0.42857   0.19048   0.42857  16.00000
   0.47619   0.23810   0.42857  16.00000
   0.52381   0.28571   0.42857  16.00000
   0.57143   0.33333   0.42857  16.00000
   0.61905   0.38095   0.42857   8.00000
   1.00000   0.76190   0.42857   8.00000
   1.04762   0.80952   0.42857  16.00000
   1.09524   0.85714   0.42857  16.00000
   0.47619   0.19048   0.47619  16.00000
   0.52381   0.23810   0.47619  16.00000
   0.57143   0.28571   0.47619  16.00000
   0.61905   0.33333   0.47619  16.00000
   1.00000   0.71429   0.47619   8.00000
   1.04762   0.76190   0.47619  16.00000
   1.09524   0.80952   0.47619  16.00000
   1.14286   0.85714   0.47619   8.00000
   0.57143   0.23810   0.52381  16.00000
   0.61905   0.28571   0.52381  16.00000
   0.66667   0.33333   0.52381   8.00000
   1.00000   0.66667   0.52381   8.00000
   1.04762   0.71429   0.52381  16.00000
   1.09524   0.76190   0.52381  16.00000
   1.14286   0.80952   0.52381  16.00000
   0.61905   0.23810   0.57143  16.00000
   0.66667   0.28571   0.57143  16.00000
   1.00000   0.61905   0.57143   8.00000
   1.04762   0.66667   0.57143  16.00000
   1.09524   0.71429   0.57143  16.00000
   1.14286   0.76190   0.57143  16.00000
   1.19048   0.80952   0.57143   8.00000
   0.66667   0.23810   0.61905  16.00000
   0.71429   0.28571   0.61905   8.00000
   1.00000   0.57143   0.61905   8.00000
   1.04762   0.61905   0.61905  16.00000
   1.09524   0.66667   0.61905  16.00000
   1.14286   0.71429   0.61905  16.00000
   1.19048   0.76190   0.61905  16.00000
   0.71429   0.23810   0.66667  16.00000
   1.00000   0.52381   0.66667   8.00000
   1.04762   0.57143   0.66667  16.00000
   1.09524   0.61905   0.66667  16.00000
   1.14286   0.66667   0.66667  16.00000
   1.19048   0.71429   0.66667  16.00000
   1.23810   0.76190   0.66667   8.00000
   0.76190   0.23810   0.71429   8.00000
   1.00000   0.47619   0.71429   8.00000
   1.04762   0.52381   0.71429  16.00000
   1.09524   0.57143   0.71429  16.00000
   1.14286   0.61905   0.71429  16.00000
   1.19048   0.66667   0.71429  16.00000
   1.23810   0.71429   0.71429  16.00000
   1.00000   0.42857   0.76190   8.00000
   1.04762   0.47619   0.76190  16.00000
   1.09524   0.52381   0.76190  16.00000
   1.14286   0.57143   0.76190  16.00000
   1.19048   0.61905   0.76190  16.00000
   1.23810   0.66667   0.76190  16.00000
   1.28571   0.71429   0.76190   8.00000
   1.00000   0.38095   0.80952   8.00000
   1.04762   0.42857   0.80952  16.00000
   1.09524   0.47619   0.80952  16.00000
   1.14286   0.52381   0.80952  16.00000
   1.19048   0.57143   0.80952  16.00000
   1.23810   0.61905   0.80952  16.00000
   1.28571   0.66667   0.80952  16.00000
   1.00000   0.33333   0.85714   8.00000
   1.04762   0.38095   0.85714  16.00000
   1.09524   0.42857   0.85714  16.00000
   1.14286   0.47619   0.85714  16.00000
   1.19048   0.52381   0.85714  16.00000
   1.23810   0.57143   0.85714  16.00000
   1.28571   0.61905   0.85714  16.00000
   1.33333   0.66667   0.85714   8.00000
   1.00000   0.28571   0.90476   8.00000
   1.04762   0.33333   0.90476  16.00000
   1.09524   0.38095   0.90476  16.00000
   1.14286   0.42857   0.90476  16.00000
   1.19048   0.47619   0.90476  16.00000
   1.23810   0.52381   0.90476  16.00000
   1.28571   0.57143   0.90476  16.00000
   1.33333   0.61905   0.90476  16.00000
   1.00000   0.23810   0.95238   8.00000
   1.04762   0.28571   0.95238  16.00000
   1.09524   0.33333   0.95238  16.00000
   1.14286   0.38095   0.95238  16.00000
   1.19048   0.42857   0.95238  16.00000
   1.23810   0.47619   0.95238  16.00000
   1.28571   0.52381   0.95238  16.00000
   1.33333   0.57143   0.95238  16.00000
   1.38095   0.61905   0.95238   8.00000
   1.00000   0.19048   1.00000   4.00000
   1.04762   0.23810   1.00000   8.00000
   1.09524   0.28571   1.00000   8.00000
   1.14286   0.33333   1.00000   8.00000
   1.19048   0.38095   1.00000   8.00000
   1.23810   0.42857   1.00000   8.00000
   1.28571   0.47619   1.00000   8.00000
   1.33333   0.52381   1.00000   8.00000
   1.38095   0.57143   1.00000   8.00000
   0.28571   0.28571   0.28571   8.00000
   0.33333   0.33333   0.28571   8.00000
   0.38095   0.38095   0.28571   8.00000
   0.42857   0.42857   0.28571   8.00000
   0.47619   0.47619   0.28571   8.00000
   1.00000   1.00000   0.28571   2.00000
   0.33333   0.28571   0.33333  16.00000
   0.38095   0.33333   0.33333  16.00000
   0.42857   0.38095   0.33333  16.00000
   0.47619   0.42857   0.33333  16.00000
   0.52381   0.47619   0.33333   8.00000
   1.00000   0.95238   0.33333   8.00000
   0.38095   0.28571   0.38095  16.00000
   0.42857   0.33333   0.38095  16.00000
   0.47619   0.38095   0.38095  16.00000
   0.52381   0.42857   0.38095  16.00000
   1.00000   0.90476   0.38095   8.00000
   1.04762   0.95238   0.38095   8.00000
   0.42857   0.28571   0.42857  16.00000
   0.47619   0.33333   0.42857  16.00000
   0.52381   0.38095   0.42857  16.00000
   0.57143   0.42857   0.42857   8.00000
   1.00000   0.85714   0.42857   8.00000
   1.04762   0.90476   0.42857  16.00000
   0.47619   0.28571   0.47619  16.00000
   0.52381   0.33333   0.47619  16.00000
   0.57143   0.38095   0.47619  16.00000
   1.00000   0.80952   0.47619   8.00000
   1.04762   0.85714   0.47619  16.00000
   1.09524   0.90476   0.47619   8.00000
   0.57143   0.33333   0.52381  16.00000
   0.61905   0.38095   0.52381   8.00000
   1.00000   0.76190   0.52381   8.00000
   1.04762   0.80952   0.52381  16.00000
   1.09524   0.85714   0.52381  16.00000
   0.61905   0.33333   0.57143  16.00000
   1.00000   0.71429   0.57143   8.00000
   1.04762   0.76190   0.57143  16.00000
   1.09524   0.80952   0.57143  16.00000
   1.14286   0.85714   0.57143   8.00000
   0.66667   0.33333   0.61905   8.00000
   1.00000   0.66667   0.61905   8.00000
   1.04762   0.71429   0.61905  16.00000
   1.09524   0.76190   0.61905  16.00000
   1.14286   0.80952   0.61905  16.00000
   1.00000   0.61905   0.66667   8.00000
   1.04762   0.66667   0.66667  16.00000
   1.09524   0.71429   0.66667  16.00000
   1.14286   0.76190   0.66667  16.00000
   1.19048   0.80952   0.66667   8.00000
   1.00000   0.57143   0.71429   8.00000
   1.04762   0.61905   0.71429  16.00000
   1.09524   0.66667   0.71429  16.00000
   1.14286   0.71429   0.71429  16.00000
   1.19048   0.76190   0.71429  16.00000
   1.00000   0.52381   0.76190   8.00000
   1.04762   0.57143   0.76190  16.00000
   1.09524   0.61905   0.76190  16.00000
   1.14286   0.66667   0.76190  16.00000
   1.19048   0.71429   0.76190  16.00000
   1.23810   0.76190   0.76190   8.00000
   1.00000   0.47619   0.80952   8.00000
   1.04762   0.52381   0.80952  16.00000
   1.09524   0.57143   0.80952  16.00000
   1.14286   0.61905   0.80952  16.00000
   1.19048   0.66667   0.80952  16.00000
   1.23810   0.71429   0.80952  16.00000
   1.00000   0.42857   0.85714   8.00000
   1.04762   0.47619   0.85714  16.00000
   1.09524   0.52381   0.85714  16.00000
   1.14286   0.57143   0.85714  16.00000
   1.19048   0.61905   0.85714  16.00000
   1.23810   0.66667   0.85714  16.00000
   1.28571   0.71429   0.85714   8.00000
   1.00000   0.38095   0.90476   8.00000
   1.04762   0.42857   0.90476  16.00000
   1.09524   0.47619   0.90476  16.00000
   1.14286   0.52381   0.90476  16.00000
   1.19048   0.57143   0.90476  16.00000
   1.23810   0.61905   0.90476  16.00000
   1.28571   0.66667   0.90476  16.00000
   1.00000   0.33333   0.95238   8.00000
   1.04762   0.38095   0.95238  16.00000
   1.09524   0.42857   0.95238  16.00000
   1.14286   0.47619   0.95238  16.00000
   1.19048   0.52381   0.95238  16.00000
   1.23810   0.57143   0.95238  16.00000
   1.28571   0.61905   0.95238  16.00000
   1.33333   0.66667   0.95238   8.00000
   1.00000   0.28571   1.00000   4.00000
   1.04762   0.33333   1.00000   8.00000
   1.09524   0.38095   1.00000   8.00000
   1.14286   0.42857   1.00000   8.00000
   1.19048   0.47619   1.00000   8.00000
   1.23810   0.52381   1.00000   8.00000
   1.28571   0.57143   1.00000   8.00000
   1.33333   0.61905   1.00000   8.00000
   0.38095   0.38095   0.38095   8.00000
   0.42857   0.42857   0.38095   8.00000
   0.47619   0.47619   0.38095   8.00000
   1.00000   1.00000   0.38095   2.00000
   0.42857   0.38095   0.42857  16.00000
   0.47619   0.42857   0.42857  16.00000
   0.52381   0.47619   0.42857   8.00000
   1.00000   0.95238   0.42857   8.00000
   0.47619   0.38095   0.47619  16.00000
   0.52381   0.42857   0.47619  16.00000
   1.00000   0.90476   0.47619   8.00000
   1.04762   0.95238   0.47619   8.00000
   0.57143   0.42857   0.52381   8.00000
   1.00000   0.85714   0.52381   8.00000
   1.04762   0.90476   0.52381  16.00000
   1.00000   0.80952   0.57143   8.00000
   1.04762   0.85714   0.57143  16.00000
   1.09524   0.90476   0.57143   8.00000
   1.00000   0.76190   0.61905   8.00000
   1.04762   0.80952   0.61905  16.00000
   1.09524   0.85714   0.61905  16.00000
   1.00000   0.71429   0.66667   8.00000
   1.04762   0.76190   0.66667  16.00000
   1.09524   0.80952   0.66667  16.00000
   1.14286   0.85714   0.66667   8.00000
   1.00000   0.66667   0.71429   8.00000
   1.04762   0.71429   0.71429  16.00000
   1.09524   0.76190   0.71429  16.00000
   1.14286   0.80952   0.71429  16.00000
   1.00000   0.61905   0.76190   8.00000
   1.04762   0.66667   0.76190  16.00000
   1.09524   0.71429   0.76190  16.00000
   1.14286   0.76190   0.76190  16.00000
   1.19048   0.80952   0.76190   8.00000
   1.00000   0.57143   0.80952   8.00000
   1.04762   0.61905   0.80952  16.00000
   1.09524   0.66667   0.80952  16.00000
   1.14286   0.71429   0.80952  16.00000
   1.19048   0.76190   0.80952  16.00000
   1.00000   0.52381   0.85714   8.00000
   1.04762   0.57143   0.85714  16.00000
   1.09524   0.61905   0.85714  16.00000
   1.14286   0.66667   0.85714  16.00000
   1.19048   0.71429   0.85714  16.00000
   1.23810   0.76190   0.85714   8.00000
   1.00000   0.47619   0.90476   8.00000
   1.04762   0.52381   0.90476  16.00000
   1.09524   0.57143   0.90476  16.00000
   1.14286   0.61905   0.90476  16.00000
   1.19048   0.66667   0.90476  16.00000
   1.23810   0.71429   0.90476  16.00000
   1.00000   0.42857   0.95238   8.00000
   1.04762   0.47619   0.95238  16.00000
   1.09524   0.52381   0.95238  16.00000
   1.14286   0.57143   0.95238  16.00000
   1.19048   0.61905   0.95238  16.00000
   1.23810   0.66667   0.95238  16.00000
   1.28571   0.71429   0.95238   8.00000
   1.00000   0.38095   1.00000   4.00000
   1.04762   0.42857   1.00000   8.00000
   1.09524   0.47619   1.00000   8.00000
   1.14286   0.52381   1.00000   8.00000
   1.19048   0.57143   1.00000   8.00000
   1.23810   0.61905   1.00000   8.00000
   1.28571   0.66667   1.00000   8.00000
   0.47619   0.47619   0.47619   8.00000
   1.00000   1.00000   0.47619   2.00000
   1.00000   0.95238   0.52381   8.00000
   1.00000   0.90476   0.57143   8.00000
   1.04762   0.95238   0.57143   8.00000
   1.00000   0.85714   0.61905   8.00000
   1.04762   0.90476   0.61905  16.00000
   1.00000   0.80952   0.66667   8.00000
   1.04762   0.85714   0.66667  16.00000
   1.09524   0.90476   0.66667   8.00000
   1.00000   0.76190   0.71429   8.00000
   1.04762   0.80952   0.71429  16.00000
   1.09524   0.85714   0.71429  16.00000
   1.00000   0.71429   0.76190   8.00000
   1.04762   0.76190   0.76190  16.00000
   1.09524   0.80952   0.76190  16.00000
   1.14286   0.85714   0.76190   8.00000
   1.00000   0.66667   0.80952   8.00000
   1.04762   0.71429   0.80952  16.00000
   1.09524   0.76190   0.80952  16.00000
   1.14286   0.80952   0.80952  16.00000
   1.00000   0.61905   0.85714   8.00000
   1.04762   0.66667   0.85714  16.00000
   1.09524   0.71429   0.85714  16.00000
   1.14286   0.76190   0.85714  16.00000
   1.19048   0.80952   0.85714   8.00000
   1.00000   0.57143   0.90476   8.00000
   1.04762   0.61905   0.90476  16.00000
   1.09524   0.66667   0.90476  16.00000
   1.14286   0.71429   0.90476  16.00000
   1.19048   0.76190   0.90476  16.00000
   1.00000   0.52381   0.95238   8.00000
   1.04762   0.57143   0.95238  16.00000
   1.09524   0.61905   0.95238  16.00000
   1.14286   0.66667   0.95238  16.00000
   1.19048   0.71429   0.95238  16.00000
   1.23810   0.76190   0.95238   8.00000
   1.00000   0.47619   1.00000   4.00000
   1.04762   0.52381   1.00000   8.00000
   1.09524   0.57143   1.00000   8.00000
   1.14286   0.61905   1.00000   8.00000
   1.19048   0.66667   1.00000   8.00000
   1.23810   0.71429   1.00000   8.00000
   1.00000   1.00000   0.57143   2.00000
   1.00000   0.95238   0.61905   8.00000
   1.00000   0.90476   0.66667   8.00000
   1.04762   0.95238   0.66667   8.00000
   1.00000   0.85714   0.71429   8.00000
   1.04762   0.90476   0.71429  16.00000
   1.00000   0.80952   0.76190   8.00000
   1.04762   0.85714   0.76190  16.00000
   1.09524   0.90476   0.76190   8.00000
   1.00000   0.76190   0.80952   8.00000
   1.04762   0.80952   0.80952  16.00000
   1.09524   0.85714   0.80952  16.00000
   1.00000   0.71429   0.85714   8.00000
   1.04762   0.76190   0.85714  16.00000
   1.09524   0.80952   0.85714  16.00000
   1.14286   0.85714   0.85714   8.00000
   1.00000   0.66667   0.90476   8.00000
   1.04762   0.71429   0.90476  16.00000
   1.09524   0.76190   0.90476  16.00000
   1.14286   0.80952   0.90476  16.00000
   1.00000   0.61905   0.95238   8.00000
   1.04762   0.66667   0.95238  16.00000
   1.09524   0.71429   0.95238  16.00000
   1.14286   0.76190   0.95238  16.00000
   1.19048   0.80952   0.95238   8.00000
   1.00000   0.57143   1.00000   4.00000
   1.04762   0.61905   1.00000   8.00000
   1.09524   0.66667   1.00000   8.00000
   1.14286   0.71429   1.00000   8.00000
   1.19048   0.76190   1.00000   8.00000
   1.00000   1.00000   0.66667   2.00000
   1.00000   0.95238   0.71429   8.00000
   1.00000   0.90476   0.76190   8.00000
   1.04762   0.95238   0.76190   8.00000
   1.00000   0.85714   0.80952   8.00000
   1.04762   0.90476   0.80952  16.00000
   1.00000   0.80952   0.85714   8.00000
   1.04762   0.85714   0.85714  16.00000
   1.09524   0.90476   0.85714   8.00000
   1.00000   0.76190   0.90476   8.00000
   1.04762   0.80952   0.90476  16.00000
   1.09524   0.85714   0.90476  16.00000
   1.00000   0.71429   0.95238   8.00000
   1.04762   0.76190   0.95238  16.00000
   1.09524   0.80952   0.95238  16.00000
   1.14286   0.85714   0.95238   8.00000
   1.00000   0.66667   1.00000   4.00000
   1.04762   0.71429   1.00000   8.00000
   1.09524   0.76190   1.00000   8.00000
   1.14286   0.80952   1.00000   8.00000
   1.00000   1.00000   0.76190   2.00000
   1.00000   0.95238   0.80952   8.00000
   1.00000   0.90476   0.85714   8.00000
   1.04762   0.95238   0.85714   8.00000
   1.00000   0.85714   0.90476   8.00000
   1.04762   0.90476   0.90476  16.00000
   1.00000   0.80952   0.95238   8.00000
   1.04762   0.85714   0.95238  16.00000
   1.09524   0.90476   0.95238   8.00000
   1.00000   0.76190   1.00000   4.00000
   1.04762   0.80952   1.00000   8.00000
   1.09524   0.85714   1.00000   8.00000
   1.00000   1.00000   0.85714   2.00000
   1.00000   0.95238   0.90476   8.00000
   1.00000   0.90476   0.95238   8.00000
   1.04762   0.95238   0.95238   8.00000
   1.00000   0.85714   1.00000   4.00000
   1.04762   0.90476   1.00000   8.00000
   1.00000   1.00000   0.95238   2.00000
   1.00000   0.95238   1.00000   4.00000




                              --------------------------------------------------
                                 S T R U C T U R A L   I N F O R M A T I O N
                              --------------------------------------------------


   SUBSTANCE                    = tetragonal body-centered  (delta')                                              

   LATTICE                      = B   
   LATTICE CONSTANTS ARE        =    6.1096830   6.1096830   8.1352640
   NUMBER OF ATOMS IN UNITCELL  =   1
   MODE OF CALCULATION IS       = RELA
 IORD=          16
 FNAMES=
 ./deltaprime_Pu_8.vectorso_1                                                   
                                                                                
                                           
 ./deltaprime_Pu_8.vectorsodn_1                                                 
                                                                                
                                           
 deltaprime_Pu_8.energyso_1                                                     
                                                                                
                                           
 deltaprime_Pu_8.energysodn_1                                                   
                                                                                
                                           
  BR1,  BR2
   1.02840   0.00000   0.00000      0.00000   1.02840   1.02840
   0.00000   1.02840   0.00000      1.02840   0.00000   1.02840
   0.00000   0.00000   0.77234      0.77234   0.77234   0.00000
 projector corrected--must be 1,2, or 3! Now projector= 2
 Energy window:   -0.4410 < E <      0.441
 Projected density of states calculation for  1 atoms
--------- atom  1 -------------
l=  3  qsplit=  4
 Symmetrization over eq. k-points is performed
 ********** Start Reading Cix file *************
  Correlated block number           1
  Correlated index=
  1  0  0  0  0  0  0  0  0  0  0  0  0  0
  0  1  0  0  0  0  0  0  0  0  0  0  0  0
  0  0  1  0  0  0  0  0  0  0  0  0  0  0
  0  0  0  1  0  0  0  0  0  0  0  0  0  0
  0  0  0  0  1  0  0  0  0  0  0  0  0  0
  0  0  0  0  0  1  0  0  0  0  0  0  0  0
  0  0  0  0  0  0  2  0  0  0  0  0  0  0
  0  0  0  0  0  0  0  2  0  0  0  0  0  0
  0  0  0  0  0  0  0  0  2  0  0  0  0  0
  0  0  0  0  0  0  0  0  0  2  0  0  0  0
  0  0  0  0  0  0  0  0  0  0  2  0  0  0
  0  0  0  0  0  0  0  0  0  0  0  2  0  0
  0  0  0  0  0  0  0  0  0  0  0  0  2  0
  0  0  0  0  0  0  0  0  0  0  0  0  0  2
  Real part of unitary matrix=
  0.9258  0.0000  0.0000  0.0000  0.0000  0.0000  0.0000  0.0000 -0.3780  0.0000  0.0000  0.0000  0.0000  0.0000
  0.0000  0.8452  0.0000  0.0000  0.0000  0.0000  0.0000  0.0000  0.0000 -0.5345  0.0000  0.0000  0.0000  0.0000
  0.0000  0.0000  0.7559  0.0000  0.0000  0.0000  0.0000  0.0000  0.0000  0.0000 -0.6547  0.0000  0.0000  0.0000
  0.0000  0.0000  0.0000  0.6547  0.0000  0.0000  0.0000  0.0000  0.0000  0.0000  0.0000 -0.7559  0.0000  0.0000
  0.0000  0.0000  0.0000  0.0000  0.5345  0.0000  0.0000  0.0000  0.0000  0.0000  0.0000  0.0000 -0.8452  0.0000
  0.0000  0.0000  0.0000  0.0000  0.0000  0.3780  0.0000  0.0000  0.0000  0.0000  0.0000  0.0000  0.0000 -0.9258
  0.0000  0.0000  0.0000  0.0000  0.0000  0.0000  0.0000  1.0000  0.0000  0.0000  0.0000  0.0000  0.0000  0.0000
  0.3780  0.0000  0.0000  0.0000  0.0000  0.0000  0.0000  0.0000  0.9258  0.0000  0.0000  0.0000  0.0000  0.0000
  0.0000  0.5345  0.0000  0.0000  0.0000  0.0000  0.0000  0.0000  0.0000  0.8452  0.0000  0.0000  0.0000  0.0000
  0.0000  0.0000  0.6547  0.0000  0.0000  0.0000  0.0000  0.0000  0.0000  0.0000  0.7559  0.0000  0.0000  0.0000
  0.0000  0.0000  0.0000  0.7559  0.0000  0.0000  0.0000  0.0000  0.0000  0.0000  0.0000  0.6547  0.0000  0.0000
  0.0000  0.0000  0.0000  0.0000  0.8452  0.0000  0.0000  0.0000  0.0000  0.0000  0.0000  0.0000  0.5345  0.0000
  0.0000  0.0000  0.0000  0.0000  0.0000  0.9258  0.0000  0.0000  0.0000  0.0000  0.0000  0.0000  0.0000  0.3780
  0.0000  0.0000  0.0000  0.0000  0.0000  0.0000  1.0000  0.0000  0.0000  0.0000  0.0000  0.0000  0.0000  0.0000
  Imaginary part of unitary matrix=
  0.0000  0.0000  0.0000  0.0000  0.0000  0.0000  0.0000  0.0000  0.0000  0.0000  0.0000  0.0000  0.0000  0.0000
  0.0000  0.0000  0.0000  0.0000  0.0000  0.0000  0.0000  0.0000  0.0000  0.0000  0.0000  0.0000  0.0000  0.0000
  0.0000  0.0000  0.0000  0.0000  0.0000  0.0000  0.0000  0.0000  0.0000  0.0000  0.0000  0.0000  0.0000  0.0000
  0.0000  0.0000  0.0000  0.0000  0.0000  0.0000  0.0000  0.0000  0.0000  0.0000  0.0000  0.0000  0.0000  0.0000
  0.0000  0.0000  0.0000  0.0000  0.0000  0.0000  0.0000  0.0000  0.0000  0.0000  0.0000  0.0000  0.0000  0.0000
  0.0000  0.0000  0.0000  0.0000  0.0000  0.0000  0.0000  0.0000  0.0000  0.0000  0.0000  0.0000  0.0000  0.0000
  0.0000  0.0000  0.0000  0.0000  0.0000  0.0000  0.0000  0.0000  0.0000  0.0000  0.0000  0.0000  0.0000  0.0000
  0.0000  0.0000  0.0000  0.0000  0.0000  0.0000  0.0000  0.0000  0.0000  0.0000  0.0000  0.0000  0.0000  0.0000
  0.0000  0.0000  0.0000  0.0000  0.0000  0.0000  0.0000  0.0000  0.0000  0.0000  0.0000  0.0000  0.0000  0.0000
  0.0000  0.0000  0.0000  0.0000  0.0000  0.0000  0.0000  0.0000  0.0000  0.0000  0.0000  0.0000  0.0000  0.0000
  0.0000  0.0000  0.0000  0.0000  0.0000  0.0000  0.0000  0.0000  0.0000  0.0000  0.0000  0.0000  0.0000  0.0000
  0.0000  0.0000  0.0000  0.0000  0.0000  0.0000  0.0000  0.0000  0.0000  0.0000  0.0000  0.0000  0.0000  0.0000
  0.0000  0.0000  0.0000  0.0000  0.0000  0.0000  0.0000  0.0000  0.0000  0.0000  0.0000  0.0000  0.0000  0.0000
  0.0000  0.0000  0.0000  0.0000  0.0000  0.0000  0.0000  0.0000  0.0000  0.0000  0.0000  0.0000  0.0000  0.0000
  At least one transformation matrix is not Identity
 Magnetic system with s-o coupling; M theta, phi:  0.0000  0.0000
 Inside ROTDEF
Operation  1 transforms atom   1 from first atom   1
Actual position of atom  1 is:  0.000000    0.000000    0.000000
 
Combined transformation (acting on k-point) for correlated atoms
including users rotation and internal local rotation
catom  1 atom   1
   1.02840   0.00000   0.00000
   0.00000  -1.02840   0.00000
   0.00000   0.00000  -0.77234
 
 
 SPIN COORD SYSTEM:
    1.000000    0.000000    0.000000
    0.000000    1.000000    0.000000
    0.000000    0.000000    1.000000
 
 in global cartezian coordinates:
    1.000000    0.000000    0.000000
    0.000000   -1.000000    0.000000
    0.000000    0.000000   -1.000000
 ____________________________
 in spin coordinates:
    1.000000    0.000000    0.000000
    0.000000   -1.000000    0.000000
    0.000000    0.000000   -1.000000
           1   3.14159265358979       -1.00000000000000     
 
 in global cartezian coordinates:
    0.000000    1.000000    0.000000
   -1.000000    0.000000    0.000000
    0.000000    0.000000   -1.000000
 ____________________________
 in spin coordinates:
    0.000000    1.000000    0.000000
   -1.000000    0.000000    0.000000
    0.000000    0.000000   -1.000000
           2   1.57079632679490        1.00000000000000     
 
 in global cartezian coordinates:
   -1.000000    0.000000    0.000000
    0.000000   -1.000000    0.000000
    0.000000    0.000000   -1.000000
 ____________________________
 in spin coordinates:
   -1.000000    0.000000    0.000000
    0.000000   -1.000000    0.000000
    0.000000    0.000000   -1.000000
           3  0.000000000000000E+000   1.00000000000000     
 
 in global cartezian coordinates:
    0.000000    1.000000    0.000000
    1.000000    0.000000    0.000000
    0.000000    0.000000   -1.000000
 ____________________________
 in spin coordinates:
    0.000000    1.000000    0.000000
    1.000000    0.000000    0.000000
    0.000000    0.000000   -1.000000
           4   1.57079632679490       -1.00000000000000     
 
 in global cartezian coordinates:
    0.000000   -1.000000    0.000000
   -1.000000    0.000000    0.000000
    0.000000    0.000000   -1.000000
 ____________________________
 in spin coordinates:
    0.000000   -1.000000    0.000000
   -1.000000    0.000000    0.000000
    0.000000    0.000000   -1.000000
           5   4.71238898038469       -1.00000000000000     
 
 in global cartezian coordinates:
    1.000000    0.000000    0.000000
    0.000000    1.000000    0.000000
    0.000000    0.000000   -1.000000
 ____________________________
 in spin coordinates:
    1.000000    0.000000    0.000000
    0.000000    1.000000    0.000000
    0.000000    0.000000   -1.000000
           6   3.14159274101257        1.00000000000000     
 
 in global cartezian coordinates:
    1.000000    0.000000    0.000000
    0.000000   -1.000000    0.000000
    0.000000    0.000000    1.000000
 ____________________________
 in spin coordinates:
    1.000000    0.000000    0.000000
    0.000000   -1.000000    0.000000
    0.000000    0.000000    1.000000
           7   6.28318539460237       -1.00000000000000     
 
 in global cartezian coordinates:
    0.000000    1.000000    0.000000
   -1.000000    0.000000    0.000000
    0.000000    0.000000    1.000000
 ____________________________
 in spin coordinates:
    0.000000    1.000000    0.000000
   -1.000000    0.000000    0.000000
    0.000000    0.000000    1.000000
           8  -1.57079632679490        1.00000000000000     
 
 in global cartezian coordinates:
    0.000000   -1.000000    0.000000
    1.000000    0.000000    0.000000
    0.000000    0.000000   -1.000000
 ____________________________
 in spin coordinates:
    0.000000   -1.000000    0.000000
    1.000000    0.000000    0.000000
    0.000000    0.000000   -1.000000
           9  -1.57079632679490        1.00000000000000     
 
 in global cartezian coordinates:
   -1.000000    0.000000    0.000000
    0.000000    1.000000    0.000000
    0.000000    0.000000   -1.000000
 ____________________________
 in spin coordinates:
   -1.000000    0.000000    0.000000
    0.000000    1.000000    0.000000
    0.000000    0.000000   -1.000000
          10   6.28318539460237       -1.00000000000000     
 
 in global cartezian coordinates:
   -1.000000    0.000000    0.000000
    0.000000   -1.000000    0.000000
    0.000000    0.000000    1.000000
 ____________________________
 in spin coordinates:
   -1.000000    0.000000    0.000000
    0.000000   -1.000000    0.000000
    0.000000    0.000000    1.000000
          11   3.14159274101257        1.00000000000000     
 
 in global cartezian coordinates:
    0.000000    1.000000    0.000000
    1.000000    0.000000    0.000000
    0.000000    0.000000    1.000000
 ____________________________
 in spin coordinates:
    0.000000    1.000000    0.000000
    1.000000    0.000000    0.000000
    0.000000    0.000000    1.000000
          12   4.71238898038469       -1.00000000000000     
 
 in global cartezian coordinates:
    0.000000   -1.000000    0.000000
   -1.000000    0.000000    0.000000
    0.000000    0.000000    1.000000
 ____________________________
 in spin coordinates:
    0.000000   -1.000000    0.000000
   -1.000000    0.000000    0.000000
    0.000000    0.000000    1.000000
          13   1.57079632679490       -1.00000000000000     
 
 in global cartezian coordinates:
    1.000000    0.000000    0.000000
    0.000000    1.000000    0.000000
    0.000000    0.000000    1.000000
 ____________________________
 in spin coordinates:
    1.000000    0.000000    0.000000
    0.000000    1.000000    0.000000
    0.000000    0.000000    1.000000
          14  0.000000000000000E+000   1.00000000000000     
 
 in global cartezian coordinates:
    0.000000   -1.000000    0.000000
    1.000000    0.000000    0.000000
    0.000000    0.000000    1.000000
 ____________________________
 in spin coordinates:
    0.000000   -1.000000    0.000000
    1.000000    0.000000    0.000000
    0.000000    0.000000    1.000000
          15   1.57079632679490        1.00000000000000     
 
 in global cartezian coordinates:
   -1.000000    0.000000    0.000000
    0.000000    1.000000    0.000000
    0.000000    0.000000    1.000000
 ____________________________
 in spin coordinates:
   -1.000000    0.000000    0.000000
    0.000000    1.000000    0.000000
    0.000000    0.000000    1.000000
          16   3.14159265358979       -1.00000000000000     
 
 FNAME=
 deltaprime_Pu_8.energyso_1                                                     
                                                                                
                                                     60
 FNAME=
 deltaprime_Pu_8.energysodn_1                                                   
                                                                                
                                                     59
 BZ-integration with TETRA-program.   icor=: 1
 Equal occupancy of degenerate states, tol=: 0.1E-05
 call eord...
 call dos...
 ILOOP            1
   FERMI ENERGY AT    1.29501928182732     
 RESULT OF INTEGRATION:      16.000000000024; SHOULD BE:      15.999999999900
   SUM RULE OF TETRAHEDRON INTEGRATION CHECKED 
 call eweigh...
   number of occupied bands:          16
   highest energy:   1.29501630044997     
 FERMI-LDA=   1.295 Ryd,  17.620 eV.
 ABSOLUTE EMIN=   0.854 Ryd.  11.620 eV.
 ABSOLUTE EMAX=   1.736 Ryd.  23.620 eV.


:NLDA  : NUMBER OF ELECTRONS          =  16.000

:FLDA  : F E R M I - ENERGY           =   1.29502
 
 ********** Information about the atomic index arrays ************
 iatom=           1
 isort=           1
 csort=           1
 maxucase=           1
icase, iucase, jatom, latom=     1     1     1     1
 
 *****  Arrays for correlated blocks ******
 norbitals=           1
 maxdim2=          14
iorbital( 1, 1)=   1
cix( 1, 1)=   1
icase,lcase,icix,iorb,nind1,ip1,iSx=    1    1    1    1   14    1    1
icase,lcase,icix,iorb,nind1,ip1,iSx=    1    1    1    1   14    2    2
icase,lcase,icix,iorb,nind1,ip1,iSx=    1    1    1    1   14    3    3
icase,lcase,icix,iorb,nind1,ip1,iSx=    1    1    1    1   14    4    4
icase,lcase,icix,iorb,nind1,ip1,iSx=    1    1    1    1   14    5    5
icase,lcase,icix,iorb,nind1,ip1,iSx=    1    1    1    1   14    6    6
icase,lcase,icix,iorb,nind1,ip1,iSx=    1    1    1    1   14    7    7
icase,lcase,icix,iorb,nind1,ip1,iSx=    1    1    1    1   14    8    8
icase,lcase,icix,iorb,nind1,ip1,iSx=    1    1    1    1   14    9    9
icase,lcase,icix,iorb,nind1,ip1,iSx=    1    1    1    1   14   10   10
icase,lcase,icix,iorb,nind1,ip1,iSx=    1    1    1    1   14   11   11
icase,lcase,icix,iorb,nind1,ip1,iSx=    1    1    1    1   14   12   12
icase,lcase,icix,iorb,nind1,ip1,iSx=    1    1    1    1   14   13   13
icase,lcase,icix,iorb,nind1,ip1,iSx=    1    1    1    1   14   14   14
cixdim( 1)=14
noccur( 1, 1)=   6
noccur( 2, 1)=   8
iSx( 1, 1)=  1
iSx( 2, 1)=  2
iSx( 3, 1)=  3
iSx( 4, 1)=  4
iSx( 5, 1)=  5
iSx( 6, 1)=  6
iSx( 7, 1)=  7
iSx( 8, 1)=  8
iSx( 9, 1)=  9
iSx(10, 1)= 10
iSx(11, 1)= 11
iSx(12, 1)= 12
iSx(13, 1)= 13
iSx(14, 1)= 14
nindo( 1)= 14
CF for iorb1= 1 iorb2= 1
    0.92582010     0.00000000       0.00000000     0.00000000       0.00000000     0.00000000       0.00000000     0.00000000       0.00000000     0.00000000       0.00000000     0.00000000       0.00000000     0.00000000       0.00000000     0.00000000      -0.37796447     0.00000000       0.00000000     0.00000000       0.00000000     0.00000000       0.00000000     0.00000000       0.00000000     0.00000000       0.00000000     0.00000000   
    0.00000000     0.00000000       0.84515425     0.00000000       0.00000000     0.00000000       0.00000000     0.00000000       0.00000000     0.00000000       0.00000000     0.00000000       0.00000000     0.00000000       0.00000000     0.00000000       0.00000000     0.00000000      -0.53452248     0.00000000       0.00000000     0.00000000       0.00000000     0.00000000       0.00000000     0.00000000       0.00000000     0.00000000   
    0.00000000     0.00000000       0.00000000     0.00000000       0.75592895     0.00000000       0.00000000     0.00000000       0.00000000     0.00000000       0.00000000     0.00000000       0.00000000     0.00000000       0.00000000     0.00000000       0.00000000     0.00000000       0.00000000     0.00000000      -0.65465367     0.00000000       0.00000000     0.00000000       0.00000000     0.00000000       0.00000000     0.00000000   
    0.00000000     0.00000000       0.00000000     0.00000000       0.00000000     0.00000000       0.65465367     0.00000000       0.00000000     0.00000000       0.00000000     0.00000000       0.00000000     0.00000000       0.00000000     0.00000000       0.00000000     0.00000000       0.00000000     0.00000000       0.00000000     0.00000000      -0.75592895     0.00000000       0.00000000     0.00000000       0.00000000     0.00000000   
    0.00000000     0.00000000       0.00000000     0.00000000       0.00000000     0.00000000       0.00000000     0.00000000       0.53452248     0.00000000       0.00000000     0.00000000       0.00000000     0.00000000       0.00000000     0.00000000       0.00000000     0.00000000       0.00000000     0.00000000       0.00000000     0.00000000       0.00000000     0.00000000      -0.84515425     0.00000000       0.00000000     0.00000000   
    0.00000000     0.00000000       0.00000000     0.00000000       0.00000000     0.00000000       0.00000000     0.00000000       0.00000000     0.00000000       0.37796447     0.00000000       0.00000000     0.00000000       0.00000000     0.00000000       0.00000000     0.00000000       0.00000000     0.00000000       0.00000000     0.00000000       0.00000000     0.00000000       0.00000000     0.00000000      -0.92582010     0.00000000   
    0.00000000     0.00000000       0.00000000     0.00000000       0.00000000     0.00000000       0.00000000     0.00000000       0.00000000     0.00000000       0.00000000     0.00000000       0.00000000     0.00000000       1.00000000     0.00000000       0.00000000     0.00000000       0.00000000     0.00000000       0.00000000     0.00000000       0.00000000     0.00000000       0.00000000     0.00000000       0.00000000     0.00000000   
    0.37796447     0.00000000       0.00000000     0.00000000       0.00000000     0.00000000       0.00000000     0.00000000       0.00000000     0.00000000       0.00000000     0.00000000       0.00000000     0.00000000       0.00000000     0.00000000       0.92582010     0.00000000       0.00000000     0.00000000       0.00000000     0.00000000       0.00000000     0.00000000       0.00000000     0.00000000       0.00000000     0.00000000   
    0.00000000     0.00000000       0.53452248     0.00000000       0.00000000     0.00000000       0.00000000     0.00000000       0.00000000     0.00000000       0.00000000     0.00000000       0.00000000     0.00000000       0.00000000     0.00000000       0.00000000     0.00000000       0.84515425     0.00000000       0.00000000     0.00000000       0.00000000     0.00000000       0.00000000     0.00000000       0.00000000     0.00000000   
    0.00000000     0.00000000       0.00000000     0.00000000       0.65465367     0.00000000       0.00000000     0.00000000       0.00000000     0.00000000       0.00000000     0.00000000       0.00000000     0.00000000       0.00000000     0.00000000       0.00000000     0.00000000       0.00000000     0.00000000       0.75592895     0.00000000       0.00000000     0.00000000       0.00000000     0.00000000       0.00000000     0.00000000   
    0.00000000     0.00000000       0.00000000     0.00000000       0.00000000     0.00000000       0.75592895     0.00000000       0.00000000     0.00000000       0.00000000     0.00000000       0.00000000     0.00000000       0.00000000     0.00000000       0.00000000     0.00000000       0.00000000     0.00000000       0.00000000     0.00000000       0.65465367     0.00000000       0.00000000     0.00000000       0.00000000     0.00000000   
    0.00000000     0.00000000       0.00000000     0.00000000       0.00000000     0.00000000       0.00000000     0.00000000       0.84515425     0.00000000       0.00000000     0.00000000       0.00000000     0.00000000       0.00000000     0.00000000       0.00000000     0.00000000       0.00000000     0.00000000       0.00000000     0.00000000       0.00000000     0.00000000       0.53452248     0.00000000       0.00000000     0.00000000   
    0.00000000     0.00000000       0.00000000     0.00000000       0.00000000     0.00000000       0.00000000     0.00000000       0.00000000     0.00000000       0.92582010     0.00000000       0.00000000     0.00000000       0.00000000     0.00000000       0.00000000     0.00000000       0.00000000     0.00000000       0.00000000     0.00000000       0.00000000     0.00000000       0.00000000     0.00000000       0.37796447     0.00000000   
    0.00000000     0.00000000       0.00000000     0.00000000       0.00000000     0.00000000       0.00000000     0.00000000       0.00000000     0.00000000       0.00000000     0.00000000       1.00000000     0.00000000       0.00000000     0.00000000       0.00000000     0.00000000       0.00000000     0.00000000       0.00000000     0.00000000       0.00000000     0.00000000       0.00000000     0.00000000       0.00000000     0.00000000   
Rspin for iorb=  1
 angles=  0.000000000000000E+000   3.14159265358979       0.000000000000000E+000
  0.000000000000000E+000  0.000000000000000E+000  0.000000000000000E+000
 Rspin=
    0.000000    0.000000      0.000000    1.000000
    0.000000    1.000000      0.000000    0.000000
 Calculation for atom  1 which has iucase=  1
 ATPAR for spin up

          ATOMIC PARAMETERS FOR Pu  0+    

           ENERGY PARAMETERS ARE   1.06  -1.22   1.06   1.06

           L     U(R)          U'(R)         DU/DE        DU'/DE      NORM-U'
           0  0.551742E+00  0.813171E+00  0.112126E+00 -0.226834E+00
           1  0.537389E+00 -0.127837E-03 -0.144139E+00 -0.402546E+00
           2 -0.617519E+00  0.254565E-01  0.985553E-01  0.346310E+00
           3 -0.315294E+00  0.128698E+00  0.364663E+00  0.537481E+00
LO COEFFICIENT: l,A,B,C   0          0.65293    -3.21290     0.00000     0.00000
 
LO COEFFICIENT: l,A,B,C   0          0.32146     0.00000     0.78025     0.00000
 
LO COEFFICIENT: l,A,B,C   1          0.87937     3.27853     0.00000     0.00000
 
LO COEFFICIENT: l,A,B,C   1          0.26779     0.00000    -1.23763     0.00000
 
LO COEFFICIENT: l,A,B,C   2          0.85306     5.34500     0.00000     0.00000
 
LO COEFFICIENT: l,A,B,C   3          0.94077     0.81341     0.00000     0.00000
 
 ATPAR for spin down

          ATOMIC PARAMETERS FOR Pu  0+    

           ENERGY PARAMETERS ARE   1.06  -1.22   1.06   1.06

           L     U(R)          U'(R)         DU/DE        DU'/DE      NORM-U'
           0  0.551742E+00  0.813171E+00  0.112126E+00 -0.226834E+00
           1  0.537389E+00 -0.127837E-03 -0.144139E+00 -0.402546E+00
           2 -0.617519E+00  0.254565E-01  0.985553E-01  0.346310E+00
           3 -0.315294E+00  0.128698E+00  0.364663E+00  0.537481E+00
LO COEFFICIENT: l,A,B,C   0          0.65293    -3.21290     0.00000     0.00000
 
LO COEFFICIENT: l,A,B,C   0          0.32146     0.00000     0.78025     0.00000
 
LO COEFFICIENT: l,A,B,C   1          0.87937     3.27853     0.00000     0.00000
 
LO COEFFICIENT: l,A,B,C   1          0.26779     0.00000    -1.23763     0.00000
 
LO COEFFICIENT: l,A,B,C   2          0.85306     5.34500     0.00000     0.00000
 
LO COEFFICIENT: l,A,B,C   3          0.94077     0.81341     0.00000     0.00000
 
 L1=           0  L2=           0
 RADIAL INTEGRALS:
           1           1                 1           1   1.00000000000000     
           1           3                 1           1  0.573849685581766     
           1           1                 1           2   1.00000000000000     
           1           3                 1           2  0.573849685581766     
           1           1                 2           1   1.00000000000000     
           1           3                 2           1  0.573849685581766     
           1           1                 2           2   1.00000000000000     
           1           3                 2           2  0.573849685581766     
           2           2                 1           1  5.557399519611311E-002
           2           3                 1           1 -0.190785173894934     
           2           2                 1           2  5.557399519611311E-002
           2           3                 1           2 -0.190785173894934     
           2           2                 2           1  5.557399519611311E-002
           2           3                 2           1 -0.190785173894934     
           2           2                 2           2  5.557399519611311E-002
           2           3                 2           2 -0.190785173894934     
           3           1                 1           1  0.573849685581766     
           3           2                 1           1 -0.190785173894934     
           3           3                 1           1   1.00000000000000     
           3           1                 1           2  0.573849685581766     
           3           2                 1           2 -0.190785173894934     
           3           3                 1           2   1.00000000000000     
           3           1                 2           1  0.573849685581766     
           3           2                 2           1 -0.190785173894934     
           3           3                 2           1   1.00000000000000     
           3           1                 2           2  0.573849685581766     
           3           2                 2           2 -0.190785173894934     
           3           3                 2           2   1.00000000000000     
 L1=           1  L2=           1
 RADIAL INTEGRALS:
           1           1                 1           1   1.00000000000000     
           1           3                 1           1  0.910358931570153     
           1           1                 1           2   1.00000000000000     
           1           3                 1           2  0.910358931570153     
           1           1                 2           1   1.00000000000000     
           1           3                 2           1  0.910358931570153     
           1           1                 2           2   1.00000000000000     
           1           3                 2           2  0.910358931570153     
           2           2                 1           1  2.109112677482018E-002
           2           3                 1           1  5.993180455747128E-002
           2           2                 1           2  2.109112677482018E-002
           2           3                 1           2  5.993180455747128E-002
           2           2                 2           1  2.109112677482018E-002
           2           3                 2           1  5.993180455747128E-002
           2           2                 2           2  2.109112677482018E-002
           2           3                 2           2  5.993180455747128E-002
           3           1                 1           1  0.910358931570153     
           3           2                 1           1  5.993180455747128E-002
           3           3                 1           1   1.00000000000000     
           3           1                 1           2  0.910358931570153     
           3           2                 1           2  5.993180455747128E-002
           3           3                 1           2   1.00000000000000     
           3           1                 2           1  0.910358931570153     
           3           2                 2           1  5.993180455747128E-002
           3           3                 2           1   1.00000000000000     
           3           1                 2           2  0.910358931570153     
           3           2                 2           2  5.993180455747128E-002
           3           3                 2           2   1.00000000000000     
 L1=           2  L2=           2
 RADIAL INTEGRALS:
           1           1                 1           1   1.00000000000000     
           1           1                 1           2   1.00000000000000     
           1           1                 2           1   1.00000000000000     
           1           1                 2           2   1.00000000000000     
           2           2                 1           1  9.531144866745587E-003
           2           2                 1           2  9.531144866745587E-003
           2           2                 2           1  9.531144866745587E-003
           2           2                 2           2  9.531144866745587E-003
 L1=           3  L2=           3
 RADIAL INTEGRALS:
           1           1                 1           1   1.00000000000000     
           1           1                 1           2   1.00000000000000     
           1           1                 2           1   1.00000000000000     
           1           1                 2           2   1.00000000000000     
           2           2                 1           1  0.173728650124097     
           2           2                 1           2  0.173728650124097     
           2           2                 2           1  0.173728650124097     
           2           2                 2           2  0.173728650124097     
Saving potential parameters for atom 1 into  1
pr_proc=363  tot-k=726
 ------------------------------------------------------------------------------


   =====>>> CPU TIME SUMMARY

            TOTAL       :      2.7
 OMP_NUM_THREADS= 2
 GUTZ_SOLVER VO.1.5 BUILT ON Jan 19 2014 AT22:25:59
 NT=  1 SEC_N%DIM=   10 WITH ID:
           1       2      16     107     471    1472    3474    6477    9909   12912
       14914
 MEAN U/J:  0.2940  0.0265
 NEL_FIX_VDC1=      5.18
 ATOM DEPENDENT NELF1:
      5.1845
 DCMIX_A=  0.200000
 SYMMETRICALLY NON-EQUIVALENT ATOMS:
          1
 VARIATIONAL-SETUP-NON-EQUIVALENT ATOMS:
          1
 COMPLEMENTARY VARIATIONAL-SETUP-EQUIVALENT ATOMS:

 GYZ%SYM%IDSUM:
  1
 DIM(X_Gutz)=  4
 CALC SET: GAPJ-SHFT FULL       -JH-PROJ SLATER    VAR-FIXDC    Ryd.   
 NT= 1
 LOCAL INTERACTION PART   :
 U              :   0.2940
 J              :   0.0265
 FOCK SPACE PART:
 NA             :  7
 FS%OCC(1) L.B. :  0
 FS%OCC(2) U.B. :  9
 FS%DIM         :     14913
 HL%OCC(1) L.B. :  0
 HL%OCC(2) U.B. :  9
 ISO= 2 ISPIN_IN= 1 ISPIN= 1 ISPO= 2
 BND%NMAX=  70
 BZ INTEGRATION WITH TETRA METHOD, ICOR= 1
 EQUAL OCCUPANCY OF DEGENERATE STATES, TOL= 0.1E-05
 VALENCE ELECTRONS: TOTAL=    16.0
                    CORRELATED PART=     8.0
 SYM%IDI/IDF=  1 16
 BND%NMAXIN=   24
      GUTZ5_INI_CORR_UVEK takes  0 hours  0 minutes and    0.09 seconds (CPU).
                          takes  0 hours  0 minutes and    0.09 seconds (WALL).
                 SETUP_TB takes  0 hours  0 minutes and    3.10 seconds (CPU).
                          takes  0 hours  0 minutes and    1.56 seconds (WALL).
************  EL-  ************
 NI=  1 NI_GLOBAL=  1
   1.2946   1.2931   1.2941   1.2941   1.2931   1.2946   1.3746   1.3737   1.3731   1.3745   1.3745   1.3731   1.3737   1.3746
************  EL=  ************
 NI=  1 NI_GLOBAL=  1
   1.2946   0.0000   0.0000   0.0000  -0.0003   0.0000   0.0000   0.0007   0.0000   0.0000   0.0000  -0.0036   0.0000   0.0000
   0.0000   1.2931   0.0000   0.0000   0.0000  -0.0003   0.0000   0.0000   0.0001   0.0000   0.0000   0.0000   0.0042   0.0000
   0.0000   0.0000   1.2941   0.0000   0.0000   0.0000   0.0000   0.0000   0.0000  -0.0016   0.0000   0.0000   0.0000  -0.0027
   0.0000   0.0000   0.0000   1.2941   0.0000   0.0000   0.0027   0.0000   0.0000   0.0000   0.0016   0.0000   0.0000   0.0000
  -0.0003   0.0000   0.0000   0.0000   1.2931   0.0000   0.0000  -0.0042   0.0000   0.0000   0.0000  -0.0001   0.0000   0.0000
   0.0000  -0.0003   0.0000   0.0000   0.0000   1.2946   0.0000   0.0000   0.0036   0.0000   0.0000   0.0000  -0.0007   0.0000
   0.0000   0.0000   0.0000   0.0027   0.0000   0.0000   1.3746   0.0000   0.0000   0.0000  -0.0019   0.0000   0.0000   0.0000
   0.0007   0.0000   0.0000   0.0000  -0.0042   0.0000   0.0000   1.3737   0.0000   0.0000   0.0000   0.0011   0.0000   0.0000
   0.0000   0.0001   0.0000   0.0000   0.0000   0.0036   0.0000   0.0000   1.3731   0.0000   0.0000   0.0000   0.0011   0.0000
   0.0000   0.0000  -0.0016   0.0000   0.0000   0.0000   0.0000   0.0000   0.0000   1.3745   0.0000   0.0000   0.0000  -0.0019
   0.0000   0.0000   0.0000   0.0016   0.0000   0.0000  -0.0019   0.0000   0.0000   0.0000   1.3745   0.0000   0.0000   0.0000
  -0.0036   0.0000   0.0000   0.0000  -0.0001   0.0000   0.0000   0.0011   0.0000   0.0000   0.0000   1.3731   0.0000   0.0000
   0.0000   0.0042   0.0000   0.0000   0.0000  -0.0007   0.0000   0.0000   0.0011   0.0000   0.0000   0.0000   1.3737   0.0000
   0.0000   0.0000  -0.0027   0.0000   0.0000   0.0000   0.0000   0.0000   0.0000  -0.0019   0.0000   0.0000   0.0000   1.3746
 NI=  1 LOCAL ORBITAL LEVEL CENTER(ELC)=   1.340
************  EL0  ************
 NI=  1 NI_GLOBAL=  1
   1.2939   1.2939   1.2939   1.2939   1.2939   1.2939   1.3740   1.3740   1.3740   1.3740   1.3740   1.3740   1.3740   1.3740
************  ELL  ************
 NI=  1 NI_GLOBAL=  1
   1.2939   0.0000   0.0000   0.0000   0.0000   0.0000   0.0000   0.0000   0.0000   0.0000   0.0000   0.0000   0.0000   0.0000
   0.0000   1.2939   0.0000   0.0000   0.0000   0.0000   0.0000   0.0000   0.0000   0.0000   0.0000   0.0000   0.0000   0.0000
   0.0000   0.0000   1.2939   0.0000   0.0000   0.0000   0.0000   0.0000   0.0000   0.0000   0.0000   0.0000   0.0000   0.0000
   0.0000   0.0000   0.0000   1.2939   0.0000   0.0000   0.0000   0.0000   0.0000   0.0000   0.0000   0.0000   0.0000   0.0000
   0.0000   0.0000   0.0000   0.0000   1.2939   0.0000   0.0000   0.0000   0.0000   0.0000   0.0000   0.0000   0.0000   0.0000
   0.0000   0.0000   0.0000   0.0000   0.0000   1.2939   0.0000   0.0000   0.0000   0.0000   0.0000   0.0000   0.0000   0.0000
   0.0000   0.0000   0.0000   0.0000   0.0000   0.0000   1.3740   0.0000   0.0000   0.0000   0.0000   0.0000   0.0000   0.0000
   0.0000   0.0000   0.0000   0.0000   0.0000   0.0000   0.0000   1.3740   0.0000   0.0000   0.0000   0.0000   0.0000   0.0000
   0.0000   0.0000   0.0000   0.0000   0.0000   0.0000   0.0000   0.0000   1.3740   0.0000   0.0000   0.0000   0.0000   0.0000
   0.0000   0.0000   0.0000   0.0000   0.0000   0.0000   0.0000   0.0000   0.0000   1.3740   0.0000   0.0000   0.0000   0.0000
   0.0000   0.0000   0.0000   0.0000   0.0000   0.0000   0.0000   0.0000   0.0000   0.0000   1.3740   0.0000   0.0000   0.0000
   0.0000   0.0000   0.0000   0.0000   0.0000   0.0000   0.0000   0.0000   0.0000   0.0000   0.0000   1.3740   0.0000   0.0000
   0.0000   0.0000   0.0000   0.0000   0.0000   0.0000   0.0000   0.0000   0.0000   0.0000   0.0000   0.0000   1.3740   0.0000
   0.0000   0.0000   0.0000   0.0000   0.0000   0.0000   0.0000   0.0000   0.0000   0.0000   0.0000   0.0000   0.0000   1.3740
                  GET_EL0 takes  0 hours  0 minutes and    0.02 seconds (CPU).
                          takes  0 hours  0 minutes and    0.02 seconds (WALL).
 There are  5 blocks of bands, with band energy windows:
  -2.128  -2.086 |   -0.581  -0.479 |   -0.049   0.210 |    0.889   1.295 |    1.295   4.492 | 
 Band window indices:
         1      2 |          3      4 |          5      8 |          9     16 |         17     71 | 
 Band width
       0.042   |         0.102   |         0.259   |         0.406   |         3.197   |  
 Band gap
       1.505   |         0.430   |         0.679   |         0.000   |  
 CORRELATED BLOCK: EMIN/EMIX=    0.8890    1.7360
 CORRELATED BAND WIDTH=   0.847
         GUTZ_RED_PRJ_NEQ takes  0 hours  1 minutes and    2.78 seconds (CPU).
                          takes  0 hours  1 minutes and    2.76 seconds (WALL).
 NI=  1 DIM_PHIK=   41227 HL%DIM=  14913
       ID_PHIK_N=
      1      2      4     33    264   1639   6153  15546  27321  36714
  41228
       ID_PHIK_J=
      1      2      3      4      8      9     18     19     28     29
     33     37     73    122    171    220    245    254    263    264
    300    349    638    807   1168   1364   1533   1582   1631   1635
   1639   1739   2180   2964   3864   4705   5381   5781   6037   6118
   6143   6152   6153   6349   6710   8079   9448  11564  12933  14377
  14953  15353  15474  15538  15542  15546  15835  16796  18560  21060
  23176  24940  26165  26841  27165  27286  27311  27320  27321  27517
  27878  29247  30616  32732  34101  35545  36121  36521  36642  36706
  36710  36714  36814  37255  38039  38939  39780  40456  40856  41112
  41193  41218  41227  41228
          GUTZ_SET_PRJ_EQ takes  0 hours  0 minutes and    0.00 seconds (CPU).
                          takes  0 hours  0 minutes and    0.00 seconds (WALL).
************   WH%X  ************
    0.89543995    0.91487796
    1.25118542    1.40909856
************  RIN  ************
 NI=  1 NI_GLOBAL=  1
   0.8954   0.8954   0.8954   0.8954   0.8954   0.8954   0.9149   0.9149   0.9149   0.9149   0.9149   0.9149   0.9149   0.9149
************  LA1  ************
 NI=  1 NI_GLOBAL=  1
   1.2512   1.2512   1.2512   1.2512   1.2512   1.2512   1.4091   1.4091   1.4091   1.4091   1.4091   1.4091   1.4091   1.4091
             CALC_BAND_AL takes  0 hours  0 minutes and    1.41 seconds (CPU).
                          takes  0 hours  0 minutes and    0.70 seconds (WALL).
 ILOOP            1
 ILOOP            2
   FERMI ENERGY AT    1.26482134734659     
   SUM RULE OF TETRAHEDRON INTEGRATION CHECKED 
   number of occupied bands:          18
   highest energy:   1.30234849770365     
************  NK-  ************
 NI=  1 NI_GLOBAL=  1
   0.8067   0.7902   0.8040   0.8040   0.7902   0.8067   0.0458   0.0537   0.0476   0.0445   0.0445   0.0476   0.0537   0.0458
************  NNK  ************
 NI=  1 NI_GLOBAL=  1
   0.8067   0.0000   0.0000   0.0000  -0.0023   0.0000   0.0000  -0.0040   0.0000   0.0000   0.0000   0.0082   0.0000   0.0000
   0.0000   0.7902   0.0000   0.0000   0.0000  -0.0023   0.0000   0.0000   0.0024   0.0000   0.0000   0.0000  -0.0180   0.0000
   0.0000   0.0000   0.8040   0.0000   0.0000   0.0000   0.0000   0.0000   0.0000   0.0115   0.0000   0.0000   0.0000   0.0093
   0.0000   0.0000   0.0000   0.8040   0.0000   0.0000  -0.0093   0.0000   0.0000   0.0000  -0.0115   0.0000   0.0000   0.0000
  -0.0023   0.0000   0.0000   0.0000   0.7902   0.0000   0.0000   0.0180   0.0000   0.0000   0.0000  -0.0024   0.0000   0.0000
   0.0000  -0.0023   0.0000   0.0000   0.0000   0.8067   0.0000   0.0000  -0.0082   0.0000   0.0000   0.0000   0.0040   0.0000
   0.0000   0.0000   0.0000  -0.0093   0.0000   0.0000   0.0458   0.0000   0.0000   0.0000   0.0017   0.0000   0.0000   0.0000
  -0.0040   0.0000   0.0000   0.0000   0.0180   0.0000   0.0000   0.0537   0.0000   0.0000   0.0000   0.0006   0.0000   0.0000
   0.0000   0.0024   0.0000   0.0000   0.0000  -0.0082   0.0000   0.0000   0.0476   0.0000   0.0000   0.0000   0.0006   0.0000
   0.0000   0.0000   0.0115   0.0000   0.0000   0.0000   0.0000   0.0000   0.0000   0.0445   0.0000   0.0000   0.0000   0.0017
   0.0000   0.0000   0.0000  -0.0115   0.0000   0.0000   0.0017   0.0000   0.0000   0.0000   0.0445   0.0000   0.0000   0.0000
   0.0082   0.0000   0.0000   0.0000  -0.0024   0.0000   0.0000   0.0006   0.0000   0.0000   0.0000   0.0476   0.0000   0.0000
   0.0000  -0.0180   0.0000   0.0000   0.0000   0.0040   0.0000   0.0000   0.0006   0.0000   0.0000   0.0000   0.0537   0.0000
   0.0000   0.0000   0.0093   0.0000   0.0000   0.0000   0.0000   0.0000   0.0000   0.0017   0.0000   0.0000   0.0000   0.0458
************  NKS  ************
 NI=  1 NI_GLOBAL=  1
   0.8003   0.8003   0.8003   0.8003   0.8003   0.8003   0.0479   0.0479   0.0479   0.0479   0.0479   0.0479   0.0479   0.0479
 NELE_LOC TOTAL:
           5.1849360587531521
              CALC_DA_BND takes  0 hours  0 minutes and    0.23 seconds (CPU).
                          takes  0 hours  0 minutes and    0.23 seconds (WALL).
************  DA-  ************
 NI=  1 NI_GLOBAL=  1
  -0.0212  -0.0231  -0.0218  -0.0218  -0.0231  -0.0212  -0.0100  -0.0120  -0.0104  -0.0101  -0.0101  -0.0104  -0.0120  -0.0100
************  DAA  ************
 NI=  1 NI_GLOBAL=  1
  -0.0220  -0.0220  -0.0220  -0.0220  -0.0220  -0.0220  -0.0106  -0.0106  -0.0106  -0.0106  -0.0106  -0.0106  -0.0106  -0.0106
 NI=  1 VDC=    1.3218
************  LA2  ************
 NI=  1 NI_GLOBAL=  1
  -2.6471  -2.6471  -2.6471  -2.6471  -2.6471  -2.6471  -2.5383  -2.5383  -2.5383  -2.5383  -2.5383  -2.5383  -2.5383  -2.5383
 NI=  1 PHI-step gap=  0.15E+00
************  RAA  ************
 NI=  1 NI_GLOBAL=  1
   0.8955   0.8955   0.8955   0.8955   0.8955   0.8955   0.9149   0.9149   0.9149   0.9149   0.9149   0.9149   0.9149   0.9149
************  NC0  ************
 NI=  1 NI_GLOBAL=  1
   0.8003   0.8003   0.8003   0.8003   0.8003   0.8003   0.0479   0.0479   0.0479   0.0479   0.0479   0.0479   0.0479   0.0479
                  CALC_LC takes  0 hours  8 minutes and   32.73 seconds (CPU).
                          takes  0 hours  8 minutes and   32.66 seconds (WALL).
                GUTZ_FCN1 takes  0 hours  8 minutes and   34.66 seconds (CPU).
                          takes  0 hours  8 minutes and   33.88 seconds (WALL).
************  DIF_X  ************
    0.000017051893    0.000020696796
   -0.000007084469    0.000002060193
 ITER1=  1 MAXERR=    0.00002070
************   WH%X  ************
    0.89544368    0.91487681
    1.25118866    1.40909255
************  RIN  ************
 NI=  1 NI_GLOBAL=  1
   0.8954   0.8954   0.8954   0.8954   0.8954   0.8954   0.9149   0.9149   0.9149   0.9149   0.9149   0.9149   0.9149   0.9149
************  LA1  ************
 NI=  1 NI_GLOBAL=  1
   1.2512   1.2512   1.2512   1.2512   1.2512   1.2512   1.4091   1.4091   1.4091   1.4091   1.4091   1.4091   1.4091   1.4091
             CALC_BAND_AL takes  0 hours  0 minutes and    1.41 seconds (CPU).
                          takes  0 hours  0 minutes and    0.70 seconds (WALL).
 ILOOP            1
 ILOOP            2
   FERMI ENERGY AT    1.26482334319230     
   SUM RULE OF TETRAHEDRON INTEGRATION CHECKED 
   number of occupied bands:          18
   highest energy:   1.30234901985289     
************  NK-  ************
 NI=  1 NI_GLOBAL=  1
   0.8067   0.7902   0.8040   0.8040   0.7902   0.8067   0.0458   0.0537   0.0476   0.0445   0.0445   0.0476   0.0537   0.0458
************  NNK  ************
 NI=  1 NI_GLOBAL=  1
   0.8067   0.0000   0.0000   0.0000  -0.0023   0.0000   0.0000  -0.0040   0.0000   0.0000   0.0000   0.0082   0.0000   0.0000
   0.0000   0.7902   0.0000   0.0000   0.0000  -0.0023   0.0000   0.0000   0.0024   0.0000   0.0000   0.0000  -0.0180   0.0000
   0.0000   0.0000   0.8040   0.0000   0.0000   0.0000   0.0000   0.0000   0.0000   0.0115   0.0000   0.0000   0.0000   0.0093
   0.0000   0.0000   0.0000   0.8040   0.0000   0.0000  -0.0093   0.0000   0.0000   0.0000  -0.0115   0.0000   0.0000   0.0000
  -0.0023   0.0000   0.0000   0.0000   0.7902   0.0000   0.0000   0.0180   0.0000   0.0000   0.0000  -0.0024   0.0000   0.0000
   0.0000  -0.0023   0.0000   0.0000   0.0000   0.8067   0.0000   0.0000  -0.0082   0.0000   0.0000   0.0000   0.0040   0.0000
   0.0000   0.0000   0.0000  -0.0093   0.0000   0.0000   0.0458   0.0000   0.0000   0.0000   0.0017   0.0000   0.0000   0.0000
  -0.0040   0.0000   0.0000   0.0000   0.0180   0.0000   0.0000   0.0537   0.0000   0.0000   0.0000   0.0006   0.0000   0.0000
   0.0000   0.0024   0.0000   0.0000   0.0000  -0.0082   0.0000   0.0000   0.0476   0.0000   0.0000   0.0000   0.0006   0.0000
   0.0000   0.0000   0.0115   0.0000   0.0000   0.0000   0.0000   0.0000   0.0000   0.0445   0.0000   0.0000   0.0000   0.0017
   0.0000   0.0000   0.0000  -0.0115   0.0000   0.0000   0.0017   0.0000   0.0000   0.0000   0.0445   0.0000   0.0000   0.0000
   0.0082   0.0000   0.0000   0.0000  -0.0024   0.0000   0.0000   0.0006   0.0000   0.0000   0.0000   0.0476   0.0000   0.0000
   0.0000  -0.0180   0.0000   0.0000   0.0000   0.0040   0.0000   0.0000   0.0006   0.0000   0.0000   0.0000   0.0537   0.0000
   0.0000   0.0000   0.0093   0.0000   0.0000   0.0000   0.0000   0.0000   0.0000   0.0017   0.0000   0.0000   0.0000   0.0458
************  NKS  ************
 NI=  1 NI_GLOBAL=  1
   0.8003   0.8003   0.8003   0.8003   0.8003   0.8003   0.0479   0.0479   0.0479   0.0479   0.0479   0.0479   0.0479   0.0479
 NELE_LOC TOTAL:
           5.1849109781834528
              CALC_DA_BND takes  0 hours  0 minutes and    0.23 seconds (CPU).
                          takes  0 hours  0 minutes and    0.23 seconds (WALL).
************  DA-  ************
 NI=  1 NI_GLOBAL=  1
  -0.0212  -0.0231  -0.0218  -0.0218  -0.0231  -0.0212  -0.0100  -0.0120  -0.0104  -0.0101  -0.0101  -0.0104  -0.0120  -0.0100
************  DAA  ************
 NI=  1 NI_GLOBAL=  1
  -0.0220  -0.0220  -0.0220  -0.0220  -0.0220  -0.0220  -0.0106  -0.0106  -0.0106  -0.0106  -0.0106  -0.0106  -0.0106  -0.0106
 NI=  1 VDC=    1.3218
************  LA2  ************
 NI=  1 NI_GLOBAL=  1
  -2.6471  -2.6471  -2.6471  -2.6471  -2.6471  -2.6471  -2.5383  -2.5383  -2.5383  -2.5383  -2.5383  -2.5383  -2.5383  -2.5383
 NI=  1 PHI-step gap=  0.15E+00
************  RAA  ************
 NI=  1 NI_GLOBAL=  1
   0.8954   0.8954   0.8954   0.8954   0.8954   0.8954   0.9149   0.9149   0.9149   0.9149   0.9149   0.9149   0.9149   0.9149
************  NC0  ************
 NI=  1 NI_GLOBAL=  1
   0.8003   0.8003   0.8003   0.8003   0.8003   0.8003   0.0479   0.0479   0.0479   0.0479   0.0479   0.0479   0.0479   0.0479
                  CALC_LC takes  0 hours  8 minutes and   33.29 seconds (CPU).
                          takes  0 hours  8 minutes and   33.16 seconds (WALL).
                GUTZ_FCN1 takes  0 hours  8 minutes and   35.27 seconds (CPU).
                          takes  0 hours  8 minutes and   34.38 seconds (WALL).
************  DIF_X  ************
    0.000000166934    0.000000607727
    0.000000113909   -0.000000170258
 ITER1=  2 MAXERR=    0.00000061
************   WH%X  ************
    0.89544411    0.91487894
    1.25118862    1.40909349
************  RIN  ************
 NI=  1 NI_GLOBAL=  1
   0.8954   0.8954   0.8954   0.8954   0.8954   0.8954   0.9149   0.9149   0.9149   0.9149   0.9149   0.9149   0.9149   0.9149
************  LA1  ************
 NI=  1 NI_GLOBAL=  1
   1.2512   1.2512   1.2512   1.2512   1.2512   1.2512   1.4091   1.4091   1.4091   1.4091   1.4091   1.4091   1.4091   1.4091
             CALC_BAND_AL takes  0 hours  0 minutes and    1.41 seconds (CPU).
                          takes  0 hours  0 minutes and    0.70 seconds (WALL).
 ILOOP            1
 ILOOP            2
   FERMI ENERGY AT    1.26482334956480     
   SUM RULE OF TETRAHEDRON INTEGRATION CHECKED 
   number of occupied bands:          18
   highest energy:   1.30234905334059     
************  NK-  ************
 NI=  1 NI_GLOBAL=  1
   0.8067   0.7902   0.8040   0.8040   0.7902   0.8067   0.0458   0.0537   0.0476   0.0445   0.0445   0.0476   0.0537   0.0458
************  NNK  ************
 NI=  1 NI_GLOBAL=  1
   0.8067   0.0000   0.0000   0.0000  -0.0023   0.0000   0.0000  -0.0040   0.0000   0.0000   0.0000   0.0082   0.0000   0.0000
   0.0000   0.7902   0.0000   0.0000   0.0000  -0.0023   0.0000   0.0000   0.0024   0.0000   0.0000   0.0000  -0.0180   0.0000
   0.0000   0.0000   0.8040   0.0000   0.0000   0.0000   0.0000   0.0000   0.0000   0.0115   0.0000   0.0000   0.0000   0.0093
   0.0000   0.0000   0.0000   0.8040   0.0000   0.0000  -0.0093   0.0000   0.0000   0.0000  -0.0115   0.0000   0.0000   0.0000
  -0.0023   0.0000   0.0000   0.0000   0.7902   0.0000   0.0000   0.0180   0.0000   0.0000   0.0000  -0.0024   0.0000   0.0000
   0.0000  -0.0023   0.0000   0.0000   0.0000   0.8067   0.0000   0.0000  -0.0082   0.0000   0.0000   0.0000   0.0040   0.0000
   0.0000   0.0000   0.0000  -0.0093   0.0000   0.0000   0.0458   0.0000   0.0000   0.0000   0.0017   0.0000   0.0000   0.0000
  -0.0040   0.0000   0.0000   0.0000   0.0180   0.0000   0.0000   0.0537   0.0000   0.0000   0.0000   0.0006   0.0000   0.0000
   0.0000   0.0024   0.0000   0.0000   0.0000  -0.0082   0.0000   0.0000   0.0476   0.0000   0.0000   0.0000   0.0006   0.0000
   0.0000   0.0000   0.0115   0.0000   0.0000   0.0000   0.0000   0.0000   0.0000   0.0445   0.0000   0.0000   0.0000   0.0017
   0.0000   0.0000   0.0000  -0.0115   0.0000   0.0000   0.0017   0.0000   0.0000   0.0000   0.0445   0.0000   0.0000   0.0000
   0.0082   0.0000   0.0000   0.0000  -0.0024   0.0000   0.0000   0.0006   0.0000   0.0000   0.0000   0.0476   0.0000   0.0000
   0.0000  -0.0180   0.0000   0.0000   0.0000   0.0040   0.0000   0.0000   0.0006   0.0000   0.0000   0.0000   0.0537   0.0000
   0.0000   0.0000   0.0093   0.0000   0.0000   0.0000   0.0000   0.0000   0.0000   0.0017   0.0000   0.0000   0.0000   0.0458
************  NKS  ************
 NI=  1 NI_GLOBAL=  1
   0.8003   0.8003   0.8003   0.8003   0.8003   0.8003   0.0479   0.0479   0.0479   0.0479   0.0479   0.0479   0.0479   0.0479
 NELE_LOC TOTAL:
           5.1849106210159155
              CALC_DA_BND takes  0 hours  0 minutes and    0.23 seconds (CPU).
                          takes  0 hours  0 minutes and    0.23 seconds (WALL).
************  DA-  ************
 NI=  1 NI_GLOBAL=  1
  -0.0212  -0.0231  -0.0218  -0.0218  -0.0231  -0.0212  -0.0100  -0.0120  -0.0104  -0.0101  -0.0101  -0.0104  -0.0120  -0.0100
************  DAA  ************
 NI=  1 NI_GLOBAL=  1
  -0.0220  -0.0220  -0.0220  -0.0220  -0.0220  -0.0220  -0.0106  -0.0106  -0.0106  -0.0106  -0.0106  -0.0106  -0.0106  -0.0106
 NI=  1 VDC=    1.3218
************  LA2  ************
 NI=  1 NI_GLOBAL=  1
  -2.6471  -2.6471  -2.6471  -2.6471  -2.6471  -2.6471  -2.5383  -2.5383  -2.5383  -2.5383  -2.5383  -2.5383  -2.5383  -2.5383
 NI=  1 PHI-step gap=  0.15E+00
************  RAA  ************
 NI=  1 NI_GLOBAL=  1
   0.8954   0.8954   0.8954   0.8954   0.8954   0.8954   0.9149   0.9149   0.9149   0.9149   0.9149   0.9149   0.9149   0.9149
************  NC0  ************
 NI=  1 NI_GLOBAL=  1
   0.8003   0.8003   0.8003   0.8003   0.8003   0.8003   0.0479   0.0479   0.0479   0.0479   0.0479   0.0479   0.0479   0.0479
                  CALC_LC takes  0 hours  8 minutes and   34.81 seconds (CPU).
                          takes  0 hours  8 minutes and   34.75 seconds (WALL).
                GUTZ_FCN1 takes  0 hours  8 minutes and   36.73 seconds (CPU).
                          takes  0 hours  8 minutes and   35.97 seconds (WALL).
************  DIF_X  ************
    0.000000030797    0.000000063605
    0.000000001210   -0.000000004948
 ITER1=  3 MAXERR=    0.00000006
************   WH%X  ************
    0.89544415    0.91487906
    1.25118862    1.40909353
************  RIN  ************
 NI=  1 NI_GLOBAL=  1
   0.8954   0.8954   0.8954   0.8954   0.8954   0.8954   0.9149   0.9149   0.9149   0.9149   0.9149   0.9149   0.9149   0.9149
************  LA1  ************
 NI=  1 NI_GLOBAL=  1
   1.2512   1.2512   1.2512   1.2512   1.2512   1.2512   1.4091   1.4091   1.4091   1.4091   1.4091   1.4091   1.4091   1.4091
             CALC_BAND_AL takes  0 hours  0 minutes and    1.39 seconds (CPU).
                          takes  0 hours  0 minutes and    0.70 seconds (WALL).
 ILOOP            1
 ILOOP            2
   FERMI ENERGY AT    1.26482334946119     
   SUM RULE OF TETRAHEDRON INTEGRATION CHECKED 
   number of occupied bands:          18
   highest energy:   1.30234905487164     
************  NK-  ************
 NI=  1 NI_GLOBAL=  1
   0.8067   0.7902   0.8040   0.8040   0.7902   0.8067   0.0458   0.0537   0.0476   0.0445   0.0445   0.0476   0.0537   0.0458
************  NNK  ************
 NI=  1 NI_GLOBAL=  1
   0.8067   0.0000   0.0000   0.0000  -0.0023   0.0000   0.0000  -0.0040   0.0000   0.0000   0.0000   0.0082   0.0000   0.0000
   0.0000   0.7902   0.0000   0.0000   0.0000  -0.0023   0.0000   0.0000   0.0024   0.0000   0.0000   0.0000  -0.0180   0.0000
   0.0000   0.0000   0.8040   0.0000   0.0000   0.0000   0.0000   0.0000   0.0000   0.0115   0.0000   0.0000   0.0000   0.0093
   0.0000   0.0000   0.0000   0.8040   0.0000   0.0000  -0.0093   0.0000   0.0000   0.0000  -0.0115   0.0000   0.0000   0.0000
  -0.0023   0.0000   0.0000   0.0000   0.7902   0.0000   0.0000   0.0180   0.0000   0.0000   0.0000  -0.0024   0.0000   0.0000
   0.0000  -0.0023   0.0000   0.0000   0.0000   0.8067   0.0000   0.0000  -0.0082   0.0000   0.0000   0.0000   0.0040   0.0000
   0.0000   0.0000   0.0000  -0.0093   0.0000   0.0000   0.0458   0.0000   0.0000   0.0000   0.0017   0.0000   0.0000   0.0000
  -0.0040   0.0000   0.0000   0.0000   0.0180   0.0000   0.0000   0.0537   0.0000   0.0000   0.0000   0.0006   0.0000   0.0000
   0.0000   0.0024   0.0000   0.0000   0.0000  -0.0082   0.0000   0.0000   0.0476   0.0000   0.0000   0.0000   0.0006   0.0000
   0.0000   0.0000   0.0115   0.0000   0.0000   0.0000   0.0000   0.0000   0.0000   0.0445   0.0000   0.0000   0.0000   0.0017
   0.0000   0.0000   0.0000  -0.0115   0.0000   0.0000   0.0017   0.0000   0.0000   0.0000   0.0445   0.0000   0.0000   0.0000
   0.0082   0.0000   0.0000   0.0000  -0.0024   0.0000   0.0000   0.0006   0.0000   0.0000   0.0000   0.0476   0.0000   0.0000
   0.0000  -0.0180   0.0000   0.0000   0.0000   0.0040   0.0000   0.0000   0.0006   0.0000   0.0000   0.0000   0.0537   0.0000
   0.0000   0.0000   0.0093   0.0000   0.0000   0.0000   0.0000   0.0000   0.0000   0.0017   0.0000   0.0000   0.0000   0.0458
************  NKS  ************
 NI=  1 NI_GLOBAL=  1
   0.8003   0.8003   0.8003   0.8003   0.8003   0.8003   0.0479   0.0479   0.0479   0.0479   0.0479   0.0479   0.0479   0.0479
 NELE_LOC TOTAL:
           5.1849105995035583
              CALC_DA_BND takes  0 hours  0 minutes and    0.22 seconds (CPU).
                          takes  0 hours  0 minutes and    0.23 seconds (WALL).
************  DA-  ************
 NI=  1 NI_GLOBAL=  1
  -0.0212  -0.0231  -0.0218  -0.0218  -0.0231  -0.0212  -0.0100  -0.0120  -0.0104  -0.0101  -0.0101  -0.0104  -0.0120  -0.0100
************  DAA  ************
 NI=  1 NI_GLOBAL=  1
  -0.0220  -0.0220  -0.0220  -0.0220  -0.0220  -0.0220  -0.0106  -0.0106  -0.0106  -0.0106  -0.0106  -0.0106  -0.0106  -0.0106
 NI=  1 VDC=    1.3218
************  LA2  ************
 NI=  1 NI_GLOBAL=  1
  -2.6471  -2.6471  -2.6471  -2.6471  -2.6471  -2.6471  -2.5383  -2.5383  -2.5383  -2.5383  -2.5383  -2.5383  -2.5383  -2.5383
 NI=  1 PHI-step gap=  0.15E+00
************  RAA  ************
 NI=  1 NI_GLOBAL=  1
   0.8954   0.8954   0.8954   0.8954   0.8954   0.8954   0.9149   0.9149   0.9149   0.9149   0.9149   0.9149   0.9149   0.9149
************  NC0  ************
 NI=  1 NI_GLOBAL=  1
   0.8003   0.8003   0.8003   0.8003   0.8003   0.8003   0.0479   0.0479   0.0479   0.0479   0.0479   0.0479   0.0479   0.0479
                  CALC_LC takes  0 hours  7 minutes and   57.08 seconds (CPU).
                          takes  0 hours  7 minutes and   57.04 seconds (WALL).
                GUTZ_FCN1 takes  0 hours  7 minutes and   58.98 seconds (CPU).
                          takes  0 hours  7 minutes and   58.26 seconds (WALL).
************  DIF_X  ************
   -0.000000000349   -0.000000000165
   -0.000000000072    0.000000000113
 ITER1=  4 MAXERR=    0.00000000
 NFJAC=   0
 SOLVE1 FINISHED WITH       4 ITERATIONS.
               GUTZ_SOLVE takes  0 hours 33 minutes and   45.64 seconds (CPU).
                          takes  0 hours 33 minutes and   42.49 seconds (WALL).
 MAX. NELF1 DIFF=    0.00045842
               CALC_PJRHO takes  0 hours  0 minutes and    0.40 seconds (CPU).
                          takes  0 hours  0 minutes and    0.38 seconds (WALL).
 NI=  1 SUM_PHY-SUM_KS=      0.00000000 WOULD BE RENORMALIZED
************  NC1  ************
 NI=  1 NI_GLOBAL=  1
   0.7877   0.7877   0.7877   0.7877   0.7877   0.7877   0.0573   0.0573   0.0573   0.0573   0.0573   0.0573   0.0573   0.0573
               CALC_NCPHY takes  0 hours  0 minutes and   49.48 seconds (CPU).
                          takes  0 hours  0 minutes and   49.43 seconds (WALL).
 GYZ%PJ%EGAMM:
     9.79915
 ENG%GAMM:     9.79915
 ENG%POT2:     3.05351
 EDCLA1(NI) ARRAY:
    -6.548
 EDCUJ(NI) ARRAY:
    -3.080
 EDCUJV(NI) ARRAY:
    -6.854
 EDC(NI) ARRAY:
    -9.628
 ENG%DBLC:    -9.62816
 ENG%DC1 :    -6.54779
 ENG%DC2 :    -3.08037
 ENG%DC2V:    -6.85364
 DC_E_STD_TO_E_V:    -3.77328
 ENG%BAND:     4.47437
 ENG%DL(DEEP LEVEL):    -5.09480
 ENG%TB=     4.64535
 ENG%TB-DC2=     7.72572
 NI=  1 OCC_CONFIG_WEIGHT:
        OCC= 0 WEIGHT=   0.00000
        OCC= 1 WEIGHT=   0.00000
        OCC= 2 WEIGHT=   0.00013
        OCC= 3 WEIGHT=   0.00792
        OCC= 4 WEIGHT=   0.14123
        OCC= 5 WEIGHT=   0.53527
        OCC= 6 WEIGHT=   0.28927
        OCC= 7 WEIGHT=   0.02550
        OCC= 8 WEIGHT=   0.00068
        OCC= 9 WEIGHT=   0.00001
                 CALC_RCW takes  0 hours  0 minutes and    0.00 seconds (CPU).
                          takes  0 hours  0 minutes and    0.00 seconds (WALL).
 NI=  1 J2=   14.9501
                 CALC_SLJ takes  0 hours  0 minutes and    0.00 seconds (CPU).
                          takes  0 hours  0 minutes and    0.00 seconds (WALL).
 NI=  1 ENTANGLEMENT ENTROPY=      4.3500
           CALC_ENTANGLES takes  0 hours  0 minutes and    0.93 seconds (CPU).
                          takes  0 hours  0 minutes and    0.92 seconds (WALL).
 CORRELATED SUBSPACE, SUM_FERWT=      8.0000000 SUM_KSWT=      8.0000000
 MAX OFF DIAGONAL KS.WT=    0.000658
 MAX/MIN R=    0.914879    0.895444
                CALC_KSWT takes  0 hours  0 minutes and    0.05 seconds (CPU).
                          takes  0 hours  0 minutes and    0.03 seconds (WALL).
                    TOTAL takes  0 hours 35 minutes and   42.96 seconds (CPU).
                          takes  0 hours 35 minutes and   37.99 seconds (WALL).
