******Program DMFT: Computes Gloc and Delta for Dynamical Mean Field Theory calculation ******
 CALCULATION WITH COMPLEX VECTORS
 CALCULATION WITH SOC VECTORS REQUIRED
 Running DMFT in mpi mode
  
 numkpt=         286
   0.00000   0.00000   0.00000   1.00000
   0.04762   0.04762  -0.04762   8.00000
   0.09524   0.09524  -0.09524   8.00000
   0.14286   0.14286  -0.14286   8.00000
   0.19048   0.19048  -0.19048   8.00000
   0.23810   0.23810  -0.23810   8.00000
   0.28571   0.28571  -0.28571   8.00000
   0.33333   0.33333  -0.33333   8.00000
   0.38095   0.38095  -0.38095   8.00000
   0.42857   0.42857  -0.42857   8.00000
   0.47619   0.47619  -0.47619   8.00000
   0.09524   0.00000   0.00000   6.00000
   0.14286   0.04762  -0.04762  24.00000
   0.19048   0.09524  -0.09524  24.00000
   0.23810   0.14286  -0.14286  24.00000
   0.28571   0.19048  -0.19048  24.00000
   0.33333   0.23810  -0.23810  24.00000
   0.38095   0.28571  -0.28571  24.00000
   0.42857   0.33333  -0.33333  24.00000
   0.47619   0.38095  -0.38095  24.00000
   0.52381   0.42857  -0.42857  24.00000
   0.57143   0.47619  -0.47619  24.00000
   0.61905   0.52381  -0.52381  24.00000
   0.66667   0.57143  -0.57143  24.00000
   0.71429   0.61905  -0.61905  24.00000
   0.76190   0.66667  -0.66667  24.00000
   0.80952   0.71429  -0.71429  24.00000
   0.85714   0.76190  -0.76190  24.00000
   0.90476   0.80952  -0.80952  24.00000
   0.95238   0.85714  -0.85714  24.00000
   1.00000   0.90476  -0.90476  12.00000
   0.19048   0.00000   0.00000   6.00000
   0.23810   0.04762  -0.04762  24.00000
   0.28571   0.09524  -0.09524  24.00000
   0.33333   0.14286  -0.14286  24.00000
   0.38095   0.19048  -0.19048  24.00000
   0.42857   0.23810  -0.23810  24.00000
   0.47619   0.28571  -0.28571  24.00000
   0.52381   0.33333  -0.33333  24.00000
   0.57143   0.38095  -0.38095  24.00000
   0.61905   0.42857  -0.42857  24.00000
   0.66667   0.47619  -0.47619  24.00000
   0.71429   0.52381  -0.52381  24.00000
   0.76190   0.57143  -0.57143  24.00000
   0.80952   0.61905  -0.61905  24.00000
   0.85714   0.66667  -0.66667  24.00000
   0.90476   0.71429  -0.71429  24.00000
   0.95238   0.76190  -0.76190  24.00000
   1.00000   0.80952  -0.80952  12.00000
   0.28571   0.00000   0.00000   6.00000
   0.33333   0.04762  -0.04762  24.00000
   0.38095   0.09524  -0.09524  24.00000
   0.42857   0.14286  -0.14286  24.00000
   0.47619   0.19048  -0.19048  24.00000
   0.52381   0.23810  -0.23810  24.00000
   0.57143   0.28571  -0.28571  24.00000
   0.61905   0.33333  -0.33333  24.00000
   0.66667   0.38095  -0.38095  24.00000
   0.71429   0.42857  -0.42857  24.00000
   0.76190   0.47619  -0.47619  24.00000
   0.80952   0.52381  -0.52381  24.00000
   0.85714   0.57143  -0.57143  24.00000
   0.90476   0.61905  -0.61905  24.00000
   0.95238   0.66667  -0.66667  24.00000
   1.00000   0.71429  -0.71429  12.00000
   0.38095   0.00000   0.00000   6.00000
   0.42857   0.04762  -0.04762  24.00000
   0.47619   0.09524  -0.09524  24.00000
   0.52381   0.14286  -0.14286  24.00000
   0.57143   0.19048  -0.19048  24.00000
   0.61905   0.23810  -0.23810  24.00000
   0.66667   0.28571  -0.28571  24.00000
   0.71429   0.33333  -0.33333  24.00000
   0.76190   0.38095  -0.38095  24.00000
   0.80952   0.42857  -0.42857  24.00000
   0.85714   0.47619  -0.47619  24.00000
   0.90476   0.52381  -0.52381  24.00000
   0.95238   0.57143  -0.57143  24.00000
   1.00000   0.61905  -0.61905  12.00000
   0.47619   0.00000   0.00000   6.00000
   0.52381   0.04762  -0.04762  24.00000
   0.57143   0.09524  -0.09524  24.00000
   0.61905   0.14286  -0.14286  24.00000
   0.66667   0.19048  -0.19048  24.00000
   0.71429   0.23810  -0.23810  24.00000
   0.76190   0.28571  -0.28571  24.00000
   0.80952   0.33333  -0.33333  24.00000
   0.85714   0.38095  -0.38095  24.00000
   0.90476   0.42857  -0.42857  24.00000
   0.95238   0.47619  -0.47619  24.00000
   1.00000   0.52381  -0.52381  12.00000
   0.57143   0.00000   0.00000   6.00000
   0.61905   0.04762  -0.04762  24.00000
   0.66667   0.09524  -0.09524  24.00000
   0.71429   0.14286  -0.14286  24.00000
   0.76190   0.19048  -0.19048  24.00000
   0.80952   0.23810  -0.23810  24.00000
   0.85714   0.28571  -0.28571  24.00000
   0.90476   0.33333  -0.33333  24.00000
   0.95238   0.38095  -0.38095  24.00000
   1.00000   0.42857  -0.42857  12.00000
   0.66667   0.00000   0.00000   6.00000
   0.71429   0.04762  -0.04762  24.00000
   0.76190   0.09524  -0.09524  24.00000
   0.80952   0.14286  -0.14286  24.00000
   0.85714   0.19048  -0.19048  24.00000
   0.90476   0.23810  -0.23810  24.00000
   0.95238   0.28571  -0.28571  24.00000
   1.00000   0.33333  -0.33333  12.00000
   0.76190   0.00000   0.00000   6.00000
   0.80952   0.04762  -0.04762  24.00000
   0.85714   0.09524  -0.09524  24.00000
   0.90476   0.14286  -0.14286  24.00000
   0.95238   0.19048  -0.19048  24.00000
   1.00000   0.23810  -0.23810  12.00000
   0.85714   0.00000   0.00000   6.00000
   0.90476   0.04762  -0.04762  24.00000
   0.95238   0.09524  -0.09524  24.00000
   1.00000   0.14286  -0.14286  12.00000
   0.95238   0.00000   0.00000   6.00000
   1.00000   0.04762  -0.04762  12.00000
   0.19048   0.09524   0.00000  24.00000
   0.23810   0.14286  -0.04762  48.00000
   0.28571   0.19048  -0.09524  48.00000
   0.33333   0.23810  -0.14286  48.00000
   0.38095   0.28571  -0.19048  48.00000
   0.42857   0.33333  -0.23810  48.00000
   0.47619   0.38095  -0.28571  48.00000
   0.52381   0.42857  -0.33333  48.00000
   0.57143   0.47619  -0.38095  48.00000
   0.28571   0.09524   0.00000  24.00000
   0.33333   0.14286  -0.04762  48.00000
   0.38095   0.19048  -0.09524  48.00000
   0.42857   0.23810  -0.14286  48.00000
   0.47619   0.28571  -0.19048  48.00000
   0.52381   0.33333  -0.23810  48.00000
   0.57143   0.38095  -0.28571  48.00000
   0.61905   0.42857  -0.33333  48.00000
   0.66667   0.47619  -0.38095  48.00000
   0.71429   0.52381  -0.42857  48.00000
   0.76190   0.57143  -0.47619  48.00000
   0.80952   0.61905  -0.52381  48.00000
   0.85714   0.66667  -0.57143  48.00000
   0.90476   0.71429  -0.61905  48.00000
   0.95238   0.76190  -0.66667  48.00000
   1.00000   0.80952  -0.71429  24.00000
   0.38095   0.09524   0.00000  24.00000
   0.42857   0.14286  -0.04762  48.00000
   0.47619   0.19048  -0.09524  48.00000
   0.52381   0.23810  -0.14286  48.00000
   0.57143   0.28571  -0.19048  48.00000
   0.61905   0.33333  -0.23810  48.00000
   0.66667   0.38095  -0.28571  48.00000
   0.71429   0.42857  -0.33333  48.00000
   0.76190   0.47619  -0.38095  48.00000
   0.80952   0.52381  -0.42857  48.00000
   0.85714   0.57143  -0.47619  48.00000
   0.90476   0.61905  -0.52381  48.00000
   0.95238   0.66667  -0.57143  48.00000
   1.00000   0.71429  -0.61905  24.00000
   0.47619   0.09524   0.00000  24.00000
   0.52381   0.14286  -0.04762  48.00000
   0.57143   0.19048  -0.09524  48.00000
   0.61905   0.23810  -0.14286  48.00000
   0.66667   0.28571  -0.19048  48.00000
   0.71429   0.33333  -0.23810  48.00000
   0.76190   0.38095  -0.28571  48.00000
   0.80952   0.42857  -0.33333  48.00000
   0.85714   0.47619  -0.38095  48.00000
   0.90476   0.52381  -0.42857  48.00000
   0.95238   0.57143  -0.47619  48.00000
   1.00000   0.61905  -0.52381  24.00000
   0.57143   0.09524   0.00000  24.00000
   0.61905   0.14286  -0.04762  48.00000
   0.66667   0.19048  -0.09524  48.00000
   0.71429   0.23810  -0.14286  48.00000
   0.76190   0.28571  -0.19048  48.00000
   0.80952   0.33333  -0.23810  48.00000
   0.85714   0.38095  -0.28571  48.00000
   0.90476   0.42857  -0.33333  48.00000
   0.95238   0.47619  -0.38095  48.00000
   1.00000   0.52381  -0.42857  24.00000
   0.66667   0.09524   0.00000  24.00000
   0.71429   0.14286  -0.04762  48.00000
   0.76190   0.19048  -0.09524  48.00000
   0.80952   0.23810  -0.14286  48.00000
   0.85714   0.28571  -0.19048  48.00000
   0.90476   0.33333  -0.23810  48.00000
   0.95238   0.38095  -0.28571  48.00000
   1.00000   0.42857  -0.33333  24.00000
   0.76190   0.09524   0.00000  24.00000
   0.80952   0.14286  -0.04762  48.00000
   0.85714   0.19048  -0.09524  48.00000
   0.90476   0.23810  -0.14286  48.00000
   0.95238   0.28571  -0.19048  48.00000
   1.00000   0.33333  -0.23810  24.00000
   0.85714   0.09524   0.00000  24.00000
   0.90476   0.14286  -0.04762  48.00000
   0.95238   0.19048  -0.09524  48.00000
   1.00000   0.23810  -0.14286  24.00000
   0.95238   0.09524   0.00000  24.00000
   1.00000   0.14286  -0.04762  24.00000
   0.38095   0.19048   0.00000  24.00000
   0.42857   0.23810  -0.04762  48.00000
   0.47619   0.28571  -0.09524  48.00000
   0.52381   0.33333  -0.14286  48.00000
   0.57143   0.38095  -0.19048  48.00000
   0.61905   0.42857  -0.23810  48.00000
   0.66667   0.47619  -0.28571  48.00000
   0.47619   0.19048   0.00000  24.00000
   0.52381   0.23810  -0.04762  48.00000
   0.57143   0.28571  -0.09524  48.00000
   0.61905   0.33333  -0.14286  48.00000
   0.66667   0.38095  -0.19048  48.00000
   0.71429   0.42857  -0.23810  48.00000
   0.76190   0.47619  -0.28571  48.00000
   0.80952   0.52381  -0.33333  48.00000
   0.85714   0.57143  -0.38095  48.00000
   0.90476   0.61905  -0.42857  48.00000
   0.95238   0.66667  -0.47619  48.00000
   1.00000   0.71429  -0.52381  24.00000
   0.57143   0.19048   0.00000  24.00000
   0.61905   0.23810  -0.04762  48.00000
   0.66667   0.28571  -0.09524  48.00000
   0.71429   0.33333  -0.14286  48.00000
   0.76190   0.38095  -0.19048  48.00000
   0.80952   0.42857  -0.23810  48.00000
   0.85714   0.47619  -0.28571  48.00000
   0.90476   0.52381  -0.33333  48.00000
   0.95238   0.57143  -0.38095  48.00000
   1.00000   0.61905  -0.42857  24.00000
   0.66667   0.19048   0.00000  24.00000
   0.71429   0.23810  -0.04762  48.00000
   0.76190   0.28571  -0.09524  48.00000
   0.80952   0.33333  -0.14286  48.00000
   0.85714   0.38095  -0.19048  48.00000
   0.90476   0.42857  -0.23810  48.00000
   0.95238   0.47619  -0.28571  48.00000
   1.00000   0.52381  -0.33333  24.00000
   0.76190   0.19048   0.00000  24.00000
   0.80952   0.23810  -0.04762  48.00000
   0.85714   0.28571  -0.09524  48.00000
   0.90476   0.33333  -0.14286  48.00000
   0.95238   0.38095  -0.19048  48.00000
   1.00000   0.42857  -0.23810  24.00000
   0.85714   0.19048   0.00000  24.00000
   0.90476   0.23810  -0.04762  48.00000
   0.95238   0.28571  -0.09524  48.00000
   1.00000   0.33333  -0.14286  24.00000
   0.95238   0.19048   0.00000  24.00000
   1.00000   0.23810  -0.04762  24.00000
   0.57143   0.28571   0.00000  24.00000
   0.61905   0.33333  -0.04762  48.00000
   0.66667   0.38095  -0.09524  48.00000
   0.71429   0.42857  -0.14286  48.00000
   0.76190   0.47619  -0.19048  48.00000
   0.66667   0.28571   0.00000  24.00000
   0.71429   0.33333  -0.04762  48.00000
   0.76190   0.38095  -0.09524  48.00000
   0.80952   0.42857  -0.14286  48.00000
   0.85714   0.47619  -0.19048  48.00000
   0.90476   0.52381  -0.23810  48.00000
   0.95238   0.57143  -0.28571  48.00000
   1.00000   0.61905  -0.33333  24.00000
   0.76190   0.28571   0.00000  24.00000
   0.80952   0.33333  -0.04762  48.00000
   0.85714   0.38095  -0.09524  48.00000
   0.90476   0.42857  -0.14286  48.00000
   0.95238   0.47619  -0.19048  48.00000
   1.00000   0.52381  -0.23810  24.00000
   0.85714   0.28571   0.00000  24.00000
   0.90476   0.33333  -0.04762  48.00000
   0.95238   0.38095  -0.09524  48.00000
   1.00000   0.42857  -0.14286  24.00000
   0.95238   0.28571   0.00000  24.00000
   1.00000   0.33333  -0.04762  24.00000
   0.76190   0.38095   0.00000  24.00000
   0.80952   0.42857  -0.04762  48.00000
   0.85714   0.47619  -0.09524  48.00000
   0.85714   0.38095   0.00000  24.00000
   0.90476   0.42857  -0.04762  48.00000
   0.95238   0.47619  -0.09524  48.00000
   1.00000   0.52381  -0.14286  24.00000
   0.95238   0.38095   0.00000  24.00000
   1.00000   0.42857  -0.04762  24.00000
   0.95238   0.47619   0.00000  24.00000




                              --------------------------------------------------
                                 S T R U C T U R A L   I N F O R M A T I O N
                              --------------------------------------------------


   SUBSTANCE                    = cubic fcc  (delta)                                                              

   LATTICE                      = F   
   LATTICE CONSTANTS ARE        =    9.3724280   9.3724280   9.3724280
   NUMBER OF ATOMS IN UNITCELL  =   1
   MODE OF CALCULATION IS       = RELA
 IORD=          48
 FNAMES=
 ./delta_Pu_16.vectorso_1                                                       
                                                                                
                                           
 ./delta_Pu_16.vectorsodn_1                                                     
                                                                                
                                           
 delta_Pu_16.energyso_1                                                         
                                                                                
                                           
 delta_Pu_16.energysodn_1                                                       
                                                                                
                                           
  BR1,  BR2
   0.67039   0.00000   0.00000     -0.67039   0.67039   0.67039
   0.00000   0.67039   0.00000      0.67039  -0.67039   0.67039
   0.00000   0.00000   0.67039      0.67039   0.67039  -0.67039
 projector corrected--must be 1,2, or 3! Now projector= 2
 Energy window:   -0.4410 < E <      0.441
 Projected density of states calculation for  1 atoms
--------- atom  1 -------------
l=  3  qsplit=  4
 Symmetrization over eq. k-points is performed
 ********** Start Reading Cix file *************
  Correlated block number           1
  Correlated index=
  1  0  0  0  0  0  0  0  0  0  0  0  0  0
  0  1  0  0  0  0  0  0  0  0  0  0  0  0
  0  0  1  0  0  0  0  0  0  0  0  0  0  0
  0  0  0  1  0  0  0  0  0  0  0  0  0  0
  0  0  0  0  1  0  0  0  0  0  0  0  0  0
  0  0  0  0  0  1  0  0  0  0  0  0  0  0
  0  0  0  0  0  0  2  0  0  0  0  0  0  0
  0  0  0  0  0  0  0  2  0  0  0  0  0  0
  0  0  0  0  0  0  0  0  2  0  0  0  0  0
  0  0  0  0  0  0  0  0  0  2  0  0  0  0
  0  0  0  0  0  0  0  0  0  0  2  0  0  0
  0  0  0  0  0  0  0  0  0  0  0  2  0  0
  0  0  0  0  0  0  0  0  0  0  0  0  2  0
  0  0  0  0  0  0  0  0  0  0  0  0  0  2
  Real part of unitary matrix=
  0.9258  0.0000  0.0000  0.0000  0.0000  0.0000  0.0000  0.0000 -0.3780  0.0000  0.0000  0.0000  0.0000  0.0000
  0.0000  0.8452  0.0000  0.0000  0.0000  0.0000  0.0000  0.0000  0.0000 -0.5345  0.0000  0.0000  0.0000  0.0000
  0.0000  0.0000  0.7559  0.0000  0.0000  0.0000  0.0000  0.0000  0.0000  0.0000 -0.6547  0.0000  0.0000  0.0000
  0.0000  0.0000  0.0000  0.6547  0.0000  0.0000  0.0000  0.0000  0.0000  0.0000  0.0000 -0.7559  0.0000  0.0000
  0.0000  0.0000  0.0000  0.0000  0.5345  0.0000  0.0000  0.0000  0.0000  0.0000  0.0000  0.0000 -0.8452  0.0000
  0.0000  0.0000  0.0000  0.0000  0.0000  0.3780  0.0000  0.0000  0.0000  0.0000  0.0000  0.0000  0.0000 -0.9258
  0.0000  0.0000  0.0000  0.0000  0.0000  0.0000  0.0000  1.0000  0.0000  0.0000  0.0000  0.0000  0.0000  0.0000
  0.3780  0.0000  0.0000  0.0000  0.0000  0.0000  0.0000  0.0000  0.9258  0.0000  0.0000  0.0000  0.0000  0.0000
  0.0000  0.5345  0.0000  0.0000  0.0000  0.0000  0.0000  0.0000  0.0000  0.8452  0.0000  0.0000  0.0000  0.0000
  0.0000  0.0000  0.6547  0.0000  0.0000  0.0000  0.0000  0.0000  0.0000  0.0000  0.7559  0.0000  0.0000  0.0000
  0.0000  0.0000  0.0000  0.7559  0.0000  0.0000  0.0000  0.0000  0.0000  0.0000  0.0000  0.6547  0.0000  0.0000
  0.0000  0.0000  0.0000  0.0000  0.8452  0.0000  0.0000  0.0000  0.0000  0.0000  0.0000  0.0000  0.5345  0.0000
  0.0000  0.0000  0.0000  0.0000  0.0000  0.9258  0.0000  0.0000  0.0000  0.0000  0.0000  0.0000  0.0000  0.3780
  0.0000  0.0000  0.0000  0.0000  0.0000  0.0000  1.0000  0.0000  0.0000  0.0000  0.0000  0.0000  0.0000  0.0000
  Imaginary part of unitary matrix=
  0.0000  0.0000  0.0000  0.0000  0.0000  0.0000  0.0000  0.0000  0.0000  0.0000  0.0000  0.0000  0.0000  0.0000
  0.0000  0.0000  0.0000  0.0000  0.0000  0.0000  0.0000  0.0000  0.0000  0.0000  0.0000  0.0000  0.0000  0.0000
  0.0000  0.0000  0.0000  0.0000  0.0000  0.0000  0.0000  0.0000  0.0000  0.0000  0.0000  0.0000  0.0000  0.0000
  0.0000  0.0000  0.0000  0.0000  0.0000  0.0000  0.0000  0.0000  0.0000  0.0000  0.0000  0.0000  0.0000  0.0000
  0.0000  0.0000  0.0000  0.0000  0.0000  0.0000  0.0000  0.0000  0.0000  0.0000  0.0000  0.0000  0.0000  0.0000
  0.0000  0.0000  0.0000  0.0000  0.0000  0.0000  0.0000  0.0000  0.0000  0.0000  0.0000  0.0000  0.0000  0.0000
  0.0000  0.0000  0.0000  0.0000  0.0000  0.0000  0.0000  0.0000  0.0000  0.0000  0.0000  0.0000  0.0000  0.0000
  0.0000  0.0000  0.0000  0.0000  0.0000  0.0000  0.0000  0.0000  0.0000  0.0000  0.0000  0.0000  0.0000  0.0000
  0.0000  0.0000  0.0000  0.0000  0.0000  0.0000  0.0000  0.0000  0.0000  0.0000  0.0000  0.0000  0.0000  0.0000
  0.0000  0.0000  0.0000  0.0000  0.0000  0.0000  0.0000  0.0000  0.0000  0.0000  0.0000  0.0000  0.0000  0.0000
  0.0000  0.0000  0.0000  0.0000  0.0000  0.0000  0.0000  0.0000  0.0000  0.0000  0.0000  0.0000  0.0000  0.0000
  0.0000  0.0000  0.0000  0.0000  0.0000  0.0000  0.0000  0.0000  0.0000  0.0000  0.0000  0.0000  0.0000  0.0000
  0.0000  0.0000  0.0000  0.0000  0.0000  0.0000  0.0000  0.0000  0.0000  0.0000  0.0000  0.0000  0.0000  0.0000
  0.0000  0.0000  0.0000  0.0000  0.0000  0.0000  0.0000  0.0000  0.0000  0.0000  0.0000  0.0000  0.0000  0.0000
  At least one transformation matrix is not Identity
 Magnetic system with s-o coupling; M theta, phi:  0.0000  0.0000
 Inside ROTDEF
Operation  1 transforms atom   1 from first atom   1
Actual position of atom  1 is:  0.000000    0.000000    0.000000
 
Combined transformation (acting on k-point) for correlated atoms
including users rotation and internal local rotation
catom  1 atom   1
   0.67039   0.00000   0.00000
   0.00000  -0.67039   0.00000
   0.00000   0.00000  -0.67039
 
 
 SPIN COORD SYSTEM:
    1.000000    0.000000    0.000000
    0.000000    1.000000    0.000000
    0.000000    0.000000    1.000000
 
 in global cartezian coordinates:
    1.000000    0.000000    0.000000
    0.000000   -1.000000    0.000000
    0.000000    0.000000   -1.000000
 ____________________________
 in spin coordinates:
    1.000000    0.000000    0.000000
    0.000000   -1.000000    0.000000
    0.000000    0.000000   -1.000000
           1   3.14159265358979       -1.00000000000000     
 
 in global cartezian coordinates:
    1.000000    0.000000    0.000000
    0.000000    0.000000   -1.000000
    0.000000   -1.000000    0.000000
 ____________________________
 in spin coordinates:
    1.000000    0.000000    0.000000
    0.000000    0.000000   -1.000000
    0.000000   -1.000000    0.000000
           2   1.57079632679490       0.000000000000000E+000
 
 symm. operation            2  removed !!!! so-det=  0.000000000000000E+000
 in global cartezian coordinates:
   -1.000000    0.000000    0.000000
    0.000000   -1.000000    0.000000
    0.000000    0.000000   -1.000000
 ____________________________
 in spin coordinates:
   -1.000000    0.000000    0.000000
    0.000000   -1.000000    0.000000
    0.000000    0.000000   -1.000000
           3  0.000000000000000E+000   1.00000000000000     
 
 in global cartezian coordinates:
   -1.000000    0.000000    0.000000
    0.000000    0.000000   -1.000000
    0.000000   -1.000000    0.000000
 ____________________________
 in spin coordinates:
   -1.000000    0.000000    0.000000
    0.000000    0.000000   -1.000000
    0.000000   -1.000000    0.000000
           4   1.57079632679490       0.000000000000000E+000
 
 symm. operation            4  removed !!!! so-det=  0.000000000000000E+000
 in global cartezian coordinates:
    0.000000   -1.000000    0.000000
    1.000000    0.000000    0.000000
    0.000000    0.000000   -1.000000
 ____________________________
 in spin coordinates:
    0.000000   -1.000000    0.000000
    1.000000    0.000000    0.000000
    0.000000    0.000000   -1.000000
           5  -1.57079632679490        1.00000000000000     
 
 in global cartezian coordinates:
    0.000000   -1.000000    0.000000
    0.000000    0.000000   -1.000000
    1.000000    0.000000    0.000000
 ____________________________
 in spin coordinates:
    0.000000   -1.000000    0.000000
    0.000000    0.000000   -1.000000
    1.000000    0.000000    0.000000
           6 NaN                      0.000000000000000E+000
 
 symm. operation            6  removed !!!! so-det=  0.000000000000000E+000
 in global cartezian coordinates:
    0.000000    1.000000    0.000000
    1.000000    0.000000    0.000000
    0.000000    0.000000   -1.000000
 ____________________________
 in spin coordinates:
    0.000000    1.000000    0.000000
    1.000000    0.000000    0.000000
    0.000000    0.000000   -1.000000
           7   1.57079632679490       -1.00000000000000     
 
 in global cartezian coordinates:
    0.000000    1.000000    0.000000
    0.000000    0.000000   -1.000000
    1.000000    0.000000    0.000000
 ____________________________
 in spin coordinates:
    0.000000    1.000000    0.000000
    0.000000    0.000000   -1.000000
    1.000000    0.000000    0.000000
           8 NaN                      0.000000000000000E+000
 
 symm. operation            8  removed !!!! so-det=  0.000000000000000E+000
 in global cartezian coordinates:
    0.000000    0.000000   -1.000000
    1.000000    0.000000    0.000000
    0.000000   -1.000000    0.000000
 ____________________________
 in spin coordinates:
    0.000000    0.000000   -1.000000
    1.000000    0.000000    0.000000
    0.000000   -1.000000    0.000000
           9   1.57079632679490       0.000000000000000E+000
 
 symm. operation            9  removed !!!! so-det=  0.000000000000000E+000
 in global cartezian coordinates:
    0.000000    0.000000   -1.000000
    0.000000   -1.000000    0.000000
    1.000000    0.000000    0.000000
 ____________________________
 in spin coordinates:
    0.000000    0.000000   -1.000000
    0.000000   -1.000000    0.000000
    1.000000    0.000000    0.000000
          10   1.57079632679490       0.000000000000000E+000
 
 symm. operation           10  removed !!!! so-det=  0.000000000000000E+000
 in global cartezian coordinates:
    0.000000    0.000000    1.000000
    1.000000    0.000000    0.000000
    0.000000   -1.000000    0.000000
 ____________________________
 in spin coordinates:
    0.000000    0.000000    1.000000
    1.000000    0.000000    0.000000
    0.000000   -1.000000    0.000000
          11   1.57079632679490       0.000000000000000E+000
 
 symm. operation           11  removed !!!! so-det=  0.000000000000000E+000
 in global cartezian coordinates:
    0.000000    0.000000    1.000000
    0.000000   -1.000000    0.000000
    1.000000    0.000000    0.000000
 ____________________________
 in spin coordinates:
    0.000000    0.000000    1.000000
    0.000000   -1.000000    0.000000
    1.000000    0.000000    0.000000
          12   1.57079632679490       0.000000000000000E+000
 
 symm. operation           12  removed !!!! so-det=  0.000000000000000E+000
 in global cartezian coordinates:
    0.000000   -1.000000    0.000000
   -1.000000    0.000000    0.000000
    0.000000    0.000000   -1.000000
 ____________________________
 in spin coordinates:
    0.000000   -1.000000    0.000000
   -1.000000    0.000000    0.000000
    0.000000    0.000000   -1.000000
          13   4.71238898038469       -1.00000000000000     
 
 in global cartezian coordinates:
    0.000000    1.000000    0.000000
   -1.000000    0.000000    0.000000
    0.000000    0.000000   -1.000000
 ____________________________
 in spin coordinates:
    0.000000    1.000000    0.000000
   -1.000000    0.000000    0.000000
    0.000000    0.000000   -1.000000
          14   1.57079632679490        1.00000000000000     
 
 in global cartezian coordinates:
    0.000000   -1.000000    0.000000
    0.000000    0.000000   -1.000000
   -1.000000    0.000000    0.000000
 ____________________________
 in spin coordinates:
    0.000000   -1.000000    0.000000
    0.000000    0.000000   -1.000000
   -1.000000    0.000000    0.000000
          15 NaN                      0.000000000000000E+000
 
 symm. operation           15  removed !!!! so-det=  0.000000000000000E+000
 in global cartezian coordinates:
    0.000000    1.000000    0.000000
    0.000000    0.000000   -1.000000
   -1.000000    0.000000    0.000000
 ____________________________
 in spin coordinates:
    0.000000    1.000000    0.000000
    0.000000    0.000000   -1.000000
   -1.000000    0.000000    0.000000
          16 NaN                      0.000000000000000E+000
 
 symm. operation           16  removed !!!! so-det=  0.000000000000000E+000
 in global cartezian coordinates:
    1.000000    0.000000    0.000000
    0.000000    1.000000    0.000000
    0.000000    0.000000   -1.000000
 ____________________________
 in spin coordinates:
    1.000000    0.000000    0.000000
    0.000000    1.000000    0.000000
    0.000000    0.000000   -1.000000
          17   3.14159274101257        1.00000000000000     
 
 in global cartezian coordinates:
   -1.000000    0.000000    0.000000
    0.000000    1.000000    0.000000
    0.000000    0.000000   -1.000000
 ____________________________
 in spin coordinates:
   -1.000000    0.000000    0.000000
    0.000000    1.000000    0.000000
    0.000000    0.000000   -1.000000
          18   6.28318539460237       -1.00000000000000     
 
 in global cartezian coordinates:
    1.000000    0.000000    0.000000
    0.000000    0.000000   -1.000000
    0.000000    1.000000    0.000000
 ____________________________
 in spin coordinates:
    1.000000    0.000000    0.000000
    0.000000    0.000000   -1.000000
    0.000000    1.000000    0.000000
          19   1.57079632679490       0.000000000000000E+000
 
 symm. operation           19  removed !!!! so-det=  0.000000000000000E+000
 in global cartezian coordinates:
   -1.000000    0.000000    0.000000
    0.000000    0.000000   -1.000000
    0.000000    1.000000    0.000000
 ____________________________
 in spin coordinates:
   -1.000000    0.000000    0.000000
    0.000000    0.000000   -1.000000
    0.000000    1.000000    0.000000
          20   1.57079632679490       0.000000000000000E+000
 
 symm. operation           20  removed !!!! so-det=  0.000000000000000E+000
 in global cartezian coordinates:
    0.000000    0.000000   -1.000000
   -1.000000    0.000000    0.000000
    0.000000   -1.000000    0.000000
 ____________________________
 in spin coordinates:
    0.000000    0.000000   -1.000000
   -1.000000    0.000000    0.000000
    0.000000   -1.000000    0.000000
          21   1.57079632679490       0.000000000000000E+000
 
 symm. operation           21  removed !!!! so-det=  0.000000000000000E+000
 in global cartezian coordinates:
    0.000000    0.000000   -1.000000
    0.000000   -1.000000    0.000000
   -1.000000    0.000000    0.000000
 ____________________________
 in spin coordinates:
    0.000000    0.000000   -1.000000
    0.000000   -1.000000    0.000000
   -1.000000    0.000000    0.000000
          22   1.57079632679490       0.000000000000000E+000
 
 symm. operation           22  removed !!!! so-det=  0.000000000000000E+000
 in global cartezian coordinates:
    0.000000    0.000000    1.000000
   -1.000000    0.000000    0.000000
    0.000000   -1.000000    0.000000
 ____________________________
 in spin coordinates:
    0.000000    0.000000    1.000000
   -1.000000    0.000000    0.000000
    0.000000   -1.000000    0.000000
          23   1.57079632679490       0.000000000000000E+000
 
 symm. operation           23  removed !!!! so-det=  0.000000000000000E+000
 in global cartezian coordinates:
    0.000000    0.000000    1.000000
    0.000000   -1.000000    0.000000
   -1.000000    0.000000    0.000000
 ____________________________
 in spin coordinates:
    0.000000    0.000000    1.000000
    0.000000   -1.000000    0.000000
   -1.000000    0.000000    0.000000
          24   1.57079632679490       0.000000000000000E+000
 
 symm. operation           24  removed !!!! so-det=  0.000000000000000E+000
 in global cartezian coordinates:
    0.000000    0.000000   -1.000000
    0.000000    1.000000    0.000000
    1.000000    0.000000    0.000000
 ____________________________
 in spin coordinates:
    0.000000    0.000000   -1.000000
    0.000000    1.000000    0.000000
    1.000000    0.000000    0.000000
          25   1.57079632679490       0.000000000000000E+000
 
 symm. operation           25  removed !!!! so-det=  0.000000000000000E+000
 in global cartezian coordinates:
    0.000000    0.000000   -1.000000
    1.000000    0.000000    0.000000
    0.000000    1.000000    0.000000
 ____________________________
 in spin coordinates:
    0.000000    0.000000   -1.000000
    1.000000    0.000000    0.000000
    0.000000    1.000000    0.000000
          26   1.57079632679490       0.000000000000000E+000
 
 symm. operation           26  removed !!!! so-det=  0.000000000000000E+000
 in global cartezian coordinates:
    0.000000    0.000000    1.000000
    0.000000    1.000000    0.000000
    1.000000    0.000000    0.000000
 ____________________________
 in spin coordinates:
    0.000000    0.000000    1.000000
    0.000000    1.000000    0.000000
    1.000000    0.000000    0.000000
          27   1.57079632679490       0.000000000000000E+000
 
 symm. operation           27  removed !!!! so-det=  0.000000000000000E+000
 in global cartezian coordinates:
    0.000000    0.000000    1.000000
    1.000000    0.000000    0.000000
    0.000000    1.000000    0.000000
 ____________________________
 in spin coordinates:
    0.000000    0.000000    1.000000
    1.000000    0.000000    0.000000
    0.000000    1.000000    0.000000
          28   1.57079632679490       0.000000000000000E+000
 
 symm. operation           28  removed !!!! so-det=  0.000000000000000E+000
 in global cartezian coordinates:
    1.000000    0.000000    0.000000
    0.000000    0.000000    1.000000
    0.000000   -1.000000    0.000000
 ____________________________
 in spin coordinates:
    1.000000    0.000000    0.000000
    0.000000    0.000000    1.000000
    0.000000   -1.000000    0.000000
          29   1.57079632679490       0.000000000000000E+000
 
 symm. operation           29  removed !!!! so-det=  0.000000000000000E+000
 in global cartezian coordinates:
   -1.000000    0.000000    0.000000
    0.000000    0.000000    1.000000
    0.000000   -1.000000    0.000000
 ____________________________
 in spin coordinates:
   -1.000000    0.000000    0.000000
    0.000000    0.000000    1.000000
    0.000000   -1.000000    0.000000
          30   1.57079632679490       0.000000000000000E+000
 
 symm. operation           30  removed !!!! so-det=  0.000000000000000E+000
 in global cartezian coordinates:
    1.000000    0.000000    0.000000
    0.000000   -1.000000    0.000000
    0.000000    0.000000    1.000000
 ____________________________
 in spin coordinates:
    1.000000    0.000000    0.000000
    0.000000   -1.000000    0.000000
    0.000000    0.000000    1.000000
          31   6.28318539460237       -1.00000000000000     
 
 in global cartezian coordinates:
   -1.000000    0.000000    0.000000
    0.000000   -1.000000    0.000000
    0.000000    0.000000    1.000000
 ____________________________
 in spin coordinates:
   -1.000000    0.000000    0.000000
    0.000000   -1.000000    0.000000
    0.000000    0.000000    1.000000
          32   3.14159274101257        1.00000000000000     
 
 in global cartezian coordinates:
    0.000000   -1.000000    0.000000
    0.000000    0.000000    1.000000
    1.000000    0.000000    0.000000
 ____________________________
 in spin coordinates:
    0.000000   -1.000000    0.000000
    0.000000    0.000000    1.000000
    1.000000    0.000000    0.000000
          33 NaN                      0.000000000000000E+000
 
 symm. operation           33  removed !!!! so-det=  0.000000000000000E+000
 in global cartezian coordinates:
    0.000000    1.000000    0.000000
    0.000000    0.000000    1.000000
    1.000000    0.000000    0.000000
 ____________________________
 in spin coordinates:
    0.000000    1.000000    0.000000
    0.000000    0.000000    1.000000
    1.000000    0.000000    0.000000
          34 NaN                      0.000000000000000E+000
 
 symm. operation           34  removed !!!! so-det=  0.000000000000000E+000
 in global cartezian coordinates:
    0.000000   -1.000000    0.000000
    1.000000    0.000000    0.000000
    0.000000    0.000000    1.000000
 ____________________________
 in spin coordinates:
    0.000000   -1.000000    0.000000
    1.000000    0.000000    0.000000
    0.000000    0.000000    1.000000
          35   1.57079632679490        1.00000000000000     
 
 in global cartezian coordinates:
    0.000000    1.000000    0.000000
    1.000000    0.000000    0.000000
    0.000000    0.000000    1.000000
 ____________________________
 in spin coordinates:
    0.000000    1.000000    0.000000
    1.000000    0.000000    0.000000
    0.000000    0.000000    1.000000
          36   4.71238898038469       -1.00000000000000     
 
 in global cartezian coordinates:
    0.000000    0.000000   -1.000000
    0.000000    1.000000    0.000000
   -1.000000    0.000000    0.000000
 ____________________________
 in spin coordinates:
    0.000000    0.000000   -1.000000
    0.000000    1.000000    0.000000
   -1.000000    0.000000    0.000000
          37   1.57079632679490       0.000000000000000E+000
 
 symm. operation           37  removed !!!! so-det=  0.000000000000000E+000
 in global cartezian coordinates:
    0.000000    0.000000   -1.000000
   -1.000000    0.000000    0.000000
    0.000000    1.000000    0.000000
 ____________________________
 in spin coordinates:
    0.000000    0.000000   -1.000000
   -1.000000    0.000000    0.000000
    0.000000    1.000000    0.000000
          38   1.57079632679490       0.000000000000000E+000
 
 symm. operation           38  removed !!!! so-det=  0.000000000000000E+000
 in global cartezian coordinates:
    0.000000    0.000000    1.000000
    0.000000    1.000000    0.000000
   -1.000000    0.000000    0.000000
 ____________________________
 in spin coordinates:
    0.000000    0.000000    1.000000
    0.000000    1.000000    0.000000
   -1.000000    0.000000    0.000000
          39   1.57079632679490       0.000000000000000E+000
 
 symm. operation           39  removed !!!! so-det=  0.000000000000000E+000
 in global cartezian coordinates:
    0.000000    0.000000    1.000000
   -1.000000    0.000000    0.000000
    0.000000    1.000000    0.000000
 ____________________________
 in spin coordinates:
    0.000000    0.000000    1.000000
   -1.000000    0.000000    0.000000
    0.000000    1.000000    0.000000
          40   1.57079632679490       0.000000000000000E+000
 
 symm. operation           40  removed !!!! so-det=  0.000000000000000E+000
 in global cartezian coordinates:
    0.000000   -1.000000    0.000000
    0.000000    0.000000    1.000000
   -1.000000    0.000000    0.000000
 ____________________________
 in spin coordinates:
    0.000000   -1.000000    0.000000
    0.000000    0.000000    1.000000
   -1.000000    0.000000    0.000000
          41 NaN                      0.000000000000000E+000
 
 symm. operation           41  removed !!!! so-det=  0.000000000000000E+000
 in global cartezian coordinates:
    0.000000   -1.000000    0.000000
   -1.000000    0.000000    0.000000
    0.000000    0.000000    1.000000
 ____________________________
 in spin coordinates:
    0.000000   -1.000000    0.000000
   -1.000000    0.000000    0.000000
    0.000000    0.000000    1.000000
          42   1.57079632679490       -1.00000000000000     
 
 in global cartezian coordinates:
    0.000000    1.000000    0.000000
    0.000000    0.000000    1.000000
   -1.000000    0.000000    0.000000
 ____________________________
 in spin coordinates:
    0.000000    1.000000    0.000000
    0.000000    0.000000    1.000000
   -1.000000    0.000000    0.000000
          43 NaN                      0.000000000000000E+000
 
 symm. operation           43  removed !!!! so-det=  0.000000000000000E+000
 in global cartezian coordinates:
    0.000000    1.000000    0.000000
   -1.000000    0.000000    0.000000
    0.000000    0.000000    1.000000
 ____________________________
 in spin coordinates:
    0.000000    1.000000    0.000000
   -1.000000    0.000000    0.000000
    0.000000    0.000000    1.000000
          44  -1.57079632679490        1.00000000000000     
 
 in global cartezian coordinates:
    1.000000    0.000000    0.000000
    0.000000    0.000000    1.000000
    0.000000    1.000000    0.000000
 ____________________________
 in spin coordinates:
    1.000000    0.000000    0.000000
    0.000000    0.000000    1.000000
    0.000000    1.000000    0.000000
          45   1.57079632679490       0.000000000000000E+000
 
 symm. operation           45  removed !!!! so-det=  0.000000000000000E+000
 in global cartezian coordinates:
    1.000000    0.000000    0.000000
    0.000000    1.000000    0.000000
    0.000000    0.000000    1.000000
 ____________________________
 in spin coordinates:
    1.000000    0.000000    0.000000
    0.000000    1.000000    0.000000
    0.000000    0.000000    1.000000
          46  0.000000000000000E+000   1.00000000000000     
 
 in global cartezian coordinates:
   -1.000000    0.000000    0.000000
    0.000000    0.000000    1.000000
    0.000000    1.000000    0.000000
 ____________________________
 in spin coordinates:
   -1.000000    0.000000    0.000000
    0.000000    0.000000    1.000000
    0.000000    1.000000    0.000000
          47   1.57079632679490       0.000000000000000E+000
 
 symm. operation           47  removed !!!! so-det=  0.000000000000000E+000
 in global cartezian coordinates:
   -1.000000    0.000000    0.000000
    0.000000    1.000000    0.000000
    0.000000    0.000000    1.000000
 ____________________________
 in spin coordinates:
   -1.000000    0.000000    0.000000
    0.000000    1.000000    0.000000
    0.000000    0.000000    1.000000
          48   3.14159265358979       -1.00000000000000     
 
 Original and SO-compatible symops changed:          48          16
 FNAME=
 delta_Pu_16.energyso_1                                                         
                                                                                
                                                     60
 FNAME=
 delta_Pu_16.energysodn_1                                                       
                                                                                
                                                     59
 BZ-integration with TETRA-program.   icor=: 1
 Equal occupancy of degenerate states, tol=: 0.1E-05
 call eord...
 call dos...
 ILOOP            1
 ILOOP            2
   FERMI ENERGY AT   0.931648097009658     
 RESULT OF INTEGRATION:      15.999999999768; SHOULD BE:      15.999999999900
   SUM RULE OF TETRAHEDRON INTEGRATION CHECKED 
 call eweigh...
   number of occupied bands:          18
   highest energy:  0.934506182467955     
 FERMI-LDA=   0.932 Ryd,  12.676 eV.
 ABSOLUTE EMIN=   0.491 Ryd.   6.676 eV.
 ABSOLUTE EMAX=   1.373 Ryd.  18.676 eV.


:NLDA  : NUMBER OF ELECTRONS          =  16.000

:FLDA  : F E R M I - ENERGY           =   0.93165
 
 ********** Information about the atomic index arrays ************
 iatom=           1
 isort=           1
 csort=           1
 maxucase=           1
icase, iucase, jatom, latom=     1     1     1     1
 
 *****  Arrays for correlated blocks ******
 norbitals=           1
 maxdim2=          14
iorbital( 1, 1)=   1
cix( 1, 1)=   1
icase,lcase,icix,iorb,nind1,ip1,iSx=    1    1    1    1   14    1    1
icase,lcase,icix,iorb,nind1,ip1,iSx=    1    1    1    1   14    2    2
icase,lcase,icix,iorb,nind1,ip1,iSx=    1    1    1    1   14    3    3
icase,lcase,icix,iorb,nind1,ip1,iSx=    1    1    1    1   14    4    4
icase,lcase,icix,iorb,nind1,ip1,iSx=    1    1    1    1   14    5    5
icase,lcase,icix,iorb,nind1,ip1,iSx=    1    1    1    1   14    6    6
icase,lcase,icix,iorb,nind1,ip1,iSx=    1    1    1    1   14    7    7
icase,lcase,icix,iorb,nind1,ip1,iSx=    1    1    1    1   14    8    8
icase,lcase,icix,iorb,nind1,ip1,iSx=    1    1    1    1   14    9    9
icase,lcase,icix,iorb,nind1,ip1,iSx=    1    1    1    1   14   10   10
icase,lcase,icix,iorb,nind1,ip1,iSx=    1    1    1    1   14   11   11
icase,lcase,icix,iorb,nind1,ip1,iSx=    1    1    1    1   14   12   12
icase,lcase,icix,iorb,nind1,ip1,iSx=    1    1    1    1   14   13   13
icase,lcase,icix,iorb,nind1,ip1,iSx=    1    1    1    1   14   14   14
cixdim( 1)=14
noccur( 1, 1)=   6
noccur( 2, 1)=   8
iSx( 1, 1)=  1
iSx( 2, 1)=  2
iSx( 3, 1)=  3
iSx( 4, 1)=  4
iSx( 5, 1)=  5
iSx( 6, 1)=  6
iSx( 7, 1)=  7
iSx( 8, 1)=  8
iSx( 9, 1)=  9
iSx(10, 1)= 10
iSx(11, 1)= 11
iSx(12, 1)= 12
iSx(13, 1)= 13
iSx(14, 1)= 14
nindo( 1)= 14
CF for iorb1= 1 iorb2= 1
    0.92582010     0.00000000       0.00000000     0.00000000       0.00000000     0.00000000       0.00000000     0.00000000       0.00000000     0.00000000       0.00000000     0.00000000       0.00000000     0.00000000       0.00000000     0.00000000      -0.37796447     0.00000000       0.00000000     0.00000000       0.00000000     0.00000000       0.00000000     0.00000000       0.00000000     0.00000000       0.00000000     0.00000000   
    0.00000000     0.00000000       0.84515425     0.00000000       0.00000000     0.00000000       0.00000000     0.00000000       0.00000000     0.00000000       0.00000000     0.00000000       0.00000000     0.00000000       0.00000000     0.00000000       0.00000000     0.00000000      -0.53452248     0.00000000       0.00000000     0.00000000       0.00000000     0.00000000       0.00000000     0.00000000       0.00000000     0.00000000   
    0.00000000     0.00000000       0.00000000     0.00000000       0.75592895     0.00000000       0.00000000     0.00000000       0.00000000     0.00000000       0.00000000     0.00000000       0.00000000     0.00000000       0.00000000     0.00000000       0.00000000     0.00000000       0.00000000     0.00000000      -0.65465367     0.00000000       0.00000000     0.00000000       0.00000000     0.00000000       0.00000000     0.00000000   
    0.00000000     0.00000000       0.00000000     0.00000000       0.00000000     0.00000000       0.65465367     0.00000000       0.00000000     0.00000000       0.00000000     0.00000000       0.00000000     0.00000000       0.00000000     0.00000000       0.00000000     0.00000000       0.00000000     0.00000000       0.00000000     0.00000000      -0.75592895     0.00000000       0.00000000     0.00000000       0.00000000     0.00000000   
    0.00000000     0.00000000       0.00000000     0.00000000       0.00000000     0.00000000       0.00000000     0.00000000       0.53452248     0.00000000       0.00000000     0.00000000       0.00000000     0.00000000       0.00000000     0.00000000       0.00000000     0.00000000       0.00000000     0.00000000       0.00000000     0.00000000       0.00000000     0.00000000      -0.84515425     0.00000000       0.00000000     0.00000000   
    0.00000000     0.00000000       0.00000000     0.00000000       0.00000000     0.00000000       0.00000000     0.00000000       0.00000000     0.00000000       0.37796447     0.00000000       0.00000000     0.00000000       0.00000000     0.00000000       0.00000000     0.00000000       0.00000000     0.00000000       0.00000000     0.00000000       0.00000000     0.00000000       0.00000000     0.00000000      -0.92582010     0.00000000   
    0.00000000     0.00000000       0.00000000     0.00000000       0.00000000     0.00000000       0.00000000     0.00000000       0.00000000     0.00000000       0.00000000     0.00000000       0.00000000     0.00000000       1.00000000     0.00000000       0.00000000     0.00000000       0.00000000     0.00000000       0.00000000     0.00000000       0.00000000     0.00000000       0.00000000     0.00000000       0.00000000     0.00000000   
    0.37796447     0.00000000       0.00000000     0.00000000       0.00000000     0.00000000       0.00000000     0.00000000       0.00000000     0.00000000       0.00000000     0.00000000       0.00000000     0.00000000       0.00000000     0.00000000       0.92582010     0.00000000       0.00000000     0.00000000       0.00000000     0.00000000       0.00000000     0.00000000       0.00000000     0.00000000       0.00000000     0.00000000   
    0.00000000     0.00000000       0.53452248     0.00000000       0.00000000     0.00000000       0.00000000     0.00000000       0.00000000     0.00000000       0.00000000     0.00000000       0.00000000     0.00000000       0.00000000     0.00000000       0.00000000     0.00000000       0.84515425     0.00000000       0.00000000     0.00000000       0.00000000     0.00000000       0.00000000     0.00000000       0.00000000     0.00000000   
    0.00000000     0.00000000       0.00000000     0.00000000       0.65465367     0.00000000       0.00000000     0.00000000       0.00000000     0.00000000       0.00000000     0.00000000       0.00000000     0.00000000       0.00000000     0.00000000       0.00000000     0.00000000       0.00000000     0.00000000       0.75592895     0.00000000       0.00000000     0.00000000       0.00000000     0.00000000       0.00000000     0.00000000   
    0.00000000     0.00000000       0.00000000     0.00000000       0.00000000     0.00000000       0.75592895     0.00000000       0.00000000     0.00000000       0.00000000     0.00000000       0.00000000     0.00000000       0.00000000     0.00000000       0.00000000     0.00000000       0.00000000     0.00000000       0.00000000     0.00000000       0.65465367     0.00000000       0.00000000     0.00000000       0.00000000     0.00000000   
    0.00000000     0.00000000       0.00000000     0.00000000       0.00000000     0.00000000       0.00000000     0.00000000       0.84515425     0.00000000       0.00000000     0.00000000       0.00000000     0.00000000       0.00000000     0.00000000       0.00000000     0.00000000       0.00000000     0.00000000       0.00000000     0.00000000       0.00000000     0.00000000       0.53452248     0.00000000       0.00000000     0.00000000   
    0.00000000     0.00000000       0.00000000     0.00000000       0.00000000     0.00000000       0.00000000     0.00000000       0.00000000     0.00000000       0.92582010     0.00000000       0.00000000     0.00000000       0.00000000     0.00000000       0.00000000     0.00000000       0.00000000     0.00000000       0.00000000     0.00000000       0.00000000     0.00000000       0.00000000     0.00000000       0.37796447     0.00000000   
    0.00000000     0.00000000       0.00000000     0.00000000       0.00000000     0.00000000       0.00000000     0.00000000       0.00000000     0.00000000       0.00000000     0.00000000       1.00000000     0.00000000       0.00000000     0.00000000       0.00000000     0.00000000       0.00000000     0.00000000       0.00000000     0.00000000       0.00000000     0.00000000       0.00000000     0.00000000       0.00000000     0.00000000   
Rspin for iorb=  1
 angles=  0.000000000000000E+000   3.14159265358979       0.000000000000000E+000
  0.000000000000000E+000  0.000000000000000E+000  0.000000000000000E+000
 Rspin=
    0.000000    0.000000      0.000000    1.000000
    0.000000    1.000000      0.000000    0.000000
 Calculation for atom  1 which has iucase=  1
 ATPAR for spin up

          ATOMIC PARAMETERS FOR Pu  0+    

           ENERGY PARAMETERS ARE   0.69  -1.38   0.69   0.69

           L     U(R)          U'(R)         DU/DE        DU'/DE      NORM-U'
           0  0.549879E+00  0.815733E+00  0.113159E+00 -0.225549E+00
           1  0.506740E+00 -0.845897E-01 -0.151128E+00 -0.401705E+00
           2 -0.617701E+00  0.251078E-01  0.984265E-01  0.346269E+00
           3 -0.320995E+00  0.123031E+00  0.360540E+00  0.535951E+00
LO COEFFICIENT: l,A,B,C   0          0.65662    -3.19078     0.00000     0.00000
 
LO COEFFICIENT: l,A,B,C   0          0.32263     0.00000     0.77874     0.00000
 
LO COEFFICIENT: l,A,B,C   1          0.89084     2.98703     0.00000     0.00000
 
LO COEFFICIENT: l,A,B,C   1          0.29382     0.00000    -1.26488     0.00000
 
LO COEFFICIENT: l,A,B,C   2          0.85293     5.35276     0.00000     0.00000
 
LO COEFFICIENT: l,A,B,C   3          0.93871     0.83575     0.00000     0.00000
 
 ATPAR for spin down

          ATOMIC PARAMETERS FOR Pu  0+    

           ENERGY PARAMETERS ARE   0.69  -1.38   0.69   0.69

           L     U(R)          U'(R)         DU/DE        DU'/DE      NORM-U'
           0  0.549879E+00  0.815733E+00  0.113159E+00 -0.225549E+00
           1  0.506740E+00 -0.845897E-01 -0.151128E+00 -0.401705E+00
           2 -0.617701E+00  0.251078E-01  0.984265E-01  0.346269E+00
           3 -0.320995E+00  0.123031E+00  0.360540E+00  0.535951E+00
LO COEFFICIENT: l,A,B,C   0          0.65662    -3.19078     0.00000     0.00000
 
LO COEFFICIENT: l,A,B,C   0          0.32263     0.00000     0.77874     0.00000
 
LO COEFFICIENT: l,A,B,C   1          0.89084     2.98703     0.00000     0.00000
 
LO COEFFICIENT: l,A,B,C   1          0.29382     0.00000    -1.26488     0.00000
 
LO COEFFICIENT: l,A,B,C   2          0.85293     5.35276     0.00000     0.00000
 
LO COEFFICIENT: l,A,B,C   3          0.93871     0.83575     0.00000     0.00000
 
 L1=           0  L2=           0
 RADIAL INTEGRALS:
           1           1                 1           1   1.00000000000000     
           1           3                 1           1  0.576096449179380     
           1           1                 1           2   1.00000000000000     
           1           3                 1           2  0.576096449179380     
           1           1                 2           1   1.00000000000000     
           1           3                 2           1  0.576096449179380     
           1           1                 2           2   1.00000000000000     
           1           3                 2           2  0.576096449179380     
           2           2                 1           1  5.587285906903722E-002
           2           3                 1           1 -0.190952862811608     
           2           2                 1           2  5.587285906903722E-002
           2           3                 1           2 -0.190952862811608     
           2           2                 2           1  5.587285906903722E-002
           2           3                 2           1 -0.190952862811608     
           2           2                 2           2  5.587285906903722E-002
           2           3                 2           2 -0.190952862811608     
           3           1                 1           1  0.576096449179380     
           3           2                 1           1 -0.190952862811608     
           3           3                 1           1   1.00000000000000     
           3           1                 1           2  0.576096449179380     
           3           2                 1           2 -0.190952862811608     
           3           3                 1           2   1.00000000000000     
           3           1                 2           1  0.576096449179380     
           3           2                 2           1 -0.190952862811608     
           3           3                 2           1   1.00000000000000     
           3           1                 2           2  0.576096449179380     
           3           2                 2           2 -0.190952862811608     
           3           3                 2           2   1.00000000000000     
 L1=           1  L2=           1
 RADIAL INTEGRALS:
           1           1                 1           1   1.00000000000000     
           1           3                 1           1  0.923260440290761     
           1           1                 1           2   1.00000000000000     
           1           3                 1           2  0.923260440290761     
           1           1                 2           1   1.00000000000000     
           1           3                 2           1  0.923260440290761     
           1           1                 2           2   1.00000000000000     
           1           3                 2           2  0.923260440290761     
           2           2                 1           1  2.313394846956828E-002
           2           3                 1           1  5.830147696914489E-002
           2           2                 1           2  2.313394846956828E-002
           2           3                 1           2  5.830147696914489E-002
           2           2                 2           1  2.313394846956828E-002
           2           3                 2           1  5.830147696914489E-002
           2           2                 2           2  2.313394846956828E-002
           2           3                 2           2  5.830147696914489E-002
           3           1                 1           1  0.923260440290761     
           3           2                 1           1  5.830147696914489E-002
           3           3                 1           1   1.00000000000000     
           3           1                 1           2  0.923260440290761     
           3           2                 1           2  5.830147696914489E-002
           3           3                 1           2   1.00000000000000     
           3           1                 2           1  0.923260440290761     
           3           2                 2           1  5.830147696914489E-002
           3           3                 2           1   1.00000000000000     
           3           1                 2           2  0.923260440290761     
           3           2                 2           2  5.830147696914489E-002
           3           3                 2           2   1.00000000000000     
 L1=           2  L2=           2
 RADIAL INTEGRALS:
           1           1                 1           1   1.00000000000000     
           1           1                 1           2   1.00000000000000     
           1           1                 2           1   1.00000000000000     
           1           1                 2           2   1.00000000000000     
           2           2                 1           1  9.511280999661033E-003
           2           2                 1           2  9.511280999661033E-003
           2           2                 2           1  9.511280999661033E-003
           2           2                 2           2  9.511280999661033E-003
 L1=           3  L2=           3
 RADIAL INTEGRALS:
           1           1                 1           1   1.00000000000000     
           1           1                 1           2   1.00000000000000     
           1           1                 2           1   1.00000000000000     
           1           1                 2           2   1.00000000000000     
           2           2                 1           1  0.170110245613788     
           2           2                 1           2  0.170110245613788     
           2           2                 2           1  0.170110245613788     
           2           2                 2           2  0.170110245613788     
Saving potential parameters for atom 1 into  1
pr_proc=143  tot-k=286
 ------------------------------------------------------------------------------


   =====>>> CPU TIME SUMMARY

            TOTAL       :      1.4
 OMP_NUM_THREADS= 2
 GUTZ_SOLVER VO.1.5 BUILT ON Jan 19 2014 AT22:25:59
 NT=  1 SEC_N%DIM=   10 WITH ID:
           1       2      16     107     471    1472    3474    6477    9909   12912
       14914
 MEAN U/J:  0.2940  0.0265
 NEL_FIX_VDC1=      5.27
 ATOM DEPENDENT NELF1:
      5.2741
 DCMIX_A=  0.200000
 SYMMETRICALLY NON-EQUIVALENT ATOMS:
          1
 VARIATIONAL-SETUP-NON-EQUIVALENT ATOMS:
          1
 COMPLEMENTARY VARIATIONAL-SETUP-EQUIVALENT ATOMS:

 GYZ%SYM%IDSUM:
  1
 DIM(X_Gutz)=  4
 CALC SET: GAPJ-SHFT FULL       -JH-PROJ SLATER    VAR-FIXDC    Ryd.   
 NT= 1
 LOCAL INTERACTION PART   :
 U              :   0.2940
 J              :   0.0265
 FOCK SPACE PART:
 NA             :  7
 FS%OCC(1) L.B. :  0
 FS%OCC(2) U.B. :  9
 FS%DIM         :     14913
 HL%OCC(1) L.B. :  0
 HL%OCC(2) U.B. :  9
 ISO= 2 ISPIN_IN= 1 ISPIN= 1 ISPO= 2
 BND%NMAX=  90
 BZ INTEGRATION WITH TETRA METHOD, ICOR= 1
 EQUAL OCCUPANCY OF DEGENERATE STATES, TOL= 0.1E-05
 VALENCE ELECTRONS: TOTAL=    16.0
                    CORRELATED PART=     8.0
 SYM%IDI/IDF=  1 16
 BND%NMAXIN=   26
      GUTZ5_INI_CORR_UVEK takes  0 hours  0 minutes and    0.04 seconds (CPU).
                          takes  0 hours  0 minutes and    0.03 seconds (WALL).
                 SETUP_TB takes  0 hours  0 minutes and    1.38 seconds (CPU).
                          takes  0 hours  0 minutes and    0.72 seconds (WALL).
************  EL-  ************
 NI=  1 NI_GLOBAL=  1
   0.9363   0.9352   0.9360   0.9360   0.9352   0.9363   1.0159   1.0140   1.0146   1.0145   1.0145   1.0146   1.0140   1.0159
************  EL=  ************
 NI=  1 NI_GLOBAL=  1
   0.9363   0.0000   0.0000   0.0000   0.0001   0.0000   0.0000   0.0008   0.0000   0.0000   0.0000   0.0012   0.0000   0.0000
   0.0000   0.9352   0.0000   0.0000   0.0000   0.0001   0.0000   0.0000  -0.0003   0.0000   0.0000   0.0000  -0.0013   0.0000
   0.0000   0.0000   0.9360   0.0000   0.0000   0.0000   0.0000   0.0000   0.0000   0.0001   0.0000   0.0000   0.0000   0.0008
   0.0000   0.0000   0.0000   0.9360   0.0000   0.0000  -0.0008   0.0000   0.0000   0.0000  -0.0001   0.0000   0.0000   0.0000
   0.0001   0.0000   0.0000   0.0000   0.9352   0.0000   0.0000   0.0013   0.0000   0.0000   0.0000   0.0003   0.0000   0.0000
   0.0000   0.0001   0.0000   0.0000   0.0000   0.9363   0.0000   0.0000  -0.0012   0.0000   0.0000   0.0000  -0.0008   0.0000
   0.0000   0.0000   0.0000  -0.0008   0.0000   0.0000   1.0159   0.0000   0.0000   0.0000   0.0008   0.0000   0.0000   0.0000
   0.0008   0.0000   0.0000   0.0000   0.0013   0.0000   0.0000   1.0140   0.0000   0.0000   0.0000   0.0000   0.0000   0.0000
   0.0000  -0.0003   0.0000   0.0000   0.0000  -0.0012   0.0000   0.0000   1.0146   0.0000   0.0000   0.0000   0.0000   0.0000
   0.0000   0.0000   0.0001   0.0000   0.0000   0.0000   0.0000   0.0000   0.0000   1.0145   0.0000   0.0000   0.0000   0.0008
   0.0000   0.0000   0.0000  -0.0001   0.0000   0.0000   0.0008   0.0000   0.0000   0.0000   1.0145   0.0000   0.0000   0.0000
   0.0012   0.0000   0.0000   0.0000   0.0003   0.0000   0.0000   0.0000   0.0000   0.0000   0.0000   1.0146   0.0000   0.0000
   0.0000  -0.0013   0.0000   0.0000   0.0000  -0.0008   0.0000   0.0000   0.0000   0.0000   0.0000   0.0000   1.0140   0.0000
   0.0000   0.0000   0.0008   0.0000   0.0000   0.0000   0.0000   0.0000   0.0000   0.0008   0.0000   0.0000   0.0000   1.0159
 NI=  1 LOCAL ORBITAL LEVEL CENTER(ELC)=   0.981
************  EL0  ************
 NI=  1 NI_GLOBAL=  1
   0.9358   0.9358   0.9358   0.9358   0.9358   0.9358   1.0147   1.0147   1.0147   1.0147   1.0147   1.0147   1.0147   1.0147
************  ELL  ************
 NI=  1 NI_GLOBAL=  1
   0.9358   0.0000   0.0000   0.0000   0.0000   0.0000   0.0000   0.0000   0.0000   0.0000   0.0000   0.0000   0.0000   0.0000
   0.0000   0.9358   0.0000   0.0000   0.0000   0.0000   0.0000   0.0000   0.0000   0.0000   0.0000   0.0000   0.0000   0.0000
   0.0000   0.0000   0.9358   0.0000   0.0000   0.0000   0.0000   0.0000   0.0000   0.0000   0.0000   0.0000   0.0000   0.0000
   0.0000   0.0000   0.0000   0.9358   0.0000   0.0000   0.0000   0.0000   0.0000   0.0000   0.0000   0.0000   0.0000   0.0000
   0.0000   0.0000   0.0000   0.0000   0.9358   0.0000   0.0000   0.0000   0.0000   0.0000   0.0000   0.0000   0.0000   0.0000
   0.0000   0.0000   0.0000   0.0000   0.0000   0.9358   0.0000   0.0000   0.0000   0.0000   0.0000   0.0000   0.0000   0.0000
   0.0000   0.0000   0.0000   0.0000   0.0000   0.0000   1.0147   0.0000   0.0000   0.0000   0.0000   0.0000   0.0000   0.0000
   0.0000   0.0000   0.0000   0.0000   0.0000   0.0000   0.0000   1.0147   0.0000   0.0000   0.0000   0.0000   0.0000   0.0000
   0.0000   0.0000   0.0000   0.0000   0.0000   0.0000   0.0000   0.0000   1.0147   0.0000   0.0000   0.0000   0.0000   0.0000
   0.0000   0.0000   0.0000   0.0000   0.0000   0.0000   0.0000   0.0000   0.0000   1.0147   0.0000   0.0000   0.0000   0.0000
   0.0000   0.0000   0.0000   0.0000   0.0000   0.0000   0.0000   0.0000   0.0000   0.0000   1.0147   0.0000   0.0000   0.0000
   0.0000   0.0000   0.0000   0.0000   0.0000   0.0000   0.0000   0.0000   0.0000   0.0000   0.0000   1.0147   0.0000   0.0000
   0.0000   0.0000   0.0000   0.0000   0.0000   0.0000   0.0000   0.0000   0.0000   0.0000   0.0000   0.0000   1.0147   0.0000
   0.0000   0.0000   0.0000   0.0000   0.0000   0.0000   0.0000   0.0000   0.0000   0.0000   0.0000   0.0000   0.0000   1.0147
                  GET_EL0 takes  0 hours  0 minutes and    0.01 seconds (CPU).
                          takes  0 hours  0 minutes and    0.00 seconds (WALL).
 There are  4 blocks of bands, with band energy windows:
  -2.471  -2.460 |   -0.923  -0.878 |   -0.357  -0.228 |    0.525   4.494 | 
 Band window indices:
         1      2 |          3      4 |          5      8 |          9     91 | 
 Band width
       0.011   |         0.045   |         0.128   |         3.969   |  
 Band gap
       1.537   |         0.521   |         0.753   |  
 CORRELATED BLOCK: EMIN/EMIX=    0.5250    1.3726
 CORRELATED BAND WIDTH=   0.848
         GUTZ_RED_PRJ_NEQ takes  0 hours  1 minutes and    3.07 seconds (CPU).
                          takes  0 hours  1 minutes and    4.17 seconds (WALL).
 NI=  1 DIM_PHIK=   41227 HL%DIM=  14913
       ID_PHIK_N=
      1      2      4     33    264   1639   6153  15546  27321  36714
  41228
       ID_PHIK_J=
      1      2      3      4      8      9     18     19     28     29
     33     37     73    122    171    220    245    254    263    264
    300    349    638    807   1168   1364   1533   1582   1631   1635
   1639   1739   2180   2964   3864   4705   5381   5781   6037   6118
   6143   6152   6153   6349   6710   8079   9448  11564  12933  14377
  14953  15353  15474  15538  15542  15546  15835  16796  18560  21060
  23176  24940  26165  26841  27165  27286  27311  27320  27321  27517
  27878  29247  30616  32732  34101  35545  36121  36521  36642  36706
  36710  36714  36814  37255  38039  38939  39780  40456  40856  41112
  41193  41218  41227  41228
          GUTZ_SET_PRJ_EQ takes  0 hours  0 minutes and    0.00 seconds (CPU).
                          takes  0 hours  0 minutes and    0.00 seconds (WALL).
************   WH%X  ************
    0.87248462    0.90188121
    0.88644898    1.05713090
************  RIN  ************
 NI=  1 NI_GLOBAL=  1
   0.8725   0.8725   0.8725   0.8725   0.8725   0.8725   0.9019   0.9019   0.9019   0.9019   0.9019   0.9019   0.9019   0.9019
************  LA1  ************
 NI=  1 NI_GLOBAL=  1
   0.8864   0.8864   0.8864   0.8864   0.8864   0.8864   1.0571   1.0571   1.0571   1.0571   1.0571   1.0571   1.0571   1.0571
             CALC_BAND_AL takes  0 hours  0 minutes and    0.63 seconds (CPU).
                          takes  0 hours  0 minutes and    0.33 seconds (WALL).
 ILOOP            1
 ILOOP            2
   FERMI ENERGY AT   0.894336388291251     
   SUM RULE OF TETRAHEDRON INTEGRATION CHECKED 
   number of occupied bands:          18
   highest energy:  0.909452736476357     
************  NK-  ************
 NI=  1 NI_GLOBAL=  1
   0.8586   0.8369   0.8793   0.8793   0.8369   0.8586   0.0180   0.0162   0.0145   0.0150   0.0150   0.0145   0.0162   0.0180
************  NNK  ************
 NI=  1 NI_GLOBAL=  1
   0.8586   0.0000   0.0000   0.0000   0.0030   0.0000   0.0000  -0.0020   0.0000   0.0000   0.0000   0.0091   0.0000   0.0000
   0.0000   0.8369   0.0000   0.0000   0.0000   0.0030   0.0000   0.0000   0.0005   0.0000   0.0000   0.0000  -0.0156   0.0000
   0.0000   0.0000   0.8793   0.0000   0.0000   0.0000   0.0000   0.0000   0.0000   0.0096   0.0000   0.0000   0.0000   0.0025
   0.0000   0.0000   0.0000   0.8793   0.0000   0.0000  -0.0025   0.0000   0.0000   0.0000  -0.0096   0.0000   0.0000   0.0000
   0.0030   0.0000   0.0000   0.0000   0.8369   0.0000   0.0000   0.0156   0.0000   0.0000   0.0000  -0.0005   0.0000   0.0000
   0.0000   0.0030   0.0000   0.0000   0.0000   0.8586   0.0000   0.0000  -0.0091   0.0000   0.0000   0.0000   0.0020   0.0000
   0.0000   0.0000   0.0000  -0.0025   0.0000   0.0000   0.0180   0.0000   0.0000   0.0000  -0.0002   0.0000   0.0000   0.0000
  -0.0020   0.0000   0.0000   0.0000   0.0156   0.0000   0.0000   0.0162   0.0000   0.0000   0.0000  -0.0026   0.0000   0.0000
   0.0000   0.0005   0.0000   0.0000   0.0000  -0.0091   0.0000   0.0000   0.0145   0.0000   0.0000   0.0000  -0.0026   0.0000
   0.0000   0.0000   0.0096   0.0000   0.0000   0.0000   0.0000   0.0000   0.0000   0.0150   0.0000   0.0000   0.0000  -0.0002
   0.0000   0.0000   0.0000  -0.0096   0.0000   0.0000  -0.0002   0.0000   0.0000   0.0000   0.0150   0.0000   0.0000   0.0000
   0.0091   0.0000   0.0000   0.0000  -0.0005   0.0000   0.0000  -0.0026   0.0000   0.0000   0.0000   0.0145   0.0000   0.0000
   0.0000  -0.0156   0.0000   0.0000   0.0000   0.0020   0.0000   0.0000  -0.0026   0.0000   0.0000   0.0000   0.0162   0.0000
   0.0000   0.0000   0.0025   0.0000   0.0000   0.0000   0.0000   0.0000   0.0000  -0.0002   0.0000   0.0000   0.0000   0.0180
************  NKS  ************
 NI=  1 NI_GLOBAL=  1
   0.8583   0.8583   0.8583   0.8583   0.8583   0.8583   0.0159   0.0159   0.0159   0.0159   0.0159   0.0159   0.0159   0.0159
 NELE_LOC TOTAL:
           5.2770861505839104
              CALC_DA_BND takes  0 hours  0 minutes and    0.10 seconds (CPU).
                          takes  0 hours  0 minutes and    0.11 seconds (WALL).
************  DA-  ************
 NI=  1 NI_GLOBAL=  1
  -0.0137  -0.0151  -0.0131  -0.0131  -0.0151  -0.0137  -0.0040  -0.0036  -0.0031  -0.0033  -0.0033  -0.0031  -0.0036  -0.0040
************  DAA  ************
 NI=  1 NI_GLOBAL=  1
  -0.0140  -0.0140  -0.0140  -0.0140  -0.0140  -0.0140  -0.0035  -0.0035  -0.0035  -0.0035  -0.0035  -0.0035  -0.0035  -0.0035
 NI=  1 VDC=    1.3470
************  LA2  ************
 NI=  1 NI_GLOBAL=  1
  -2.3052  -2.3052  -2.3052  -2.3052  -2.3052  -2.3052  -2.2073  -2.2073  -2.2073  -2.2073  -2.2073  -2.2073  -2.2073  -2.2073
 NI=  1 PHI-step gap=  0.14E+00
************  RAA  ************
 NI=  1 NI_GLOBAL=  1
   0.8723   0.8723   0.8723   0.8723   0.8723   0.8723   0.9019   0.9019   0.9019   0.9019   0.9019   0.9019   0.9019   0.9019
************  NC0  ************
 NI=  1 NI_GLOBAL=  1
   0.8584   0.8584   0.8584   0.8584   0.8584   0.8584   0.0159   0.0159   0.0159   0.0159   0.0159   0.0159   0.0159   0.0159
                  CALC_LC takes  0 hours  9 minutes and   11.17 seconds (CPU).
                          takes  0 hours  9 minutes and   11.16 seconds (WALL).
                GUTZ_FCN1 takes  0 hours  9 minutes and   12.00 seconds (CPU).
                          takes  0 hours  9 minutes and   11.66 seconds (WALL).
************  DIF_X  ************
   -0.000226048180    0.000033816167
    0.000128641707    0.000001751466
 ITER1=  1 MAXERR=    0.00022605
************   WH%X  ************
    0.87264982    0.90191945
    0.88637728    1.05714752
************  RIN  ************
 NI=  1 NI_GLOBAL=  1
   0.8726   0.8726   0.8726   0.8726   0.8726   0.8726   0.9019   0.9019   0.9019   0.9019   0.9019   0.9019   0.9019   0.9019
************  LA1  ************
 NI=  1 NI_GLOBAL=  1
   0.8864   0.8864   0.8864   0.8864   0.8864   0.8864   1.0571   1.0571   1.0571   1.0571   1.0571   1.0571   1.0571   1.0571
             CALC_BAND_AL takes  0 hours  0 minutes and    0.63 seconds (CPU).
                          takes  0 hours  0 minutes and    0.31 seconds (WALL).
 ILOOP            1
 ILOOP            2
   FERMI ENERGY AT   0.894289403835151     
   SUM RULE OF TETRAHEDRON INTEGRATION CHECKED 
   number of occupied bands:          18
   highest energy:  0.909434559230169     
************  NK-  ************
 NI=  1 NI_GLOBAL=  1
   0.8587   0.8371   0.8794   0.8794   0.8371   0.8587   0.0180   0.0162   0.0145   0.0150   0.0150   0.0145   0.0162   0.0180
************  NNK  ************
 NI=  1 NI_GLOBAL=  1
   0.8587   0.0000   0.0000   0.0000   0.0031   0.0000   0.0000  -0.0020   0.0000   0.0000   0.0000   0.0091   0.0000   0.0000
   0.0000   0.8371   0.0000   0.0000   0.0000   0.0031   0.0000   0.0000   0.0005   0.0000   0.0000   0.0000  -0.0156   0.0000
   0.0000   0.0000   0.8794   0.0000   0.0000   0.0000   0.0000   0.0000   0.0000   0.0096   0.0000   0.0000   0.0000   0.0025
   0.0000   0.0000   0.0000   0.8794   0.0000   0.0000  -0.0025   0.0000   0.0000   0.0000  -0.0096   0.0000   0.0000   0.0000
   0.0031   0.0000   0.0000   0.0000   0.8371   0.0000   0.0000   0.0156   0.0000   0.0000   0.0000  -0.0005   0.0000   0.0000
   0.0000   0.0031   0.0000   0.0000   0.0000   0.8587   0.0000   0.0000  -0.0091   0.0000   0.0000   0.0000   0.0020   0.0000
   0.0000   0.0000   0.0000  -0.0025   0.0000   0.0000   0.0180   0.0000   0.0000   0.0000  -0.0002   0.0000   0.0000   0.0000
  -0.0020   0.0000   0.0000   0.0000   0.0156   0.0000   0.0000   0.0162   0.0000   0.0000   0.0000  -0.0026   0.0000   0.0000
   0.0000   0.0005   0.0000   0.0000   0.0000  -0.0091   0.0000   0.0000   0.0145   0.0000   0.0000   0.0000  -0.0026   0.0000
   0.0000   0.0000   0.0096   0.0000   0.0000   0.0000   0.0000   0.0000   0.0000   0.0150   0.0000   0.0000   0.0000  -0.0002
   0.0000   0.0000   0.0000  -0.0096   0.0000   0.0000  -0.0002   0.0000   0.0000   0.0000   0.0150   0.0000   0.0000   0.0000
   0.0091   0.0000   0.0000   0.0000  -0.0005   0.0000   0.0000  -0.0026   0.0000   0.0000   0.0000   0.0145   0.0000   0.0000
   0.0000  -0.0156   0.0000   0.0000   0.0000   0.0020   0.0000   0.0000  -0.0026   0.0000   0.0000   0.0000   0.0162   0.0000
   0.0000   0.0000   0.0025   0.0000   0.0000   0.0000   0.0000   0.0000   0.0000  -0.0002   0.0000   0.0000   0.0000   0.0180
************  NKS  ************
 NI=  1 NI_GLOBAL=  1
   0.8584   0.8584   0.8584   0.8584   0.8584   0.8584   0.0159   0.0159   0.0159   0.0159   0.0159   0.0159   0.0159   0.0159
 NELE_LOC TOTAL:
           5.2778104451026202
              CALC_DA_BND takes  0 hours  0 minutes and    0.11 seconds (CPU).
                          takes  0 hours  0 minutes and    0.09 seconds (WALL).
************  DA-  ************
 NI=  1 NI_GLOBAL=  1
  -0.0137  -0.0151  -0.0131  -0.0131  -0.0151  -0.0137  -0.0040  -0.0036  -0.0031  -0.0033  -0.0033  -0.0031  -0.0036  -0.0040
************  DAA  ************
 NI=  1 NI_GLOBAL=  1
  -0.0140  -0.0140  -0.0140  -0.0140  -0.0140  -0.0140  -0.0035  -0.0035  -0.0035  -0.0035  -0.0035  -0.0035  -0.0035  -0.0035
 NI=  1 VDC=    1.3470
************  LA2  ************
 NI=  1 NI_GLOBAL=  1
  -2.3052  -2.3052  -2.3052  -2.3052  -2.3052  -2.3052  -2.2072  -2.2072  -2.2072  -2.2072  -2.2072  -2.2072  -2.2072  -2.2072
 NI=  1 PHI-step gap=  0.14E+00
************  RAA  ************
 NI=  1 NI_GLOBAL=  1
   0.8726   0.8726   0.8726   0.8726   0.8726   0.8726   0.9019   0.9019   0.9019   0.9019   0.9019   0.9019   0.9019   0.9019
************  NC0  ************
 NI=  1 NI_GLOBAL=  1
   0.8584   0.8584   0.8584   0.8584   0.8584   0.8584   0.0159   0.0159   0.0159   0.0159   0.0159   0.0159   0.0159   0.0159
                  CALC_LC takes  0 hours  9 minutes and   10.49 seconds (CPU).
                          takes  0 hours  9 minutes and   10.42 seconds (WALL).
                GUTZ_FCN1 takes  0 hours  9 minutes and   11.37 seconds (CPU).
                          takes  0 hours  9 minutes and   10.91 seconds (WALL).
************  DIF_X  ************
   -0.000037577024    0.000019603236
    0.000011001841    0.000001383337
 ITER1=  2 MAXERR=    0.00003758
************   WH%X  ************
    0.87264241    0.90190126
    0.88637157    1.05713329
************  RIN  ************
 NI=  1 NI_GLOBAL=  1
   0.8726   0.8726   0.8726   0.8726   0.8726   0.8726   0.9019   0.9019   0.9019   0.9019   0.9019   0.9019   0.9019   0.9019
************  LA1  ************
 NI=  1 NI_GLOBAL=  1
   0.8864   0.8864   0.8864   0.8864   0.8864   0.8864   1.0571   1.0571   1.0571   1.0571   1.0571   1.0571   1.0571   1.0571
             CALC_BAND_AL takes  0 hours  0 minutes and    0.63 seconds (CPU).
                          takes  0 hours  0 minutes and    0.31 seconds (WALL).
 ILOOP            1
 ILOOP            2
   FERMI ENERGY AT   0.894285192613838     
   SUM RULE OF TETRAHEDRON INTEGRATION CHECKED 
   number of occupied bands:          18
   highest energy:  0.909432536660931     
************  NK-  ************
 NI=  1 NI_GLOBAL=  1
   0.8588   0.8371   0.8794   0.8794   0.8371   0.8588   0.0180   0.0162   0.0145   0.0150   0.0150   0.0145   0.0162   0.0180
************  NNK  ************
 NI=  1 NI_GLOBAL=  1
   0.8588   0.0000   0.0000   0.0000   0.0031   0.0000   0.0000  -0.0020   0.0000   0.0000   0.0000   0.0091   0.0000   0.0000
   0.0000   0.8371   0.0000   0.0000   0.0000   0.0031   0.0000   0.0000   0.0005   0.0000   0.0000   0.0000  -0.0156   0.0000
   0.0000   0.0000   0.8794   0.0000   0.0000   0.0000   0.0000   0.0000   0.0000   0.0096   0.0000   0.0000   0.0000   0.0025
   0.0000   0.0000   0.0000   0.8794   0.0000   0.0000  -0.0025   0.0000   0.0000   0.0000  -0.0096   0.0000   0.0000   0.0000
   0.0031   0.0000   0.0000   0.0000   0.8371   0.0000   0.0000   0.0156   0.0000   0.0000   0.0000  -0.0005   0.0000   0.0000
   0.0000   0.0031   0.0000   0.0000   0.0000   0.8588   0.0000   0.0000  -0.0091   0.0000   0.0000   0.0000   0.0020   0.0000
   0.0000   0.0000   0.0000  -0.0025   0.0000   0.0000   0.0180   0.0000   0.0000   0.0000  -0.0002   0.0000   0.0000   0.0000
  -0.0020   0.0000   0.0000   0.0000   0.0156   0.0000   0.0000   0.0162   0.0000   0.0000   0.0000  -0.0026   0.0000   0.0000
   0.0000   0.0005   0.0000   0.0000   0.0000  -0.0091   0.0000   0.0000   0.0145   0.0000   0.0000   0.0000  -0.0026   0.0000
   0.0000   0.0000   0.0096   0.0000   0.0000   0.0000   0.0000   0.0000   0.0000   0.0150   0.0000   0.0000   0.0000  -0.0002
   0.0000   0.0000   0.0000  -0.0096   0.0000   0.0000  -0.0002   0.0000   0.0000   0.0000   0.0150   0.0000   0.0000   0.0000
   0.0091   0.0000   0.0000   0.0000  -0.0005   0.0000   0.0000  -0.0026   0.0000   0.0000   0.0000   0.0145   0.0000   0.0000
   0.0000  -0.0156   0.0000   0.0000   0.0000   0.0020   0.0000   0.0000  -0.0026   0.0000   0.0000   0.0000   0.0162   0.0000
   0.0000   0.0000   0.0025   0.0000   0.0000   0.0000   0.0000   0.0000   0.0000  -0.0002   0.0000   0.0000   0.0000   0.0180
************  NKS  ************
 NI=  1 NI_GLOBAL=  1
   0.8584   0.8584   0.8584   0.8584   0.8584   0.8584   0.0159   0.0159   0.0159   0.0159   0.0159   0.0159   0.0159   0.0159
 NELE_LOC TOTAL:
           5.2778760549100205
              CALC_DA_BND takes  0 hours  0 minutes and    0.10 seconds (CPU).
                          takes  0 hours  0 minutes and    0.11 seconds (WALL).
************  DA-  ************
 NI=  1 NI_GLOBAL=  1
  -0.0137  -0.0151  -0.0131  -0.0131  -0.0151  -0.0137  -0.0040  -0.0036  -0.0031  -0.0033  -0.0033  -0.0031  -0.0036  -0.0040
************  DAA  ************
 NI=  1 NI_GLOBAL=  1
  -0.0140  -0.0140  -0.0140  -0.0140  -0.0140  -0.0140  -0.0035  -0.0035  -0.0035  -0.0035  -0.0035  -0.0035  -0.0035  -0.0035
 NI=  1 VDC=    1.3470
************  LA2  ************
 NI=  1 NI_GLOBAL=  1
  -2.3052  -2.3052  -2.3052  -2.3052  -2.3052  -2.3052  -2.2072  -2.2072  -2.2072  -2.2072  -2.2072  -2.2072  -2.2072  -2.2072
 NI=  1 PHI-step gap=  0.14E+00
************  RAA  ************
 NI=  1 NI_GLOBAL=  1
   0.8726   0.8726   0.8726   0.8726   0.8726   0.8726   0.9019   0.9019   0.9019   0.9019   0.9019   0.9019   0.9019   0.9019
************  NC0  ************
 NI=  1 NI_GLOBAL=  1
   0.8584   0.8584   0.8584   0.8584   0.8584   0.8584   0.0159   0.0159   0.0159   0.0159   0.0159   0.0159   0.0159   0.0159
                  CALC_LC takes  0 hours  7 minutes and   46.25 seconds (CPU).
                          takes  0 hours  7 minutes and   46.20 seconds (WALL).
                GUTZ_FCN1 takes  0 hours  7 minutes and   47.11 seconds (CPU).
                          takes  0 hours  7 minutes and   46.69 seconds (WALL).
************  DIF_X  ************
   -0.000002635784    0.000001272438
    0.000000808325    0.000000028987
 ITER1=  3 MAXERR=    0.00000264
************   WH%X  ************
    0.87264203    0.90190191
    0.88637114    1.05713320
************  RIN  ************
 NI=  1 NI_GLOBAL=  1
   0.8726   0.8726   0.8726   0.8726   0.8726   0.8726   0.9019   0.9019   0.9019   0.9019   0.9019   0.9019   0.9019   0.9019
************  LA1  ************
 NI=  1 NI_GLOBAL=  1
   0.8864   0.8864   0.8864   0.8864   0.8864   0.8864   1.0571   1.0571   1.0571   1.0571   1.0571   1.0571   1.0571   1.0571
             CALC_BAND_AL takes  0 hours  0 minutes and    0.62 seconds (CPU).
                          takes  0 hours  0 minutes and    0.31 seconds (WALL).
 ILOOP            1
 ILOOP            2
   FERMI ENERGY AT   0.894284885471150     
   SUM RULE OF TETRAHEDRON INTEGRATION CHECKED 
   number of occupied bands:          18
   highest energy:  0.909432397008154     
************  NK-  ************
 NI=  1 NI_GLOBAL=  1
   0.8588   0.8371   0.8794   0.8794   0.8371   0.8588   0.0180   0.0162   0.0145   0.0150   0.0150   0.0145   0.0162   0.0180
************  NNK  ************
 NI=  1 NI_GLOBAL=  1
   0.8588   0.0000   0.0000   0.0000   0.0031   0.0000   0.0000  -0.0020   0.0000   0.0000   0.0000   0.0091   0.0000   0.0000
   0.0000   0.8371   0.0000   0.0000   0.0000   0.0031   0.0000   0.0000   0.0005   0.0000   0.0000   0.0000  -0.0156   0.0000
   0.0000   0.0000   0.8794   0.0000   0.0000   0.0000   0.0000   0.0000   0.0000   0.0096   0.0000   0.0000   0.0000   0.0025
   0.0000   0.0000   0.0000   0.8794   0.0000   0.0000  -0.0025   0.0000   0.0000   0.0000  -0.0096   0.0000   0.0000   0.0000
   0.0031   0.0000   0.0000   0.0000   0.8371   0.0000   0.0000   0.0156   0.0000   0.0000   0.0000  -0.0005   0.0000   0.0000
   0.0000   0.0031   0.0000   0.0000   0.0000   0.8588   0.0000   0.0000  -0.0091   0.0000   0.0000   0.0000   0.0020   0.0000
   0.0000   0.0000   0.0000  -0.0025   0.0000   0.0000   0.0180   0.0000   0.0000   0.0000  -0.0002   0.0000   0.0000   0.0000
  -0.0020   0.0000   0.0000   0.0000   0.0156   0.0000   0.0000   0.0162   0.0000   0.0000   0.0000  -0.0026   0.0000   0.0000
   0.0000   0.0005   0.0000   0.0000   0.0000  -0.0091   0.0000   0.0000   0.0145   0.0000   0.0000   0.0000  -0.0026   0.0000
   0.0000   0.0000   0.0096   0.0000   0.0000   0.0000   0.0000   0.0000   0.0000   0.0150   0.0000   0.0000   0.0000  -0.0002
   0.0000   0.0000   0.0000  -0.0096   0.0000   0.0000  -0.0002   0.0000   0.0000   0.0000   0.0150   0.0000   0.0000   0.0000
   0.0091   0.0000   0.0000   0.0000  -0.0005   0.0000   0.0000  -0.0026   0.0000   0.0000   0.0000   0.0145   0.0000   0.0000
   0.0000  -0.0156   0.0000   0.0000   0.0000   0.0020   0.0000   0.0000  -0.0026   0.0000   0.0000   0.0000   0.0162   0.0000
   0.0000   0.0000   0.0025   0.0000   0.0000   0.0000   0.0000   0.0000   0.0000  -0.0002   0.0000   0.0000   0.0000   0.0180
************  NKS  ************
 NI=  1 NI_GLOBAL=  1
   0.8584   0.8584   0.8584   0.8584   0.8584   0.8584   0.0159   0.0159   0.0159   0.0159   0.0159   0.0159   0.0159   0.0159
 NELE_LOC TOTAL:
           5.2778807993374279
              CALC_DA_BND takes  0 hours  0 minutes and    0.10 seconds (CPU).
                          takes  0 hours  0 minutes and    0.09 seconds (WALL).
************  DA-  ************
 NI=  1 NI_GLOBAL=  1
  -0.0137  -0.0151  -0.0131  -0.0131  -0.0151  -0.0137  -0.0040  -0.0036  -0.0031  -0.0033  -0.0033  -0.0031  -0.0036  -0.0040
************  DAA  ************
 NI=  1 NI_GLOBAL=  1
  -0.0140  -0.0140  -0.0140  -0.0140  -0.0140  -0.0140  -0.0035  -0.0035  -0.0035  -0.0035  -0.0035  -0.0035  -0.0035  -0.0035
 NI=  1 VDC=    1.3470
************  LA2  ************
 NI=  1 NI_GLOBAL=  1
  -2.3052  -2.3052  -2.3052  -2.3052  -2.3052  -2.3052  -2.2072  -2.2072  -2.2072  -2.2072  -2.2072  -2.2072  -2.2072  -2.2072
 NI=  1 PHI-step gap=  0.14E+00
************  RAA  ************
 NI=  1 NI_GLOBAL=  1
   0.8726   0.8726   0.8726   0.8726   0.8726   0.8726   0.9019   0.9019   0.9019   0.9019   0.9019   0.9019   0.9019   0.9019
************  NC0  ************
 NI=  1 NI_GLOBAL=  1
   0.8584   0.8584   0.8584   0.8584   0.8584   0.8584   0.0159   0.0159   0.0159   0.0159   0.0159   0.0159   0.0159   0.0159
                  CALC_LC takes  0 hours  8 minutes and    5.85 seconds (CPU).
                          takes  0 hours  8 minutes and    5.84 seconds (WALL).
                GUTZ_FCN1 takes  0 hours  8 minutes and    6.65 seconds (CPU).
                          takes  0 hours  8 minutes and    6.31 seconds (WALL).
************  DIF_X  ************
   -0.000000011986   -0.000000028403
    0.000000006522    0.000000000670
 ITER1=  4 MAXERR=    0.00000003
************   WH%X  ************
    0.87264203    0.90190187
    0.88637114    1.05713319
************  RIN  ************
 NI=  1 NI_GLOBAL=  1
   0.8726   0.8726   0.8726   0.8726   0.8726   0.8726   0.9019   0.9019   0.9019   0.9019   0.9019   0.9019   0.9019   0.9019
************  LA1  ************
 NI=  1 NI_GLOBAL=  1
   0.8864   0.8864   0.8864   0.8864   0.8864   0.8864   1.0571   1.0571   1.0571   1.0571   1.0571   1.0571   1.0571   1.0571
             CALC_BAND_AL takes  0 hours  0 minutes and    0.64 seconds (CPU).
                          takes  0 hours  0 minutes and    0.31 seconds (WALL).
 ILOOP            1
 ILOOP            2
   FERMI ENERGY AT   0.894284883037384     
   SUM RULE OF TETRAHEDRON INTEGRATION CHECKED 
   number of occupied bands:          18
   highest energy:  0.909432396040960     
************  NK-  ************
 NI=  1 NI_GLOBAL=  1
   0.8588   0.8371   0.8794   0.8794   0.8371   0.8588   0.0180   0.0162   0.0145   0.0150   0.0150   0.0145   0.0162   0.0180
************  NNK  ************
 NI=  1 NI_GLOBAL=  1
   0.8588   0.0000   0.0000   0.0000   0.0031   0.0000   0.0000  -0.0020   0.0000   0.0000   0.0000   0.0091   0.0000   0.0000
   0.0000   0.8371   0.0000   0.0000   0.0000   0.0031   0.0000   0.0000   0.0005   0.0000   0.0000   0.0000  -0.0156   0.0000
   0.0000   0.0000   0.8794   0.0000   0.0000   0.0000   0.0000   0.0000   0.0000   0.0096   0.0000   0.0000   0.0000   0.0025
   0.0000   0.0000   0.0000   0.8794   0.0000   0.0000  -0.0025   0.0000   0.0000   0.0000  -0.0096   0.0000   0.0000   0.0000
   0.0031   0.0000   0.0000   0.0000   0.8371   0.0000   0.0000   0.0156   0.0000   0.0000   0.0000  -0.0005   0.0000   0.0000
   0.0000   0.0031   0.0000   0.0000   0.0000   0.8588   0.0000   0.0000  -0.0091   0.0000   0.0000   0.0000   0.0020   0.0000
   0.0000   0.0000   0.0000  -0.0025   0.0000   0.0000   0.0180   0.0000   0.0000   0.0000  -0.0002   0.0000   0.0000   0.0000
  -0.0020   0.0000   0.0000   0.0000   0.0156   0.0000   0.0000   0.0162   0.0000   0.0000   0.0000  -0.0026   0.0000   0.0000
   0.0000   0.0005   0.0000   0.0000   0.0000  -0.0091   0.0000   0.0000   0.0145   0.0000   0.0000   0.0000  -0.0026   0.0000
   0.0000   0.0000   0.0096   0.0000   0.0000   0.0000   0.0000   0.0000   0.0000   0.0150   0.0000   0.0000   0.0000  -0.0002
   0.0000   0.0000   0.0000  -0.0096   0.0000   0.0000  -0.0002   0.0000   0.0000   0.0000   0.0150   0.0000   0.0000   0.0000
   0.0091   0.0000   0.0000   0.0000  -0.0005   0.0000   0.0000  -0.0026   0.0000   0.0000   0.0000   0.0145   0.0000   0.0000
   0.0000  -0.0156   0.0000   0.0000   0.0000   0.0020   0.0000   0.0000  -0.0026   0.0000   0.0000   0.0000   0.0162   0.0000
   0.0000   0.0000   0.0025   0.0000   0.0000   0.0000   0.0000   0.0000   0.0000  -0.0002   0.0000   0.0000   0.0000   0.0180
************  NKS  ************
 NI=  1 NI_GLOBAL=  1
   0.8584   0.8584   0.8584   0.8584   0.8584   0.8584   0.0159   0.0159   0.0159   0.0159   0.0159   0.0159   0.0159   0.0159
 NELE_LOC TOTAL:
           5.2778808427673853
              CALC_DA_BND takes  0 hours  0 minutes and    0.20 seconds (CPU).
                          takes  0 hours  0 minutes and    0.11 seconds (WALL).
************  DA-  ************
 NI=  1 NI_GLOBAL=  1
  -0.0137  -0.0151  -0.0131  -0.0131  -0.0151  -0.0137  -0.0040  -0.0036  -0.0031  -0.0033  -0.0033  -0.0031  -0.0036  -0.0040
************  DAA  ************
 NI=  1 NI_GLOBAL=  1
  -0.0140  -0.0140  -0.0140  -0.0140  -0.0140  -0.0140  -0.0035  -0.0035  -0.0035  -0.0035  -0.0035  -0.0035  -0.0035  -0.0035
 NI=  1 VDC=    1.3470
************  LA2  ************
 NI=  1 NI_GLOBAL=  1
  -2.3052  -2.3052  -2.3052  -2.3052  -2.3052  -2.3052  -2.2072  -2.2072  -2.2072  -2.2072  -2.2072  -2.2072  -2.2072  -2.2072
 NI=  1 PHI-step gap=  0.14E+00
************  RAA  ************
 NI=  1 NI_GLOBAL=  1
   0.8726   0.8726   0.8726   0.8726   0.8726   0.8726   0.9019   0.9019   0.9019   0.9019   0.9019   0.9019   0.9019   0.9019
************  NC0  ************
 NI=  1 NI_GLOBAL=  1
   0.8584   0.8584   0.8584   0.8584   0.8584   0.8584   0.0159   0.0159   0.0159   0.0159   0.0159   0.0159   0.0159   0.0159
                  CALC_LC takes  0 hours  8 minutes and   12.36 seconds (CPU).
                          takes  0 hours  8 minutes and   12.19 seconds (WALL).
                GUTZ_FCN1 takes  0 hours  8 minutes and   13.33 seconds (CPU).
                          takes  0 hours  8 minutes and   12.67 seconds (WALL).
************  DIF_X  ************
   -0.000000000074   -0.000000001244
    0.000000000082    0.000000000051
 ITER1=  5 MAXERR=    0.00000000
 NFJAC=   0
 SOLVE1 FINISHED WITH       5 ITERATIONS.
               GUTZ_SOLVE takes  0 hours 42 minutes and   30.47 seconds (CPU).
                          takes  0 hours 42 minutes and   28.23 seconds (WALL).
 MAX. NELF1 DIFF=    0.00373717
               CALC_PJRHO takes  0 hours  0 minutes and    0.51 seconds (CPU).
                          takes  0 hours  0 minutes and    0.38 seconds (WALL).
 NI=  1 SUM_PHY-SUM_KS=      0.00000000 WOULD BE RENORMALIZED
************  NC1  ************
 NI=  1 NI_GLOBAL=  1
   0.8383   0.8383   0.8383   0.8383   0.8383   0.8383   0.0310   0.0310   0.0310   0.0310   0.0310   0.0310   0.0310   0.0310
               CALC_NCPHY takes  0 hours  0 minutes and   50.16 seconds (CPU).
                          takes  0 hours  0 minutes and   50.02 seconds (WALL).
 GYZ%PJ%EGAMM:
     8.10044
 ENG%GAMM:     8.10044
 ENG%POT2:     3.14179
 EDCLA1(NI) ARRAY:
    -4.700
 EDCUJ(NI) ARRAY:
    -3.204
 EDCUJV(NI) ARRAY:
    -7.109
 EDC(NI) ARRAY:
    -7.904
 ENG%DBLC:    -7.90440
 ENG%DC1 :    -4.69991
 ENG%DC2 :    -3.20449
 ENG%DC2V:    -7.10945
 DC_E_STD_TO_E_V:    -3.90496
 ENG%BAND:    -1.21049
 ENG%DL(DEEP LEVEL):    -7.97110
 ENG%TB=    -1.01445
 ENG%TB-DC2=     2.19004
 NI=  1 OCC_CONFIG_WEIGHT:
        OCC= 0 WEIGHT=   0.00000
        OCC= 1 WEIGHT=   0.00000
        OCC= 2 WEIGHT=   0.00001
        OCC= 3 WEIGHT=   0.00199
        OCC= 4 WEIGHT=   0.07765
        OCC= 5 WEIGHT=   0.57245
        OCC= 6 WEIGHT=   0.33637
        OCC= 7 WEIGHT=   0.01143
        OCC= 8 WEIGHT=   0.00010
        OCC= 9 WEIGHT=   0.00000
                 CALC_RCW takes  0 hours  0 minutes and    0.00 seconds (CPU).
                          takes  0 hours  0 minutes and    0.00 seconds (WALL).
 NI=  1 J2=    8.9295
                 CALC_SLJ takes  0 hours  0 minutes and    0.00 seconds (CPU).
                          takes  0 hours  0 minutes and    0.00 seconds (WALL).
 NI=  1 ENTANGLEMENT ENTROPY=      2.9529
           CALC_ENTANGLES takes  0 hours  0 minutes and    1.13 seconds (CPU).
                          takes  0 hours  0 minutes and    1.02 seconds (WALL).
 CORRELATED SUBSPACE, SUM_FERWT=      8.0000000 SUM_KSWT=      8.0000000
 MAX OFF DIAGONAL KS.WT=    0.001867
 MAX/MIN R=    0.901902    0.872642
                CALC_KSWT takes  0 hours  0 minutes and    0.02 seconds (CPU).
                          takes  0 hours  0 minutes and    0.02 seconds (WALL).
                    TOTAL takes  0 hours 44 minutes and   27.18 seconds (CPU).
                          takes  0 hours 44 minutes and   24.94 seconds (WALL).
