******Program DMFT: Computes Gloc and Delta for Dynamical Mean Field Theory calculation ******
 CALCULATION WITH COMPLEX VECTORS
 CALCULATION WITH SOC VECTORS REQUIRED
 Running DMFT in mpi mode
  
 numkpt=         726
   0.00000   0.00000   0.00000   1.00000
   0.04762   0.04762   0.00000   4.00000
   0.09524   0.09524   0.00000   4.00000
   0.14286   0.14286   0.00000   4.00000
   0.19048   0.19048   0.00000   4.00000
   0.23810   0.23810   0.00000   4.00000
   0.28571   0.28571   0.00000   4.00000
   0.33333   0.33333   0.00000   4.00000
   0.38095   0.38095   0.00000   4.00000
   0.42857   0.42857   0.00000   4.00000
   0.47619   0.47619   0.00000   4.00000
   0.04762   0.00000   0.04762   8.00000
   0.09524   0.04762   0.04762  16.00000
   0.14286   0.09524   0.04762  16.00000
   0.19048   0.14286   0.04762  16.00000
   0.23810   0.19048   0.04762  16.00000
   0.28571   0.23810   0.04762  16.00000
   0.33333   0.28571   0.04762  16.00000
   0.38095   0.33333   0.04762  16.00000
   0.42857   0.38095   0.04762  16.00000
   0.47619   0.42857   0.04762  16.00000
   0.52381   0.47619   0.04762   8.00000
   0.09524   0.00000   0.09524   8.00000
   0.14286   0.04762   0.09524  16.00000
   0.19048   0.09524   0.09524  16.00000
   0.23810   0.14286   0.09524  16.00000
   0.28571   0.19048   0.09524  16.00000
   0.33333   0.23810   0.09524  16.00000
   0.38095   0.28571   0.09524  16.00000
   0.42857   0.33333   0.09524  16.00000
   0.47619   0.38095   0.09524  16.00000
   0.52381   0.42857   0.09524  16.00000
   1.04762   0.95238   0.09524   8.00000
   0.14286   0.00000   0.14286   8.00000
   0.19048   0.04762   0.14286  16.00000
   0.23810   0.09524   0.14286  16.00000
   0.28571   0.14286   0.14286  16.00000
   0.33333   0.19048   0.14286  16.00000
   0.38095   0.23810   0.14286  16.00000
   0.42857   0.28571   0.14286  16.00000
   0.47619   0.33333   0.14286  16.00000
   0.52381   0.38095   0.14286  16.00000
   0.57143   0.42857   0.14286   8.00000
   1.04762   0.90476   0.14286  16.00000
   0.19048   0.00000   0.19048   8.00000
   0.23810   0.04762   0.19048  16.00000
   0.28571   0.09524   0.19048  16.00000
   0.33333   0.14286   0.19048  16.00000
   0.38095   0.19048   0.19048  16.00000
   0.42857   0.23810   0.19048  16.00000
   0.47619   0.28571   0.19048  16.00000
   0.52381   0.33333   0.19048  16.00000
   0.57143   0.38095   0.19048  16.00000
   1.04762   0.85714   0.19048  16.00000
   1.09524   0.90476   0.19048   8.00000
   0.23810   0.00000   0.23810   8.00000
   0.28571   0.04762   0.23810  16.00000
   0.33333   0.09524   0.23810  16.00000
   0.38095   0.14286   0.23810  16.00000
   0.42857   0.19048   0.23810  16.00000
   0.47619   0.23810   0.23810  16.00000
   0.52381   0.28571   0.23810  16.00000
   0.57143   0.33333   0.23810  16.00000
   0.61905   0.38095   0.23810   8.00000
   1.04762   0.80952   0.23810  16.00000
   1.09524   0.85714   0.23810  16.00000
   0.28571   0.00000   0.28571   8.00000
   0.33333   0.04762   0.28571  16.00000
   0.38095   0.09524   0.28571  16.00000
   0.42857   0.14286   0.28571  16.00000
   0.47619   0.19048   0.28571  16.00000
   0.52381   0.23810   0.28571  16.00000
   0.57143   0.28571   0.28571  16.00000
   0.61905   0.33333   0.28571  16.00000
   1.04762   0.76190   0.28571  16.00000
   1.09524   0.80952   0.28571  16.00000
   1.14286   0.85714   0.28571   8.00000
   0.33333   0.00000   0.33333   8.00000
   0.38095   0.04762   0.33333  16.00000
   0.42857   0.09524   0.33333  16.00000
   0.47619   0.14286   0.33333  16.00000
   0.52381   0.19048   0.33333  16.00000
   0.57143   0.23810   0.33333  16.00000
   0.61905   0.28571   0.33333  16.00000
   0.66667   0.33333   0.33333   8.00000
   1.04762   0.71429   0.33333  16.00000
   1.09524   0.76190   0.33333  16.00000
   1.14286   0.80952   0.33333  16.00000
   0.38095   0.00000   0.38095   8.00000
   0.42857   0.04762   0.38095  16.00000
   0.47619   0.09524   0.38095  16.00000
   0.52381   0.14286   0.38095  16.00000
   0.57143   0.19048   0.38095  16.00000
   0.61905   0.23810   0.38095  16.00000
   0.66667   0.28571   0.38095  16.00000
   1.04762   0.66667   0.38095  16.00000
   1.09524   0.71429   0.38095  16.00000
   1.14286   0.76190   0.38095  16.00000
   1.19048   0.80952   0.38095   8.00000
   0.42857   0.00000   0.42857   8.00000
   0.47619   0.04762   0.42857  16.00000
   0.52381   0.09524   0.42857  16.00000
   0.57143   0.14286   0.42857  16.00000
   0.61905   0.19048   0.42857  16.00000
   0.66667   0.23810   0.42857  16.00000
   0.71429   0.28571   0.42857   8.00000
   1.04762   0.61905   0.42857  16.00000
   1.09524   0.66667   0.42857  16.00000
   1.14286   0.71429   0.42857  16.00000
   1.19048   0.76190   0.42857  16.00000
   0.47619   0.00000   0.47619   8.00000
   0.52381   0.04762   0.47619  16.00000
   0.57143   0.09524   0.47619  16.00000
   0.61905   0.14286   0.47619  16.00000
   0.66667   0.19048   0.47619  16.00000
   0.71429   0.23810   0.47619  16.00000
   1.04762   0.57143   0.47619  16.00000
   1.09524   0.61905   0.47619  16.00000
   1.14286   0.66667   0.47619  16.00000
   1.19048   0.71429   0.47619  16.00000
   1.23810   0.76190   0.47619   8.00000
   0.09524   0.09524   0.09524   8.00000
   0.14286   0.14286   0.09524   8.00000
   0.19048   0.19048   0.09524   8.00000
   0.23810   0.23810   0.09524   8.00000
   0.28571   0.28571   0.09524   8.00000
   0.33333   0.33333   0.09524   8.00000
   0.38095   0.38095   0.09524   8.00000
   0.42857   0.42857   0.09524   8.00000
   0.47619   0.47619   0.09524   8.00000
   1.00000   1.00000   0.09524   2.00000
   0.14286   0.09524   0.14286  16.00000
   0.19048   0.14286   0.14286  16.00000
   0.23810   0.19048   0.14286  16.00000
   0.28571   0.23810   0.14286  16.00000
   0.33333   0.28571   0.14286  16.00000
   0.38095   0.33333   0.14286  16.00000
   0.42857   0.38095   0.14286  16.00000
   0.47619   0.42857   0.14286  16.00000
   0.52381   0.47619   0.14286   8.00000
   1.00000   0.95238   0.14286   8.00000
   0.19048   0.09524   0.19048  16.00000
   0.23810   0.14286   0.19048  16.00000
   0.28571   0.19048   0.19048  16.00000
   0.33333   0.23810   0.19048  16.00000
   0.38095   0.28571   0.19048  16.00000
   0.42857   0.33333   0.19048  16.00000
   0.47619   0.38095   0.19048  16.00000
   0.52381   0.42857   0.19048  16.00000
   1.00000   0.90476   0.19048   8.00000
   1.04762   0.95238   0.19048   8.00000
   0.23810   0.09524   0.23810  16.00000
   0.28571   0.14286   0.23810  16.00000
   0.33333   0.19048   0.23810  16.00000
   0.38095   0.23810   0.23810  16.00000
   0.42857   0.28571   0.23810  16.00000
   0.47619   0.33333   0.23810  16.00000
   0.52381   0.38095   0.23810  16.00000
   0.57143   0.42857   0.23810   8.00000
   1.00000   0.85714   0.23810   8.00000
   1.04762   0.90476   0.23810  16.00000
   0.28571   0.09524   0.28571  16.00000
   0.33333   0.14286   0.28571  16.00000
   0.38095   0.19048   0.28571  16.00000
   0.42857   0.23810   0.28571  16.00000
   0.47619   0.28571   0.28571  16.00000
   0.52381   0.33333   0.28571  16.00000
   0.57143   0.38095   0.28571  16.00000
   1.00000   0.80952   0.28571   8.00000
   1.04762   0.85714   0.28571  16.00000
   1.09524   0.90476   0.28571   8.00000
   0.33333   0.09524   0.33333  16.00000
   0.38095   0.14286   0.33333  16.00000
   0.42857   0.19048   0.33333  16.00000
   0.47619   0.23810   0.33333  16.00000
   0.52381   0.28571   0.33333  16.00000
   0.57143   0.33333   0.33333  16.00000
   0.61905   0.38095   0.33333   8.00000
   1.00000   0.76190   0.33333   8.00000
   1.04762   0.80952   0.33333  16.00000
   1.09524   0.85714   0.33333  16.00000
   0.38095   0.09524   0.38095  16.00000
   0.42857   0.14286   0.38095  16.00000
   0.47619   0.19048   0.38095  16.00000
   0.52381   0.23810   0.38095  16.00000
   0.57143   0.28571   0.38095  16.00000
   0.61905   0.33333   0.38095  16.00000
   1.00000   0.71429   0.38095   8.00000
   1.04762   0.76190   0.38095  16.00000
   1.09524   0.80952   0.38095  16.00000
   1.14286   0.85714   0.38095   8.00000
   0.42857   0.09524   0.42857  16.00000
   0.47619   0.14286   0.42857  16.00000
   0.52381   0.19048   0.42857  16.00000
   0.57143   0.23810   0.42857  16.00000
   0.61905   0.28571   0.42857  16.00000
   0.66667   0.33333   0.42857   8.00000
   1.00000   0.66667   0.42857   8.00000
   1.04762   0.71429   0.42857  16.00000
   1.09524   0.76190   0.42857  16.00000
   1.14286   0.80952   0.42857  16.00000
   0.47619   0.09524   0.47619  16.00000
   0.52381   0.14286   0.47619  16.00000
   0.57143   0.19048   0.47619  16.00000
   0.61905   0.23810   0.47619  16.00000
   0.66667   0.28571   0.47619  16.00000
   1.00000   0.61905   0.47619   8.00000
   1.04762   0.66667   0.47619  16.00000
   1.09524   0.71429   0.47619  16.00000
   1.14286   0.76190   0.47619  16.00000
   1.19048   0.80952   0.47619   8.00000
   0.57143   0.14286   0.52381  16.00000
   0.61905   0.19048   0.52381  16.00000
   0.66667   0.23810   0.52381  16.00000
   0.71429   0.28571   0.52381   8.00000
   1.00000   0.57143   0.52381   8.00000
   1.04762   0.61905   0.52381  16.00000
   1.09524   0.66667   0.52381  16.00000
   1.14286   0.71429   0.52381  16.00000
   1.19048   0.76190   0.52381  16.00000
   0.61905   0.14286   0.57143  16.00000
   0.66667   0.19048   0.57143  16.00000
   0.71429   0.23810   0.57143  16.00000
   1.00000   0.52381   0.57143   8.00000
   1.04762   0.57143   0.57143  16.00000
   1.09524   0.61905   0.57143  16.00000
   1.14286   0.66667   0.57143  16.00000
   1.19048   0.71429   0.57143  16.00000
   1.23810   0.76190   0.57143   8.00000
   0.66667   0.14286   0.61905  16.00000
   0.71429   0.19048   0.61905  16.00000
   0.76190   0.23810   0.61905   8.00000
   1.00000   0.47619   0.61905   8.00000
   1.04762   0.52381   0.61905  16.00000
   1.09524   0.57143   0.61905  16.00000
   1.14286   0.61905   0.61905  16.00000
   1.19048   0.66667   0.61905  16.00000
   1.23810   0.71429   0.61905  16.00000
   0.71429   0.14286   0.66667  16.00000
   0.76190   0.19048   0.66667  16.00000
   1.00000   0.42857   0.66667   8.00000
   1.04762   0.47619   0.66667  16.00000
   1.09524   0.52381   0.66667  16.00000
   1.14286   0.57143   0.66667  16.00000
   1.19048   0.61905   0.66667  16.00000
   1.23810   0.66667   0.66667  16.00000
   1.28571   0.71429   0.66667   8.00000
   0.76190   0.14286   0.71429  16.00000
   0.80952   0.19048   0.71429   8.00000
   1.00000   0.38095   0.71429   8.00000
   1.04762   0.42857   0.71429  16.00000
   1.09524   0.47619   0.71429  16.00000
   1.14286   0.52381   0.71429  16.00000
   1.19048   0.57143   0.71429  16.00000
   1.23810   0.61905   0.71429  16.00000
   1.28571   0.66667   0.71429  16.00000
   0.80952   0.14286   0.76190  16.00000
   1.00000   0.33333   0.76190   8.00000
   1.04762   0.38095   0.76190  16.00000
   1.09524   0.42857   0.76190  16.00000
   1.14286   0.47619   0.76190  16.00000
   1.19048   0.52381   0.76190  16.00000
   1.23810   0.57143   0.76190  16.00000
   1.28571   0.61905   0.76190  16.00000
   1.33333   0.66667   0.76190   8.00000
   0.85714   0.14286   0.80952   8.00000
   1.00000   0.28571   0.80952   8.00000
   1.04762   0.33333   0.80952  16.00000
   1.09524   0.38095   0.80952  16.00000
   1.14286   0.42857   0.80952  16.00000
   1.19048   0.47619   0.80952  16.00000
   1.23810   0.52381   0.80952  16.00000
   1.28571   0.57143   0.80952  16.00000
   1.33333   0.61905   0.80952  16.00000
   1.00000   0.23810   0.85714   8.00000
   1.04762   0.28571   0.85714  16.00000
   1.09524   0.33333   0.85714  16.00000
   1.14286   0.38095   0.85714  16.00000
   1.19048   0.42857   0.85714  16.00000
   1.23810   0.47619   0.85714  16.00000
   1.28571   0.52381   0.85714  16.00000
   1.33333   0.57143   0.85714  16.00000
   1.38095   0.61905   0.85714   8.00000
   1.00000   0.19048   0.90476   8.00000
   1.04762   0.23810   0.90476  16.00000
   1.09524   0.28571   0.90476  16.00000
   1.14286   0.33333   0.90476  16.00000
   1.19048   0.38095   0.90476  16.00000
   1.23810   0.42857   0.90476  16.00000
   1.28571   0.47619   0.90476  16.00000
   1.33333   0.52381   0.90476  16.00000
   1.38095   0.57143   0.90476  16.00000
   1.00000   0.14286   0.95238   8.00000
   1.04762   0.19048   0.95238  16.00000
   1.09524   0.23810   0.95238  16.00000
   1.14286   0.28571   0.95238  16.00000
   1.19048   0.33333   0.95238  16.00000
   1.23810   0.38095   0.95238  16.00000
   1.28571   0.42857   0.95238  16.00000
   1.33333   0.47619   0.95238  16.00000
   1.38095   0.52381   0.95238  16.00000
   1.42857   0.57143   0.95238   8.00000
   1.00000   0.09524   1.00000   4.00000
   1.04762   0.14286   1.00000   8.00000
   1.09524   0.19048   1.00000   8.00000
   1.14286   0.23810   1.00000   8.00000
   1.19048   0.28571   1.00000   8.00000
   1.23810   0.33333   1.00000   8.00000
   1.28571   0.38095   1.00000   8.00000
   1.33333   0.42857   1.00000   8.00000
   1.38095   0.47619   1.00000   8.00000
   1.42857   0.52381   1.00000   8.00000
   0.19048   0.19048   0.19048   8.00000
   0.23810   0.23810   0.19048   8.00000
   0.28571   0.28571   0.19048   8.00000
   0.33333   0.33333   0.19048   8.00000
   0.38095   0.38095   0.19048   8.00000
   0.42857   0.42857   0.19048   8.00000
   0.47619   0.47619   0.19048   8.00000
   1.00000   1.00000   0.19048   2.00000
   0.23810   0.19048   0.23810  16.00000
   0.28571   0.23810   0.23810  16.00000
   0.33333   0.28571   0.23810  16.00000
   0.38095   0.33333   0.23810  16.00000
   0.42857   0.38095   0.23810  16.00000
   0.47619   0.42857   0.23810  16.00000
   0.52381   0.47619   0.23810   8.00000
   1.00000   0.95238   0.23810   8.00000
   0.28571   0.19048   0.28571  16.00000
   0.33333   0.23810   0.28571  16.00000
   0.38095   0.28571   0.28571  16.00000
   0.42857   0.33333   0.28571  16.00000
   0.47619   0.38095   0.28571  16.00000
   0.52381   0.42857   0.28571  16.00000
   1.00000   0.90476   0.28571   8.00000
   1.04762   0.95238   0.28571   8.00000
   0.33333   0.19048   0.33333  16.00000
   0.38095   0.23810   0.33333  16.00000
   0.42857   0.28571   0.33333  16.00000
   0.47619   0.33333   0.33333  16.00000
   0.52381   0.38095   0.33333  16.00000
   0.57143   0.42857   0.33333   8.00000
   1.00000   0.85714   0.33333   8.00000
   1.04762   0.90476   0.33333  16.00000
   0.38095   0.19048   0.38095  16.00000
   0.42857   0.23810   0.38095  16.00000
   0.47619   0.28571   0.38095  16.00000
   0.52381   0.33333   0.38095  16.00000
   0.57143   0.38095   0.38095  16.00000
   1.00000   0.80952   0.38095   8.00000
   1.04762   0.85714   0.38095  16.00000
   1.09524   0.90476   0.38095   8.00000
   0.42857   0.19048   0.42857  16.00000
   0.47619   0.23810   0.42857  16.00000
   0.52381   0.28571   0.42857  16.00000
   0.57143   0.33333   0.42857  16.00000
   0.61905   0.38095   0.42857   8.00000
   1.00000   0.76190   0.42857   8.00000
   1.04762   0.80952   0.42857  16.00000
   1.09524   0.85714   0.42857  16.00000
   0.47619   0.19048   0.47619  16.00000
   0.52381   0.23810   0.47619  16.00000
   0.57143   0.28571   0.47619  16.00000
   0.61905   0.33333   0.47619  16.00000
   1.00000   0.71429   0.47619   8.00000
   1.04762   0.76190   0.47619  16.00000
   1.09524   0.80952   0.47619  16.00000
   1.14286   0.85714   0.47619   8.00000
   0.57143   0.23810   0.52381  16.00000
   0.61905   0.28571   0.52381  16.00000
   0.66667   0.33333   0.52381   8.00000
   1.00000   0.66667   0.52381   8.00000
   1.04762   0.71429   0.52381  16.00000
   1.09524   0.76190   0.52381  16.00000
   1.14286   0.80952   0.52381  16.00000
   0.61905   0.23810   0.57143  16.00000
   0.66667   0.28571   0.57143  16.00000
   1.00000   0.61905   0.57143   8.00000
   1.04762   0.66667   0.57143  16.00000
   1.09524   0.71429   0.57143  16.00000
   1.14286   0.76190   0.57143  16.00000
   1.19048   0.80952   0.57143   8.00000
   0.66667   0.23810   0.61905  16.00000
   0.71429   0.28571   0.61905   8.00000
   1.00000   0.57143   0.61905   8.00000
   1.04762   0.61905   0.61905  16.00000
   1.09524   0.66667   0.61905  16.00000
   1.14286   0.71429   0.61905  16.00000
   1.19048   0.76190   0.61905  16.00000
   0.71429   0.23810   0.66667  16.00000
   1.00000   0.52381   0.66667   8.00000
   1.04762   0.57143   0.66667  16.00000
   1.09524   0.61905   0.66667  16.00000
   1.14286   0.66667   0.66667  16.00000
   1.19048   0.71429   0.66667  16.00000
   1.23810   0.76190   0.66667   8.00000
   0.76190   0.23810   0.71429   8.00000
   1.00000   0.47619   0.71429   8.00000
   1.04762   0.52381   0.71429  16.00000
   1.09524   0.57143   0.71429  16.00000
   1.14286   0.61905   0.71429  16.00000
   1.19048   0.66667   0.71429  16.00000
   1.23810   0.71429   0.71429  16.00000
   1.00000   0.42857   0.76190   8.00000
   1.04762   0.47619   0.76190  16.00000
   1.09524   0.52381   0.76190  16.00000
   1.14286   0.57143   0.76190  16.00000
   1.19048   0.61905   0.76190  16.00000
   1.23810   0.66667   0.76190  16.00000
   1.28571   0.71429   0.76190   8.00000
   1.00000   0.38095   0.80952   8.00000
   1.04762   0.42857   0.80952  16.00000
   1.09524   0.47619   0.80952  16.00000
   1.14286   0.52381   0.80952  16.00000
   1.19048   0.57143   0.80952  16.00000
   1.23810   0.61905   0.80952  16.00000
   1.28571   0.66667   0.80952  16.00000
   1.00000   0.33333   0.85714   8.00000
   1.04762   0.38095   0.85714  16.00000
   1.09524   0.42857   0.85714  16.00000
   1.14286   0.47619   0.85714  16.00000
   1.19048   0.52381   0.85714  16.00000
   1.23810   0.57143   0.85714  16.00000
   1.28571   0.61905   0.85714  16.00000
   1.33333   0.66667   0.85714   8.00000
   1.00000   0.28571   0.90476   8.00000
   1.04762   0.33333   0.90476  16.00000
   1.09524   0.38095   0.90476  16.00000
   1.14286   0.42857   0.90476  16.00000
   1.19048   0.47619   0.90476  16.00000
   1.23810   0.52381   0.90476  16.00000
   1.28571   0.57143   0.90476  16.00000
   1.33333   0.61905   0.90476  16.00000
   1.00000   0.23810   0.95238   8.00000
   1.04762   0.28571   0.95238  16.00000
   1.09524   0.33333   0.95238  16.00000
   1.14286   0.38095   0.95238  16.00000
   1.19048   0.42857   0.95238  16.00000
   1.23810   0.47619   0.95238  16.00000
   1.28571   0.52381   0.95238  16.00000
   1.33333   0.57143   0.95238  16.00000
   1.38095   0.61905   0.95238   8.00000
   1.00000   0.19048   1.00000   4.00000
   1.04762   0.23810   1.00000   8.00000
   1.09524   0.28571   1.00000   8.00000
   1.14286   0.33333   1.00000   8.00000
   1.19048   0.38095   1.00000   8.00000
   1.23810   0.42857   1.00000   8.00000
   1.28571   0.47619   1.00000   8.00000
   1.33333   0.52381   1.00000   8.00000
   1.38095   0.57143   1.00000   8.00000
   0.28571   0.28571   0.28571   8.00000
   0.33333   0.33333   0.28571   8.00000
   0.38095   0.38095   0.28571   8.00000
   0.42857   0.42857   0.28571   8.00000
   0.47619   0.47619   0.28571   8.00000
   1.00000   1.00000   0.28571   2.00000
   0.33333   0.28571   0.33333  16.00000
   0.38095   0.33333   0.33333  16.00000
   0.42857   0.38095   0.33333  16.00000
   0.47619   0.42857   0.33333  16.00000
   0.52381   0.47619   0.33333   8.00000
   1.00000   0.95238   0.33333   8.00000
   0.38095   0.28571   0.38095  16.00000
   0.42857   0.33333   0.38095  16.00000
   0.47619   0.38095   0.38095  16.00000
   0.52381   0.42857   0.38095  16.00000
   1.00000   0.90476   0.38095   8.00000
   1.04762   0.95238   0.38095   8.00000
   0.42857   0.28571   0.42857  16.00000
   0.47619   0.33333   0.42857  16.00000
   0.52381   0.38095   0.42857  16.00000
   0.57143   0.42857   0.42857   8.00000
   1.00000   0.85714   0.42857   8.00000
   1.04762   0.90476   0.42857  16.00000
   0.47619   0.28571   0.47619  16.00000
   0.52381   0.33333   0.47619  16.00000
   0.57143   0.38095   0.47619  16.00000
   1.00000   0.80952   0.47619   8.00000
   1.04762   0.85714   0.47619  16.00000
   1.09524   0.90476   0.47619   8.00000
   0.57143   0.33333   0.52381  16.00000
   0.61905   0.38095   0.52381   8.00000
   1.00000   0.76190   0.52381   8.00000
   1.04762   0.80952   0.52381  16.00000
   1.09524   0.85714   0.52381  16.00000
   0.61905   0.33333   0.57143  16.00000
   1.00000   0.71429   0.57143   8.00000
   1.04762   0.76190   0.57143  16.00000
   1.09524   0.80952   0.57143  16.00000
   1.14286   0.85714   0.57143   8.00000
   0.66667   0.33333   0.61905   8.00000
   1.00000   0.66667   0.61905   8.00000
   1.04762   0.71429   0.61905  16.00000
   1.09524   0.76190   0.61905  16.00000
   1.14286   0.80952   0.61905  16.00000
   1.00000   0.61905   0.66667   8.00000
   1.04762   0.66667   0.66667  16.00000
   1.09524   0.71429   0.66667  16.00000
   1.14286   0.76190   0.66667  16.00000
   1.19048   0.80952   0.66667   8.00000
   1.00000   0.57143   0.71429   8.00000
   1.04762   0.61905   0.71429  16.00000
   1.09524   0.66667   0.71429  16.00000
   1.14286   0.71429   0.71429  16.00000
   1.19048   0.76190   0.71429  16.00000
   1.00000   0.52381   0.76190   8.00000
   1.04762   0.57143   0.76190  16.00000
   1.09524   0.61905   0.76190  16.00000
   1.14286   0.66667   0.76190  16.00000
   1.19048   0.71429   0.76190  16.00000
   1.23810   0.76190   0.76190   8.00000
   1.00000   0.47619   0.80952   8.00000
   1.04762   0.52381   0.80952  16.00000
   1.09524   0.57143   0.80952  16.00000
   1.14286   0.61905   0.80952  16.00000
   1.19048   0.66667   0.80952  16.00000
   1.23810   0.71429   0.80952  16.00000
   1.00000   0.42857   0.85714   8.00000
   1.04762   0.47619   0.85714  16.00000
   1.09524   0.52381   0.85714  16.00000
   1.14286   0.57143   0.85714  16.00000
   1.19048   0.61905   0.85714  16.00000
   1.23810   0.66667   0.85714  16.00000
   1.28571   0.71429   0.85714   8.00000
   1.00000   0.38095   0.90476   8.00000
   1.04762   0.42857   0.90476  16.00000
   1.09524   0.47619   0.90476  16.00000
   1.14286   0.52381   0.90476  16.00000
   1.19048   0.57143   0.90476  16.00000
   1.23810   0.61905   0.90476  16.00000
   1.28571   0.66667   0.90476  16.00000
   1.00000   0.33333   0.95238   8.00000
   1.04762   0.38095   0.95238  16.00000
   1.09524   0.42857   0.95238  16.00000
   1.14286   0.47619   0.95238  16.00000
   1.19048   0.52381   0.95238  16.00000
   1.23810   0.57143   0.95238  16.00000
   1.28571   0.61905   0.95238  16.00000
   1.33333   0.66667   0.95238   8.00000
   1.00000   0.28571   1.00000   4.00000
   1.04762   0.33333   1.00000   8.00000
   1.09524   0.38095   1.00000   8.00000
   1.14286   0.42857   1.00000   8.00000
   1.19048   0.47619   1.00000   8.00000
   1.23810   0.52381   1.00000   8.00000
   1.28571   0.57143   1.00000   8.00000
   1.33333   0.61905   1.00000   8.00000
   0.38095   0.38095   0.38095   8.00000
   0.42857   0.42857   0.38095   8.00000
   0.47619   0.47619   0.38095   8.00000
   1.00000   1.00000   0.38095   2.00000
   0.42857   0.38095   0.42857  16.00000
   0.47619   0.42857   0.42857  16.00000
   0.52381   0.47619   0.42857   8.00000
   1.00000   0.95238   0.42857   8.00000
   0.47619   0.38095   0.47619  16.00000
   0.52381   0.42857   0.47619  16.00000
   1.00000   0.90476   0.47619   8.00000
   1.04762   0.95238   0.47619   8.00000
   0.57143   0.42857   0.52381   8.00000
   1.00000   0.85714   0.52381   8.00000
   1.04762   0.90476   0.52381  16.00000
   1.00000   0.80952   0.57143   8.00000
   1.04762   0.85714   0.57143  16.00000
   1.09524   0.90476   0.57143   8.00000
   1.00000   0.76190   0.61905   8.00000
   1.04762   0.80952   0.61905  16.00000
   1.09524   0.85714   0.61905  16.00000
   1.00000   0.71429   0.66667   8.00000
   1.04762   0.76190   0.66667  16.00000
   1.09524   0.80952   0.66667  16.00000
   1.14286   0.85714   0.66667   8.00000
   1.00000   0.66667   0.71429   8.00000
   1.04762   0.71429   0.71429  16.00000
   1.09524   0.76190   0.71429  16.00000
   1.14286   0.80952   0.71429  16.00000
   1.00000   0.61905   0.76190   8.00000
   1.04762   0.66667   0.76190  16.00000
   1.09524   0.71429   0.76190  16.00000
   1.14286   0.76190   0.76190  16.00000
   1.19048   0.80952   0.76190   8.00000
   1.00000   0.57143   0.80952   8.00000
   1.04762   0.61905   0.80952  16.00000
   1.09524   0.66667   0.80952  16.00000
   1.14286   0.71429   0.80952  16.00000
   1.19048   0.76190   0.80952  16.00000
   1.00000   0.52381   0.85714   8.00000
   1.04762   0.57143   0.85714  16.00000
   1.09524   0.61905   0.85714  16.00000
   1.14286   0.66667   0.85714  16.00000
   1.19048   0.71429   0.85714  16.00000
   1.23810   0.76190   0.85714   8.00000
   1.00000   0.47619   0.90476   8.00000
   1.04762   0.52381   0.90476  16.00000
   1.09524   0.57143   0.90476  16.00000
   1.14286   0.61905   0.90476  16.00000
   1.19048   0.66667   0.90476  16.00000
   1.23810   0.71429   0.90476  16.00000
   1.00000   0.42857   0.95238   8.00000
   1.04762   0.47619   0.95238  16.00000
   1.09524   0.52381   0.95238  16.00000
   1.14286   0.57143   0.95238  16.00000
   1.19048   0.61905   0.95238  16.00000
   1.23810   0.66667   0.95238  16.00000
   1.28571   0.71429   0.95238   8.00000
   1.00000   0.38095   1.00000   4.00000
   1.04762   0.42857   1.00000   8.00000
   1.09524   0.47619   1.00000   8.00000
   1.14286   0.52381   1.00000   8.00000
   1.19048   0.57143   1.00000   8.00000
   1.23810   0.61905   1.00000   8.00000
   1.28571   0.66667   1.00000   8.00000
   0.47619   0.47619   0.47619   8.00000
   1.00000   1.00000   0.47619   2.00000
   1.00000   0.95238   0.52381   8.00000
   1.00000   0.90476   0.57143   8.00000
   1.04762   0.95238   0.57143   8.00000
   1.00000   0.85714   0.61905   8.00000
   1.04762   0.90476   0.61905  16.00000
   1.00000   0.80952   0.66667   8.00000
   1.04762   0.85714   0.66667  16.00000
   1.09524   0.90476   0.66667   8.00000
   1.00000   0.76190   0.71429   8.00000
   1.04762   0.80952   0.71429  16.00000
   1.09524   0.85714   0.71429  16.00000
   1.00000   0.71429   0.76190   8.00000
   1.04762   0.76190   0.76190  16.00000
   1.09524   0.80952   0.76190  16.00000
   1.14286   0.85714   0.76190   8.00000
   1.00000   0.66667   0.80952   8.00000
   1.04762   0.71429   0.80952  16.00000
   1.09524   0.76190   0.80952  16.00000
   1.14286   0.80952   0.80952  16.00000
   1.00000   0.61905   0.85714   8.00000
   1.04762   0.66667   0.85714  16.00000
   1.09524   0.71429   0.85714  16.00000
   1.14286   0.76190   0.85714  16.00000
   1.19048   0.80952   0.85714   8.00000
   1.00000   0.57143   0.90476   8.00000
   1.04762   0.61905   0.90476  16.00000
   1.09524   0.66667   0.90476  16.00000
   1.14286   0.71429   0.90476  16.00000
   1.19048   0.76190   0.90476  16.00000
   1.00000   0.52381   0.95238   8.00000
   1.04762   0.57143   0.95238  16.00000
   1.09524   0.61905   0.95238  16.00000
   1.14286   0.66667   0.95238  16.00000
   1.19048   0.71429   0.95238  16.00000
   1.23810   0.76190   0.95238   8.00000
   1.00000   0.47619   1.00000   4.00000
   1.04762   0.52381   1.00000   8.00000
   1.09524   0.57143   1.00000   8.00000
   1.14286   0.61905   1.00000   8.00000
   1.19048   0.66667   1.00000   8.00000
   1.23810   0.71429   1.00000   8.00000
   1.00000   1.00000   0.57143   2.00000
   1.00000   0.95238   0.61905   8.00000
   1.00000   0.90476   0.66667   8.00000
   1.04762   0.95238   0.66667   8.00000
   1.00000   0.85714   0.71429   8.00000
   1.04762   0.90476   0.71429  16.00000
   1.00000   0.80952   0.76190   8.00000
   1.04762   0.85714   0.76190  16.00000
   1.09524   0.90476   0.76190   8.00000
   1.00000   0.76190   0.80952   8.00000
   1.04762   0.80952   0.80952  16.00000
   1.09524   0.85714   0.80952  16.00000
   1.00000   0.71429   0.85714   8.00000
   1.04762   0.76190   0.85714  16.00000
   1.09524   0.80952   0.85714  16.00000
   1.14286   0.85714   0.85714   8.00000
   1.00000   0.66667   0.90476   8.00000
   1.04762   0.71429   0.90476  16.00000
   1.09524   0.76190   0.90476  16.00000
   1.14286   0.80952   0.90476  16.00000
   1.00000   0.61905   0.95238   8.00000
   1.04762   0.66667   0.95238  16.00000
   1.09524   0.71429   0.95238  16.00000
   1.14286   0.76190   0.95238  16.00000
   1.19048   0.80952   0.95238   8.00000
   1.00000   0.57143   1.00000   4.00000
   1.04762   0.61905   1.00000   8.00000
   1.09524   0.66667   1.00000   8.00000
   1.14286   0.71429   1.00000   8.00000
   1.19048   0.76190   1.00000   8.00000
   1.00000   1.00000   0.66667   2.00000
   1.00000   0.95238   0.71429   8.00000
   1.00000   0.90476   0.76190   8.00000
   1.04762   0.95238   0.76190   8.00000
   1.00000   0.85714   0.80952   8.00000
   1.04762   0.90476   0.80952  16.00000
   1.00000   0.80952   0.85714   8.00000
   1.04762   0.85714   0.85714  16.00000
   1.09524   0.90476   0.85714   8.00000
   1.00000   0.76190   0.90476   8.00000
   1.04762   0.80952   0.90476  16.00000
   1.09524   0.85714   0.90476  16.00000
   1.00000   0.71429   0.95238   8.00000
   1.04762   0.76190   0.95238  16.00000
   1.09524   0.80952   0.95238  16.00000
   1.14286   0.85714   0.95238   8.00000
   1.00000   0.66667   1.00000   4.00000
   1.04762   0.71429   1.00000   8.00000
   1.09524   0.76190   1.00000   8.00000
   1.14286   0.80952   1.00000   8.00000
   1.00000   1.00000   0.76190   2.00000
   1.00000   0.95238   0.80952   8.00000
   1.00000   0.90476   0.85714   8.00000
   1.04762   0.95238   0.85714   8.00000
   1.00000   0.85714   0.90476   8.00000
   1.04762   0.90476   0.90476  16.00000
   1.00000   0.80952   0.95238   8.00000
   1.04762   0.85714   0.95238  16.00000
   1.09524   0.90476   0.95238   8.00000
   1.00000   0.76190   1.00000   4.00000
   1.04762   0.80952   1.00000   8.00000
   1.09524   0.85714   1.00000   8.00000
   1.00000   1.00000   0.85714   2.00000
   1.00000   0.95238   0.90476   8.00000
   1.00000   0.90476   0.95238   8.00000
   1.04762   0.95238   0.95238   8.00000
   1.00000   0.85714   1.00000   4.00000
   1.04762   0.90476   1.00000   8.00000
   1.00000   1.00000   0.95238   2.00000
   1.00000   0.95238   1.00000   4.00000




                              --------------------------------------------------
                                 S T R U C T U R A L   I N F O R M A T I O N
                              --------------------------------------------------


   SUBSTANCE                    = tetragonal body-centered  (delta')                                              

   LATTICE                      = B   
   LATTICE CONSTANTS ARE        =    6.3699770   6.3699770   8.4818560
   NUMBER OF ATOMS IN UNITCELL  =   1
   MODE OF CALCULATION IS       = RELA
 IORD=          16
 FNAMES=
 ./deltaprime_Pu_11.vectorso_1                                                  
                                                                                
                                           
 ./deltaprime_Pu_11.vectorsodn_1                                                
                                                                                
                                           
 deltaprime_Pu_11.energyso_1                                                    
                                                                                
                                           
 deltaprime_Pu_11.energysodn_1                                                  
                                                                                
                                           
  BR1,  BR2
   0.98637   0.00000   0.00000      0.00000   0.98637   0.98637
   0.00000   0.98637   0.00000      0.98637   0.00000   0.98637
   0.00000   0.00000   0.74078      0.74078   0.74078   0.00000
 projector corrected--must be 1,2, or 3! Now projector= 2
 Energy window:   -0.4410 < E <      0.441
 Projected density of states calculation for  1 atoms
--------- atom  1 -------------
l=  3  qsplit=  4
 Symmetrization over eq. k-points is performed
 ********** Start Reading Cix file *************
  Correlated block number           1
  Correlated index=
  1  0  0  0  0  0  0  0  0  0  0  0  0  0
  0  1  0  0  0  0  0  0  0  0  0  0  0  0
  0  0  1  0  0  0  0  0  0  0  0  0  0  0
  0  0  0  1  0  0  0  0  0  0  0  0  0  0
  0  0  0  0  1  0  0  0  0  0  0  0  0  0
  0  0  0  0  0  1  0  0  0  0  0  0  0  0
  0  0  0  0  0  0  2  0  0  0  0  0  0  0
  0  0  0  0  0  0  0  2  0  0  0  0  0  0
  0  0  0  0  0  0  0  0  2  0  0  0  0  0
  0  0  0  0  0  0  0  0  0  2  0  0  0  0
  0  0  0  0  0  0  0  0  0  0  2  0  0  0
  0  0  0  0  0  0  0  0  0  0  0  2  0  0
  0  0  0  0  0  0  0  0  0  0  0  0  2  0
  0  0  0  0  0  0  0  0  0  0  0  0  0  2
  Real part of unitary matrix=
  0.9258  0.0000  0.0000  0.0000  0.0000  0.0000  0.0000  0.0000 -0.3780  0.0000  0.0000  0.0000  0.0000  0.0000
  0.0000  0.8452  0.0000  0.0000  0.0000  0.0000  0.0000  0.0000  0.0000 -0.5345  0.0000  0.0000  0.0000  0.0000
  0.0000  0.0000  0.7559  0.0000  0.0000  0.0000  0.0000  0.0000  0.0000  0.0000 -0.6547  0.0000  0.0000  0.0000
  0.0000  0.0000  0.0000  0.6547  0.0000  0.0000  0.0000  0.0000  0.0000  0.0000  0.0000 -0.7559  0.0000  0.0000
  0.0000  0.0000  0.0000  0.0000  0.5345  0.0000  0.0000  0.0000  0.0000  0.0000  0.0000  0.0000 -0.8452  0.0000
  0.0000  0.0000  0.0000  0.0000  0.0000  0.3780  0.0000  0.0000  0.0000  0.0000  0.0000  0.0000  0.0000 -0.9258
  0.0000  0.0000  0.0000  0.0000  0.0000  0.0000  0.0000  1.0000  0.0000  0.0000  0.0000  0.0000  0.0000  0.0000
  0.3780  0.0000  0.0000  0.0000  0.0000  0.0000  0.0000  0.0000  0.9258  0.0000  0.0000  0.0000  0.0000  0.0000
  0.0000  0.5345  0.0000  0.0000  0.0000  0.0000  0.0000  0.0000  0.0000  0.8452  0.0000  0.0000  0.0000  0.0000
  0.0000  0.0000  0.6547  0.0000  0.0000  0.0000  0.0000  0.0000  0.0000  0.0000  0.7559  0.0000  0.0000  0.0000
  0.0000  0.0000  0.0000  0.7559  0.0000  0.0000  0.0000  0.0000  0.0000  0.0000  0.0000  0.6547  0.0000  0.0000
  0.0000  0.0000  0.0000  0.0000  0.8452  0.0000  0.0000  0.0000  0.0000  0.0000  0.0000  0.0000  0.5345  0.0000
  0.0000  0.0000  0.0000  0.0000  0.0000  0.9258  0.0000  0.0000  0.0000  0.0000  0.0000  0.0000  0.0000  0.3780
  0.0000  0.0000  0.0000  0.0000  0.0000  0.0000  1.0000  0.0000  0.0000  0.0000  0.0000  0.0000  0.0000  0.0000
  Imaginary part of unitary matrix=
  0.0000  0.0000  0.0000  0.0000  0.0000  0.0000  0.0000  0.0000  0.0000  0.0000  0.0000  0.0000  0.0000  0.0000
  0.0000  0.0000  0.0000  0.0000  0.0000  0.0000  0.0000  0.0000  0.0000  0.0000  0.0000  0.0000  0.0000  0.0000
  0.0000  0.0000  0.0000  0.0000  0.0000  0.0000  0.0000  0.0000  0.0000  0.0000  0.0000  0.0000  0.0000  0.0000
  0.0000  0.0000  0.0000  0.0000  0.0000  0.0000  0.0000  0.0000  0.0000  0.0000  0.0000  0.0000  0.0000  0.0000
  0.0000  0.0000  0.0000  0.0000  0.0000  0.0000  0.0000  0.0000  0.0000  0.0000  0.0000  0.0000  0.0000  0.0000
  0.0000  0.0000  0.0000  0.0000  0.0000  0.0000  0.0000  0.0000  0.0000  0.0000  0.0000  0.0000  0.0000  0.0000
  0.0000  0.0000  0.0000  0.0000  0.0000  0.0000  0.0000  0.0000  0.0000  0.0000  0.0000  0.0000  0.0000  0.0000
  0.0000  0.0000  0.0000  0.0000  0.0000  0.0000  0.0000  0.0000  0.0000  0.0000  0.0000  0.0000  0.0000  0.0000
  0.0000  0.0000  0.0000  0.0000  0.0000  0.0000  0.0000  0.0000  0.0000  0.0000  0.0000  0.0000  0.0000  0.0000
  0.0000  0.0000  0.0000  0.0000  0.0000  0.0000  0.0000  0.0000  0.0000  0.0000  0.0000  0.0000  0.0000  0.0000
  0.0000  0.0000  0.0000  0.0000  0.0000  0.0000  0.0000  0.0000  0.0000  0.0000  0.0000  0.0000  0.0000  0.0000
  0.0000  0.0000  0.0000  0.0000  0.0000  0.0000  0.0000  0.0000  0.0000  0.0000  0.0000  0.0000  0.0000  0.0000
  0.0000  0.0000  0.0000  0.0000  0.0000  0.0000  0.0000  0.0000  0.0000  0.0000  0.0000  0.0000  0.0000  0.0000
  0.0000  0.0000  0.0000  0.0000  0.0000  0.0000  0.0000  0.0000  0.0000  0.0000  0.0000  0.0000  0.0000  0.0000
  At least one transformation matrix is not Identity
 Magnetic system with s-o coupling; M theta, phi:  0.0000  0.0000
 Inside ROTDEF
Operation  1 transforms atom   1 from first atom   1
Actual position of atom  1 is:  0.000000    0.000000    0.000000
 
Combined transformation (acting on k-point) for correlated atoms
including users rotation and internal local rotation
catom  1 atom   1
   0.98637   0.00000   0.00000
   0.00000  -0.98637   0.00000
   0.00000   0.00000  -0.74078
 
 
 SPIN COORD SYSTEM:
    1.000000    0.000000    0.000000
    0.000000    1.000000    0.000000
    0.000000    0.000000    1.000000
 
 in global cartezian coordinates:
    1.000000    0.000000    0.000000
    0.000000   -1.000000    0.000000
    0.000000    0.000000   -1.000000
 ____________________________
 in spin coordinates:
    1.000000    0.000000    0.000000
    0.000000   -1.000000    0.000000
    0.000000    0.000000   -1.000000
           1   3.14159267939936       -1.00000000000000     
 
 in global cartezian coordinates:
    0.000000    1.000000    0.000000
   -1.000000    0.000000    0.000000
    0.000000    0.000000   -1.000000
 ____________________________
 in spin coordinates:
    0.000000    1.000000    0.000000
   -1.000000    0.000000    0.000000
    0.000000    0.000000   -1.000000
           2   1.57079632679490        1.00000000000000     
 
 in global cartezian coordinates:
   -1.000000    0.000000    0.000000
    0.000000   -1.000000    0.000000
    0.000000    0.000000   -1.000000
 ____________________________
 in spin coordinates:
   -1.000000    0.000000    0.000000
    0.000000   -1.000000    0.000000
    0.000000    0.000000   -1.000000
           3  2.580956827951785E-008   1.00000000000000     
 
 in global cartezian coordinates:
    0.000000    1.000000    0.000000
    1.000000    0.000000    0.000000
    0.000000    0.000000   -1.000000
 ____________________________
 in spin coordinates:
    0.000000    1.000000    0.000000
    1.000000    0.000000    0.000000
    0.000000    0.000000   -1.000000
           4   1.57079632679490       -1.00000000000000     
 
 in global cartezian coordinates:
    0.000000   -1.000000    0.000000
   -1.000000    0.000000    0.000000
    0.000000    0.000000   -1.000000
 ____________________________
 in spin coordinates:
    0.000000   -1.000000    0.000000
   -1.000000    0.000000    0.000000
    0.000000    0.000000   -1.000000
           5   4.71238898038469       -1.00000000000000     
 
 in global cartezian coordinates:
    1.000000    0.000000    0.000000
    0.000000    1.000000    0.000000
    0.000000    0.000000   -1.000000
 ____________________________
 in spin coordinates:
    1.000000    0.000000    0.000000
    0.000000    1.000000    0.000000
    0.000000    0.000000   -1.000000
           6   3.14159262778022        1.00000000000000     
 
 in global cartezian coordinates:
    1.000000    0.000000    0.000000
    0.000000   -1.000000    0.000000
    0.000000    0.000000    1.000000
 ____________________________
 in spin coordinates:
    1.000000    0.000000    0.000000
    0.000000   -1.000000    0.000000
    0.000000    0.000000    1.000000
           7   6.28318528137002       -1.00000000000000     
 
 in global cartezian coordinates:
    0.000000    1.000000    0.000000
   -1.000000    0.000000    0.000000
    0.000000    0.000000    1.000000
 ____________________________
 in spin coordinates:
    0.000000    1.000000    0.000000
   -1.000000    0.000000    0.000000
    0.000000    0.000000    1.000000
           8  -1.57079632679490        1.00000000000000     
 
 in global cartezian coordinates:
    0.000000   -1.000000    0.000000
    1.000000    0.000000    0.000000
    0.000000    0.000000   -1.000000
 ____________________________
 in spin coordinates:
    0.000000   -1.000000    0.000000
    1.000000    0.000000    0.000000
    0.000000    0.000000   -1.000000
           9  -1.57079632679490        1.00000000000000     
 
 in global cartezian coordinates:
   -1.000000    0.000000    0.000000
    0.000000    1.000000    0.000000
    0.000000    0.000000   -1.000000
 ____________________________
 in spin coordinates:
   -1.000000    0.000000    0.000000
    0.000000    1.000000    0.000000
    0.000000    0.000000   -1.000000
          10   6.28318528137002       -1.00000000000000     
 
 in global cartezian coordinates:
   -1.000000    0.000000    0.000000
    0.000000   -1.000000    0.000000
    0.000000    0.000000    1.000000
 ____________________________
 in spin coordinates:
   -1.000000    0.000000    0.000000
    0.000000   -1.000000    0.000000
    0.000000    0.000000    1.000000
          11   3.14159262778022        1.00000000000000     
 
 in global cartezian coordinates:
    0.000000    1.000000    0.000000
    1.000000    0.000000    0.000000
    0.000000    0.000000    1.000000
 ____________________________
 in spin coordinates:
    0.000000    1.000000    0.000000
    1.000000    0.000000    0.000000
    0.000000    0.000000    1.000000
          12   4.71238898038469       -1.00000000000000     
 
 in global cartezian coordinates:
    0.000000   -1.000000    0.000000
   -1.000000    0.000000    0.000000
    0.000000    0.000000    1.000000
 ____________________________
 in spin coordinates:
    0.000000   -1.000000    0.000000
   -1.000000    0.000000    0.000000
    0.000000    0.000000    1.000000
          13   1.57079632679490       -1.00000000000000     
 
 in global cartezian coordinates:
    1.000000    0.000000    0.000000
    0.000000    1.000000    0.000000
    0.000000    0.000000    1.000000
 ____________________________
 in spin coordinates:
    1.000000    0.000000    0.000000
    0.000000    1.000000    0.000000
    0.000000    0.000000    1.000000
          14  2.580956827951785E-008   1.00000000000000     
 
 in global cartezian coordinates:
    0.000000   -1.000000    0.000000
    1.000000    0.000000    0.000000
    0.000000    0.000000    1.000000
 ____________________________
 in spin coordinates:
    0.000000   -1.000000    0.000000
    1.000000    0.000000    0.000000
    0.000000    0.000000    1.000000
          15   1.57079632679490        1.00000000000000     
 
 in global cartezian coordinates:
   -1.000000    0.000000    0.000000
    0.000000    1.000000    0.000000
    0.000000    0.000000    1.000000
 ____________________________
 in spin coordinates:
   -1.000000    0.000000    0.000000
    0.000000    1.000000    0.000000
    0.000000    0.000000    1.000000
          16   3.14159267939936       -1.00000000000000     
 
 FNAME=
 deltaprime_Pu_11.energyso_1                                                    
                                                                                
                                                     60
 FNAME=
 deltaprime_Pu_11.energysodn_1                                                  
                                                                                
                                                     59
 BZ-integration with TETRA-program.   icor=: 1
 Equal occupancy of degenerate states, tol=: 0.1E-05
 call eord...
 call dos...
 ILOOP            1
 ILOOP            2
   FERMI ENERGY AT    1.13257744180170     
 RESULT OF INTEGRATION:      15.999999999824; SHOULD BE:      15.999999999900
   SUM RULE OF TETRAHEDRON INTEGRATION CHECKED 
 call eweigh...
   number of occupied bands:          18
   highest energy:   1.13876032770388     
 FERMI-LDA=   1.133 Ryd,  15.409 eV.
 ABSOLUTE EMIN=   0.692 Ryd.   9.409 eV.
 ABSOLUTE EMAX=   1.574 Ryd.  21.409 eV.


:NLDA  : NUMBER OF ELECTRONS          =  16.000

:FLDA  : F E R M I - ENERGY           =   1.13258
 
 ********** Information about the atomic index arrays ************
 iatom=           1
 isort=           1
 csort=           1
 maxucase=           1
icase, iucase, jatom, latom=     1     1     1     1
 
 *****  Arrays for correlated blocks ******
 norbitals=           1
 maxdim2=          14
iorbital( 1, 1)=   1
cix( 1, 1)=   1
icase,lcase,icix,iorb,nind1,ip1,iSx=    1    1    1    1   14    1    1
icase,lcase,icix,iorb,nind1,ip1,iSx=    1    1    1    1   14    2    2
icase,lcase,icix,iorb,nind1,ip1,iSx=    1    1    1    1   14    3    3
icase,lcase,icix,iorb,nind1,ip1,iSx=    1    1    1    1   14    4    4
icase,lcase,icix,iorb,nind1,ip1,iSx=    1    1    1    1   14    5    5
icase,lcase,icix,iorb,nind1,ip1,iSx=    1    1    1    1   14    6    6
icase,lcase,icix,iorb,nind1,ip1,iSx=    1    1    1    1   14    7    7
icase,lcase,icix,iorb,nind1,ip1,iSx=    1    1    1    1   14    8    8
icase,lcase,icix,iorb,nind1,ip1,iSx=    1    1    1    1   14    9    9
icase,lcase,icix,iorb,nind1,ip1,iSx=    1    1    1    1   14   10   10
icase,lcase,icix,iorb,nind1,ip1,iSx=    1    1    1    1   14   11   11
icase,lcase,icix,iorb,nind1,ip1,iSx=    1    1    1    1   14   12   12
icase,lcase,icix,iorb,nind1,ip1,iSx=    1    1    1    1   14   13   13
icase,lcase,icix,iorb,nind1,ip1,iSx=    1    1    1    1   14   14   14
cixdim( 1)=14
noccur( 1, 1)=   6
noccur( 2, 1)=   8
iSx( 1, 1)=  1
iSx( 2, 1)=  2
iSx( 3, 1)=  3
iSx( 4, 1)=  4
iSx( 5, 1)=  5
iSx( 6, 1)=  6
iSx( 7, 1)=  7
iSx( 8, 1)=  8
iSx( 9, 1)=  9
iSx(10, 1)= 10
iSx(11, 1)= 11
iSx(12, 1)= 12
iSx(13, 1)= 13
iSx(14, 1)= 14
nindo( 1)= 14
CF for iorb1= 1 iorb2= 1
    0.92582010     0.00000000       0.00000000     0.00000000       0.00000000     0.00000000       0.00000000     0.00000000       0.00000000     0.00000000       0.00000000     0.00000000       0.00000000     0.00000000       0.00000000     0.00000000      -0.37796447     0.00000000       0.00000000     0.00000000       0.00000000     0.00000000       0.00000000     0.00000000       0.00000000     0.00000000       0.00000000     0.00000000   
    0.00000000     0.00000000       0.84515425     0.00000000       0.00000000     0.00000000       0.00000000     0.00000000       0.00000000     0.00000000       0.00000000     0.00000000       0.00000000     0.00000000       0.00000000     0.00000000       0.00000000     0.00000000      -0.53452248     0.00000000       0.00000000     0.00000000       0.00000000     0.00000000       0.00000000     0.00000000       0.00000000     0.00000000   
    0.00000000     0.00000000       0.00000000     0.00000000       0.75592895     0.00000000       0.00000000     0.00000000       0.00000000     0.00000000       0.00000000     0.00000000       0.00000000     0.00000000       0.00000000     0.00000000       0.00000000     0.00000000       0.00000000     0.00000000      -0.65465367     0.00000000       0.00000000     0.00000000       0.00000000     0.00000000       0.00000000     0.00000000   
    0.00000000     0.00000000       0.00000000     0.00000000       0.00000000     0.00000000       0.65465367     0.00000000       0.00000000     0.00000000       0.00000000     0.00000000       0.00000000     0.00000000       0.00000000     0.00000000       0.00000000     0.00000000       0.00000000     0.00000000       0.00000000     0.00000000      -0.75592895     0.00000000       0.00000000     0.00000000       0.00000000     0.00000000   
    0.00000000     0.00000000       0.00000000     0.00000000       0.00000000     0.00000000       0.00000000     0.00000000       0.53452248     0.00000000       0.00000000     0.00000000       0.00000000     0.00000000       0.00000000     0.00000000       0.00000000     0.00000000       0.00000000     0.00000000       0.00000000     0.00000000       0.00000000     0.00000000      -0.84515425     0.00000000       0.00000000     0.00000000   
    0.00000000     0.00000000       0.00000000     0.00000000       0.00000000     0.00000000       0.00000000     0.00000000       0.00000000     0.00000000       0.37796447     0.00000000       0.00000000     0.00000000       0.00000000     0.00000000       0.00000000     0.00000000       0.00000000     0.00000000       0.00000000     0.00000000       0.00000000     0.00000000       0.00000000     0.00000000      -0.92582010     0.00000000   
    0.00000000     0.00000000       0.00000000     0.00000000       0.00000000     0.00000000       0.00000000     0.00000000       0.00000000     0.00000000       0.00000000     0.00000000       0.00000000     0.00000000       1.00000000     0.00000000       0.00000000     0.00000000       0.00000000     0.00000000       0.00000000     0.00000000       0.00000000     0.00000000       0.00000000     0.00000000       0.00000000     0.00000000   
    0.37796447     0.00000000       0.00000000     0.00000000       0.00000000     0.00000000       0.00000000     0.00000000       0.00000000     0.00000000       0.00000000     0.00000000       0.00000000     0.00000000       0.00000000     0.00000000       0.92582010     0.00000000       0.00000000     0.00000000       0.00000000     0.00000000       0.00000000     0.00000000       0.00000000     0.00000000       0.00000000     0.00000000   
    0.00000000     0.00000000       0.53452248     0.00000000       0.00000000     0.00000000       0.00000000     0.00000000       0.00000000     0.00000000       0.00000000     0.00000000       0.00000000     0.00000000       0.00000000     0.00000000       0.00000000     0.00000000       0.84515425     0.00000000       0.00000000     0.00000000       0.00000000     0.00000000       0.00000000     0.00000000       0.00000000     0.00000000   
    0.00000000     0.00000000       0.00000000     0.00000000       0.65465367     0.00000000       0.00000000     0.00000000       0.00000000     0.00000000       0.00000000     0.00000000       0.00000000     0.00000000       0.00000000     0.00000000       0.00000000     0.00000000       0.00000000     0.00000000       0.75592895     0.00000000       0.00000000     0.00000000       0.00000000     0.00000000       0.00000000     0.00000000   
    0.00000000     0.00000000       0.00000000     0.00000000       0.00000000     0.00000000       0.75592895     0.00000000       0.00000000     0.00000000       0.00000000     0.00000000       0.00000000     0.00000000       0.00000000     0.00000000       0.00000000     0.00000000       0.00000000     0.00000000       0.00000000     0.00000000       0.65465367     0.00000000       0.00000000     0.00000000       0.00000000     0.00000000   
    0.00000000     0.00000000       0.00000000     0.00000000       0.00000000     0.00000000       0.00000000     0.00000000       0.84515425     0.00000000       0.00000000     0.00000000       0.00000000     0.00000000       0.00000000     0.00000000       0.00000000     0.00000000       0.00000000     0.00000000       0.00000000     0.00000000       0.00000000     0.00000000       0.53452248     0.00000000       0.00000000     0.00000000   
    0.00000000     0.00000000       0.00000000     0.00000000       0.00000000     0.00000000       0.00000000     0.00000000       0.00000000     0.00000000       0.92582010     0.00000000       0.00000000     0.00000000       0.00000000     0.00000000       0.00000000     0.00000000       0.00000000     0.00000000       0.00000000     0.00000000       0.00000000     0.00000000       0.00000000     0.00000000       0.37796447     0.00000000   
    0.00000000     0.00000000       0.00000000     0.00000000       0.00000000     0.00000000       0.00000000     0.00000000       0.00000000     0.00000000       0.00000000     0.00000000       1.00000000     0.00000000       0.00000000     0.00000000       0.00000000     0.00000000       0.00000000     0.00000000       0.00000000     0.00000000       0.00000000     0.00000000       0.00000000     0.00000000       0.00000000     0.00000000   
Rspin for iorb=  1
 angles=  0.000000000000000E+000   3.14159265358979       0.000000000000000E+000
  0.000000000000000E+000  0.000000000000000E+000  0.000000000000000E+000
 Rspin=
    0.000000    0.000000      0.000000    1.000000
    0.000000    1.000000      0.000000    0.000000
 Calculation for atom  1 which has iucase=  1
 ATPAR for spin up

          ATOMIC PARAMETERS FOR Pu  0+    

           ENERGY PARAMETERS ARE   0.90  -1.38   0.90   0.90

           L     U(R)          U'(R)         DU/DE        DU'/DE      NORM-U'
           0  0.551116E+00  0.814420E+00  0.112511E+00 -0.226270E+00
           1  0.536977E+00 -0.131792E-02 -0.144187E+00 -0.402535E+00
           2 -0.617658E+00  0.247958E-01  0.985078E-01  0.346340E+00
           3 -0.317418E+00  0.126337E+00  0.363191E+00  0.537182E+00
LO COEFFICIENT: l,A,B,C   0          0.65428    -3.20487     0.00000     0.00000
 
LO COEFFICIENT: l,A,B,C   0          0.32176     0.00000     0.77978     0.00000
 
LO COEFFICIENT: l,A,B,C   1          0.87955     3.27560     0.00000     0.00000
 
LO COEFFICIENT: l,A,B,C   1          0.26967     0.00000    -1.23939     0.00000
 
LO COEFFICIENT: l,A,B,C   2          0.85298     5.34832     0.00000     0.00000
 
LO COEFFICIENT: l,A,B,C   3          0.94002     0.82155     0.00000     0.00000
 
 ATPAR for spin down

          ATOMIC PARAMETERS FOR Pu  0+    

           ENERGY PARAMETERS ARE   0.90  -1.38   0.90   0.90

           L     U(R)          U'(R)         DU/DE        DU'/DE      NORM-U'
           0  0.551116E+00  0.814420E+00  0.112511E+00 -0.226270E+00
           1  0.536977E+00 -0.131792E-02 -0.144187E+00 -0.402535E+00
           2 -0.617658E+00  0.247958E-01  0.985078E-01  0.346340E+00
           3 -0.317418E+00  0.126337E+00  0.363191E+00  0.537182E+00
LO COEFFICIENT: l,A,B,C   0          0.65428    -3.20487     0.00000     0.00000
 
LO COEFFICIENT: l,A,B,C   0          0.32176     0.00000     0.77978     0.00000
 
LO COEFFICIENT: l,A,B,C   1          0.87955     3.27560     0.00000     0.00000
 
LO COEFFICIENT: l,A,B,C   1          0.26967     0.00000    -1.23939     0.00000
 
LO COEFFICIENT: l,A,B,C   2          0.85298     5.34832     0.00000     0.00000
 
LO COEFFICIENT: l,A,B,C   3          0.94002     0.82155     0.00000     0.00000
 
 L1=           0  L2=           0
 RADIAL INTEGRALS:
           1           1                 1           1   1.00000000000000     
           1           3                 1           1  0.574739632814168     
           1           1                 1           2   1.00000000000000     
           1           3                 1           2  0.574739632814168     
           1           1                 2           1   1.00000000000000     
           1           3                 2           1  0.574739632814168     
           1           1                 2           2   1.00000000000000     
           1           3                 2           2  0.574739632814168     
           2           2                 1           1  5.568232646423754E-002
           2           3                 1           1 -0.190834882618999     
           2           2                 1           2  5.568232646423754E-002
           2           3                 1           2 -0.190834882618999     
           2           2                 2           1  5.568232646423754E-002
           2           3                 2           1 -0.190834882618999     
           2           2                 2           2  5.568232646423754E-002
           2           3                 2           2 -0.190834882618999     
           3           1                 1           1  0.574739632814168     
           3           2                 1           1 -0.190834882618999     
           3           3                 1           1   1.00000000000000     
           3           1                 1           2  0.574739632814168     
           3           2                 1           2 -0.190834882618999     
           3           3                 1           2   1.00000000000000     
           3           1                 2           1  0.574739632814168     
           3           2                 2           1 -0.190834882618999     
           3           3                 2           1   1.00000000000000     
           3           1                 2           2  0.574739632814168     
           3           2                 2           2 -0.190834882618999     
           3           3                 2           2   1.00000000000000     
 L1=           1  L2=           1
 RADIAL INTEGRALS:
           1           1                 1           1   1.00000000000000     
           1           3                 1           1  0.910784568490565     
           1           1                 1           2   1.00000000000000     
           1           3                 1           2  0.910784568490565     
           1           1                 2           1   1.00000000000000     
           1           3                 2           1  0.910784568490565     
           1           1                 2           2   1.00000000000000     
           1           3                 2           2  0.910784568490565     
           2           2                 1           1  2.109973981498408E-002
           2           3                 1           1  5.980899882375596E-002
           2           2                 1           2  2.109973981498408E-002
           2           3                 1           2  5.980899882375596E-002
           2           2                 2           1  2.109973981498408E-002
           2           3                 2           1  5.980899882375596E-002
           2           2                 2           2  2.109973981498408E-002
           2           3                 2           2  5.980899882375596E-002
           3           1                 1           1  0.910784568490565     
           3           2                 1           1  5.980899882375596E-002
           3           3                 1           1   1.00000000000000     
           3           1                 1           2  0.910784568490565     
           3           2                 1           2  5.980899882375596E-002
           3           3                 1           2   1.00000000000000     
           3           1                 2           1  0.910784568490565     
           3           2                 2           1  5.980899882375596E-002
           3           3                 2           1   1.00000000000000     
           3           1                 2           2  0.910784568490565     
           3           2                 2           2  5.980899882375596E-002
           3           3                 2           2   1.00000000000000     
 L1=           2  L2=           2
 RADIAL INTEGRALS:
           1           1                 1           1   1.00000000000000     
           1           1                 1           2   1.00000000000000     
           1           1                 2           1   1.00000000000000     
           1           1                 2           2   1.00000000000000     
           2           2                 1           1  9.523641629500573E-003
           2           2                 1           2  9.523641629500573E-003
           2           2                 2           1  9.523641629500573E-003
           2           2                 2           2  9.523641629500573E-003
 L1=           3  L2=           3
 RADIAL INTEGRALS:
           1           1                 1           1   1.00000000000000     
           1           1                 1           2   1.00000000000000     
           1           1                 2           1   1.00000000000000     
           1           1                 2           2   1.00000000000000     
           2           2                 1           1  0.172414539851026     
           2           2                 1           2  0.172414539851026     
           2           2                 2           1  0.172414539851026     
           2           2                 2           2  0.172414539851026     
Saving potential parameters for atom 1 into  1
pr_proc=363  tot-k=726
 ------------------------------------------------------------------------------


   =====>>> CPU TIME SUMMARY

            TOTAL       :      3.1
 OMP_NUM_THREADS= 2
 GUTZ_SOLVER VO.1.5 BUILT ON Jan 19 2014 AT22:25:59
 NT=  1 SEC_N%DIM=   10 WITH ID:
           1       2      16     107     471    1472    3474    6477    9909   12912
       14914
 MEAN U/J:  0.2940  0.0265
 NEL_FIX_VDC1=      5.20
 ATOM DEPENDENT NELF1:
      5.2027
 DCMIX_A=  0.200000
 SYMMETRICALLY NON-EQUIVALENT ATOMS:
          1
 VARIATIONAL-SETUP-NON-EQUIVALENT ATOMS:
          1
 COMPLEMENTARY VARIATIONAL-SETUP-EQUIVALENT ATOMS:

 GYZ%SYM%IDSUM:
  1
 DIM(X_Gutz)=  4
 CALC SET: GAPJ-SHFT FULL       -JH-PROJ SLATER    VAR-FIXDC    Ryd.   
 NT= 1
 LOCAL INTERACTION PART   :
 U              :   0.2940
 J              :   0.0265
 FOCK SPACE PART:
 NA             :  7
 FS%OCC(1) L.B. :  0
 FS%OCC(2) U.B. :  9
 FS%DIM         :     14913
 HL%OCC(1) L.B. :  0
 HL%OCC(2) U.B. :  9
 ISO= 2 ISPIN_IN= 1 ISPIN= 1 ISPO= 2
 BND%NMAX=  76
 BZ INTEGRATION WITH TETRA METHOD, ICOR= 1
 EQUAL OCCUPANCY OF DEGENERATE STATES, TOL= 0.1E-05
 VALENCE ELECTRONS: TOTAL=    16.0
                    CORRELATED PART=     8.0
 SYM%IDI/IDF=  1 16
 BND%NMAXIN=   26
      GUTZ5_INI_CORR_UVEK takes  0 hours  0 minutes and    0.11 seconds (CPU).
                          takes  0 hours  0 minutes and    0.10 seconds (WALL).
                 SETUP_TB takes  0 hours  0 minutes and    3.21 seconds (CPU).
                          takes  0 hours  0 minutes and    1.62 seconds (WALL).
************  EL-  ************
 NI=  1 NI_GLOBAL=  1
   1.1341   1.1328   1.1339   1.1339   1.1328   1.1341   1.2141   1.2127   1.2129   1.2141   1.2141   1.2129   1.2127   1.2141
************  EL=  ************
 NI=  1 NI_GLOBAL=  1
   1.1341   0.0000   0.0000   0.0000  -0.0002   0.0000   0.0000   0.0006   0.0000   0.0000   0.0000  -0.0024   0.0000   0.0000
   0.0000   1.1328   0.0000   0.0000   0.0000  -0.0002   0.0000   0.0000  -0.0001   0.0000   0.0000   0.0000   0.0028   0.0000
   0.0000   0.0000   1.1339   0.0000   0.0000   0.0000   0.0000   0.0000   0.0000  -0.0011   0.0000   0.0000   0.0000  -0.0019
   0.0000   0.0000   0.0000   1.1339   0.0000   0.0000   0.0019   0.0000   0.0000   0.0000   0.0011   0.0000   0.0000   0.0000
  -0.0002   0.0000   0.0000   0.0000   1.1328   0.0000   0.0000  -0.0028   0.0000   0.0000   0.0000   0.0001   0.0000   0.0000
   0.0000  -0.0002   0.0000   0.0000   0.0000   1.1341   0.0000   0.0000   0.0024   0.0000   0.0000   0.0000  -0.0006   0.0000
   0.0000   0.0000   0.0000   0.0019   0.0000   0.0000   1.2141   0.0000   0.0000   0.0000  -0.0012   0.0000   0.0000   0.0000
   0.0006   0.0000   0.0000   0.0000  -0.0028   0.0000   0.0000   1.2127   0.0000   0.0000   0.0000   0.0005   0.0000   0.0000
   0.0000  -0.0001   0.0000   0.0000   0.0000   0.0024   0.0000   0.0000   1.2129   0.0000   0.0000   0.0000   0.0005   0.0000
   0.0000   0.0000  -0.0011   0.0000   0.0000   0.0000   0.0000   0.0000   0.0000   1.2141   0.0000   0.0000   0.0000  -0.0012
   0.0000   0.0000   0.0000   0.0011   0.0000   0.0000  -0.0012   0.0000   0.0000   0.0000   1.2141   0.0000   0.0000   0.0000
  -0.0024   0.0000   0.0000   0.0000   0.0001   0.0000   0.0000   0.0005   0.0000   0.0000   0.0000   1.2129   0.0000   0.0000
   0.0000   0.0028   0.0000   0.0000   0.0000  -0.0006   0.0000   0.0000   0.0005   0.0000   0.0000   0.0000   1.2127   0.0000
   0.0000   0.0000  -0.0019   0.0000   0.0000   0.0000   0.0000   0.0000   0.0000  -0.0012   0.0000   0.0000   0.0000   1.2141
 NI=  1 LOCAL ORBITAL LEVEL CENTER(ELC)=   1.179
************  EL0  ************
 NI=  1 NI_GLOBAL=  1
   1.1336   1.1336   1.1336   1.1336   1.1336   1.1336   1.2134   1.2134   1.2134   1.2134   1.2134   1.2134   1.2134   1.2134
************  ELL  ************
 NI=  1 NI_GLOBAL=  1
   1.1336   0.0000   0.0000   0.0000   0.0000   0.0000   0.0000   0.0000   0.0000   0.0000   0.0000   0.0000   0.0000   0.0000
   0.0000   1.1336   0.0000   0.0000   0.0000   0.0000   0.0000   0.0000   0.0000   0.0000   0.0000   0.0000   0.0000   0.0000
   0.0000   0.0000   1.1336   0.0000   0.0000   0.0000   0.0000   0.0000   0.0000   0.0000   0.0000   0.0000   0.0000   0.0000
   0.0000   0.0000   0.0000   1.1336   0.0000   0.0000   0.0000   0.0000   0.0000   0.0000   0.0000   0.0000   0.0000   0.0000
   0.0000   0.0000   0.0000   0.0000   1.1336   0.0000   0.0000   0.0000   0.0000   0.0000   0.0000   0.0000   0.0000   0.0000
   0.0000   0.0000   0.0000   0.0000   0.0000   1.1336   0.0000   0.0000   0.0000   0.0000   0.0000   0.0000   0.0000   0.0000
   0.0000   0.0000   0.0000   0.0000   0.0000   0.0000   1.2134   0.0000   0.0000   0.0000   0.0000   0.0000   0.0000   0.0000
   0.0000   0.0000   0.0000   0.0000   0.0000   0.0000   0.0000   1.2134   0.0000   0.0000   0.0000   0.0000   0.0000   0.0000
   0.0000   0.0000   0.0000   0.0000   0.0000   0.0000   0.0000   0.0000   1.2134   0.0000   0.0000   0.0000   0.0000   0.0000
   0.0000   0.0000   0.0000   0.0000   0.0000   0.0000   0.0000   0.0000   0.0000   1.2134   0.0000   0.0000   0.0000   0.0000
   0.0000   0.0000   0.0000   0.0000   0.0000   0.0000   0.0000   0.0000   0.0000   0.0000   1.2134   0.0000   0.0000   0.0000
   0.0000   0.0000   0.0000   0.0000   0.0000   0.0000   0.0000   0.0000   0.0000   0.0000   0.0000   1.2134   0.0000   0.0000
   0.0000   0.0000   0.0000   0.0000   0.0000   0.0000   0.0000   0.0000   0.0000   0.0000   0.0000   0.0000   1.2134   0.0000
   0.0000   0.0000   0.0000   0.0000   0.0000   0.0000   0.0000   0.0000   0.0000   0.0000   0.0000   0.0000   0.0000   1.2134
                  GET_EL0 takes  0 hours  0 minutes and    0.03 seconds (CPU).
                          takes  0 hours  0 minutes and    0.02 seconds (WALL).
 There are  4 blocks of bands, with band energy windows:
  -2.279  -2.253 |   -0.735  -0.658 |   -0.185   0.013 |    0.721   4.497 | 
 Band window indices:
         1      2 |          3      4 |          5      8 |          9     77 | 
 Band width
       0.026   |         0.077   |         0.198   |         3.776   |  
 Band gap
       1.518   |         0.473   |         0.708   |  
 CORRELATED BLOCK: EMIN/EMIX=    0.7209    1.5731
 CORRELATED BAND WIDTH=   0.852
         GUTZ_RED_PRJ_NEQ takes  0 hours  1 minutes and    3.39 seconds (CPU).
                          takes  0 hours  1 minutes and    3.23 seconds (WALL).
 NI=  1 DIM_PHIK=   41227 HL%DIM=  14913
       ID_PHIK_N=
      1      2      4     33    264   1639   6153  15546  27321  36714
  41228
       ID_PHIK_J=
      1      2      3      4      8      9     18     19     28     29
     33     37     73    122    171    220    245    254    263    264
    300    349    638    807   1168   1364   1533   1582   1631   1635
   1639   1739   2180   2964   3864   4705   5381   5781   6037   6118
   6143   6152   6153   6349   6710   8079   9448  11564  12933  14377
  14953  15353  15474  15538  15542  15546  15835  16796  18560  21060
  23176  24940  26165  26841  27165  27286  27311  27320  27321  27517
  27878  29247  30616  32732  34101  35545  36121  36521  36642  36706
  36710  36714  36814  37255  38039  38939  39780  40456  40856  41112
  41193  41218  41227  41228
          GUTZ_SET_PRJ_EQ takes  0 hours  0 minutes and    0.00 seconds (CPU).
                          takes  0 hours  0 minutes and    0.00 seconds (WALL).
************   WH%X  ************
    0.88480701    0.90898917
    1.08805589    1.25193398
************  RIN  ************
 NI=  1 NI_GLOBAL=  1
   0.8848   0.8848   0.8848   0.8848   0.8848   0.8848   0.9090   0.9090   0.9090   0.9090   0.9090   0.9090   0.9090   0.9090
************  LA1  ************
 NI=  1 NI_GLOBAL=  1
   1.0881   1.0881   1.0881   1.0881   1.0881   1.0881   1.2519   1.2519   1.2519   1.2519   1.2519   1.2519   1.2519   1.2519
             CALC_BAND_AL takes  0 hours  0 minutes and    1.48 seconds (CPU).
                          takes  0 hours  0 minutes and    0.74 seconds (WALL).
 ILOOP            1
 ILOOP            2
   FERMI ENERGY AT    1.09878268844573     
   SUM RULE OF TETRAHEDRON INTEGRATION CHECKED 
   number of occupied bands:          18
   highest energy:   1.12703498624175     
************  NK-  ************
 NI=  1 NI_GLOBAL=  1
   0.8340   0.8122   0.8322   0.8322   0.8122   0.8340   0.0297   0.0345   0.0303   0.0293   0.0293   0.0303   0.0345   0.0297
************  NNK  ************
 NI=  1 NI_GLOBAL=  1
   0.8340   0.0000   0.0000   0.0000  -0.0052   0.0000   0.0000  -0.0054   0.0000   0.0000   0.0000  -0.0006   0.0000   0.0000
   0.0000   0.8122   0.0000   0.0000   0.0000  -0.0052   0.0000   0.0000   0.0066   0.0000   0.0000   0.0000  -0.0016   0.0000
   0.0000   0.0000   0.8322   0.0000   0.0000   0.0000   0.0000   0.0000   0.0000   0.0043   0.0000   0.0000   0.0000   0.0022
   0.0000   0.0000   0.0000   0.8322   0.0000   0.0000  -0.0022   0.0000   0.0000   0.0000  -0.0043   0.0000   0.0000   0.0000
  -0.0052   0.0000   0.0000   0.0000   0.8122   0.0000   0.0000   0.0016   0.0000   0.0000   0.0000  -0.0066   0.0000   0.0000
   0.0000  -0.0052   0.0000   0.0000   0.0000   0.8340   0.0000   0.0000   0.0006   0.0000   0.0000   0.0000   0.0054   0.0000
   0.0000   0.0000   0.0000  -0.0022   0.0000   0.0000   0.0297   0.0000   0.0000   0.0000   0.0000   0.0000   0.0000   0.0000
  -0.0054   0.0000   0.0000   0.0000   0.0016   0.0000   0.0000   0.0345   0.0000   0.0000   0.0000   0.0010   0.0000   0.0000
   0.0000   0.0066   0.0000   0.0000   0.0000   0.0006   0.0000   0.0000   0.0303   0.0000   0.0000   0.0000   0.0010   0.0000
   0.0000   0.0000   0.0043   0.0000   0.0000   0.0000   0.0000   0.0000   0.0000   0.0293   0.0000   0.0000   0.0000   0.0000
   0.0000   0.0000   0.0000  -0.0043   0.0000   0.0000   0.0000   0.0000   0.0000   0.0000   0.0293   0.0000   0.0000   0.0000
  -0.0006   0.0000   0.0000   0.0000  -0.0066   0.0000   0.0000   0.0010   0.0000   0.0000   0.0000   0.0303   0.0000   0.0000
   0.0000  -0.0016   0.0000   0.0000   0.0000   0.0054   0.0000   0.0000   0.0010   0.0000   0.0000   0.0000   0.0345   0.0000
   0.0000   0.0000   0.0022   0.0000   0.0000   0.0000   0.0000   0.0000   0.0000   0.0000   0.0000   0.0000   0.0000   0.0297
************  NKS  ************
 NI=  1 NI_GLOBAL=  1
   0.8261   0.8261   0.8261   0.8261   0.8261   0.8261   0.0310   0.0310   0.0310   0.0310   0.0310   0.0310   0.0310   0.0310
 NELE_LOC TOTAL:
           5.2043027557433259
              CALC_DA_BND takes  0 hours  0 minutes and    0.25 seconds (CPU).
                          takes  0 hours  0 minutes and    0.25 seconds (WALL).
************  DA-  ************
 NI=  1 NI_GLOBAL=  1
  -0.0175  -0.0195  -0.0180  -0.0180  -0.0195  -0.0175  -0.0065  -0.0077  -0.0066  -0.0066  -0.0066  -0.0066  -0.0077  -0.0065
************  DAA  ************
 NI=  1 NI_GLOBAL=  1
  -0.0183  -0.0183  -0.0183  -0.0183  -0.0183  -0.0183  -0.0069  -0.0069  -0.0069  -0.0069  -0.0069  -0.0069  -0.0069  -0.0069
 NI=  1 VDC=    1.3270
************  LA2  ************
 NI=  1 NI_GLOBAL=  1
  -2.4886  -2.4886  -2.4886  -2.4886  -2.4886  -2.4886  -2.3839  -2.3839  -2.3839  -2.3839  -2.3839  -2.3839  -2.3839  -2.3839
 NI=  1 PHI-step gap=  0.14E+00
************  RAA  ************
 NI=  1 NI_GLOBAL=  1
   0.8847   0.8847   0.8847   0.8847   0.8847   0.8847   0.9090   0.9090   0.9090   0.9090   0.9090   0.9090   0.9090   0.9090
************  NC0  ************
 NI=  1 NI_GLOBAL=  1
   0.8262   0.8262   0.8262   0.8262   0.8262   0.8262   0.0310   0.0310   0.0310   0.0310   0.0310   0.0310   0.0310   0.0310
                  CALC_LC takes  0 hours  9 minutes and   20.64 seconds (CPU).
                          takes  0 hours  9 minutes and   20.60 seconds (WALL).
                GUTZ_FCN1 takes  0 hours  9 minutes and   22.69 seconds (CPU).
                          takes  0 hours  9 minutes and   21.90 seconds (WALL).
************  DIF_X  ************
   -0.000094887038    0.000037898862
    0.000062014170    0.000002852226
 ITER1=  1 MAXERR=    0.00009489
************   WH%X  ************
    0.88485247    0.90900183
    1.08801469    1.25192232
************  RIN  ************
 NI=  1 NI_GLOBAL=  1
   0.8849   0.8849   0.8849   0.8849   0.8849   0.8849   0.9090   0.9090   0.9090   0.9090   0.9090   0.9090   0.9090   0.9090
************  LA1  ************
 NI=  1 NI_GLOBAL=  1
   1.0880   1.0880   1.0880   1.0880   1.0880   1.0880   1.2519   1.2519   1.2519   1.2519   1.2519   1.2519   1.2519   1.2519
             CALC_BAND_AL takes  0 hours  0 minutes and    1.47 seconds (CPU).
                          takes  0 hours  0 minutes and    0.74 seconds (WALL).
 ILOOP            1
 ILOOP            2
   FERMI ENERGY AT    1.09875344970544     
   SUM RULE OF TETRAHEDRON INTEGRATION CHECKED 
   number of occupied bands:          18
   highest energy:   1.12702650131131     
************  NK-  ************
 NI=  1 NI_GLOBAL=  1
   0.8341   0.8122   0.8322   0.8322   0.8122   0.8341   0.0297   0.0345   0.0303   0.0293   0.0293   0.0303   0.0345   0.0297
************  NNK  ************
 NI=  1 NI_GLOBAL=  1
   0.8341   0.0000   0.0000   0.0000  -0.0052   0.0000   0.0000  -0.0054   0.0000   0.0000   0.0000  -0.0006   0.0000   0.0000
   0.0000   0.8122   0.0000   0.0000   0.0000  -0.0052   0.0000   0.0000   0.0066   0.0000   0.0000   0.0000  -0.0016   0.0000
   0.0000   0.0000   0.8322   0.0000   0.0000   0.0000   0.0000   0.0000   0.0000   0.0043   0.0000   0.0000   0.0000   0.0022
   0.0000   0.0000   0.0000   0.8322   0.0000   0.0000  -0.0022   0.0000   0.0000   0.0000  -0.0043   0.0000   0.0000   0.0000
  -0.0052   0.0000   0.0000   0.0000   0.8122   0.0000   0.0000   0.0016   0.0000   0.0000   0.0000  -0.0066   0.0000   0.0000
   0.0000  -0.0052   0.0000   0.0000   0.0000   0.8341   0.0000   0.0000   0.0006   0.0000   0.0000   0.0000   0.0054   0.0000
   0.0000   0.0000   0.0000  -0.0022   0.0000   0.0000   0.0297   0.0000   0.0000   0.0000   0.0000   0.0000   0.0000   0.0000
  -0.0054   0.0000   0.0000   0.0000   0.0016   0.0000   0.0000   0.0345   0.0000   0.0000   0.0000   0.0010   0.0000   0.0000
   0.0000   0.0066   0.0000   0.0000   0.0000   0.0006   0.0000   0.0000   0.0303   0.0000   0.0000   0.0000   0.0010   0.0000
   0.0000   0.0000   0.0043   0.0000   0.0000   0.0000   0.0000   0.0000   0.0000   0.0293   0.0000   0.0000   0.0000   0.0000
   0.0000   0.0000   0.0000  -0.0043   0.0000   0.0000   0.0000   0.0000   0.0000   0.0000   0.0293   0.0000   0.0000   0.0000
  -0.0006   0.0000   0.0000   0.0000  -0.0066   0.0000   0.0000   0.0010   0.0000   0.0000   0.0000   0.0303   0.0000   0.0000
   0.0000  -0.0016   0.0000   0.0000   0.0000   0.0054   0.0000   0.0000   0.0010   0.0000   0.0000   0.0000   0.0345   0.0000
   0.0000   0.0000   0.0022   0.0000   0.0000   0.0000   0.0000   0.0000   0.0000   0.0000   0.0000   0.0000   0.0000   0.0297
************  NKS  ************
 NI=  1 NI_GLOBAL=  1
   0.8262   0.8262   0.8262   0.8262   0.8262   0.8262   0.0309   0.0309   0.0309   0.0309   0.0309   0.0309   0.0309   0.0309
 NELE_LOC TOTAL:
           5.2046608239893244
              CALC_DA_BND takes  0 hours  0 minutes and    0.25 seconds (CPU).
                          takes  0 hours  0 minutes and    0.24 seconds (WALL).
************  DA-  ************
 NI=  1 NI_GLOBAL=  1
  -0.0175  -0.0195  -0.0180  -0.0180  -0.0195  -0.0175  -0.0065  -0.0077  -0.0066  -0.0066  -0.0066  -0.0066  -0.0077  -0.0065
************  DAA  ************
 NI=  1 NI_GLOBAL=  1
  -0.0183  -0.0183  -0.0183  -0.0183  -0.0183  -0.0183  -0.0069  -0.0069  -0.0069  -0.0069  -0.0069  -0.0069  -0.0069  -0.0069
 NI=  1 VDC=    1.3270
************  LA2  ************
 NI=  1 NI_GLOBAL=  1
  -2.4886  -2.4886  -2.4886  -2.4886  -2.4886  -2.4886  -2.3839  -2.3839  -2.3839  -2.3839  -2.3839  -2.3839  -2.3839  -2.3839
 NI=  1 PHI-step gap=  0.14E+00
************  RAA  ************
 NI=  1 NI_GLOBAL=  1
   0.8848   0.8848   0.8848   0.8848   0.8848   0.8848   0.9090   0.9090   0.9090   0.9090   0.9090   0.9090   0.9090   0.9090
************  NC0  ************
 NI=  1 NI_GLOBAL=  1
   0.8262   0.8262   0.8262   0.8262   0.8262   0.8262   0.0309   0.0309   0.0309   0.0309   0.0309   0.0309   0.0309   0.0309
                  CALC_LC takes  0 hours  8 minutes and   22.96 seconds (CPU).
                          takes  0 hours  8 minutes and   22.81 seconds (WALL).
                GUTZ_FCN1 takes  0 hours  8 minutes and   25.12 seconds (CPU).
                          takes  0 hours  8 minutes and   24.10 seconds (WALL).
************  DIF_X  ************
   -0.000003052458    0.000000090746
    0.000000379953    0.000000299518
 ITER1=  2 MAXERR=    0.00000305
************   WH%X  ************
    0.88484999    0.90899730
    1.08801448    1.25191989
************  RIN  ************
 NI=  1 NI_GLOBAL=  1
   0.8848   0.8848   0.8848   0.8848   0.8848   0.8848   0.9090   0.9090   0.9090   0.9090   0.9090   0.9090   0.9090   0.9090
************  LA1  ************
 NI=  1 NI_GLOBAL=  1
   1.0880   1.0880   1.0880   1.0880   1.0880   1.0880   1.2519   1.2519   1.2519   1.2519   1.2519   1.2519   1.2519   1.2519
             CALC_BAND_AL takes  0 hours  0 minutes and    1.47 seconds (CPU).
                          takes  0 hours  0 minutes and    0.74 seconds (WALL).
 ILOOP            1
 ILOOP            2
   FERMI ENERGY AT    1.09875321635540     
   SUM RULE OF TETRAHEDRON INTEGRATION CHECKED 
   number of occupied bands:          18
   highest energy:   1.12702636887693     
************  NK-  ************
 NI=  1 NI_GLOBAL=  1
   0.8341   0.8122   0.8322   0.8322   0.8122   0.8341   0.0297   0.0345   0.0303   0.0293   0.0293   0.0303   0.0345   0.0297
************  NNK  ************
 NI=  1 NI_GLOBAL=  1
   0.8341   0.0000   0.0000   0.0000  -0.0052   0.0000   0.0000  -0.0054   0.0000   0.0000   0.0000  -0.0006   0.0000   0.0000
   0.0000   0.8122   0.0000   0.0000   0.0000  -0.0052   0.0000   0.0000   0.0066   0.0000   0.0000   0.0000  -0.0016   0.0000
   0.0000   0.0000   0.8322   0.0000   0.0000   0.0000   0.0000   0.0000   0.0000   0.0043   0.0000   0.0000   0.0000   0.0022
   0.0000   0.0000   0.0000   0.8322   0.0000   0.0000  -0.0022   0.0000   0.0000   0.0000  -0.0043   0.0000   0.0000   0.0000
  -0.0052   0.0000   0.0000   0.0000   0.8122   0.0000   0.0000   0.0016   0.0000   0.0000   0.0000  -0.0066   0.0000   0.0000
   0.0000  -0.0052   0.0000   0.0000   0.0000   0.8341   0.0000   0.0000   0.0006   0.0000   0.0000   0.0000   0.0054   0.0000
   0.0000   0.0000   0.0000  -0.0022   0.0000   0.0000   0.0297   0.0000   0.0000   0.0000   0.0000   0.0000   0.0000   0.0000
  -0.0054   0.0000   0.0000   0.0000   0.0016   0.0000   0.0000   0.0345   0.0000   0.0000   0.0000   0.0010   0.0000   0.0000
   0.0000   0.0066   0.0000   0.0000   0.0000   0.0006   0.0000   0.0000   0.0303   0.0000   0.0000   0.0000   0.0010   0.0000
   0.0000   0.0000   0.0043   0.0000   0.0000   0.0000   0.0000   0.0000   0.0000   0.0293   0.0000   0.0000   0.0000   0.0000
   0.0000   0.0000   0.0000  -0.0043   0.0000   0.0000   0.0000   0.0000   0.0000   0.0000   0.0293   0.0000   0.0000   0.0000
  -0.0006   0.0000   0.0000   0.0000  -0.0066   0.0000   0.0000   0.0010   0.0000   0.0000   0.0000   0.0303   0.0000   0.0000
   0.0000  -0.0016   0.0000   0.0000   0.0000   0.0054   0.0000   0.0000   0.0010   0.0000   0.0000   0.0000   0.0345   0.0000
   0.0000   0.0000   0.0022   0.0000   0.0000   0.0000   0.0000   0.0000   0.0000   0.0000   0.0000   0.0000   0.0000   0.0297
************  NKS  ************
 NI=  1 NI_GLOBAL=  1
   0.8262   0.8262   0.8262   0.8262   0.8262   0.8262   0.0309   0.0309   0.0309   0.0309   0.0309   0.0309   0.0309   0.0309
 NELE_LOC TOTAL:
           5.2046641564335481
              CALC_DA_BND takes  0 hours  0 minutes and    0.25 seconds (CPU).
                          takes  0 hours  0 minutes and    0.26 seconds (WALL).
************  DA-  ************
 NI=  1 NI_GLOBAL=  1
  -0.0175  -0.0195  -0.0180  -0.0180  -0.0195  -0.0175  -0.0065  -0.0077  -0.0066  -0.0066  -0.0066  -0.0066  -0.0077  -0.0065
************  DAA  ************
 NI=  1 NI_GLOBAL=  1
  -0.0183  -0.0183  -0.0183  -0.0183  -0.0183  -0.0183  -0.0069  -0.0069  -0.0069  -0.0069  -0.0069  -0.0069  -0.0069  -0.0069
 NI=  1 VDC=    1.3270
************  LA2  ************
 NI=  1 NI_GLOBAL=  1
  -2.4886  -2.4886  -2.4886  -2.4886  -2.4886  -2.4886  -2.3839  -2.3839  -2.3839  -2.3839  -2.3839  -2.3839  -2.3839  -2.3839
 NI=  1 PHI-step gap=  0.14E+00
************  RAA  ************
 NI=  1 NI_GLOBAL=  1
   0.8848   0.8848   0.8848   0.8848   0.8848   0.8848   0.9090   0.9090   0.9090   0.9090   0.9090   0.9090   0.9090   0.9090
************  NC0  ************
 NI=  1 NI_GLOBAL=  1
   0.8262   0.8262   0.8262   0.8262   0.8262   0.8262   0.0309   0.0309   0.0309   0.0309   0.0309   0.0309   0.0309   0.0309
                  CALC_LC takes  0 hours  7 minutes and   23.64 seconds (CPU).
                          takes  0 hours  7 minutes and   23.56 seconds (WALL).
                GUTZ_FCN1 takes  0 hours  7 minutes and   25.73 seconds (CPU).
                          takes  0 hours  7 minutes and   24.85 seconds (WALL).
************  DIF_X  ************
   -0.000000152192    0.000000018221
    0.000000033828   -0.000000011240
 ITER1=  3 MAXERR=    0.00000015
************   WH%X  ************
    0.88484992    0.90899750
    1.08801446    1.25191997
************  RIN  ************
 NI=  1 NI_GLOBAL=  1
   0.8848   0.8848   0.8848   0.8848   0.8848   0.8848   0.9090   0.9090   0.9090   0.9090   0.9090   0.9090   0.9090   0.9090
************  LA1  ************
 NI=  1 NI_GLOBAL=  1
   1.0880   1.0880   1.0880   1.0880   1.0880   1.0880   1.2519   1.2519   1.2519   1.2519   1.2519   1.2519   1.2519   1.2519
             CALC_BAND_AL takes  0 hours  0 minutes and    1.48 seconds (CPU).
                          takes  0 hours  0 minutes and    0.73 seconds (WALL).
 ILOOP            1
 ILOOP            2
   FERMI ENERGY AT    1.09875320812638     
   SUM RULE OF TETRAHEDRON INTEGRATION CHECKED 
   number of occupied bands:          18
   highest energy:   1.12702636613793     
************  NK-  ************
 NI=  1 NI_GLOBAL=  1
   0.8341   0.8122   0.8322   0.8322   0.8122   0.8341   0.0297   0.0345   0.0303   0.0293   0.0293   0.0303   0.0345   0.0297
************  NNK  ************
 NI=  1 NI_GLOBAL=  1
   0.8341   0.0000   0.0000   0.0000  -0.0052   0.0000   0.0000  -0.0054   0.0000   0.0000   0.0000  -0.0006   0.0000   0.0000
   0.0000   0.8122   0.0000   0.0000   0.0000  -0.0052   0.0000   0.0000   0.0066   0.0000   0.0000   0.0000  -0.0016   0.0000
   0.0000   0.0000   0.8322   0.0000   0.0000   0.0000   0.0000   0.0000   0.0000   0.0043   0.0000   0.0000   0.0000   0.0022
   0.0000   0.0000   0.0000   0.8322   0.0000   0.0000  -0.0022   0.0000   0.0000   0.0000  -0.0043   0.0000   0.0000   0.0000
  -0.0052   0.0000   0.0000   0.0000   0.8122   0.0000   0.0000   0.0016   0.0000   0.0000   0.0000  -0.0066   0.0000   0.0000
   0.0000  -0.0052   0.0000   0.0000   0.0000   0.8341   0.0000   0.0000   0.0006   0.0000   0.0000   0.0000   0.0054   0.0000
   0.0000   0.0000   0.0000  -0.0022   0.0000   0.0000   0.0297   0.0000   0.0000   0.0000   0.0000   0.0000   0.0000   0.0000
  -0.0054   0.0000   0.0000   0.0000   0.0016   0.0000   0.0000   0.0345   0.0000   0.0000   0.0000   0.0010   0.0000   0.0000
   0.0000   0.0066   0.0000   0.0000   0.0000   0.0006   0.0000   0.0000   0.0303   0.0000   0.0000   0.0000   0.0010   0.0000
   0.0000   0.0000   0.0043   0.0000   0.0000   0.0000   0.0000   0.0000   0.0000   0.0293   0.0000   0.0000   0.0000   0.0000
   0.0000   0.0000   0.0000  -0.0043   0.0000   0.0000   0.0000   0.0000   0.0000   0.0000   0.0293   0.0000   0.0000   0.0000
  -0.0006   0.0000   0.0000   0.0000  -0.0066   0.0000   0.0000   0.0010   0.0000   0.0000   0.0000   0.0303   0.0000   0.0000
   0.0000  -0.0016   0.0000   0.0000   0.0000   0.0054   0.0000   0.0000   0.0010   0.0000   0.0000   0.0000   0.0345   0.0000
   0.0000   0.0000   0.0022   0.0000   0.0000   0.0000   0.0000   0.0000   0.0000   0.0000   0.0000   0.0000   0.0000   0.0297
************  NKS  ************
 NI=  1 NI_GLOBAL=  1
   0.8262   0.8262   0.8262   0.8262   0.8262   0.8262   0.0309   0.0309   0.0309   0.0309   0.0309   0.0309   0.0309   0.0309
 NELE_LOC TOTAL:
           5.2046642535617966
              CALC_DA_BND takes  0 hours  0 minutes and    0.25 seconds (CPU).
                          takes  0 hours  0 minutes and    0.26 seconds (WALL).
************  DA-  ************
 NI=  1 NI_GLOBAL=  1
  -0.0175  -0.0195  -0.0180  -0.0180  -0.0195  -0.0175  -0.0065  -0.0077  -0.0066  -0.0066  -0.0066  -0.0066  -0.0077  -0.0065
************  DAA  ************
 NI=  1 NI_GLOBAL=  1
  -0.0183  -0.0183  -0.0183  -0.0183  -0.0183  -0.0183  -0.0069  -0.0069  -0.0069  -0.0069  -0.0069  -0.0069  -0.0069  -0.0069
 NI=  1 VDC=    1.3270
************  LA2  ************
 NI=  1 NI_GLOBAL=  1
  -2.4886  -2.4886  -2.4886  -2.4886  -2.4886  -2.4886  -2.3839  -2.3839  -2.3839  -2.3839  -2.3839  -2.3839  -2.3839  -2.3839
 NI=  1 PHI-step gap=  0.14E+00
************  RAA  ************
 NI=  1 NI_GLOBAL=  1
   0.8848   0.8848   0.8848   0.8848   0.8848   0.8848   0.9090   0.9090   0.9090   0.9090   0.9090   0.9090   0.9090   0.9090
************  NC0  ************
 NI=  1 NI_GLOBAL=  1
   0.8262   0.8262   0.8262   0.8262   0.8262   0.8262   0.0309   0.0309   0.0309   0.0309   0.0309   0.0309   0.0309   0.0309
                  CALC_LC takes  0 hours  8 minutes and   23.25 seconds (CPU).
                          takes  0 hours  8 minutes and   23.16 seconds (WALL).
                GUTZ_FCN1 takes  0 hours  8 minutes and   25.34 seconds (CPU).
                          takes  0 hours  8 minutes and   24.45 seconds (WALL).
************  DIF_X  ************
   -0.000000004780   -0.000000000866
    0.000000000500    0.000000000803
 ITER1=  4 MAXERR=    0.00000000
 NFJAC=   0
 SOLVE1 FINISHED WITH       4 ITERATIONS.
               GUTZ_SOLVE takes  0 hours 33 minutes and   38.88 seconds (CPU).
                          takes  0 hours 33 minutes and   35.30 seconds (WALL).
 MAX. NELF1 DIFF=    0.00194650
               CALC_PJRHO takes  0 hours  0 minutes and    0.58 seconds (CPU).
                          takes  0 hours  0 minutes and    0.38 seconds (WALL).
 NI=  1 SUM_PHY-SUM_KS=      0.00000001 WOULD BE RENORMALIZED
************  NC1  ************
 NI=  1 NI_GLOBAL=  1
   0.8106   0.8106   0.8106   0.8106   0.8106   0.8106   0.0426   0.0426   0.0426   0.0426   0.0426   0.0426   0.0426   0.0426
               CALC_NCPHY takes  0 hours  0 minutes and   50.50 seconds (CPU).
                          takes  0 hours  0 minutes and   50.49 seconds (WALL).
 GYZ%PJ%EGAMM:
     8.99019
 ENG%GAMM:     8.99019
 ENG%POT2:     3.06302
 EDCLA1(NI) ARRAY:
    -5.703
 EDCUJ(NI) ARRAY:
    -3.107
 EDCUJV(NI) ARRAY:
    -6.906
 EDC(NI) ARRAY:
    -8.810
 ENG%DBLC:    -8.80987
 ENG%DC1 :    -5.70333
 ENG%DC2 :    -3.10654
 ENG%DC2V:    -6.90645
 DC_E_STD_TO_E_V:    -3.79991
 ENG%BAND:     1.94859
 ENG%DL(DEEP LEVEL):    -6.37016
 ENG%TB=     2.12892
 ENG%TB-DC2=     5.23545
 NI=  1 OCC_CONFIG_WEIGHT:
        OCC= 0 WEIGHT=   0.00000
        OCC= 1 WEIGHT=   0.00000
        OCC= 2 WEIGHT=   0.00006
        OCC= 3 WEIGHT=   0.00489
        OCC= 4 WEIGHT=   0.11797
        OCC= 5 WEIGHT=   0.56296
        OCC= 6 WEIGHT=   0.29596
        OCC= 7 WEIGHT=   0.01785
        OCC= 8 WEIGHT=   0.00031
        OCC= 9 WEIGHT=   0.00000
                 CALC_RCW takes  0 hours  0 minutes and    0.00 seconds (CPU).
                          takes  0 hours  0 minutes and    0.00 seconds (WALL).
 NI=  1 J2=   12.0295
                 CALC_SLJ takes  0 hours  0 minutes and    0.00 seconds (CPU).
                          takes  0 hours  0 minutes and    0.00 seconds (WALL).
 NI=  1 ENTANGLEMENT ENTROPY=      3.7033
           CALC_ENTANGLES takes  0 hours  0 minutes and    1.12 seconds (CPU).
                          takes  0 hours  0 minutes and    1.02 seconds (WALL).
 CORRELATED SUBSPACE, SUM_FERWT=      8.0000000 SUM_KSWT=      8.0000000
 MAX OFF DIAGONAL KS.WT=    0.000629
 MAX/MIN R=    0.908997    0.884850
                CALC_KSWT takes  0 hours  0 minutes and    0.05 seconds (CPU).
                          takes  0 hours  0 minutes and    0.02 seconds (WALL).
                    TOTAL takes  0 hours 35 minutes and   38.26 seconds (CPU).
                          takes  0 hours 35 minutes and   32.60 seconds (WALL).
