******Program DMFT: Computes Gloc and Delta for Dynamical Mean Field Theory calculation ******
 CALCULATION WITH COMPLEX VECTORS
 CALCULATION WITH SOC VECTORS REQUIRED
 Running DMFT in mpi mode
  
 numkpt=         726
   0.00000   0.00000   0.00000   1.00000
   0.04762   0.04762   0.00000   4.00000
   0.09524   0.09524   0.00000   4.00000
   0.14286   0.14286   0.00000   4.00000
   0.19048   0.19048   0.00000   4.00000
   0.23810   0.23810   0.00000   4.00000
   0.28571   0.28571   0.00000   4.00000
   0.33333   0.33333   0.00000   4.00000
   0.38095   0.38095   0.00000   4.00000
   0.42857   0.42857   0.00000   4.00000
   0.47619   0.47619   0.00000   4.00000
   0.04762   0.00000   0.04762   8.00000
   0.09524   0.04762   0.04762  16.00000
   0.14286   0.09524   0.04762  16.00000
   0.19048   0.14286   0.04762  16.00000
   0.23810   0.19048   0.04762  16.00000
   0.28571   0.23810   0.04762  16.00000
   0.33333   0.28571   0.04762  16.00000
   0.38095   0.33333   0.04762  16.00000
   0.42857   0.38095   0.04762  16.00000
   0.47619   0.42857   0.04762  16.00000
   0.52381   0.47619   0.04762   8.00000
   0.09524   0.00000   0.09524   8.00000
   0.14286   0.04762   0.09524  16.00000
   0.19048   0.09524   0.09524  16.00000
   0.23810   0.14286   0.09524  16.00000
   0.28571   0.19048   0.09524  16.00000
   0.33333   0.23810   0.09524  16.00000
   0.38095   0.28571   0.09524  16.00000
   0.42857   0.33333   0.09524  16.00000
   0.47619   0.38095   0.09524  16.00000
   0.52381   0.42857   0.09524  16.00000
   1.04762   0.95238   0.09524   8.00000
   0.14286   0.00000   0.14286   8.00000
   0.19048   0.04762   0.14286  16.00000
   0.23810   0.09524   0.14286  16.00000
   0.28571   0.14286   0.14286  16.00000
   0.33333   0.19048   0.14286  16.00000
   0.38095   0.23810   0.14286  16.00000
   0.42857   0.28571   0.14286  16.00000
   0.47619   0.33333   0.14286  16.00000
   0.52381   0.38095   0.14286  16.00000
   0.57143   0.42857   0.14286   8.00000
   1.04762   0.90476   0.14286  16.00000
   0.19048   0.00000   0.19048   8.00000
   0.23810   0.04762   0.19048  16.00000
   0.28571   0.09524   0.19048  16.00000
   0.33333   0.14286   0.19048  16.00000
   0.38095   0.19048   0.19048  16.00000
   0.42857   0.23810   0.19048  16.00000
   0.47619   0.28571   0.19048  16.00000
   0.52381   0.33333   0.19048  16.00000
   0.57143   0.38095   0.19048  16.00000
   1.04762   0.85714   0.19048  16.00000
   1.09524   0.90476   0.19048   8.00000
   0.23810   0.00000   0.23810   8.00000
   0.28571   0.04762   0.23810  16.00000
   0.33333   0.09524   0.23810  16.00000
   0.38095   0.14286   0.23810  16.00000
   0.42857   0.19048   0.23810  16.00000
   0.47619   0.23810   0.23810  16.00000
   0.52381   0.28571   0.23810  16.00000
   0.57143   0.33333   0.23810  16.00000
   0.61905   0.38095   0.23810   8.00000
   1.04762   0.80952   0.23810  16.00000
   1.09524   0.85714   0.23810  16.00000
   0.28571   0.00000   0.28571   8.00000
   0.33333   0.04762   0.28571  16.00000
   0.38095   0.09524   0.28571  16.00000
   0.42857   0.14286   0.28571  16.00000
   0.47619   0.19048   0.28571  16.00000
   0.52381   0.23810   0.28571  16.00000
   0.57143   0.28571   0.28571  16.00000
   0.61905   0.33333   0.28571  16.00000
   1.04762   0.76190   0.28571  16.00000
   1.09524   0.80952   0.28571  16.00000
   1.14286   0.85714   0.28571   8.00000
   0.33333   0.00000   0.33333   8.00000
   0.38095   0.04762   0.33333  16.00000
   0.42857   0.09524   0.33333  16.00000
   0.47619   0.14286   0.33333  16.00000
   0.52381   0.19048   0.33333  16.00000
   0.57143   0.23810   0.33333  16.00000
   0.61905   0.28571   0.33333  16.00000
   0.66667   0.33333   0.33333   8.00000
   1.04762   0.71429   0.33333  16.00000
   1.09524   0.76190   0.33333  16.00000
   1.14286   0.80952   0.33333  16.00000
   0.38095   0.00000   0.38095   8.00000
   0.42857   0.04762   0.38095  16.00000
   0.47619   0.09524   0.38095  16.00000
   0.52381   0.14286   0.38095  16.00000
   0.57143   0.19048   0.38095  16.00000
   0.61905   0.23810   0.38095  16.00000
   0.66667   0.28571   0.38095  16.00000
   1.04762   0.66667   0.38095  16.00000
   1.09524   0.71429   0.38095  16.00000
   1.14286   0.76190   0.38095  16.00000
   1.19048   0.80952   0.38095   8.00000
   0.42857   0.00000   0.42857   8.00000
   0.47619   0.04762   0.42857  16.00000
   0.52381   0.09524   0.42857  16.00000
   0.57143   0.14286   0.42857  16.00000
   0.61905   0.19048   0.42857  16.00000
   0.66667   0.23810   0.42857  16.00000
   0.71429   0.28571   0.42857   8.00000
   1.04762   0.61905   0.42857  16.00000
   1.09524   0.66667   0.42857  16.00000
   1.14286   0.71429   0.42857  16.00000
   1.19048   0.76190   0.42857  16.00000
   0.47619   0.00000   0.47619   8.00000
   0.52381   0.04762   0.47619  16.00000
   0.57143   0.09524   0.47619  16.00000
   0.61905   0.14286   0.47619  16.00000
   0.66667   0.19048   0.47619  16.00000
   0.71429   0.23810   0.47619  16.00000
   1.04762   0.57143   0.47619  16.00000
   1.09524   0.61905   0.47619  16.00000
   1.14286   0.66667   0.47619  16.00000
   1.19048   0.71429   0.47619  16.00000
   1.23810   0.76190   0.47619   8.00000
   0.09524   0.09524   0.09524   8.00000
   0.14286   0.14286   0.09524   8.00000
   0.19048   0.19048   0.09524   8.00000
   0.23810   0.23810   0.09524   8.00000
   0.28571   0.28571   0.09524   8.00000
   0.33333   0.33333   0.09524   8.00000
   0.38095   0.38095   0.09524   8.00000
   0.42857   0.42857   0.09524   8.00000
   0.47619   0.47619   0.09524   8.00000
   1.00000   1.00000   0.09524   2.00000
   0.14286   0.09524   0.14286  16.00000
   0.19048   0.14286   0.14286  16.00000
   0.23810   0.19048   0.14286  16.00000
   0.28571   0.23810   0.14286  16.00000
   0.33333   0.28571   0.14286  16.00000
   0.38095   0.33333   0.14286  16.00000
   0.42857   0.38095   0.14286  16.00000
   0.47619   0.42857   0.14286  16.00000
   0.52381   0.47619   0.14286   8.00000
   1.00000   0.95238   0.14286   8.00000
   0.19048   0.09524   0.19048  16.00000
   0.23810   0.14286   0.19048  16.00000
   0.28571   0.19048   0.19048  16.00000
   0.33333   0.23810   0.19048  16.00000
   0.38095   0.28571   0.19048  16.00000
   0.42857   0.33333   0.19048  16.00000
   0.47619   0.38095   0.19048  16.00000
   0.52381   0.42857   0.19048  16.00000
   1.00000   0.90476   0.19048   8.00000
   1.04762   0.95238   0.19048   8.00000
   0.23810   0.09524   0.23810  16.00000
   0.28571   0.14286   0.23810  16.00000
   0.33333   0.19048   0.23810  16.00000
   0.38095   0.23810   0.23810  16.00000
   0.42857   0.28571   0.23810  16.00000
   0.47619   0.33333   0.23810  16.00000
   0.52381   0.38095   0.23810  16.00000
   0.57143   0.42857   0.23810   8.00000
   1.00000   0.85714   0.23810   8.00000
   1.04762   0.90476   0.23810  16.00000
   0.28571   0.09524   0.28571  16.00000
   0.33333   0.14286   0.28571  16.00000
   0.38095   0.19048   0.28571  16.00000
   0.42857   0.23810   0.28571  16.00000
   0.47619   0.28571   0.28571  16.00000
   0.52381   0.33333   0.28571  16.00000
   0.57143   0.38095   0.28571  16.00000
   1.00000   0.80952   0.28571   8.00000
   1.04762   0.85714   0.28571  16.00000
   1.09524   0.90476   0.28571   8.00000
   0.33333   0.09524   0.33333  16.00000
   0.38095   0.14286   0.33333  16.00000
   0.42857   0.19048   0.33333  16.00000
   0.47619   0.23810   0.33333  16.00000
   0.52381   0.28571   0.33333  16.00000
   0.57143   0.33333   0.33333  16.00000
   0.61905   0.38095   0.33333   8.00000
   1.00000   0.76190   0.33333   8.00000
   1.04762   0.80952   0.33333  16.00000
   1.09524   0.85714   0.33333  16.00000
   0.38095   0.09524   0.38095  16.00000
   0.42857   0.14286   0.38095  16.00000
   0.47619   0.19048   0.38095  16.00000
   0.52381   0.23810   0.38095  16.00000
   0.57143   0.28571   0.38095  16.00000
   0.61905   0.33333   0.38095  16.00000
   1.00000   0.71429   0.38095   8.00000
   1.04762   0.76190   0.38095  16.00000
   1.09524   0.80952   0.38095  16.00000
   1.14286   0.85714   0.38095   8.00000
   0.42857   0.09524   0.42857  16.00000
   0.47619   0.14286   0.42857  16.00000
   0.52381   0.19048   0.42857  16.00000
   0.57143   0.23810   0.42857  16.00000
   0.61905   0.28571   0.42857  16.00000
   0.66667   0.33333   0.42857   8.00000
   1.00000   0.66667   0.42857   8.00000
   1.04762   0.71429   0.42857  16.00000
   1.09524   0.76190   0.42857  16.00000
   1.14286   0.80952   0.42857  16.00000
   0.47619   0.09524   0.47619  16.00000
   0.52381   0.14286   0.47619  16.00000
   0.57143   0.19048   0.47619  16.00000
   0.61905   0.23810   0.47619  16.00000
   0.66667   0.28571   0.47619  16.00000
   1.00000   0.61905   0.47619   8.00000
   1.04762   0.66667   0.47619  16.00000
   1.09524   0.71429   0.47619  16.00000
   1.14286   0.76190   0.47619  16.00000
   1.19048   0.80952   0.47619   8.00000
   0.57143   0.14286   0.52381  16.00000
   0.61905   0.19048   0.52381  16.00000
   0.66667   0.23810   0.52381  16.00000
   0.71429   0.28571   0.52381   8.00000
   1.00000   0.57143   0.52381   8.00000
   1.04762   0.61905   0.52381  16.00000
   1.09524   0.66667   0.52381  16.00000
   1.14286   0.71429   0.52381  16.00000
   1.19048   0.76190   0.52381  16.00000
   0.61905   0.14286   0.57143  16.00000
   0.66667   0.19048   0.57143  16.00000
   0.71429   0.23810   0.57143  16.00000
   1.00000   0.52381   0.57143   8.00000
   1.04762   0.57143   0.57143  16.00000
   1.09524   0.61905   0.57143  16.00000
   1.14286   0.66667   0.57143  16.00000
   1.19048   0.71429   0.57143  16.00000
   1.23810   0.76190   0.57143   8.00000
   0.66667   0.14286   0.61905  16.00000
   0.71429   0.19048   0.61905  16.00000
   0.76190   0.23810   0.61905   8.00000
   1.00000   0.47619   0.61905   8.00000
   1.04762   0.52381   0.61905  16.00000
   1.09524   0.57143   0.61905  16.00000
   1.14286   0.61905   0.61905  16.00000
   1.19048   0.66667   0.61905  16.00000
   1.23810   0.71429   0.61905  16.00000
   0.71429   0.14286   0.66667  16.00000
   0.76190   0.19048   0.66667  16.00000
   1.00000   0.42857   0.66667   8.00000
   1.04762   0.47619   0.66667  16.00000
   1.09524   0.52381   0.66667  16.00000
   1.14286   0.57143   0.66667  16.00000
   1.19048   0.61905   0.66667  16.00000
   1.23810   0.66667   0.66667  16.00000
   1.28571   0.71429   0.66667   8.00000
   0.76190   0.14286   0.71429  16.00000
   0.80952   0.19048   0.71429   8.00000
   1.00000   0.38095   0.71429   8.00000
   1.04762   0.42857   0.71429  16.00000
   1.09524   0.47619   0.71429  16.00000
   1.14286   0.52381   0.71429  16.00000
   1.19048   0.57143   0.71429  16.00000
   1.23810   0.61905   0.71429  16.00000
   1.28571   0.66667   0.71429  16.00000
   0.80952   0.14286   0.76190  16.00000
   1.00000   0.33333   0.76190   8.00000
   1.04762   0.38095   0.76190  16.00000
   1.09524   0.42857   0.76190  16.00000
   1.14286   0.47619   0.76190  16.00000
   1.19048   0.52381   0.76190  16.00000
   1.23810   0.57143   0.76190  16.00000
   1.28571   0.61905   0.76190  16.00000
   1.33333   0.66667   0.76190   8.00000
   0.85714   0.14286   0.80952   8.00000
   1.00000   0.28571   0.80952   8.00000
   1.04762   0.33333   0.80952  16.00000
   1.09524   0.38095   0.80952  16.00000
   1.14286   0.42857   0.80952  16.00000
   1.19048   0.47619   0.80952  16.00000
   1.23810   0.52381   0.80952  16.00000
   1.28571   0.57143   0.80952  16.00000
   1.33333   0.61905   0.80952  16.00000
   1.00000   0.23810   0.85714   8.00000
   1.04762   0.28571   0.85714  16.00000
   1.09524   0.33333   0.85714  16.00000
   1.14286   0.38095   0.85714  16.00000
   1.19048   0.42857   0.85714  16.00000
   1.23810   0.47619   0.85714  16.00000
   1.28571   0.52381   0.85714  16.00000
   1.33333   0.57143   0.85714  16.00000
   1.38095   0.61905   0.85714   8.00000
   1.00000   0.19048   0.90476   8.00000
   1.04762   0.23810   0.90476  16.00000
   1.09524   0.28571   0.90476  16.00000
   1.14286   0.33333   0.90476  16.00000
   1.19048   0.38095   0.90476  16.00000
   1.23810   0.42857   0.90476  16.00000
   1.28571   0.47619   0.90476  16.00000
   1.33333   0.52381   0.90476  16.00000
   1.38095   0.57143   0.90476  16.00000
   1.00000   0.14286   0.95238   8.00000
   1.04762   0.19048   0.95238  16.00000
   1.09524   0.23810   0.95238  16.00000
   1.14286   0.28571   0.95238  16.00000
   1.19048   0.33333   0.95238  16.00000
   1.23810   0.38095   0.95238  16.00000
   1.28571   0.42857   0.95238  16.00000
   1.33333   0.47619   0.95238  16.00000
   1.38095   0.52381   0.95238  16.00000
   1.42857   0.57143   0.95238   8.00000
   1.00000   0.09524   1.00000   4.00000
   1.04762   0.14286   1.00000   8.00000
   1.09524   0.19048   1.00000   8.00000
   1.14286   0.23810   1.00000   8.00000
   1.19048   0.28571   1.00000   8.00000
   1.23810   0.33333   1.00000   8.00000
   1.28571   0.38095   1.00000   8.00000
   1.33333   0.42857   1.00000   8.00000
   1.38095   0.47619   1.00000   8.00000
   1.42857   0.52381   1.00000   8.00000
   0.19048   0.19048   0.19048   8.00000
   0.23810   0.23810   0.19048   8.00000
   0.28571   0.28571   0.19048   8.00000
   0.33333   0.33333   0.19048   8.00000
   0.38095   0.38095   0.19048   8.00000
   0.42857   0.42857   0.19048   8.00000
   0.47619   0.47619   0.19048   8.00000
   1.00000   1.00000   0.19048   2.00000
   0.23810   0.19048   0.23810  16.00000
   0.28571   0.23810   0.23810  16.00000
   0.33333   0.28571   0.23810  16.00000
   0.38095   0.33333   0.23810  16.00000
   0.42857   0.38095   0.23810  16.00000
   0.47619   0.42857   0.23810  16.00000
   0.52381   0.47619   0.23810   8.00000
   1.00000   0.95238   0.23810   8.00000
   0.28571   0.19048   0.28571  16.00000
   0.33333   0.23810   0.28571  16.00000
   0.38095   0.28571   0.28571  16.00000
   0.42857   0.33333   0.28571  16.00000
   0.47619   0.38095   0.28571  16.00000
   0.52381   0.42857   0.28571  16.00000
   1.00000   0.90476   0.28571   8.00000
   1.04762   0.95238   0.28571   8.00000
   0.33333   0.19048   0.33333  16.00000
   0.38095   0.23810   0.33333  16.00000
   0.42857   0.28571   0.33333  16.00000
   0.47619   0.33333   0.33333  16.00000
   0.52381   0.38095   0.33333  16.00000
   0.57143   0.42857   0.33333   8.00000
   1.00000   0.85714   0.33333   8.00000
   1.04762   0.90476   0.33333  16.00000
   0.38095   0.19048   0.38095  16.00000
   0.42857   0.23810   0.38095  16.00000
   0.47619   0.28571   0.38095  16.00000
   0.52381   0.33333   0.38095  16.00000
   0.57143   0.38095   0.38095  16.00000
   1.00000   0.80952   0.38095   8.00000
   1.04762   0.85714   0.38095  16.00000
   1.09524   0.90476   0.38095   8.00000
   0.42857   0.19048   0.42857  16.00000
   0.47619   0.23810   0.42857  16.00000
   0.52381   0.28571   0.42857  16.00000
   0.57143   0.33333   0.42857  16.00000
   0.61905   0.38095   0.42857   8.00000
   1.00000   0.76190   0.42857   8.00000
   1.04762   0.80952   0.42857  16.00000
   1.09524   0.85714   0.42857  16.00000
   0.47619   0.19048   0.47619  16.00000
   0.52381   0.23810   0.47619  16.00000
   0.57143   0.28571   0.47619  16.00000
   0.61905   0.33333   0.47619  16.00000
   1.00000   0.71429   0.47619   8.00000
   1.04762   0.76190   0.47619  16.00000
   1.09524   0.80952   0.47619  16.00000
   1.14286   0.85714   0.47619   8.00000
   0.57143   0.23810   0.52381  16.00000
   0.61905   0.28571   0.52381  16.00000
   0.66667   0.33333   0.52381   8.00000
   1.00000   0.66667   0.52381   8.00000
   1.04762   0.71429   0.52381  16.00000
   1.09524   0.76190   0.52381  16.00000
   1.14286   0.80952   0.52381  16.00000
   0.61905   0.23810   0.57143  16.00000
   0.66667   0.28571   0.57143  16.00000
   1.00000   0.61905   0.57143   8.00000
   1.04762   0.66667   0.57143  16.00000
   1.09524   0.71429   0.57143  16.00000
   1.14286   0.76190   0.57143  16.00000
   1.19048   0.80952   0.57143   8.00000
   0.66667   0.23810   0.61905  16.00000
   0.71429   0.28571   0.61905   8.00000
   1.00000   0.57143   0.61905   8.00000
   1.04762   0.61905   0.61905  16.00000
   1.09524   0.66667   0.61905  16.00000
   1.14286   0.71429   0.61905  16.00000
   1.19048   0.76190   0.61905  16.00000
   0.71429   0.23810   0.66667  16.00000
   1.00000   0.52381   0.66667   8.00000
   1.04762   0.57143   0.66667  16.00000
   1.09524   0.61905   0.66667  16.00000
   1.14286   0.66667   0.66667  16.00000
   1.19048   0.71429   0.66667  16.00000
   1.23810   0.76190   0.66667   8.00000
   0.76190   0.23810   0.71429   8.00000
   1.00000   0.47619   0.71429   8.00000
   1.04762   0.52381   0.71429  16.00000
   1.09524   0.57143   0.71429  16.00000
   1.14286   0.61905   0.71429  16.00000
   1.19048   0.66667   0.71429  16.00000
   1.23810   0.71429   0.71429  16.00000
   1.00000   0.42857   0.76190   8.00000
   1.04762   0.47619   0.76190  16.00000
   1.09524   0.52381   0.76190  16.00000
   1.14286   0.57143   0.76190  16.00000
   1.19048   0.61905   0.76190  16.00000
   1.23810   0.66667   0.76190  16.00000
   1.28571   0.71429   0.76190   8.00000
   1.00000   0.38095   0.80952   8.00000
   1.04762   0.42857   0.80952  16.00000
   1.09524   0.47619   0.80952  16.00000
   1.14286   0.52381   0.80952  16.00000
   1.19048   0.57143   0.80952  16.00000
   1.23810   0.61905   0.80952  16.00000
   1.28571   0.66667   0.80952  16.00000
   1.00000   0.33333   0.85714   8.00000
   1.04762   0.38095   0.85714  16.00000
   1.09524   0.42857   0.85714  16.00000
   1.14286   0.47619   0.85714  16.00000
   1.19048   0.52381   0.85714  16.00000
   1.23810   0.57143   0.85714  16.00000
   1.28571   0.61905   0.85714  16.00000
   1.33333   0.66667   0.85714   8.00000
   1.00000   0.28571   0.90476   8.00000
   1.04762   0.33333   0.90476  16.00000
   1.09524   0.38095   0.90476  16.00000
   1.14286   0.42857   0.90476  16.00000
   1.19048   0.47619   0.90476  16.00000
   1.23810   0.52381   0.90476  16.00000
   1.28571   0.57143   0.90476  16.00000
   1.33333   0.61905   0.90476  16.00000
   1.00000   0.23810   0.95238   8.00000
   1.04762   0.28571   0.95238  16.00000
   1.09524   0.33333   0.95238  16.00000
   1.14286   0.38095   0.95238  16.00000
   1.19048   0.42857   0.95238  16.00000
   1.23810   0.47619   0.95238  16.00000
   1.28571   0.52381   0.95238  16.00000
   1.33333   0.57143   0.95238  16.00000
   1.38095   0.61905   0.95238   8.00000
   1.00000   0.19048   1.00000   4.00000
   1.04762   0.23810   1.00000   8.00000
   1.09524   0.28571   1.00000   8.00000
   1.14286   0.33333   1.00000   8.00000
   1.19048   0.38095   1.00000   8.00000
   1.23810   0.42857   1.00000   8.00000
   1.28571   0.47619   1.00000   8.00000
   1.33333   0.52381   1.00000   8.00000
   1.38095   0.57143   1.00000   8.00000
   0.28571   0.28571   0.28571   8.00000
   0.33333   0.33333   0.28571   8.00000
   0.38095   0.38095   0.28571   8.00000
   0.42857   0.42857   0.28571   8.00000
   0.47619   0.47619   0.28571   8.00000
   1.00000   1.00000   0.28571   2.00000
   0.33333   0.28571   0.33333  16.00000
   0.38095   0.33333   0.33333  16.00000
   0.42857   0.38095   0.33333  16.00000
   0.47619   0.42857   0.33333  16.00000
   0.52381   0.47619   0.33333   8.00000
   1.00000   0.95238   0.33333   8.00000
   0.38095   0.28571   0.38095  16.00000
   0.42857   0.33333   0.38095  16.00000
   0.47619   0.38095   0.38095  16.00000
   0.52381   0.42857   0.38095  16.00000
   1.00000   0.90476   0.38095   8.00000
   1.04762   0.95238   0.38095   8.00000
   0.42857   0.28571   0.42857  16.00000
   0.47619   0.33333   0.42857  16.00000
   0.52381   0.38095   0.42857  16.00000
   0.57143   0.42857   0.42857   8.00000
   1.00000   0.85714   0.42857   8.00000
   1.04762   0.90476   0.42857  16.00000
   0.47619   0.28571   0.47619  16.00000
   0.52381   0.33333   0.47619  16.00000
   0.57143   0.38095   0.47619  16.00000
   1.00000   0.80952   0.47619   8.00000
   1.04762   0.85714   0.47619  16.00000
   1.09524   0.90476   0.47619   8.00000
   0.57143   0.33333   0.52381  16.00000
   0.61905   0.38095   0.52381   8.00000
   1.00000   0.76190   0.52381   8.00000
   1.04762   0.80952   0.52381  16.00000
   1.09524   0.85714   0.52381  16.00000
   0.61905   0.33333   0.57143  16.00000
   1.00000   0.71429   0.57143   8.00000
   1.04762   0.76190   0.57143  16.00000
   1.09524   0.80952   0.57143  16.00000
   1.14286   0.85714   0.57143   8.00000
   0.66667   0.33333   0.61905   8.00000
   1.00000   0.66667   0.61905   8.00000
   1.04762   0.71429   0.61905  16.00000
   1.09524   0.76190   0.61905  16.00000
   1.14286   0.80952   0.61905  16.00000
   1.00000   0.61905   0.66667   8.00000
   1.04762   0.66667   0.66667  16.00000
   1.09524   0.71429   0.66667  16.00000
   1.14286   0.76190   0.66667  16.00000
   1.19048   0.80952   0.66667   8.00000
   1.00000   0.57143   0.71429   8.00000
   1.04762   0.61905   0.71429  16.00000
   1.09524   0.66667   0.71429  16.00000
   1.14286   0.71429   0.71429  16.00000
   1.19048   0.76190   0.71429  16.00000
   1.00000   0.52381   0.76190   8.00000
   1.04762   0.57143   0.76190  16.00000
   1.09524   0.61905   0.76190  16.00000
   1.14286   0.66667   0.76190  16.00000
   1.19048   0.71429   0.76190  16.00000
   1.23810   0.76190   0.76190   8.00000
   1.00000   0.47619   0.80952   8.00000
   1.04762   0.52381   0.80952  16.00000
   1.09524   0.57143   0.80952  16.00000
   1.14286   0.61905   0.80952  16.00000
   1.19048   0.66667   0.80952  16.00000
   1.23810   0.71429   0.80952  16.00000
   1.00000   0.42857   0.85714   8.00000
   1.04762   0.47619   0.85714  16.00000
   1.09524   0.52381   0.85714  16.00000
   1.14286   0.57143   0.85714  16.00000
   1.19048   0.61905   0.85714  16.00000
   1.23810   0.66667   0.85714  16.00000
   1.28571   0.71429   0.85714   8.00000
   1.00000   0.38095   0.90476   8.00000
   1.04762   0.42857   0.90476  16.00000
   1.09524   0.47619   0.90476  16.00000
   1.14286   0.52381   0.90476  16.00000
   1.19048   0.57143   0.90476  16.00000
   1.23810   0.61905   0.90476  16.00000
   1.28571   0.66667   0.90476  16.00000
   1.00000   0.33333   0.95238   8.00000
   1.04762   0.38095   0.95238  16.00000
   1.09524   0.42857   0.95238  16.00000
   1.14286   0.47619   0.95238  16.00000
   1.19048   0.52381   0.95238  16.00000
   1.23810   0.57143   0.95238  16.00000
   1.28571   0.61905   0.95238  16.00000
   1.33333   0.66667   0.95238   8.00000
   1.00000   0.28571   1.00000   4.00000
   1.04762   0.33333   1.00000   8.00000
   1.09524   0.38095   1.00000   8.00000
   1.14286   0.42857   1.00000   8.00000
   1.19048   0.47619   1.00000   8.00000
   1.23810   0.52381   1.00000   8.00000
   1.28571   0.57143   1.00000   8.00000
   1.33333   0.61905   1.00000   8.00000
   0.38095   0.38095   0.38095   8.00000
   0.42857   0.42857   0.38095   8.00000
   0.47619   0.47619   0.38095   8.00000
   1.00000   1.00000   0.38095   2.00000
   0.42857   0.38095   0.42857  16.00000
   0.47619   0.42857   0.42857  16.00000
   0.52381   0.47619   0.42857   8.00000
   1.00000   0.95238   0.42857   8.00000
   0.47619   0.38095   0.47619  16.00000
   0.52381   0.42857   0.47619  16.00000
   1.00000   0.90476   0.47619   8.00000
   1.04762   0.95238   0.47619   8.00000
   0.57143   0.42857   0.52381   8.00000
   1.00000   0.85714   0.52381   8.00000
   1.04762   0.90476   0.52381  16.00000
   1.00000   0.80952   0.57143   8.00000
   1.04762   0.85714   0.57143  16.00000
   1.09524   0.90476   0.57143   8.00000
   1.00000   0.76190   0.61905   8.00000
   1.04762   0.80952   0.61905  16.00000
   1.09524   0.85714   0.61905  16.00000
   1.00000   0.71429   0.66667   8.00000
   1.04762   0.76190   0.66667  16.00000
   1.09524   0.80952   0.66667  16.00000
   1.14286   0.85714   0.66667   8.00000
   1.00000   0.66667   0.71429   8.00000
   1.04762   0.71429   0.71429  16.00000
   1.09524   0.76190   0.71429  16.00000
   1.14286   0.80952   0.71429  16.00000
   1.00000   0.61905   0.76190   8.00000
   1.04762   0.66667   0.76190  16.00000
   1.09524   0.71429   0.76190  16.00000
   1.14286   0.76190   0.76190  16.00000
   1.19048   0.80952   0.76190   8.00000
   1.00000   0.57143   0.80952   8.00000
   1.04762   0.61905   0.80952  16.00000
   1.09524   0.66667   0.80952  16.00000
   1.14286   0.71429   0.80952  16.00000
   1.19048   0.76190   0.80952  16.00000
   1.00000   0.52381   0.85714   8.00000
   1.04762   0.57143   0.85714  16.00000
   1.09524   0.61905   0.85714  16.00000
   1.14286   0.66667   0.85714  16.00000
   1.19048   0.71429   0.85714  16.00000
   1.23810   0.76190   0.85714   8.00000
   1.00000   0.47619   0.90476   8.00000
   1.04762   0.52381   0.90476  16.00000
   1.09524   0.57143   0.90476  16.00000
   1.14286   0.61905   0.90476  16.00000
   1.19048   0.66667   0.90476  16.00000
   1.23810   0.71429   0.90476  16.00000
   1.00000   0.42857   0.95238   8.00000
   1.04762   0.47619   0.95238  16.00000
   1.09524   0.52381   0.95238  16.00000
   1.14286   0.57143   0.95238  16.00000
   1.19048   0.61905   0.95238  16.00000
   1.23810   0.66667   0.95238  16.00000
   1.28571   0.71429   0.95238   8.00000
   1.00000   0.38095   1.00000   4.00000
   1.04762   0.42857   1.00000   8.00000
   1.09524   0.47619   1.00000   8.00000
   1.14286   0.52381   1.00000   8.00000
   1.19048   0.57143   1.00000   8.00000
   1.23810   0.61905   1.00000   8.00000
   1.28571   0.66667   1.00000   8.00000
   0.47619   0.47619   0.47619   8.00000
   1.00000   1.00000   0.47619   2.00000
   1.00000   0.95238   0.52381   8.00000
   1.00000   0.90476   0.57143   8.00000
   1.04762   0.95238   0.57143   8.00000
   1.00000   0.85714   0.61905   8.00000
   1.04762   0.90476   0.61905  16.00000
   1.00000   0.80952   0.66667   8.00000
   1.04762   0.85714   0.66667  16.00000
   1.09524   0.90476   0.66667   8.00000
   1.00000   0.76190   0.71429   8.00000
   1.04762   0.80952   0.71429  16.00000
   1.09524   0.85714   0.71429  16.00000
   1.00000   0.71429   0.76190   8.00000
   1.04762   0.76190   0.76190  16.00000
   1.09524   0.80952   0.76190  16.00000
   1.14286   0.85714   0.76190   8.00000
   1.00000   0.66667   0.80952   8.00000
   1.04762   0.71429   0.80952  16.00000
   1.09524   0.76190   0.80952  16.00000
   1.14286   0.80952   0.80952  16.00000
   1.00000   0.61905   0.85714   8.00000
   1.04762   0.66667   0.85714  16.00000
   1.09524   0.71429   0.85714  16.00000
   1.14286   0.76190   0.85714  16.00000
   1.19048   0.80952   0.85714   8.00000
   1.00000   0.57143   0.90476   8.00000
   1.04762   0.61905   0.90476  16.00000
   1.09524   0.66667   0.90476  16.00000
   1.14286   0.71429   0.90476  16.00000
   1.19048   0.76190   0.90476  16.00000
   1.00000   0.52381   0.95238   8.00000
   1.04762   0.57143   0.95238  16.00000
   1.09524   0.61905   0.95238  16.00000
   1.14286   0.66667   0.95238  16.00000
   1.19048   0.71429   0.95238  16.00000
   1.23810   0.76190   0.95238   8.00000
   1.00000   0.47619   1.00000   4.00000
   1.04762   0.52381   1.00000   8.00000
   1.09524   0.57143   1.00000   8.00000
   1.14286   0.61905   1.00000   8.00000
   1.19048   0.66667   1.00000   8.00000
   1.23810   0.71429   1.00000   8.00000
   1.00000   1.00000   0.57143   2.00000
   1.00000   0.95238   0.61905   8.00000
   1.00000   0.90476   0.66667   8.00000
   1.04762   0.95238   0.66667   8.00000
   1.00000   0.85714   0.71429   8.00000
   1.04762   0.90476   0.71429  16.00000
   1.00000   0.80952   0.76190   8.00000
   1.04762   0.85714   0.76190  16.00000
   1.09524   0.90476   0.76190   8.00000
   1.00000   0.76190   0.80952   8.00000
   1.04762   0.80952   0.80952  16.00000
   1.09524   0.85714   0.80952  16.00000
   1.00000   0.71429   0.85714   8.00000
   1.04762   0.76190   0.85714  16.00000
   1.09524   0.80952   0.85714  16.00000
   1.14286   0.85714   0.85714   8.00000
   1.00000   0.66667   0.90476   8.00000
   1.04762   0.71429   0.90476  16.00000
   1.09524   0.76190   0.90476  16.00000
   1.14286   0.80952   0.90476  16.00000
   1.00000   0.61905   0.95238   8.00000
   1.04762   0.66667   0.95238  16.00000
   1.09524   0.71429   0.95238  16.00000
   1.14286   0.76190   0.95238  16.00000
   1.19048   0.80952   0.95238   8.00000
   1.00000   0.57143   1.00000   4.00000
   1.04762   0.61905   1.00000   8.00000
   1.09524   0.66667   1.00000   8.00000
   1.14286   0.71429   1.00000   8.00000
   1.19048   0.76190   1.00000   8.00000
   1.00000   1.00000   0.66667   2.00000
   1.00000   0.95238   0.71429   8.00000
   1.00000   0.90476   0.76190   8.00000
   1.04762   0.95238   0.76190   8.00000
   1.00000   0.85714   0.80952   8.00000
   1.04762   0.90476   0.80952  16.00000
   1.00000   0.80952   0.85714   8.00000
   1.04762   0.85714   0.85714  16.00000
   1.09524   0.90476   0.85714   8.00000
   1.00000   0.76190   0.90476   8.00000
   1.04762   0.80952   0.90476  16.00000
   1.09524   0.85714   0.90476  16.00000
   1.00000   0.71429   0.95238   8.00000
   1.04762   0.76190   0.95238  16.00000
   1.09524   0.80952   0.95238  16.00000
   1.14286   0.85714   0.95238   8.00000
   1.00000   0.66667   1.00000   4.00000
   1.04762   0.71429   1.00000   8.00000
   1.09524   0.76190   1.00000   8.00000
   1.14286   0.80952   1.00000   8.00000
   1.00000   1.00000   0.76190   2.00000
   1.00000   0.95238   0.80952   8.00000
   1.00000   0.90476   0.85714   8.00000
   1.04762   0.95238   0.85714   8.00000
   1.00000   0.85714   0.90476   8.00000
   1.04762   0.90476   0.90476  16.00000
   1.00000   0.80952   0.95238   8.00000
   1.04762   0.85714   0.95238  16.00000
   1.09524   0.90476   0.95238   8.00000
   1.00000   0.76190   1.00000   4.00000
   1.04762   0.80952   1.00000   8.00000
   1.09524   0.85714   1.00000   8.00000
   1.00000   1.00000   0.85714   2.00000
   1.00000   0.95238   0.90476   8.00000
   1.00000   0.90476   0.95238   8.00000
   1.04762   0.95238   0.95238   8.00000
   1.00000   0.85714   1.00000   4.00000
   1.04762   0.90476   1.00000   8.00000
   1.00000   1.00000   0.95238   2.00000
   1.00000   0.95238   1.00000   4.00000




                              --------------------------------------------------
                                 S T R U C T U R A L   I N F O R M A T I O N
                              --------------------------------------------------


   SUBSTANCE                    = tetragonal body-centered  (delta')                                              

   LATTICE                      = B   
   LATTICE CONSTANTS ARE        =    6.1988880   6.1988880   8.2540440
   NUMBER OF ATOMS IN UNITCELL  =   1
   MODE OF CALCULATION IS       = RELA
 IORD=          16
 FNAMES=
 ./deltaprime_Pu_9.vectorso_1                                                   
                                                                                
                                           
 ./deltaprime_Pu_9.vectorsodn_1                                                 
                                                                                
                                           
 deltaprime_Pu_9.energyso_1                                                     
                                                                                
                                           
 deltaprime_Pu_9.energysodn_1                                                   
                                                                                
                                           
  BR1,  BR2
   1.01360   0.00000   0.00000      0.00000   1.01360   1.01360
   0.00000   1.01360   0.00000      1.01360   0.00000   1.01360
   0.00000   0.00000   0.76123      0.76123   0.76123   0.00000
 projector corrected--must be 1,2, or 3! Now projector= 2
 Energy window:   -0.4410 < E <      0.441
 Projected density of states calculation for  1 atoms
--------- atom  1 -------------
l=  3  qsplit=  4
 Symmetrization over eq. k-points is performed
 ********** Start Reading Cix file *************
  Correlated block number           1
  Correlated index=
  1  0  0  0  0  0  0  0  0  0  0  0  0  0
  0  1  0  0  0  0  0  0  0  0  0  0  0  0
  0  0  1  0  0  0  0  0  0  0  0  0  0  0
  0  0  0  1  0  0  0  0  0  0  0  0  0  0
  0  0  0  0  1  0  0  0  0  0  0  0  0  0
  0  0  0  0  0  1  0  0  0  0  0  0  0  0
  0  0  0  0  0  0  2  0  0  0  0  0  0  0
  0  0  0  0  0  0  0  2  0  0  0  0  0  0
  0  0  0  0  0  0  0  0  2  0  0  0  0  0
  0  0  0  0  0  0  0  0  0  2  0  0  0  0
  0  0  0  0  0  0  0  0  0  0  2  0  0  0
  0  0  0  0  0  0  0  0  0  0  0  2  0  0
  0  0  0  0  0  0  0  0  0  0  0  0  2  0
  0  0  0  0  0  0  0  0  0  0  0  0  0  2
  Real part of unitary matrix=
  0.9258  0.0000  0.0000  0.0000  0.0000  0.0000  0.0000  0.0000 -0.3780  0.0000  0.0000  0.0000  0.0000  0.0000
  0.0000  0.8452  0.0000  0.0000  0.0000  0.0000  0.0000  0.0000  0.0000 -0.5345  0.0000  0.0000  0.0000  0.0000
  0.0000  0.0000  0.7559  0.0000  0.0000  0.0000  0.0000  0.0000  0.0000  0.0000 -0.6547  0.0000  0.0000  0.0000
  0.0000  0.0000  0.0000  0.6547  0.0000  0.0000  0.0000  0.0000  0.0000  0.0000  0.0000 -0.7559  0.0000  0.0000
  0.0000  0.0000  0.0000  0.0000  0.5345  0.0000  0.0000  0.0000  0.0000  0.0000  0.0000  0.0000 -0.8452  0.0000
  0.0000  0.0000  0.0000  0.0000  0.0000  0.3780  0.0000  0.0000  0.0000  0.0000  0.0000  0.0000  0.0000 -0.9258
  0.0000  0.0000  0.0000  0.0000  0.0000  0.0000  0.0000  1.0000  0.0000  0.0000  0.0000  0.0000  0.0000  0.0000
  0.3780  0.0000  0.0000  0.0000  0.0000  0.0000  0.0000  0.0000  0.9258  0.0000  0.0000  0.0000  0.0000  0.0000
  0.0000  0.5345  0.0000  0.0000  0.0000  0.0000  0.0000  0.0000  0.0000  0.8452  0.0000  0.0000  0.0000  0.0000
  0.0000  0.0000  0.6547  0.0000  0.0000  0.0000  0.0000  0.0000  0.0000  0.0000  0.7559  0.0000  0.0000  0.0000
  0.0000  0.0000  0.0000  0.7559  0.0000  0.0000  0.0000  0.0000  0.0000  0.0000  0.0000  0.6547  0.0000  0.0000
  0.0000  0.0000  0.0000  0.0000  0.8452  0.0000  0.0000  0.0000  0.0000  0.0000  0.0000  0.0000  0.5345  0.0000
  0.0000  0.0000  0.0000  0.0000  0.0000  0.9258  0.0000  0.0000  0.0000  0.0000  0.0000  0.0000  0.0000  0.3780
  0.0000  0.0000  0.0000  0.0000  0.0000  0.0000  1.0000  0.0000  0.0000  0.0000  0.0000  0.0000  0.0000  0.0000
  Imaginary part of unitary matrix=
  0.0000  0.0000  0.0000  0.0000  0.0000  0.0000  0.0000  0.0000  0.0000  0.0000  0.0000  0.0000  0.0000  0.0000
  0.0000  0.0000  0.0000  0.0000  0.0000  0.0000  0.0000  0.0000  0.0000  0.0000  0.0000  0.0000  0.0000  0.0000
  0.0000  0.0000  0.0000  0.0000  0.0000  0.0000  0.0000  0.0000  0.0000  0.0000  0.0000  0.0000  0.0000  0.0000
  0.0000  0.0000  0.0000  0.0000  0.0000  0.0000  0.0000  0.0000  0.0000  0.0000  0.0000  0.0000  0.0000  0.0000
  0.0000  0.0000  0.0000  0.0000  0.0000  0.0000  0.0000  0.0000  0.0000  0.0000  0.0000  0.0000  0.0000  0.0000
  0.0000  0.0000  0.0000  0.0000  0.0000  0.0000  0.0000  0.0000  0.0000  0.0000  0.0000  0.0000  0.0000  0.0000
  0.0000  0.0000  0.0000  0.0000  0.0000  0.0000  0.0000  0.0000  0.0000  0.0000  0.0000  0.0000  0.0000  0.0000
  0.0000  0.0000  0.0000  0.0000  0.0000  0.0000  0.0000  0.0000  0.0000  0.0000  0.0000  0.0000  0.0000  0.0000
  0.0000  0.0000  0.0000  0.0000  0.0000  0.0000  0.0000  0.0000  0.0000  0.0000  0.0000  0.0000  0.0000  0.0000
  0.0000  0.0000  0.0000  0.0000  0.0000  0.0000  0.0000  0.0000  0.0000  0.0000  0.0000  0.0000  0.0000  0.0000
  0.0000  0.0000  0.0000  0.0000  0.0000  0.0000  0.0000  0.0000  0.0000  0.0000  0.0000  0.0000  0.0000  0.0000
  0.0000  0.0000  0.0000  0.0000  0.0000  0.0000  0.0000  0.0000  0.0000  0.0000  0.0000  0.0000  0.0000  0.0000
  0.0000  0.0000  0.0000  0.0000  0.0000  0.0000  0.0000  0.0000  0.0000  0.0000  0.0000  0.0000  0.0000  0.0000
  0.0000  0.0000  0.0000  0.0000  0.0000  0.0000  0.0000  0.0000  0.0000  0.0000  0.0000  0.0000  0.0000  0.0000
  At least one transformation matrix is not Identity
 Magnetic system with s-o coupling; M theta, phi:  0.0000  0.0000
 Inside ROTDEF
Operation  1 transforms atom   1 from first atom   1
Actual position of atom  1 is:  0.000000    0.000000    0.000000
 
Combined transformation (acting on k-point) for correlated atoms
including users rotation and internal local rotation
catom  1 atom   1
   1.01360   0.00000   0.00000
   0.00000  -1.01360   0.00000
   0.00000   0.00000  -0.76123
 
 
 SPIN COORD SYSTEM:
    1.000000    0.000000    0.000000
    0.000000    1.000000    0.000000
    0.000000    0.000000    1.000000
 
 in global cartezian coordinates:
    1.000000    0.000000    0.000000
    0.000000   -1.000000    0.000000
    0.000000    0.000000   -1.000000
 ____________________________
 in spin coordinates:
    1.000000    0.000000    0.000000
    0.000000   -1.000000    0.000000
    0.000000    0.000000   -1.000000
           1   3.14159266849095       -1.00000000000000     
 
 in global cartezian coordinates:
    0.000000    1.000000    0.000000
   -1.000000    0.000000    0.000000
    0.000000    0.000000   -1.000000
 ____________________________
 in spin coordinates:
    0.000000    1.000000    0.000000
   -1.000000    0.000000    0.000000
    0.000000    0.000000   -1.000000
           2   1.57079632679490        1.00000000000000     
 
 in global cartezian coordinates:
   -1.000000    0.000000    0.000000
    0.000000   -1.000000    0.000000
    0.000000    0.000000   -1.000000
 ____________________________
 in spin coordinates:
   -1.000000    0.000000    0.000000
    0.000000   -1.000000    0.000000
    0.000000    0.000000   -1.000000
           3  1.490116119384766E-008   1.00000000000000     
 
 in global cartezian coordinates:
    0.000000    1.000000    0.000000
    1.000000    0.000000    0.000000
    0.000000    0.000000   -1.000000
 ____________________________
 in spin coordinates:
    0.000000    1.000000    0.000000
    1.000000    0.000000    0.000000
    0.000000    0.000000   -1.000000
           4   1.57079632679490       -1.00000000000000     
 
 in global cartezian coordinates:
    0.000000   -1.000000    0.000000
   -1.000000    0.000000    0.000000
    0.000000    0.000000   -1.000000
 ____________________________
 in spin coordinates:
    0.000000   -1.000000    0.000000
   -1.000000    0.000000    0.000000
    0.000000    0.000000   -1.000000
           5   4.71238898038469       -1.00000000000000     
 
 in global cartezian coordinates:
    1.000000    0.000000    0.000000
    0.000000    1.000000    0.000000
    0.000000    0.000000   -1.000000
 ____________________________
 in spin coordinates:
    1.000000    0.000000    0.000000
    0.000000    1.000000    0.000000
    0.000000    0.000000   -1.000000
           6   3.14159263868863        1.00000000000000     
 
 in global cartezian coordinates:
    1.000000    0.000000    0.000000
    0.000000   -1.000000    0.000000
    0.000000    0.000000    1.000000
 ____________________________
 in spin coordinates:
    1.000000    0.000000    0.000000
    0.000000   -1.000000    0.000000
    0.000000    0.000000    1.000000
           7   6.28318529227843       -1.00000000000000     
 
 in global cartezian coordinates:
    0.000000    1.000000    0.000000
   -1.000000    0.000000    0.000000
    0.000000    0.000000    1.000000
 ____________________________
 in spin coordinates:
    0.000000    1.000000    0.000000
   -1.000000    0.000000    0.000000
    0.000000    0.000000    1.000000
           8  -1.57079632679490        1.00000000000000     
 
 in global cartezian coordinates:
    0.000000   -1.000000    0.000000
    1.000000    0.000000    0.000000
    0.000000    0.000000   -1.000000
 ____________________________
 in spin coordinates:
    0.000000   -1.000000    0.000000
    1.000000    0.000000    0.000000
    0.000000    0.000000   -1.000000
           9  -1.57079632679490        1.00000000000000     
 
 in global cartezian coordinates:
   -1.000000    0.000000    0.000000
    0.000000    1.000000    0.000000
    0.000000    0.000000   -1.000000
 ____________________________
 in spin coordinates:
   -1.000000    0.000000    0.000000
    0.000000    1.000000    0.000000
    0.000000    0.000000   -1.000000
          10   6.28318529227843       -1.00000000000000     
 
 in global cartezian coordinates:
   -1.000000    0.000000    0.000000
    0.000000   -1.000000    0.000000
    0.000000    0.000000    1.000000
 ____________________________
 in spin coordinates:
   -1.000000    0.000000    0.000000
    0.000000   -1.000000    0.000000
    0.000000    0.000000    1.000000
          11   3.14159263868863        1.00000000000000     
 
 in global cartezian coordinates:
    0.000000    1.000000    0.000000
    1.000000    0.000000    0.000000
    0.000000    0.000000    1.000000
 ____________________________
 in spin coordinates:
    0.000000    1.000000    0.000000
    1.000000    0.000000    0.000000
    0.000000    0.000000    1.000000
          12   4.71238898038469       -1.00000000000000     
 
 in global cartezian coordinates:
    0.000000   -1.000000    0.000000
   -1.000000    0.000000    0.000000
    0.000000    0.000000    1.000000
 ____________________________
 in spin coordinates:
    0.000000   -1.000000    0.000000
   -1.000000    0.000000    0.000000
    0.000000    0.000000    1.000000
          13   1.57079632679490       -1.00000000000000     
 
 in global cartezian coordinates:
    1.000000    0.000000    0.000000
    0.000000    1.000000    0.000000
    0.000000    0.000000    1.000000
 ____________________________
 in spin coordinates:
    1.000000    0.000000    0.000000
    0.000000    1.000000    0.000000
    0.000000    0.000000    1.000000
          14  1.490116119384766E-008   1.00000000000000     
 
 in global cartezian coordinates:
    0.000000   -1.000000    0.000000
    1.000000    0.000000    0.000000
    0.000000    0.000000    1.000000
 ____________________________
 in spin coordinates:
    0.000000   -1.000000    0.000000
    1.000000    0.000000    0.000000
    0.000000    0.000000    1.000000
          15   1.57079632679490        1.00000000000000     
 
 in global cartezian coordinates:
   -1.000000    0.000000    0.000000
    0.000000    1.000000    0.000000
    0.000000    0.000000    1.000000
 ____________________________
 in spin coordinates:
   -1.000000    0.000000    0.000000
    0.000000    1.000000    0.000000
    0.000000    0.000000    1.000000
          16   3.14159266849095       -1.00000000000000     
 
 FNAME=
 deltaprime_Pu_9.energyso_1                                                     
                                                                                
                                                     60
 FNAME=
 deltaprime_Pu_9.energysodn_1                                                   
                                                                                
                                                     59
 BZ-integration with TETRA-program.   icor=: 1
 Equal occupancy of degenerate states, tol=: 0.1E-05
 call eord...
 call dos...
 ILOOP            1
 ILOOP            2
   FERMI ENERGY AT    1.23607701911498     
 RESULT OF INTEGRATION:      15.999999999817; SHOULD BE:      15.999999999900
   SUM RULE OF TETRAHEDRON INTEGRATION CHECKED 
 call eweigh...
   number of occupied bands:          18
   highest energy:   1.24034007027814     
 FERMI-LDA=   1.236 Ryd,  16.818 eV.
 ABSOLUTE EMIN=   0.795 Ryd.  10.818 eV.
 ABSOLUTE EMAX=   1.677 Ryd.  22.818 eV.


:NLDA  : NUMBER OF ELECTRONS          =  16.000

:FLDA  : F E R M I - ENERGY           =   1.23608
 
 ********** Information about the atomic index arrays ************
 iatom=           1
 isort=           1
 csort=           1
 maxucase=           1
icase, iucase, jatom, latom=     1     1     1     1
 
 *****  Arrays for correlated blocks ******
 norbitals=           1
 maxdim2=          14
iorbital( 1, 1)=   1
cix( 1, 1)=   1
icase,lcase,icix,iorb,nind1,ip1,iSx=    1    1    1    1   14    1    1
icase,lcase,icix,iorb,nind1,ip1,iSx=    1    1    1    1   14    2    2
icase,lcase,icix,iorb,nind1,ip1,iSx=    1    1    1    1   14    3    3
icase,lcase,icix,iorb,nind1,ip1,iSx=    1    1    1    1   14    4    4
icase,lcase,icix,iorb,nind1,ip1,iSx=    1    1    1    1   14    5    5
icase,lcase,icix,iorb,nind1,ip1,iSx=    1    1    1    1   14    6    6
icase,lcase,icix,iorb,nind1,ip1,iSx=    1    1    1    1   14    7    7
icase,lcase,icix,iorb,nind1,ip1,iSx=    1    1    1    1   14    8    8
icase,lcase,icix,iorb,nind1,ip1,iSx=    1    1    1    1   14    9    9
icase,lcase,icix,iorb,nind1,ip1,iSx=    1    1    1    1   14   10   10
icase,lcase,icix,iorb,nind1,ip1,iSx=    1    1    1    1   14   11   11
icase,lcase,icix,iorb,nind1,ip1,iSx=    1    1    1    1   14   12   12
icase,lcase,icix,iorb,nind1,ip1,iSx=    1    1    1    1   14   13   13
icase,lcase,icix,iorb,nind1,ip1,iSx=    1    1    1    1   14   14   14
cixdim( 1)=14
noccur( 1, 1)=   6
noccur( 2, 1)=   8
iSx( 1, 1)=  1
iSx( 2, 1)=  2
iSx( 3, 1)=  3
iSx( 4, 1)=  4
iSx( 5, 1)=  5
iSx( 6, 1)=  6
iSx( 7, 1)=  7
iSx( 8, 1)=  8
iSx( 9, 1)=  9
iSx(10, 1)= 10
iSx(11, 1)= 11
iSx(12, 1)= 12
iSx(13, 1)= 13
iSx(14, 1)= 14
nindo( 1)= 14
CF for iorb1= 1 iorb2= 1
    0.92582010     0.00000000       0.00000000     0.00000000       0.00000000     0.00000000       0.00000000     0.00000000       0.00000000     0.00000000       0.00000000     0.00000000       0.00000000     0.00000000       0.00000000     0.00000000      -0.37796447     0.00000000       0.00000000     0.00000000       0.00000000     0.00000000       0.00000000     0.00000000       0.00000000     0.00000000       0.00000000     0.00000000   
    0.00000000     0.00000000       0.84515425     0.00000000       0.00000000     0.00000000       0.00000000     0.00000000       0.00000000     0.00000000       0.00000000     0.00000000       0.00000000     0.00000000       0.00000000     0.00000000       0.00000000     0.00000000      -0.53452248     0.00000000       0.00000000     0.00000000       0.00000000     0.00000000       0.00000000     0.00000000       0.00000000     0.00000000   
    0.00000000     0.00000000       0.00000000     0.00000000       0.75592895     0.00000000       0.00000000     0.00000000       0.00000000     0.00000000       0.00000000     0.00000000       0.00000000     0.00000000       0.00000000     0.00000000       0.00000000     0.00000000       0.00000000     0.00000000      -0.65465367     0.00000000       0.00000000     0.00000000       0.00000000     0.00000000       0.00000000     0.00000000   
    0.00000000     0.00000000       0.00000000     0.00000000       0.00000000     0.00000000       0.65465367     0.00000000       0.00000000     0.00000000       0.00000000     0.00000000       0.00000000     0.00000000       0.00000000     0.00000000       0.00000000     0.00000000       0.00000000     0.00000000       0.00000000     0.00000000      -0.75592895     0.00000000       0.00000000     0.00000000       0.00000000     0.00000000   
    0.00000000     0.00000000       0.00000000     0.00000000       0.00000000     0.00000000       0.00000000     0.00000000       0.53452248     0.00000000       0.00000000     0.00000000       0.00000000     0.00000000       0.00000000     0.00000000       0.00000000     0.00000000       0.00000000     0.00000000       0.00000000     0.00000000       0.00000000     0.00000000      -0.84515425     0.00000000       0.00000000     0.00000000   
    0.00000000     0.00000000       0.00000000     0.00000000       0.00000000     0.00000000       0.00000000     0.00000000       0.00000000     0.00000000       0.37796447     0.00000000       0.00000000     0.00000000       0.00000000     0.00000000       0.00000000     0.00000000       0.00000000     0.00000000       0.00000000     0.00000000       0.00000000     0.00000000       0.00000000     0.00000000      -0.92582010     0.00000000   
    0.00000000     0.00000000       0.00000000     0.00000000       0.00000000     0.00000000       0.00000000     0.00000000       0.00000000     0.00000000       0.00000000     0.00000000       0.00000000     0.00000000       1.00000000     0.00000000       0.00000000     0.00000000       0.00000000     0.00000000       0.00000000     0.00000000       0.00000000     0.00000000       0.00000000     0.00000000       0.00000000     0.00000000   
    0.37796447     0.00000000       0.00000000     0.00000000       0.00000000     0.00000000       0.00000000     0.00000000       0.00000000     0.00000000       0.00000000     0.00000000       0.00000000     0.00000000       0.00000000     0.00000000       0.92582010     0.00000000       0.00000000     0.00000000       0.00000000     0.00000000       0.00000000     0.00000000       0.00000000     0.00000000       0.00000000     0.00000000   
    0.00000000     0.00000000       0.53452248     0.00000000       0.00000000     0.00000000       0.00000000     0.00000000       0.00000000     0.00000000       0.00000000     0.00000000       0.00000000     0.00000000       0.00000000     0.00000000       0.00000000     0.00000000       0.84515425     0.00000000       0.00000000     0.00000000       0.00000000     0.00000000       0.00000000     0.00000000       0.00000000     0.00000000   
    0.00000000     0.00000000       0.00000000     0.00000000       0.65465367     0.00000000       0.00000000     0.00000000       0.00000000     0.00000000       0.00000000     0.00000000       0.00000000     0.00000000       0.00000000     0.00000000       0.00000000     0.00000000       0.00000000     0.00000000       0.75592895     0.00000000       0.00000000     0.00000000       0.00000000     0.00000000       0.00000000     0.00000000   
    0.00000000     0.00000000       0.00000000     0.00000000       0.00000000     0.00000000       0.75592895     0.00000000       0.00000000     0.00000000       0.00000000     0.00000000       0.00000000     0.00000000       0.00000000     0.00000000       0.00000000     0.00000000       0.00000000     0.00000000       0.00000000     0.00000000       0.65465367     0.00000000       0.00000000     0.00000000       0.00000000     0.00000000   
    0.00000000     0.00000000       0.00000000     0.00000000       0.00000000     0.00000000       0.00000000     0.00000000       0.84515425     0.00000000       0.00000000     0.00000000       0.00000000     0.00000000       0.00000000     0.00000000       0.00000000     0.00000000       0.00000000     0.00000000       0.00000000     0.00000000       0.00000000     0.00000000       0.53452248     0.00000000       0.00000000     0.00000000   
    0.00000000     0.00000000       0.00000000     0.00000000       0.00000000     0.00000000       0.00000000     0.00000000       0.00000000     0.00000000       0.92582010     0.00000000       0.00000000     0.00000000       0.00000000     0.00000000       0.00000000     0.00000000       0.00000000     0.00000000       0.00000000     0.00000000       0.00000000     0.00000000       0.00000000     0.00000000       0.37796447     0.00000000   
    0.00000000     0.00000000       0.00000000     0.00000000       0.00000000     0.00000000       0.00000000     0.00000000       0.00000000     0.00000000       0.00000000     0.00000000       1.00000000     0.00000000       0.00000000     0.00000000       0.00000000     0.00000000       0.00000000     0.00000000       0.00000000     0.00000000       0.00000000     0.00000000       0.00000000     0.00000000       0.00000000     0.00000000   
Rspin for iorb=  1
 angles=  0.000000000000000E+000   3.14159265358979       0.000000000000000E+000
  0.000000000000000E+000  0.000000000000000E+000  0.000000000000000E+000
 Rspin=
    0.000000    0.000000      0.000000    1.000000
    0.000000    1.000000      0.000000    0.000000
 Calculation for atom  1 which has iucase=  1
 ATPAR for spin up

          ATOMIC PARAMETERS FOR Pu  0+    

           ENERGY PARAMETERS ARE   1.00  -1.28   1.00   1.00

           L     U(R)          U'(R)         DU/DE        DU'/DE      NORM-U'
           0  0.551541E+00  0.813665E+00  0.112261E+00 -0.226617E+00
           1  0.537191E+00 -0.629052E-03 -0.144175E+00 -0.402560E+00
           2 -0.617590E+00  0.250899E-01  0.985381E-01  0.346330E+00
           3 -0.316023E+00  0.127820E+00  0.364181E+00  0.537449E+00
LO COEFFICIENT: l,A,B,C   0          0.65339    -3.21014     0.00000     0.00000
 
LO COEFFICIENT: l,A,B,C   0          0.32155     0.00000     0.78010     0.00000
 
LO COEFFICIENT: l,A,B,C   1          0.87946     3.27683     0.00000     0.00000
 
LO COEFFICIENT: l,A,B,C   1          0.26852     0.00000    -1.23832     0.00000
 
LO COEFFICIENT: l,A,B,C   2          0.85302     5.34634     0.00000     0.00000
 
LO COEFFICIENT: l,A,B,C   3          0.94052     0.81615     0.00000     0.00000
 
 ATPAR for spin down

          ATOMIC PARAMETERS FOR Pu  0+    

           ENERGY PARAMETERS ARE   1.00  -1.28   1.00   1.00

           L     U(R)          U'(R)         DU/DE        DU'/DE      NORM-U'
           0  0.551541E+00  0.813665E+00  0.112261E+00 -0.226617E+00
           1  0.537191E+00 -0.629052E-03 -0.144175E+00 -0.402560E+00
           2 -0.617590E+00  0.250899E-01  0.985381E-01  0.346330E+00
           3 -0.316023E+00  0.127820E+00  0.364181E+00  0.537449E+00
LO COEFFICIENT: l,A,B,C   0          0.65339    -3.21014     0.00000     0.00000
 
LO COEFFICIENT: l,A,B,C   0          0.32155     0.00000     0.78010     0.00000
 
LO COEFFICIENT: l,A,B,C   1          0.87946     3.27683     0.00000     0.00000
 
LO COEFFICIENT: l,A,B,C   1          0.26852     0.00000    -1.23832     0.00000
 
LO COEFFICIENT: l,A,B,C   2          0.85302     5.34634     0.00000     0.00000
 
LO COEFFICIENT: l,A,B,C   3          0.94052     0.81615     0.00000     0.00000
 
 L1=           0  L2=           0
 RADIAL INTEGRALS:
           1           1                 1           1   1.00000000000000     
           1           3                 1           1  0.574157899812815     
           1           1                 1           2   1.00000000000000     
           1           3                 1           2  0.574157899812815     
           1           1                 2           1   1.00000000000000     
           1           3                 2           1  0.574157899812815     
           1           1                 2           2   1.00000000000000     
           1           3                 2           2  0.574157899812815     
           2           2                 1           1  5.561178530850711E-002
           2           3                 1           1 -0.190803027940563     
           2           2                 1           2  5.561178530850711E-002
           2           3                 1           2 -0.190803027940563     
           2           2                 2           1  5.561178530850711E-002
           2           3                 2           1 -0.190803027940563     
           2           2                 2           2  5.561178530850711E-002
           2           3                 2           2 -0.190803027940563     
           3           1                 1           1  0.574157899812815     
           3           2                 1           1 -0.190803027940563     
           3           3                 1           1   1.00000000000000     
           3           1                 1           2  0.574157899812815     
           3           2                 1           2 -0.190803027940563     
           3           3                 1           2   1.00000000000000     
           3           1                 2           1  0.574157899812815     
           3           2                 2           1 -0.190803027940563     
           3           3                 2           1   1.00000000000000     
           3           1                 2           2  0.574157899812815     
           3           2                 2           2 -0.190803027940563     
           3           3                 2           2   1.00000000000000     
 L1=           1  L2=           1
 RADIAL INTEGRALS:
           1           1                 1           1   1.00000000000000     
           1           3                 1           1  0.910537611615555     
           1           1                 1           2   1.00000000000000     
           1           3                 1           2  0.910537611615555     
           1           1                 2           1   1.00000000000000     
           1           3                 2           1  0.910537611615555     
           1           1                 2           2   1.00000000000000     
           1           3                 2           2  0.910537611615555     
           2           2                 1           1  2.109947777233437E-002
           2           3                 1           1  5.988705446500656E-002
           2           2                 1           2  2.109947777233437E-002
           2           3                 1           2  5.988705446500656E-002
           2           2                 2           1  2.109947777233437E-002
           2           3                 2           1  5.988705446500656E-002
           2           2                 2           2  2.109947777233437E-002
           2           3                 2           2  5.988705446500656E-002
           3           1                 1           1  0.910537611615555     
           3           2                 1           1  5.988705446500656E-002
           3           3                 1           1   1.00000000000000     
           3           1                 1           2  0.910537611615555     
           3           2                 1           2  5.988705446500656E-002
           3           3                 1           2   1.00000000000000     
           3           1                 2           1  0.910537611615555     
           3           2                 2           1  5.988705446500656E-002
           3           3                 2           1   1.00000000000000     
           3           1                 2           2  0.910537611615555     
           3           2                 2           2  5.988705446500656E-002
           3           3                 2           2   1.00000000000000     
 L1=           2  L2=           2
 RADIAL INTEGRALS:
           1           1                 1           1   1.00000000000000     
           1           1                 1           2   1.00000000000000     
           1           1                 2           1   1.00000000000000     
           1           1                 2           2   1.00000000000000     
           2           2                 1           1  9.528348742578777E-003
           2           2                 1           2  9.528348742578777E-003
           2           2                 2           1  9.528348742578777E-003
           2           2                 2           2  9.528348742578777E-003
 L1=           3  L2=           3
 RADIAL INTEGRALS:
           1           1                 1           1   1.00000000000000     
           1           1                 1           2   1.00000000000000     
           1           1                 2           1   1.00000000000000     
           1           1                 2           2   1.00000000000000     
           2           2                 1           1  0.173293504199846     
           2           2                 1           2  0.173293504199846     
           2           2                 2           1  0.173293504199846     
           2           2                 2           2  0.173293504199846     
Saving potential parameters for atom 1 into  1
pr_proc=363  tot-k=726
 ------------------------------------------------------------------------------


   =====>>> CPU TIME SUMMARY

            TOTAL       :      2.7
 OMP_NUM_THREADS= 2
 GUTZ_SOLVER VO.1.5 BUILT ON Jan 19 2014 AT22:25:59
 NT=  1 SEC_N%DIM=   10 WITH ID:
           1       2      16     107     471    1472    3474    6477    9909   12912
       14914
 MEAN U/J:  0.2940  0.0265
 NEL_FIX_VDC1=      5.19
 ATOM DEPENDENT NELF1:
      5.1861
 DCMIX_A=  0.200000
 SYMMETRICALLY NON-EQUIVALENT ATOMS:
          1
 VARIATIONAL-SETUP-NON-EQUIVALENT ATOMS:
          1
 COMPLEMENTARY VARIATIONAL-SETUP-EQUIVALENT ATOMS:

 GYZ%SYM%IDSUM:
  1
 DIM(X_Gutz)=  4
 CALC SET: GAPJ-SHFT FULL       -JH-PROJ SLATER    VAR-FIXDC    Ryd.   
 NT= 1
 LOCAL INTERACTION PART   :
 U              :   0.2940
 J              :   0.0265
 FOCK SPACE PART:
 NA             :  7
 FS%OCC(1) L.B. :  0
 FS%OCC(2) U.B. :  9
 FS%DIM         :     14913
 HL%OCC(1) L.B. :  0
 HL%OCC(2) U.B. :  9
 ISO= 2 ISPIN_IN= 1 ISPIN= 1 ISPO= 2
 BND%NMAX=  72
 BZ INTEGRATION WITH TETRA METHOD, ICOR= 1
 EQUAL OCCUPANCY OF DEGENERATE STATES, TOL= 0.1E-05
 VALENCE ELECTRONS: TOTAL=    16.0
                    CORRELATED PART=     8.0
 SYM%IDI/IDF=  1 16
 BND%NMAXIN=   24
      GUTZ5_INI_CORR_UVEK takes  0 hours  0 minutes and    0.08 seconds (CPU).
                          takes  0 hours  0 minutes and    0.08 seconds (WALL).
                 SETUP_TB takes  0 hours  0 minutes and    3.07 seconds (CPU).
                          takes  0 hours  0 minutes and    1.53 seconds (WALL).
************  EL-  ************
 NI=  1 NI_GLOBAL=  1
   1.2367   1.2353   1.2363   1.2363   1.2353   1.2367   1.3168   1.3156   1.3153   1.3168   1.3168   1.3153   1.3156   1.3168
************  EL=  ************
 NI=  1 NI_GLOBAL=  1
   1.2367   0.0000   0.0000   0.0000  -0.0003   0.0000   0.0000   0.0007   0.0000   0.0000   0.0000  -0.0032   0.0000   0.0000
   0.0000   1.2353   0.0000   0.0000   0.0000  -0.0003   0.0000   0.0000   0.0000   0.0000   0.0000   0.0000   0.0037   0.0000
   0.0000   0.0000   1.2363   0.0000   0.0000   0.0000   0.0000   0.0000   0.0000  -0.0015   0.0000   0.0000   0.0000  -0.0024
   0.0000   0.0000   0.0000   1.2363   0.0000   0.0000   0.0024   0.0000   0.0000   0.0000   0.0015   0.0000   0.0000   0.0000
  -0.0003   0.0000   0.0000   0.0000   1.2353   0.0000   0.0000  -0.0037   0.0000   0.0000   0.0000   0.0000   0.0000   0.0000
   0.0000  -0.0003   0.0000   0.0000   0.0000   1.2367   0.0000   0.0000   0.0032   0.0000   0.0000   0.0000  -0.0007   0.0000
   0.0000   0.0000   0.0000   0.0024   0.0000   0.0000   1.3168   0.0000   0.0000   0.0000  -0.0016   0.0000   0.0000   0.0000
   0.0007   0.0000   0.0000   0.0000  -0.0037   0.0000   0.0000   1.3156   0.0000   0.0000   0.0000   0.0009   0.0000   0.0000
   0.0000   0.0000   0.0000   0.0000   0.0000   0.0032   0.0000   0.0000   1.3153   0.0000   0.0000   0.0000   0.0009   0.0000
   0.0000   0.0000  -0.0015   0.0000   0.0000   0.0000   0.0000   0.0000   0.0000   1.3168   0.0000   0.0000   0.0000  -0.0016
   0.0000   0.0000   0.0000   0.0015   0.0000   0.0000  -0.0016   0.0000   0.0000   0.0000   1.3168   0.0000   0.0000   0.0000
  -0.0032   0.0000   0.0000   0.0000   0.0000   0.0000   0.0000   0.0009   0.0000   0.0000   0.0000   1.3153   0.0000   0.0000
   0.0000   0.0037   0.0000   0.0000   0.0000  -0.0007   0.0000   0.0000   0.0009   0.0000   0.0000   0.0000   1.3156   0.0000
   0.0000   0.0000  -0.0024   0.0000   0.0000   0.0000   0.0000   0.0000   0.0000  -0.0016   0.0000   0.0000   0.0000   1.3168
 NI=  1 LOCAL ORBITAL LEVEL CENTER(ELC)=   1.282
************  EL0  ************
 NI=  1 NI_GLOBAL=  1
   1.2361   1.2361   1.2361   1.2361   1.2361   1.2361   1.3161   1.3161   1.3161   1.3161   1.3161   1.3161   1.3161   1.3161
************  ELL  ************
 NI=  1 NI_GLOBAL=  1
   1.2361   0.0000   0.0000   0.0000   0.0000   0.0000   0.0000   0.0000   0.0000   0.0000   0.0000   0.0000   0.0000   0.0000
   0.0000   1.2361   0.0000   0.0000   0.0000   0.0000   0.0000   0.0000   0.0000   0.0000   0.0000   0.0000   0.0000   0.0000
   0.0000   0.0000   1.2361   0.0000   0.0000   0.0000   0.0000   0.0000   0.0000   0.0000   0.0000   0.0000   0.0000   0.0000
   0.0000   0.0000   0.0000   1.2361   0.0000   0.0000   0.0000   0.0000   0.0000   0.0000   0.0000   0.0000   0.0000   0.0000
   0.0000   0.0000   0.0000   0.0000   1.2361   0.0000   0.0000   0.0000   0.0000   0.0000   0.0000   0.0000   0.0000   0.0000
   0.0000   0.0000   0.0000   0.0000   0.0000   1.2361   0.0000   0.0000   0.0000   0.0000   0.0000   0.0000   0.0000   0.0000
   0.0000   0.0000   0.0000   0.0000   0.0000   0.0000   1.3161   0.0000   0.0000   0.0000   0.0000   0.0000   0.0000   0.0000
   0.0000   0.0000   0.0000   0.0000   0.0000   0.0000   0.0000   1.3161   0.0000   0.0000   0.0000   0.0000   0.0000   0.0000
   0.0000   0.0000   0.0000   0.0000   0.0000   0.0000   0.0000   0.0000   1.3161   0.0000   0.0000   0.0000   0.0000   0.0000
   0.0000   0.0000   0.0000   0.0000   0.0000   0.0000   0.0000   0.0000   0.0000   1.3161   0.0000   0.0000   0.0000   0.0000
   0.0000   0.0000   0.0000   0.0000   0.0000   0.0000   0.0000   0.0000   0.0000   0.0000   1.3161   0.0000   0.0000   0.0000
   0.0000   0.0000   0.0000   0.0000   0.0000   0.0000   0.0000   0.0000   0.0000   0.0000   0.0000   1.3161   0.0000   0.0000
   0.0000   0.0000   0.0000   0.0000   0.0000   0.0000   0.0000   0.0000   0.0000   0.0000   0.0000   0.0000   1.3161   0.0000
   0.0000   0.0000   0.0000   0.0000   0.0000   0.0000   0.0000   0.0000   0.0000   0.0000   0.0000   0.0000   0.0000   1.3161
                  GET_EL0 takes  0 hours  0 minutes and    0.02 seconds (CPU).
                          takes  0 hours  0 minutes and    0.02 seconds (WALL).
 There are  4 blocks of bands, with band energy windows:
  -2.182  -2.146 |   -0.635  -0.544 |   -0.098   0.139 |    0.827   4.495 | 
 Band window indices:
         1      2 |          3      4 |          5      8 |          9     73 | 
 Band width
       0.036   |         0.091   |         0.236   |         3.667   |  
 Band gap
       1.511   |         0.446   |         0.689   |  
 CORRELATED BLOCK: EMIN/EMIX=    0.8273    1.6765
 CORRELATED BAND WIDTH=   0.849
         GUTZ_RED_PRJ_NEQ takes  0 hours  1 minutes and    0.30 seconds (CPU).
                          takes  0 hours  1 minutes and    0.25 seconds (WALL).
 NI=  1 DIM_PHIK=   41227 HL%DIM=  14913
       ID_PHIK_N=
      1      2      4     33    264   1639   6153  15546  27321  36714
  41228
       ID_PHIK_J=
      1      2      3      4      8      9     18     19     28     29
     33     37     73    122    171    220    245    254    263    264
    300    349    638    807   1168   1364   1533   1582   1631   1635
   1639   1739   2180   2964   3864   4705   5381   5781   6037   6118
   6143   6152   6153   6349   6710   8079   9448  11564  12933  14377
  14953  15353  15474  15538  15542  15546  15835  16796  18560  21060
  23176  24940  26165  26841  27165  27286  27311  27320  27321  27517
  27878  29247  30616  32732  34101  35545  36121  36521  36642  36706
  36710  36714  36814  37255  38039  38939  39780  40456  40856  41112
  41193  41218  41227  41228
          GUTZ_SET_PRJ_EQ takes  0 hours  0 minutes and    0.00 seconds (CPU).
                          takes  0 hours  0 minutes and    0.00 seconds (WALL).
************   WH%X  ************
    0.89178436    0.91280529
    1.19233201    1.35253010
************  RIN  ************
 NI=  1 NI_GLOBAL=  1
   0.8918   0.8918   0.8918   0.8918   0.8918   0.8918   0.9128   0.9128   0.9128   0.9128   0.9128   0.9128   0.9128   0.9128
************  LA1  ************
 NI=  1 NI_GLOBAL=  1
   1.1923   1.1923   1.1923   1.1923   1.1923   1.1923   1.3525   1.3525   1.3525   1.3525   1.3525   1.3525   1.3525   1.3525
             CALC_BAND_AL takes  0 hours  0 minutes and    1.39 seconds (CPU).
                          takes  0 hours  0 minutes and    0.69 seconds (WALL).
 ILOOP            1
 ILOOP            2
   FERMI ENERGY AT    1.20493057425624     
   SUM RULE OF TETRAHEDRON INTEGRATION CHECKED 
   number of occupied bands:          18
   highest energy:   1.23879316000109     
************  NK-  ************
 NI=  1 NI_GLOBAL=  1
   0.8166   0.7980   0.8142   0.8142   0.7980   0.8166   0.0395   0.0461   0.0407   0.0386   0.0386   0.0407   0.0461   0.0395
************  NNK  ************
 NI=  1 NI_GLOBAL=  1
   0.8166   0.0000   0.0000   0.0000  -0.0036   0.0000   0.0000  -0.0046   0.0000   0.0000   0.0000   0.0046   0.0000   0.0000
   0.0000   0.7980   0.0000   0.0000   0.0000  -0.0036   0.0000   0.0000   0.0043   0.0000   0.0000   0.0000  -0.0113   0.0000
   0.0000   0.0000   0.8142   0.0000   0.0000   0.0000   0.0000   0.0000   0.0000   0.0088   0.0000   0.0000   0.0000   0.0064
   0.0000   0.0000   0.0000   0.8142   0.0000   0.0000  -0.0064   0.0000   0.0000   0.0000  -0.0088   0.0000   0.0000   0.0000
  -0.0036   0.0000   0.0000   0.0000   0.7980   0.0000   0.0000   0.0113   0.0000   0.0000   0.0000  -0.0043   0.0000   0.0000
   0.0000  -0.0036   0.0000   0.0000   0.0000   0.8166   0.0000   0.0000  -0.0046   0.0000   0.0000   0.0000   0.0046   0.0000
   0.0000   0.0000   0.0000  -0.0064   0.0000   0.0000   0.0395   0.0000   0.0000   0.0000   0.0010   0.0000   0.0000   0.0000
  -0.0046   0.0000   0.0000   0.0000   0.0113   0.0000   0.0000   0.0461   0.0000   0.0000   0.0000   0.0009   0.0000   0.0000
   0.0000   0.0043   0.0000   0.0000   0.0000  -0.0046   0.0000   0.0000   0.0407   0.0000   0.0000   0.0000   0.0009   0.0000
   0.0000   0.0000   0.0088   0.0000   0.0000   0.0000   0.0000   0.0000   0.0000   0.0386   0.0000   0.0000   0.0000   0.0010
   0.0000   0.0000   0.0000  -0.0088   0.0000   0.0000   0.0010   0.0000   0.0000   0.0000   0.0386   0.0000   0.0000   0.0000
   0.0046   0.0000   0.0000   0.0000  -0.0043   0.0000   0.0000   0.0009   0.0000   0.0000   0.0000   0.0407   0.0000   0.0000
   0.0000  -0.0113   0.0000   0.0000   0.0000   0.0046   0.0000   0.0000   0.0009   0.0000   0.0000   0.0000   0.0461   0.0000
   0.0000   0.0000   0.0064   0.0000   0.0000   0.0000   0.0000   0.0000   0.0000   0.0010   0.0000   0.0000   0.0000   0.0395
************  NKS  ************
 NI=  1 NI_GLOBAL=  1
   0.8096   0.8096   0.8096   0.8096   0.8096   0.8096   0.0412   0.0412   0.0412   0.0412   0.0412   0.0412   0.0412   0.0412
 NELE_LOC TOTAL:
           5.1871711382710037
              CALC_DA_BND takes  0 hours  0 minutes and    0.22 seconds (CPU).
                          takes  0 hours  0 minutes and    0.22 seconds (WALL).
************  DA-  ************
 NI=  1 NI_GLOBAL=  1
  -0.0198  -0.0218  -0.0204  -0.0204  -0.0218  -0.0198  -0.0086  -0.0103  -0.0089  -0.0087  -0.0087  -0.0089  -0.0103  -0.0086
************  DAA  ************
 NI=  1 NI_GLOBAL=  1
  -0.0207  -0.0207  -0.0207  -0.0207  -0.0207  -0.0207  -0.0091  -0.0091  -0.0091  -0.0091  -0.0091  -0.0091  -0.0091  -0.0091
 NI=  1 VDC=    1.3223
************  LA2  ************
 NI=  1 NI_GLOBAL=  1
  -2.5887  -2.5887  -2.5887  -2.5887  -2.5887  -2.5887  -2.4811  -2.4811  -2.4811  -2.4811  -2.4811  -2.4811  -2.4811  -2.4811
 NI=  1 PHI-step gap=  0.15E+00
************  RAA  ************
 NI=  1 NI_GLOBAL=  1
   0.8917   0.8917   0.8917   0.8917   0.8917   0.8917   0.9128   0.9128   0.9128   0.9128   0.9128   0.9128   0.9128   0.9128
************  NC0  ************
 NI=  1 NI_GLOBAL=  1
   0.8096   0.8096   0.8096   0.8096   0.8096   0.8096   0.0412   0.0412   0.0412   0.0412   0.0412   0.0412   0.0412   0.0412
                  CALC_LC takes  0 hours  5 minutes and   19.26 seconds (CPU).
                          takes  0 hours  5 minutes and   19.25 seconds (WALL).
                GUTZ_FCN1 takes  0 hours  5 minutes and   21.26 seconds (CPU).
                          takes  0 hours  5 minutes and   20.44 seconds (WALL).
************  DIF_X  ************
   -0.000038655876    0.000017104841
    0.000026539934    0.000001634563
 ITER1=  1 MAXERR=    0.00003866
************   WH%X  ************
    0.89179711    0.91280876
    1.19231311    1.35252183
************  RIN  ************
 NI=  1 NI_GLOBAL=  1
   0.8918   0.8918   0.8918   0.8918   0.8918   0.8918   0.9128   0.9128   0.9128   0.9128   0.9128   0.9128   0.9128   0.9128
************  LA1  ************
 NI=  1 NI_GLOBAL=  1
   1.1923   1.1923   1.1923   1.1923   1.1923   1.1923   1.3525   1.3525   1.3525   1.3525   1.3525   1.3525   1.3525   1.3525
             CALC_BAND_AL takes  0 hours  0 minutes and    1.39 seconds (CPU).
                          takes  0 hours  0 minutes and    0.70 seconds (WALL).
 ILOOP            1
 ILOOP            2
   FERMI ENERGY AT    1.20491672731153     
   SUM RULE OF TETRAHEDRON INTEGRATION CHECKED 
   number of occupied bands:          18
   highest energy:   1.23878860867428     
************  NK-  ************
 NI=  1 NI_GLOBAL=  1
   0.8166   0.7980   0.8142   0.8142   0.7980   0.8166   0.0395   0.0461   0.0407   0.0385   0.0385   0.0407   0.0461   0.0395
************  NNK  ************
 NI=  1 NI_GLOBAL=  1
   0.8166   0.0000   0.0000   0.0000  -0.0036   0.0000   0.0000  -0.0046   0.0000   0.0000   0.0000   0.0046   0.0000   0.0000
   0.0000   0.7980   0.0000   0.0000   0.0000  -0.0036   0.0000   0.0000   0.0043   0.0000   0.0000   0.0000  -0.0113   0.0000
   0.0000   0.0000   0.8142   0.0000   0.0000   0.0000   0.0000   0.0000   0.0000   0.0088   0.0000   0.0000   0.0000   0.0064
   0.0000   0.0000   0.0000   0.8142   0.0000   0.0000  -0.0064   0.0000   0.0000   0.0000  -0.0088   0.0000   0.0000   0.0000
  -0.0036   0.0000   0.0000   0.0000   0.7980   0.0000   0.0000   0.0113   0.0000   0.0000   0.0000  -0.0043   0.0000   0.0000
   0.0000  -0.0036   0.0000   0.0000   0.0000   0.8166   0.0000   0.0000  -0.0046   0.0000   0.0000   0.0000   0.0046   0.0000
   0.0000   0.0000   0.0000  -0.0064   0.0000   0.0000   0.0395   0.0000   0.0000   0.0000   0.0010   0.0000   0.0000   0.0000
  -0.0046   0.0000   0.0000   0.0000   0.0113   0.0000   0.0000   0.0461   0.0000   0.0000   0.0000   0.0009   0.0000   0.0000
   0.0000   0.0043   0.0000   0.0000   0.0000  -0.0046   0.0000   0.0000   0.0407   0.0000   0.0000   0.0000   0.0009   0.0000
   0.0000   0.0000   0.0088   0.0000   0.0000   0.0000   0.0000   0.0000   0.0000   0.0385   0.0000   0.0000   0.0000   0.0010
   0.0000   0.0000   0.0000  -0.0088   0.0000   0.0000   0.0010   0.0000   0.0000   0.0000   0.0385   0.0000   0.0000   0.0000
   0.0046   0.0000   0.0000   0.0000  -0.0043   0.0000   0.0000   0.0009   0.0000   0.0000   0.0000   0.0407   0.0000   0.0000
   0.0000  -0.0113   0.0000   0.0000   0.0000   0.0046   0.0000   0.0000   0.0009   0.0000   0.0000   0.0000   0.0461   0.0000
   0.0000   0.0000   0.0064   0.0000   0.0000   0.0000   0.0000   0.0000   0.0000   0.0010   0.0000   0.0000   0.0000   0.0395
************  NKS  ************
 NI=  1 NI_GLOBAL=  1
   0.8096   0.8096   0.8096   0.8096   0.8096   0.8096   0.0412   0.0412   0.0412   0.0412   0.0412   0.0412   0.0412   0.0412
 NELE_LOC TOTAL:
           5.1873224734816246
              CALC_DA_BND takes  0 hours  0 minutes and    0.22 seconds (CPU).
                          takes  0 hours  0 minutes and    0.22 seconds (WALL).
************  DA-  ************
 NI=  1 NI_GLOBAL=  1
  -0.0198  -0.0218  -0.0204  -0.0204  -0.0218  -0.0198  -0.0086  -0.0103  -0.0089  -0.0087  -0.0087  -0.0089  -0.0103  -0.0086
************  DAA  ************
 NI=  1 NI_GLOBAL=  1
  -0.0207  -0.0207  -0.0207  -0.0207  -0.0207  -0.0207  -0.0091  -0.0091  -0.0091  -0.0091  -0.0091  -0.0091  -0.0091  -0.0091
 NI=  1 VDC=    1.3223
************  LA2  ************
 NI=  1 NI_GLOBAL=  1
  -2.5887  -2.5887  -2.5887  -2.5887  -2.5887  -2.5887  -2.4810  -2.4810  -2.4810  -2.4810  -2.4810  -2.4810  -2.4810  -2.4810
 NI=  1 PHI-step gap=  0.15E+00
************  RAA  ************
 NI=  1 NI_GLOBAL=  1
   0.8918   0.8918   0.8918   0.8918   0.8918   0.8918   0.9128   0.9128   0.9128   0.9128   0.9128   0.9128   0.9128   0.9128
************  NC0  ************
 NI=  1 NI_GLOBAL=  1
   0.8096   0.8096   0.8096   0.8096   0.8096   0.8096   0.0412   0.0412   0.0412   0.0412   0.0412   0.0412   0.0412   0.0412
                  CALC_LC takes  0 hours  5 minutes and    2.30 seconds (CPU).
                          takes  0 hours  5 minutes and    2.16 seconds (WALL).
                GUTZ_FCN1 takes  0 hours  5 minutes and    4.23 seconds (CPU).
                          takes  0 hours  5 minutes and    3.36 seconds (WALL).
************  DIF_X  ************
    0.000000392494   -0.000000354165
   -0.000000023062   -0.000000027942
 ITER1=  2 MAXERR=    0.00000039
************   WH%X  ************
    0.89179749    0.91280872
    1.19231314    1.35252196
************  RIN  ************
 NI=  1 NI_GLOBAL=  1
   0.8918   0.8918   0.8918   0.8918   0.8918   0.8918   0.9128   0.9128   0.9128   0.9128   0.9128   0.9128   0.9128   0.9128
************  LA1  ************
 NI=  1 NI_GLOBAL=  1
   1.1923   1.1923   1.1923   1.1923   1.1923   1.1923   1.3525   1.3525   1.3525   1.3525   1.3525   1.3525   1.3525   1.3525
             CALC_BAND_AL takes  0 hours  0 minutes and    1.39 seconds (CPU).
                          takes  0 hours  0 minutes and    0.70 seconds (WALL).
 ILOOP            1
 ILOOP            2
   FERMI ENERGY AT    1.20491676359840     
   SUM RULE OF TETRAHEDRON INTEGRATION CHECKED 
   number of occupied bands:          18
   highest energy:   1.23878863189668     
************  NK-  ************
 NI=  1 NI_GLOBAL=  1
   0.8166   0.7980   0.8142   0.8142   0.7980   0.8166   0.0395   0.0461   0.0407   0.0385   0.0385   0.0407   0.0461   0.0395
************  NNK  ************
 NI=  1 NI_GLOBAL=  1
   0.8166   0.0000   0.0000   0.0000  -0.0036   0.0000   0.0000  -0.0046   0.0000   0.0000   0.0000   0.0046   0.0000   0.0000
   0.0000   0.7980   0.0000   0.0000   0.0000  -0.0036   0.0000   0.0000   0.0043   0.0000   0.0000   0.0000  -0.0113   0.0000
   0.0000   0.0000   0.8142   0.0000   0.0000   0.0000   0.0000   0.0000   0.0000   0.0088   0.0000   0.0000   0.0000   0.0064
   0.0000   0.0000   0.0000   0.8142   0.0000   0.0000  -0.0064   0.0000   0.0000   0.0000  -0.0088   0.0000   0.0000   0.0000
  -0.0036   0.0000   0.0000   0.0000   0.7980   0.0000   0.0000   0.0113   0.0000   0.0000   0.0000  -0.0043   0.0000   0.0000
   0.0000  -0.0036   0.0000   0.0000   0.0000   0.8166   0.0000   0.0000  -0.0046   0.0000   0.0000   0.0000   0.0046   0.0000
   0.0000   0.0000   0.0000  -0.0064   0.0000   0.0000   0.0395   0.0000   0.0000   0.0000   0.0010   0.0000   0.0000   0.0000
  -0.0046   0.0000   0.0000   0.0000   0.0113   0.0000   0.0000   0.0461   0.0000   0.0000   0.0000   0.0009   0.0000   0.0000
   0.0000   0.0043   0.0000   0.0000   0.0000  -0.0046   0.0000   0.0000   0.0407   0.0000   0.0000   0.0000   0.0009   0.0000
   0.0000   0.0000   0.0088   0.0000   0.0000   0.0000   0.0000   0.0000   0.0000   0.0385   0.0000   0.0000   0.0000   0.0010
   0.0000   0.0000   0.0000  -0.0088   0.0000   0.0000   0.0010   0.0000   0.0000   0.0000   0.0385   0.0000   0.0000   0.0000
   0.0046   0.0000   0.0000   0.0000  -0.0043   0.0000   0.0000   0.0009   0.0000   0.0000   0.0000   0.0407   0.0000   0.0000
   0.0000  -0.0113   0.0000   0.0000   0.0000   0.0046   0.0000   0.0000   0.0009   0.0000   0.0000   0.0000   0.0461   0.0000
   0.0000   0.0000   0.0064   0.0000   0.0000   0.0000   0.0000   0.0000   0.0000   0.0010   0.0000   0.0000   0.0000   0.0395
************  NKS  ************
 NI=  1 NI_GLOBAL=  1
   0.8096   0.8096   0.8096   0.8096   0.8096   0.8096   0.0412   0.0412   0.0412   0.0412   0.0412   0.0412   0.0412   0.0412
 NELE_LOC TOTAL:
           5.1873221365962143
              CALC_DA_BND takes  0 hours  0 minutes and    0.22 seconds (CPU).
                          takes  0 hours  0 minutes and    0.20 seconds (WALL).
************  DA-  ************
 NI=  1 NI_GLOBAL=  1
  -0.0198  -0.0218  -0.0204  -0.0204  -0.0218  -0.0198  -0.0086  -0.0103  -0.0089  -0.0087  -0.0087  -0.0089  -0.0103  -0.0086
************  DAA  ************
 NI=  1 NI_GLOBAL=  1
  -0.0207  -0.0207  -0.0207  -0.0207  -0.0207  -0.0207  -0.0091  -0.0091  -0.0091  -0.0091  -0.0091  -0.0091  -0.0091  -0.0091
 NI=  1 VDC=    1.3223
************  LA2  ************
 NI=  1 NI_GLOBAL=  1
  -2.5887  -2.5887  -2.5887  -2.5887  -2.5887  -2.5887  -2.4810  -2.4810  -2.4810  -2.4810  -2.4810  -2.4810  -2.4810  -2.4810
 NI=  1 PHI-step gap=  0.15E+00
************  RAA  ************
 NI=  1 NI_GLOBAL=  1
   0.8918   0.8918   0.8918   0.8918   0.8918   0.8918   0.9128   0.9128   0.9128   0.9128   0.9128   0.9128   0.9128   0.9128
************  NC0  ************
 NI=  1 NI_GLOBAL=  1
   0.8096   0.8096   0.8096   0.8096   0.8096   0.8096   0.0412   0.0412   0.0412   0.0412   0.0412   0.0412   0.0412   0.0412
                  CALC_LC takes  0 hours  5 minutes and    3.15 seconds (CPU).
                          takes  0 hours  5 minutes and    3.17 seconds (WALL).
                GUTZ_FCN1 takes  0 hours  5 minutes and    5.13 seconds (CPU).
                          takes  0 hours  5 minutes and    4.38 seconds (WALL).
************  DIF_X  ************
   -0.000000045185    0.000000042735
    0.000000020216    0.000000004225
 ITER1=  3 MAXERR=    0.00000005
************   WH%X  ************
    0.89179749    0.91280872
    1.19231313    1.35252194
************  RIN  ************
 NI=  1 NI_GLOBAL=  1
   0.8918   0.8918   0.8918   0.8918   0.8918   0.8918   0.9128   0.9128   0.9128   0.9128   0.9128   0.9128   0.9128   0.9128
************  LA1  ************
 NI=  1 NI_GLOBAL=  1
   1.1923   1.1923   1.1923   1.1923   1.1923   1.1923   1.3525   1.3525   1.3525   1.3525   1.3525   1.3525   1.3525   1.3525
             CALC_BAND_AL takes  0 hours  0 minutes and    1.39 seconds (CPU).
                          takes  0 hours  0 minutes and    0.70 seconds (WALL).
 ILOOP            1
 ILOOP            2
   FERMI ENERGY AT    1.20491675100870     
   SUM RULE OF TETRAHEDRON INTEGRATION CHECKED 
   number of occupied bands:          18
   highest energy:   1.23878862706817     
************  NK-  ************
 NI=  1 NI_GLOBAL=  1
   0.8166   0.7980   0.8142   0.8142   0.7980   0.8166   0.0395   0.0461   0.0407   0.0385   0.0385   0.0407   0.0461   0.0395
************  NNK  ************
 NI=  1 NI_GLOBAL=  1
   0.8166   0.0000   0.0000   0.0000  -0.0036   0.0000   0.0000  -0.0046   0.0000   0.0000   0.0000   0.0046   0.0000   0.0000
   0.0000   0.7980   0.0000   0.0000   0.0000  -0.0036   0.0000   0.0000   0.0043   0.0000   0.0000   0.0000  -0.0113   0.0000
   0.0000   0.0000   0.8142   0.0000   0.0000   0.0000   0.0000   0.0000   0.0000   0.0088   0.0000   0.0000   0.0000   0.0064
   0.0000   0.0000   0.0000   0.8142   0.0000   0.0000  -0.0064   0.0000   0.0000   0.0000  -0.0088   0.0000   0.0000   0.0000
  -0.0036   0.0000   0.0000   0.0000   0.7980   0.0000   0.0000   0.0113   0.0000   0.0000   0.0000  -0.0043   0.0000   0.0000
   0.0000  -0.0036   0.0000   0.0000   0.0000   0.8166   0.0000   0.0000  -0.0046   0.0000   0.0000   0.0000   0.0046   0.0000
   0.0000   0.0000   0.0000  -0.0064   0.0000   0.0000   0.0395   0.0000   0.0000   0.0000   0.0010   0.0000   0.0000   0.0000
  -0.0046   0.0000   0.0000   0.0000   0.0113   0.0000   0.0000   0.0461   0.0000   0.0000   0.0000   0.0009   0.0000   0.0000
   0.0000   0.0043   0.0000   0.0000   0.0000  -0.0046   0.0000   0.0000   0.0407   0.0000   0.0000   0.0000   0.0009   0.0000
   0.0000   0.0000   0.0088   0.0000   0.0000   0.0000   0.0000   0.0000   0.0000   0.0385   0.0000   0.0000   0.0000   0.0010
   0.0000   0.0000   0.0000  -0.0088   0.0000   0.0000   0.0010   0.0000   0.0000   0.0000   0.0385   0.0000   0.0000   0.0000
   0.0046   0.0000   0.0000   0.0000  -0.0043   0.0000   0.0000   0.0009   0.0000   0.0000   0.0000   0.0407   0.0000   0.0000
   0.0000  -0.0113   0.0000   0.0000   0.0000   0.0046   0.0000   0.0000   0.0009   0.0000   0.0000   0.0000   0.0461   0.0000
   0.0000   0.0000   0.0064   0.0000   0.0000   0.0000   0.0000   0.0000   0.0000   0.0010   0.0000   0.0000   0.0000   0.0395
************  NKS  ************
 NI=  1 NI_GLOBAL=  1
   0.8096   0.8096   0.8096   0.8096   0.8096   0.8096   0.0412   0.0412   0.0412   0.0412   0.0412   0.0412   0.0412   0.0412
 NELE_LOC TOTAL:
           5.1873222693469447
              CALC_DA_BND takes  0 hours  0 minutes and    0.22 seconds (CPU).
                          takes  0 hours  0 minutes and    0.22 seconds (WALL).
************  DA-  ************
 NI=  1 NI_GLOBAL=  1
  -0.0198  -0.0218  -0.0204  -0.0204  -0.0218  -0.0198  -0.0086  -0.0103  -0.0089  -0.0087  -0.0087  -0.0089  -0.0103  -0.0086
************  DAA  ************
 NI=  1 NI_GLOBAL=  1
  -0.0207  -0.0207  -0.0207  -0.0207  -0.0207  -0.0207  -0.0091  -0.0091  -0.0091  -0.0091  -0.0091  -0.0091  -0.0091  -0.0091
 NI=  1 VDC=    1.3223
************  LA2  ************
 NI=  1 NI_GLOBAL=  1
  -2.5887  -2.5887  -2.5887  -2.5887  -2.5887  -2.5887  -2.4810  -2.4810  -2.4810  -2.4810  -2.4810  -2.4810  -2.4810  -2.4810
 NI=  1 PHI-step gap=  0.15E+00
************  RAA  ************
 NI=  1 NI_GLOBAL=  1
   0.8918   0.8918   0.8918   0.8918   0.8918   0.8918   0.9128   0.9128   0.9128   0.9128   0.9128   0.9128   0.9128   0.9128
************  NC0  ************
 NI=  1 NI_GLOBAL=  1
   0.8096   0.8096   0.8096   0.8096   0.8096   0.8096   0.0412   0.0412   0.0412   0.0412   0.0412   0.0412   0.0412   0.0412
                  CALC_LC takes  0 hours  5 minutes and    3.21 seconds (CPU).
                          takes  0 hours  5 minutes and    3.19 seconds (WALL).
                GUTZ_FCN1 takes  0 hours  5 minutes and    5.24 seconds (CPU).
                          takes  0 hours  5 minutes and    4.38 seconds (WALL).
************  DIF_X  ************
    0.000000001486   -0.000000001423
   -0.000000000706   -0.000000000138
 ITER1=  4 MAXERR=    0.00000000
 NFJAC=   0
 SOLVE1 FINISHED WITH       4 ITERATIONS.
               GUTZ_SOLVE takes  0 hours 20 minutes and   35.87 seconds (CPU).
                          takes  0 hours 20 minutes and   32.55 seconds (WALL).
 MAX. NELF1 DIFF=    0.00118649
               CALC_PJRHO takes  0 hours  0 minutes and    0.46 seconds (CPU).
                          takes  0 hours  0 minutes and    0.36 seconds (WALL).
 NI=  1 SUM_PHY-SUM_KS=     -0.00000001 WOULD BE RENORMALIZED
************  NC1  ************
 NI=  1 NI_GLOBAL=  1
   0.7960   0.7960   0.7960   0.7960   0.7960   0.7960   0.0514   0.0514   0.0514   0.0514   0.0514   0.0514   0.0514   0.0514
               CALC_NCPHY takes  0 hours  0 minutes and   49.42 seconds (CPU).
                          takes  0 hours  0 minutes and   49.28 seconds (WALL).
 GYZ%PJ%EGAMM:
     9.49548
 ENG%GAMM:     9.49548
 ENG%POT2:     3.05062
 EDCLA1(NI) ARRAY:
    -6.238
 EDCUJ(NI) ARRAY:
    -3.084
 EDCUJV(NI) ARRAY:
    -6.859
 EDC(NI) ARRAY:
    -9.321
 ENG%DBLC:    -9.32127
 ENG%DC1 :    -6.23772
 ENG%DC2 :    -3.08356
 ENG%DC2V:    -6.85928
 DC_E_STD_TO_E_V:    -3.77573
 ENG%BAND:     3.56600
 ENG%DL(DEEP LEVEL):    -5.55292
 ENG%TB=     3.74021
 ENG%TB-DC2=     6.82377
 NI=  1 OCC_CONFIG_WEIGHT:
        OCC= 0 WEIGHT=   0.00000
        OCC= 1 WEIGHT=   0.00000
        OCC= 2 WEIGHT=   0.00010
        OCC= 3 WEIGHT=   0.00682
        OCC= 4 WEIGHT=   0.13438
        OCC= 5 WEIGHT=   0.54645
        OCC= 6 WEIGHT=   0.28937
        OCC= 7 WEIGHT=   0.02236
        OCC= 8 WEIGHT=   0.00051
        OCC= 9 WEIGHT=   0.00000
                 CALC_RCW takes  0 hours  0 minutes and    0.00 seconds (CPU).
                          takes  0 hours  0 minutes and    0.00 seconds (WALL).
 NI=  1 J2=   13.8468
                 CALC_SLJ takes  0 hours  0 minutes and    0.00 seconds (CPU).
                          takes  0 hours  0 minutes and    0.00 seconds (WALL).
 NI=  1 ENTANGLEMENT ENTROPY=      4.1123
           CALC_ENTANGLES takes  0 hours  0 minutes and    0.95 seconds (CPU).
                          takes  0 hours  0 minutes and    0.91 seconds (WALL).
 CORRELATED SUBSPACE, SUM_FERWT=      8.0000000 SUM_KSWT=      8.0000000
 MAX OFF DIAGONAL KS.WT=    0.000705
 MAX/MIN R=    0.912809    0.891797
                CALC_KSWT takes  0 hours  0 minutes and    0.06 seconds (CPU).
                          takes  0 hours  0 minutes and    0.03 seconds (WALL).
                    TOTAL takes  0 hours 22 minutes and   30.71 seconds (CPU).
                          takes  0 hours 22 minutes and   25.34 seconds (WALL).
