******Program DMFT: Computes Gloc and Delta for Dynamical Mean Field Theory calculation ******
 CALCULATION WITH COMPLEX VECTORS
 CALCULATION WITH SOC VECTORS REQUIRED
 Running DMFT in mpi mode
  
 numkpt=         286
   0.00000   0.00000   0.00000   1.00000
   0.04762   0.04762   0.00000  12.00000
   0.09524   0.09524   0.00000  12.00000
   0.14286   0.14286   0.00000  12.00000
   0.19048   0.19048   0.00000  12.00000
   0.23810   0.23810   0.00000  12.00000
   0.28571   0.28571   0.00000  12.00000
   0.33333   0.33333   0.00000  12.00000
   0.38095   0.38095   0.00000  12.00000
   0.42857   0.42857   0.00000  12.00000
   0.47619   0.47619   0.00000  12.00000
   0.09524   0.04762   0.04762  24.00000
   0.14286   0.09524   0.04762  48.00000
   0.19048   0.14286   0.04762  48.00000
   0.23810   0.19048   0.04762  48.00000
   0.28571   0.23810   0.04762  48.00000
   0.33333   0.28571   0.04762  48.00000
   0.38095   0.33333   0.04762  48.00000
   0.42857   0.38095   0.04762  48.00000
   0.47619   0.42857   0.04762  48.00000
   0.52381   0.47619   0.04762  24.00000
   0.19048   0.09524   0.09524  24.00000
   0.23810   0.14286   0.09524  48.00000
   0.28571   0.19048   0.09524  48.00000
   0.33333   0.23810   0.09524  48.00000
   0.38095   0.28571   0.09524  48.00000
   0.42857   0.33333   0.09524  48.00000
   0.47619   0.38095   0.09524  48.00000
   0.52381   0.42857   0.09524  48.00000
   0.28571   0.14286   0.14286  24.00000
   0.33333   0.19048   0.14286  48.00000
   0.38095   0.23810   0.14286  48.00000
   0.42857   0.28571   0.14286  48.00000
   0.47619   0.33333   0.14286  48.00000
   0.52381   0.38095   0.14286  48.00000
   0.57143   0.42857   0.14286  24.00000
   0.38095   0.19048   0.19048  24.00000
   0.42857   0.23810   0.19048  48.00000
   0.47619   0.28571   0.19048  48.00000
   0.52381   0.33333   0.19048  48.00000
   0.57143   0.38095   0.19048  48.00000
   0.47619   0.23810   0.23810  24.00000
   0.52381   0.28571   0.23810  48.00000
   0.57143   0.33333   0.23810  48.00000
   0.61905   0.38095   0.23810  24.00000
   0.57143   0.28571   0.28571  24.00000
   0.61905   0.33333   0.28571  48.00000
   0.66667   0.33333   0.33333   8.00000
   0.09524   0.09524   0.09524   8.00000
   0.14286   0.14286   0.09524  24.00000
   0.19048   0.19048   0.09524  24.00000
   0.23810   0.23810   0.09524  24.00000
   0.28571   0.28571   0.09524  24.00000
   0.33333   0.33333   0.09524  24.00000
   0.38095   0.38095   0.09524  24.00000
   0.42857   0.42857   0.09524  24.00000
   0.47619   0.47619   0.09524  24.00000
   1.00000   1.00000   0.09524   6.00000
   0.19048   0.14286   0.14286  24.00000
   0.23810   0.19048   0.14286  48.00000
   0.28571   0.23810   0.14286  48.00000
   0.33333   0.28571   0.14286  48.00000
   0.38095   0.33333   0.14286  48.00000
   0.42857   0.38095   0.14286  48.00000
   0.47619   0.42857   0.14286  48.00000
   0.52381   0.47619   0.14286  24.00000
   1.00000   0.95238   0.14286  24.00000
   0.28571   0.19048   0.19048  24.00000
   0.33333   0.23810   0.19048  48.00000
   0.38095   0.28571   0.19048  48.00000
   0.42857   0.33333   0.19048  48.00000
   0.47619   0.38095   0.19048  48.00000
   0.52381   0.42857   0.19048  48.00000
   1.00000   0.90476   0.19048  24.00000
   1.04762   0.95238   0.19048  24.00000
   0.38095   0.23810   0.23810  24.00000
   0.42857   0.28571   0.23810  48.00000
   0.47619   0.33333   0.23810  48.00000
   0.52381   0.38095   0.23810  48.00000
   0.57143   0.42857   0.23810  24.00000
   1.00000   0.85714   0.23810  24.00000
   1.04762   0.90476   0.23810  48.00000
   0.47619   0.28571   0.28571  24.00000
   0.52381   0.33333   0.28571  48.00000
   0.57143   0.38095   0.28571  48.00000
   1.00000   0.80952   0.28571  24.00000
   1.04762   0.85714   0.28571  48.00000
   1.09524   0.90476   0.28571  24.00000
   0.57143   0.33333   0.33333  24.00000
   0.61905   0.38095   0.33333  24.00000
   1.00000   0.76190   0.33333  24.00000
   1.04762   0.80952   0.33333  48.00000
   1.09524   0.85714   0.33333  48.00000
   1.00000   0.71429   0.38095  24.00000
   1.04762   0.76190   0.38095  48.00000
   1.09524   0.80952   0.38095  48.00000
   1.14286   0.85714   0.38095  24.00000
   1.00000   0.66667   0.42857  24.00000
   1.04762   0.71429   0.42857  48.00000
   1.09524   0.76190   0.42857  48.00000
   1.14286   0.80952   0.42857  48.00000
   1.00000   0.61905   0.47619  24.00000
   1.04762   0.66667   0.47619  48.00000
   1.09524   0.71429   0.47619  48.00000
   1.14286   0.76190   0.47619  48.00000
   1.19048   0.80952   0.47619  24.00000
   1.00000   0.57143   0.52381  24.00000
   1.04762   0.61905   0.52381  48.00000
   1.09524   0.66667   0.52381  48.00000
   1.14286   0.71429   0.52381  48.00000
   1.19048   0.76190   0.52381  48.00000
   1.04762   0.57143   0.57143  24.00000
   1.09524   0.61905   0.57143  48.00000
   1.14286   0.66667   0.57143  48.00000
   1.19048   0.71429   0.57143  48.00000
   1.23810   0.76190   0.57143  24.00000
   1.14286   0.61905   0.61905  24.00000
   1.19048   0.66667   0.61905  48.00000
   1.23810   0.71429   0.61905  48.00000
   1.23810   0.66667   0.66667  24.00000
   1.28571   0.71429   0.66667  24.00000
   0.19048   0.19048   0.19048   8.00000
   0.23810   0.23810   0.19048  24.00000
   0.28571   0.28571   0.19048  24.00000
   0.33333   0.33333   0.19048  24.00000
   0.38095   0.38095   0.19048  24.00000
   0.42857   0.42857   0.19048  24.00000
   0.47619   0.47619   0.19048  24.00000
   1.00000   1.00000   0.19048   6.00000
   0.28571   0.23810   0.23810  24.00000
   0.33333   0.28571   0.23810  48.00000
   0.38095   0.33333   0.23810  48.00000
   0.42857   0.38095   0.23810  48.00000
   0.47619   0.42857   0.23810  48.00000
   0.52381   0.47619   0.23810  24.00000
   1.00000   0.95238   0.23810  24.00000
   0.38095   0.28571   0.28571  24.00000
   0.42857   0.33333   0.28571  48.00000
   0.47619   0.38095   0.28571  48.00000
   0.52381   0.42857   0.28571  48.00000
   1.00000   0.90476   0.28571  24.00000
   1.04762   0.95238   0.28571  24.00000
   0.47619   0.33333   0.33333  24.00000
   0.52381   0.38095   0.33333  48.00000
   0.57143   0.42857   0.33333  24.00000
   1.00000   0.85714   0.33333  24.00000
   1.04762   0.90476   0.33333  48.00000
   0.57143   0.38095   0.38095  24.00000
   1.00000   0.80952   0.38095  24.00000
   1.04762   0.85714   0.38095  48.00000
   1.09524   0.90476   0.38095  24.00000
   1.00000   0.76190   0.42857  24.00000
   1.04762   0.80952   0.42857  48.00000
   1.09524   0.85714   0.42857  48.00000
   1.00000   0.71429   0.47619  24.00000
   1.04762   0.76190   0.47619  48.00000
   1.09524   0.80952   0.47619  48.00000
   1.14286   0.85714   0.47619  24.00000
   1.00000   0.66667   0.52381  24.00000
   1.04762   0.71429   0.52381  48.00000
   1.09524   0.76190   0.52381  48.00000
   1.14286   0.80952   0.52381  48.00000
   1.00000   0.61905   0.57143  24.00000
   1.04762   0.66667   0.57143  48.00000
   1.09524   0.71429   0.57143  48.00000
   1.14286   0.76190   0.57143  48.00000
   1.19048   0.80952   0.57143  24.00000
   1.04762   0.61905   0.61905  24.00000
   1.09524   0.66667   0.61905  48.00000
   1.14286   0.71429   0.61905  48.00000
   1.19048   0.76190   0.61905  48.00000
   1.14286   0.66667   0.66667  24.00000
   1.19048   0.71429   0.66667  48.00000
   1.23810   0.76190   0.66667  24.00000
   1.23810   0.71429   0.71429  24.00000
   0.28571   0.28571   0.28571   8.00000
   0.33333   0.33333   0.28571  24.00000
   0.38095   0.38095   0.28571  24.00000
   0.42857   0.42857   0.28571  24.00000
   0.47619   0.47619   0.28571  24.00000
   1.00000   1.00000   0.28571   6.00000
   0.38095   0.33333   0.33333  24.00000
   0.42857   0.38095   0.33333  48.00000
   0.47619   0.42857   0.33333  48.00000
   0.52381   0.47619   0.33333  24.00000
   1.00000   0.95238   0.33333  24.00000
   0.47619   0.38095   0.38095  24.00000
   0.52381   0.42857   0.38095  48.00000
   1.00000   0.90476   0.38095  24.00000
   1.04762   0.95238   0.38095  24.00000
   0.57143   0.42857   0.42857   8.00000
   1.00000   0.85714   0.42857  24.00000
   1.04762   0.90476   0.42857  48.00000
   1.00000   0.80952   0.47619  24.00000
   1.04762   0.85714   0.47619  48.00000
   1.09524   0.90476   0.47619  24.00000
   1.00000   0.76190   0.52381  24.00000
   1.04762   0.80952   0.52381  48.00000
   1.09524   0.85714   0.52381  48.00000
   1.00000   0.71429   0.57143  24.00000
   1.04762   0.76190   0.57143  48.00000
   1.09524   0.80952   0.57143  48.00000
   1.14286   0.85714   0.57143  24.00000
   1.00000   0.66667   0.61905  24.00000
   1.04762   0.71429   0.61905  48.00000
   1.09524   0.76190   0.61905  48.00000
   1.14286   0.80952   0.61905  48.00000
   1.04762   0.66667   0.66667  24.00000
   1.09524   0.71429   0.66667  48.00000
   1.14286   0.76190   0.66667  48.00000
   1.19048   0.80952   0.66667  24.00000
   1.14286   0.71429   0.71429  24.00000
   1.19048   0.76190   0.71429  48.00000
   1.23810   0.76190   0.76190   8.00000
   0.38095   0.38095   0.38095   8.00000
   0.42857   0.42857   0.38095  24.00000
   0.47619   0.47619   0.38095  24.00000
   1.00000   1.00000   0.38095   6.00000
   0.47619   0.42857   0.42857  24.00000
   0.52381   0.47619   0.42857  24.00000
   1.00000   0.95238   0.42857  24.00000
   1.00000   0.90476   0.47619  24.00000
   1.04762   0.95238   0.47619  24.00000
   1.00000   0.85714   0.52381  24.00000
   1.04762   0.90476   0.52381  48.00000
   1.00000   0.80952   0.57143  24.00000
   1.04762   0.85714   0.57143  48.00000
   1.09524   0.90476   0.57143  24.00000
   1.00000   0.76190   0.61905  24.00000
   1.04762   0.80952   0.61905  48.00000
   1.09524   0.85714   0.61905  48.00000
   1.00000   0.71429   0.66667  24.00000
   1.04762   0.76190   0.66667  48.00000
   1.09524   0.80952   0.66667  48.00000
   1.14286   0.85714   0.66667  24.00000
   1.04762   0.71429   0.71429  24.00000
   1.09524   0.76190   0.71429  48.00000
   1.14286   0.80952   0.71429  48.00000
   1.14286   0.76190   0.76190  24.00000
   1.19048   0.80952   0.76190  24.00000
   0.47619   0.47619   0.47619   8.00000
   1.00000   1.00000   0.47619   6.00000
   1.00000   0.95238   0.52381  24.00000
   1.00000   0.90476   0.57143  24.00000
   1.04762   0.95238   0.57143  24.00000
   1.00000   0.85714   0.61905  24.00000
   1.04762   0.90476   0.61905  48.00000
   1.00000   0.80952   0.66667  24.00000
   1.04762   0.85714   0.66667  48.00000
   1.09524   0.90476   0.66667  24.00000
   1.00000   0.76190   0.71429  24.00000
   1.04762   0.80952   0.71429  48.00000
   1.09524   0.85714   0.71429  48.00000
   1.04762   0.76190   0.76190  24.00000
   1.09524   0.80952   0.76190  48.00000
   1.14286   0.85714   0.76190  24.00000
   1.14286   0.80952   0.80952  24.00000
   1.00000   1.00000   0.57143   6.00000
   1.00000   0.95238   0.61905  24.00000
   1.00000   0.90476   0.66667  24.00000
   1.04762   0.95238   0.66667  24.00000
   1.00000   0.85714   0.71429  24.00000
   1.04762   0.90476   0.71429  48.00000
   1.00000   0.80952   0.76190  24.00000
   1.04762   0.85714   0.76190  48.00000
   1.09524   0.90476   0.76190  24.00000
   1.04762   0.80952   0.80952  24.00000
   1.09524   0.85714   0.80952  48.00000
   1.14286   0.85714   0.85714   8.00000
   1.00000   1.00000   0.66667   6.00000
   1.00000   0.95238   0.71429  24.00000
   1.00000   0.90476   0.76190  24.00000
   1.04762   0.95238   0.76190  24.00000
   1.00000   0.85714   0.80952  24.00000
   1.04762   0.90476   0.80952  48.00000
   1.04762   0.85714   0.85714  24.00000
   1.09524   0.90476   0.85714  24.00000
   1.00000   1.00000   0.76190   6.00000
   1.00000   0.95238   0.80952  24.00000
   1.00000   0.90476   0.85714  24.00000
   1.04762   0.95238   0.85714  24.00000
   1.04762   0.90476   0.90476  24.00000
   1.00000   1.00000   0.85714   6.00000
   1.00000   0.95238   0.90476  24.00000
   1.04762   0.95238   0.95238   8.00000
   1.00000   1.00000   0.95238   6.00000




                              --------------------------------------------------
                                 S T R U C T U R A L   I N F O R M A T I O N
                              --------------------------------------------------


   SUBSTANCE                    = cubic body-centered  (epsilon Pu)                                               

   LATTICE                      = B   
   LATTICE CONSTANTS ARE        =    7.0079170   7.0079170   7.0079170
   NUMBER OF ATOMS IN UNITCELL  =   1
   MODE OF CALCULATION IS       = RELA
 IORD=          48
 FNAMES=
 ./epsilon_Pu_11.vectorso_1                                                     
                                                                                
                                           
 ./epsilon_Pu_11.vectorsodn_1                                                   
                                                                                
                                           
 epsilon_Pu_11.energyso_1                                                       
                                                                                
                                           
 epsilon_Pu_11.energysodn_1                                                     
                                                                                
                                           
  BR1,  BR2
   0.89658   0.00000   0.00000      0.00000   0.89658   0.89658
   0.00000   0.89658   0.00000      0.89658   0.00000   0.89658
   0.00000   0.00000   0.89658      0.89658   0.89658   0.00000
 projector corrected--must be 1,2, or 3! Now projector= 2
 Energy window:   -0.4410 < E <      0.441
 Projected density of states calculation for  1 atoms
--------- atom  1 -------------
l=  3  qsplit=  4
 Symmetrization over eq. k-points is performed
 ********** Start Reading Cix file *************
  Correlated block number           1
  Correlated index=
  1  0  0  0  0  0  0  0  0  0  0  0  0  0
  0  1  0  0  0  0  0  0  0  0  0  0  0  0
  0  0  1  0  0  0  0  0  0  0  0  0  0  0
  0  0  0  1  0  0  0  0  0  0  0  0  0  0
  0  0  0  0  1  0  0  0  0  0  0  0  0  0
  0  0  0  0  0  1  0  0  0  0  0  0  0  0
  0  0  0  0  0  0  2  0  0  0  0  0  0  0
  0  0  0  0  0  0  0  2  0  0  0  0  0  0
  0  0  0  0  0  0  0  0  2  0  0  0  0  0
  0  0  0  0  0  0  0  0  0  2  0  0  0  0
  0  0  0  0  0  0  0  0  0  0  2  0  0  0
  0  0  0  0  0  0  0  0  0  0  0  2  0  0
  0  0  0  0  0  0  0  0  0  0  0  0  2  0
  0  0  0  0  0  0  0  0  0  0  0  0  0  2
  Real part of unitary matrix=
  0.9258  0.0000  0.0000  0.0000  0.0000  0.0000  0.0000  0.0000 -0.3780  0.0000  0.0000  0.0000  0.0000  0.0000
  0.0000  0.8452  0.0000  0.0000  0.0000  0.0000  0.0000  0.0000  0.0000 -0.5345  0.0000  0.0000  0.0000  0.0000
  0.0000  0.0000  0.7559  0.0000  0.0000  0.0000  0.0000  0.0000  0.0000  0.0000 -0.6547  0.0000  0.0000  0.0000
  0.0000  0.0000  0.0000  0.6547  0.0000  0.0000  0.0000  0.0000  0.0000  0.0000  0.0000 -0.7559  0.0000  0.0000
  0.0000  0.0000  0.0000  0.0000  0.5345  0.0000  0.0000  0.0000  0.0000  0.0000  0.0000  0.0000 -0.8452  0.0000
  0.0000  0.0000  0.0000  0.0000  0.0000  0.3780  0.0000  0.0000  0.0000  0.0000  0.0000  0.0000  0.0000 -0.9258
  0.0000  0.0000  0.0000  0.0000  0.0000  0.0000  0.0000  1.0000  0.0000  0.0000  0.0000  0.0000  0.0000  0.0000
  0.3780  0.0000  0.0000  0.0000  0.0000  0.0000  0.0000  0.0000  0.9258  0.0000  0.0000  0.0000  0.0000  0.0000
  0.0000  0.5345  0.0000  0.0000  0.0000  0.0000  0.0000  0.0000  0.0000  0.8452  0.0000  0.0000  0.0000  0.0000
  0.0000  0.0000  0.6547  0.0000  0.0000  0.0000  0.0000  0.0000  0.0000  0.0000  0.7559  0.0000  0.0000  0.0000
  0.0000  0.0000  0.0000  0.7559  0.0000  0.0000  0.0000  0.0000  0.0000  0.0000  0.0000  0.6547  0.0000  0.0000
  0.0000  0.0000  0.0000  0.0000  0.8452  0.0000  0.0000  0.0000  0.0000  0.0000  0.0000  0.0000  0.5345  0.0000
  0.0000  0.0000  0.0000  0.0000  0.0000  0.9258  0.0000  0.0000  0.0000  0.0000  0.0000  0.0000  0.0000  0.3780
  0.0000  0.0000  0.0000  0.0000  0.0000  0.0000  1.0000  0.0000  0.0000  0.0000  0.0000  0.0000  0.0000  0.0000
  Imaginary part of unitary matrix=
  0.0000  0.0000  0.0000  0.0000  0.0000  0.0000  0.0000  0.0000  0.0000  0.0000  0.0000  0.0000  0.0000  0.0000
  0.0000  0.0000  0.0000  0.0000  0.0000  0.0000  0.0000  0.0000  0.0000  0.0000  0.0000  0.0000  0.0000  0.0000
  0.0000  0.0000  0.0000  0.0000  0.0000  0.0000  0.0000  0.0000  0.0000  0.0000  0.0000  0.0000  0.0000  0.0000
  0.0000  0.0000  0.0000  0.0000  0.0000  0.0000  0.0000  0.0000  0.0000  0.0000  0.0000  0.0000  0.0000  0.0000
  0.0000  0.0000  0.0000  0.0000  0.0000  0.0000  0.0000  0.0000  0.0000  0.0000  0.0000  0.0000  0.0000  0.0000
  0.0000  0.0000  0.0000  0.0000  0.0000  0.0000  0.0000  0.0000  0.0000  0.0000  0.0000  0.0000  0.0000  0.0000
  0.0000  0.0000  0.0000  0.0000  0.0000  0.0000  0.0000  0.0000  0.0000  0.0000  0.0000  0.0000  0.0000  0.0000
  0.0000  0.0000  0.0000  0.0000  0.0000  0.0000  0.0000  0.0000  0.0000  0.0000  0.0000  0.0000  0.0000  0.0000
  0.0000  0.0000  0.0000  0.0000  0.0000  0.0000  0.0000  0.0000  0.0000  0.0000  0.0000  0.0000  0.0000  0.0000
  0.0000  0.0000  0.0000  0.0000  0.0000  0.0000  0.0000  0.0000  0.0000  0.0000  0.0000  0.0000  0.0000  0.0000
  0.0000  0.0000  0.0000  0.0000  0.0000  0.0000  0.0000  0.0000  0.0000  0.0000  0.0000  0.0000  0.0000  0.0000
  0.0000  0.0000  0.0000  0.0000  0.0000  0.0000  0.0000  0.0000  0.0000  0.0000  0.0000  0.0000  0.0000  0.0000
  0.0000  0.0000  0.0000  0.0000  0.0000  0.0000  0.0000  0.0000  0.0000  0.0000  0.0000  0.0000  0.0000  0.0000
  0.0000  0.0000  0.0000  0.0000  0.0000  0.0000  0.0000  0.0000  0.0000  0.0000  0.0000  0.0000  0.0000  0.0000
  At least one transformation matrix is not Identity
 Magnetic system with s-o coupling; M theta, phi:  0.0000  0.0000
 Inside ROTDEF
Operation  1 transforms atom   1 from first atom   1
Actual position of atom  1 is:  0.000000    0.000000    0.000000
 
Combined transformation (acting on k-point) for correlated atoms
including users rotation and internal local rotation
catom  1 atom   1
   0.89658   0.00000   0.00000
   0.00000  -0.89658   0.00000
   0.00000   0.00000  -0.89658
 
 
 SPIN COORD SYSTEM:
    1.000000    0.000000    0.000000
    0.000000    1.000000    0.000000
    0.000000    0.000000    1.000000
 
 in global cartezian coordinates:
    1.000000    0.000000    0.000000
    0.000000   -1.000000    0.000000
    0.000000    0.000000   -1.000000
 ____________________________
 in spin coordinates:
    1.000000    0.000000    0.000000
    0.000000   -1.000000    0.000000
    0.000000    0.000000   -1.000000
           1   3.14159265358979       -1.00000000000000     
 
 in global cartezian coordinates:
    0.000000    1.000000    0.000000
   -1.000000    0.000000    0.000000
    0.000000    0.000000   -1.000000
 ____________________________
 in spin coordinates:
    0.000000    1.000000    0.000000
   -1.000000    0.000000    0.000000
    0.000000    0.000000   -1.000000
           2   1.57079632679490        1.00000000000000     
 
 in global cartezian coordinates:
    1.000000    0.000000    0.000000
    0.000000    0.000000   -1.000000
    0.000000   -1.000000    0.000000
 ____________________________
 in spin coordinates:
    1.000000    0.000000    0.000000
    0.000000    0.000000   -1.000000
    0.000000   -1.000000    0.000000
           3   1.57079632679490       0.000000000000000E+000
 
 symm. operation            3  removed !!!! so-det=  0.000000000000000E+000
 in global cartezian coordinates:
    0.000000    0.000000    1.000000
   -1.000000    0.000000    0.000000
    0.000000   -1.000000    0.000000
 ____________________________
 in spin coordinates:
    0.000000    0.000000    1.000000
   -1.000000    0.000000    0.000000
    0.000000   -1.000000    0.000000
           4   1.57079632679490       0.000000000000000E+000
 
 symm. operation            4  removed !!!! so-det=  0.000000000000000E+000
 in global cartezian coordinates:
    0.000000    1.000000    0.000000
    0.000000    0.000000   -1.000000
   -1.000000    0.000000    0.000000
 ____________________________
 in spin coordinates:
    0.000000    1.000000    0.000000
    0.000000    0.000000   -1.000000
   -1.000000    0.000000    0.000000
           5 NaN                      0.000000000000000E+000
 
 symm. operation            5  removed !!!! so-det=  0.000000000000000E+000
 in global cartezian coordinates:
    0.000000    0.000000    1.000000
    0.000000   -1.000000    0.000000
   -1.000000    0.000000    0.000000
 ____________________________
 in spin coordinates:
    0.000000    0.000000    1.000000
    0.000000   -1.000000    0.000000
   -1.000000    0.000000    0.000000
           6   1.57079632679490       0.000000000000000E+000
 
 symm. operation            6  removed !!!! so-det=  0.000000000000000E+000
 in global cartezian coordinates:
   -1.000000    0.000000    0.000000
    0.000000   -1.000000    0.000000
    0.000000    0.000000   -1.000000
 ____________________________
 in spin coordinates:
   -1.000000    0.000000    0.000000
    0.000000   -1.000000    0.000000
    0.000000    0.000000   -1.000000
           7  0.000000000000000E+000   1.00000000000000     
 
 in global cartezian coordinates:
    0.000000    1.000000    0.000000
    1.000000    0.000000    0.000000
    0.000000    0.000000   -1.000000
 ____________________________
 in spin coordinates:
    0.000000    1.000000    0.000000
    1.000000    0.000000    0.000000
    0.000000    0.000000   -1.000000
           8   1.57079632679490       -1.00000000000000     
 
 in global cartezian coordinates:
   -1.000000    0.000000    0.000000
    0.000000    0.000000   -1.000000
    0.000000   -1.000000    0.000000
 ____________________________
 in spin coordinates:
   -1.000000    0.000000    0.000000
    0.000000    0.000000   -1.000000
    0.000000   -1.000000    0.000000
           9   1.57079632679490       0.000000000000000E+000
 
 symm. operation            9  removed !!!! so-det=  0.000000000000000E+000
 in global cartezian coordinates:
    0.000000    0.000000    1.000000
    1.000000    0.000000    0.000000
    0.000000   -1.000000    0.000000
 ____________________________
 in spin coordinates:
    0.000000    0.000000    1.000000
    1.000000    0.000000    0.000000
    0.000000   -1.000000    0.000000
          10   1.57079632679490       0.000000000000000E+000
 
 symm. operation           10  removed !!!! so-det=  0.000000000000000E+000
 in global cartezian coordinates:
    0.000000    1.000000    0.000000
    0.000000    0.000000   -1.000000
    1.000000    0.000000    0.000000
 ____________________________
 in spin coordinates:
    0.000000    1.000000    0.000000
    0.000000    0.000000   -1.000000
    1.000000    0.000000    0.000000
          11 NaN                      0.000000000000000E+000
 
 symm. operation           11  removed !!!! so-det=  0.000000000000000E+000
 in global cartezian coordinates:
    0.000000    0.000000    1.000000
    0.000000   -1.000000    0.000000
    1.000000    0.000000    0.000000
 ____________________________
 in spin coordinates:
    0.000000    0.000000    1.000000
    0.000000   -1.000000    0.000000
    1.000000    0.000000    0.000000
          12   1.57079632679490       0.000000000000000E+000
 
 symm. operation           12  removed !!!! so-det=  0.000000000000000E+000
 in global cartezian coordinates:
    0.000000   -1.000000    0.000000
   -1.000000    0.000000    0.000000
    0.000000    0.000000   -1.000000
 ____________________________
 in spin coordinates:
    0.000000   -1.000000    0.000000
   -1.000000    0.000000    0.000000
    0.000000    0.000000   -1.000000
          13   4.71238898038469       -1.00000000000000     
 
 in global cartezian coordinates:
    1.000000    0.000000    0.000000
    0.000000    1.000000    0.000000
    0.000000    0.000000   -1.000000
 ____________________________
 in spin coordinates:
    1.000000    0.000000    0.000000
    0.000000    1.000000    0.000000
    0.000000    0.000000   -1.000000
          14   3.14159274101257        1.00000000000000     
 
 in global cartezian coordinates:
    0.000000   -1.000000    0.000000
    0.000000    0.000000   -1.000000
   -1.000000    0.000000    0.000000
 ____________________________
 in spin coordinates:
    0.000000   -1.000000    0.000000
    0.000000    0.000000   -1.000000
   -1.000000    0.000000    0.000000
          15 NaN                      0.000000000000000E+000
 
 symm. operation           15  removed !!!! so-det=  0.000000000000000E+000
 in global cartezian coordinates:
    0.000000    0.000000    1.000000
    0.000000    1.000000    0.000000
   -1.000000    0.000000    0.000000
 ____________________________
 in spin coordinates:
    0.000000    0.000000    1.000000
    0.000000    1.000000    0.000000
   -1.000000    0.000000    0.000000
          16   1.57079632679490       0.000000000000000E+000
 
 symm. operation           16  removed !!!! so-det=  0.000000000000000E+000
 in global cartezian coordinates:
    1.000000    0.000000    0.000000
    0.000000    0.000000   -1.000000
    0.000000    1.000000    0.000000
 ____________________________
 in spin coordinates:
    1.000000    0.000000    0.000000
    0.000000    0.000000   -1.000000
    0.000000    1.000000    0.000000
          17   1.57079632679490       0.000000000000000E+000
 
 symm. operation           17  removed !!!! so-det=  0.000000000000000E+000
 in global cartezian coordinates:
    0.000000    0.000000    1.000000
   -1.000000    0.000000    0.000000
    0.000000    1.000000    0.000000
 ____________________________
 in spin coordinates:
    0.000000    0.000000    1.000000
   -1.000000    0.000000    0.000000
    0.000000    1.000000    0.000000
          18   1.57079632679490       0.000000000000000E+000
 
 symm. operation           18  removed !!!! so-det=  0.000000000000000E+000
 in global cartezian coordinates:
    0.000000    0.000000   -1.000000
   -1.000000    0.000000    0.000000
    0.000000   -1.000000    0.000000
 ____________________________
 in spin coordinates:
    0.000000    0.000000   -1.000000
   -1.000000    0.000000    0.000000
    0.000000   -1.000000    0.000000
          19   1.57079632679490       0.000000000000000E+000
 
 symm. operation           19  removed !!!! so-det=  0.000000000000000E+000
 in global cartezian coordinates:
    1.000000    0.000000    0.000000
    0.000000    0.000000    1.000000
    0.000000   -1.000000    0.000000
 ____________________________
 in spin coordinates:
    1.000000    0.000000    0.000000
    0.000000    0.000000    1.000000
    0.000000   -1.000000    0.000000
          20   1.57079632679490       0.000000000000000E+000
 
 symm. operation           20  removed !!!! so-det=  0.000000000000000E+000
 in global cartezian coordinates:
    0.000000    0.000000   -1.000000
    0.000000   -1.000000    0.000000
   -1.000000    0.000000    0.000000
 ____________________________
 in spin coordinates:
    0.000000    0.000000   -1.000000
    0.000000   -1.000000    0.000000
   -1.000000    0.000000    0.000000
          21   1.57079632679490       0.000000000000000E+000
 
 symm. operation           21  removed !!!! so-det=  0.000000000000000E+000
 in global cartezian coordinates:
    0.000000    1.000000    0.000000
    0.000000    0.000000    1.000000
   -1.000000    0.000000    0.000000
 ____________________________
 in spin coordinates:
    0.000000    1.000000    0.000000
    0.000000    0.000000    1.000000
   -1.000000    0.000000    0.000000
          22 NaN                      0.000000000000000E+000
 
 symm. operation           22  removed !!!! so-det=  0.000000000000000E+000
 in global cartezian coordinates:
    1.000000    0.000000    0.000000
    0.000000   -1.000000    0.000000
    0.000000    0.000000    1.000000
 ____________________________
 in spin coordinates:
    1.000000    0.000000    0.000000
    0.000000   -1.000000    0.000000
    0.000000    0.000000    1.000000
          23   6.28318539460237       -1.00000000000000     
 
 in global cartezian coordinates:
    0.000000    1.000000    0.000000
   -1.000000    0.000000    0.000000
    0.000000    0.000000    1.000000
 ____________________________
 in spin coordinates:
    0.000000    1.000000    0.000000
   -1.000000    0.000000    0.000000
    0.000000    0.000000    1.000000
          24  -1.57079632679490        1.00000000000000     
 
 in global cartezian coordinates:
    0.000000   -1.000000    0.000000
    1.000000    0.000000    0.000000
    0.000000    0.000000   -1.000000
 ____________________________
 in spin coordinates:
    0.000000   -1.000000    0.000000
    1.000000    0.000000    0.000000
    0.000000    0.000000   -1.000000
          25  -1.57079632679490        1.00000000000000     
 
 in global cartezian coordinates:
   -1.000000    0.000000    0.000000
    0.000000    1.000000    0.000000
    0.000000    0.000000   -1.000000
 ____________________________
 in spin coordinates:
   -1.000000    0.000000    0.000000
    0.000000    1.000000    0.000000
    0.000000    0.000000   -1.000000
          26   6.28318539460237       -1.00000000000000     
 
 in global cartezian coordinates:
    0.000000   -1.000000    0.000000
    0.000000    0.000000   -1.000000
    1.000000    0.000000    0.000000
 ____________________________
 in spin coordinates:
    0.000000   -1.000000    0.000000
    0.000000    0.000000   -1.000000
    1.000000    0.000000    0.000000
          27 NaN                      0.000000000000000E+000
 
 symm. operation           27  removed !!!! so-det=  0.000000000000000E+000
 in global cartezian coordinates:
    0.000000    0.000000    1.000000
    0.000000    1.000000    0.000000
    1.000000    0.000000    0.000000
 ____________________________
 in spin coordinates:
    0.000000    0.000000    1.000000
    0.000000    1.000000    0.000000
    1.000000    0.000000    0.000000
          28   1.57079632679490       0.000000000000000E+000
 
 symm. operation           28  removed !!!! so-det=  0.000000000000000E+000
 in global cartezian coordinates:
   -1.000000    0.000000    0.000000
    0.000000    0.000000   -1.000000
    0.000000    1.000000    0.000000
 ____________________________
 in spin coordinates:
   -1.000000    0.000000    0.000000
    0.000000    0.000000   -1.000000
    0.000000    1.000000    0.000000
          29   1.57079632679490       0.000000000000000E+000
 
 symm. operation           29  removed !!!! so-det=  0.000000000000000E+000
 in global cartezian coordinates:
    0.000000    0.000000    1.000000
    1.000000    0.000000    0.000000
    0.000000    1.000000    0.000000
 ____________________________
 in spin coordinates:
    0.000000    0.000000    1.000000
    1.000000    0.000000    0.000000
    0.000000    1.000000    0.000000
          30   1.57079632679490       0.000000000000000E+000
 
 symm. operation           30  removed !!!! so-det=  0.000000000000000E+000
 in global cartezian coordinates:
    0.000000    0.000000   -1.000000
    1.000000    0.000000    0.000000
    0.000000   -1.000000    0.000000
 ____________________________
 in spin coordinates:
    0.000000    0.000000   -1.000000
    1.000000    0.000000    0.000000
    0.000000   -1.000000    0.000000
          31   1.57079632679490       0.000000000000000E+000
 
 symm. operation           31  removed !!!! so-det=  0.000000000000000E+000
 in global cartezian coordinates:
   -1.000000    0.000000    0.000000
    0.000000    0.000000    1.000000
    0.000000   -1.000000    0.000000
 ____________________________
 in spin coordinates:
   -1.000000    0.000000    0.000000
    0.000000    0.000000    1.000000
    0.000000   -1.000000    0.000000
          32   1.57079632679490       0.000000000000000E+000
 
 symm. operation           32  removed !!!! so-det=  0.000000000000000E+000
 in global cartezian coordinates:
    0.000000    0.000000   -1.000000
    0.000000   -1.000000    0.000000
    1.000000    0.000000    0.000000
 ____________________________
 in spin coordinates:
    0.000000    0.000000   -1.000000
    0.000000   -1.000000    0.000000
    1.000000    0.000000    0.000000
          33   1.57079632679490       0.000000000000000E+000
 
 symm. operation           33  removed !!!! so-det=  0.000000000000000E+000
 in global cartezian coordinates:
    0.000000    1.000000    0.000000
    0.000000    0.000000    1.000000
    1.000000    0.000000    0.000000
 ____________________________
 in spin coordinates:
    0.000000    1.000000    0.000000
    0.000000    0.000000    1.000000
    1.000000    0.000000    0.000000
          34 NaN                      0.000000000000000E+000
 
 symm. operation           34  removed !!!! so-det=  0.000000000000000E+000
 in global cartezian coordinates:
   -1.000000    0.000000    0.000000
    0.000000   -1.000000    0.000000
    0.000000    0.000000    1.000000
 ____________________________
 in spin coordinates:
   -1.000000    0.000000    0.000000
    0.000000   -1.000000    0.000000
    0.000000    0.000000    1.000000
          35   3.14159274101257        1.00000000000000     
 
 in global cartezian coordinates:
    0.000000    1.000000    0.000000
    1.000000    0.000000    0.000000
    0.000000    0.000000    1.000000
 ____________________________
 in spin coordinates:
    0.000000    1.000000    0.000000
    1.000000    0.000000    0.000000
    0.000000    0.000000    1.000000
          36   4.71238898038469       -1.00000000000000     
 
 in global cartezian coordinates:
    0.000000    0.000000   -1.000000
    0.000000    1.000000    0.000000
   -1.000000    0.000000    0.000000
 ____________________________
 in spin coordinates:
    0.000000    0.000000   -1.000000
    0.000000    1.000000    0.000000
   -1.000000    0.000000    0.000000
          37   1.57079632679490       0.000000000000000E+000
 
 symm. operation           37  removed !!!! so-det=  0.000000000000000E+000
 in global cartezian coordinates:
    0.000000   -1.000000    0.000000
    0.000000    0.000000    1.000000
   -1.000000    0.000000    0.000000
 ____________________________
 in spin coordinates:
    0.000000   -1.000000    0.000000
    0.000000    0.000000    1.000000
   -1.000000    0.000000    0.000000
          38 NaN                      0.000000000000000E+000
 
 symm. operation           38  removed !!!! so-det=  0.000000000000000E+000
 in global cartezian coordinates:
    0.000000    0.000000   -1.000000
   -1.000000    0.000000    0.000000
    0.000000    1.000000    0.000000
 ____________________________
 in spin coordinates:
    0.000000    0.000000   -1.000000
   -1.000000    0.000000    0.000000
    0.000000    1.000000    0.000000
          39   1.57079632679490       0.000000000000000E+000
 
 symm. operation           39  removed !!!! so-det=  0.000000000000000E+000
 in global cartezian coordinates:
    1.000000    0.000000    0.000000
    0.000000    0.000000    1.000000
    0.000000    1.000000    0.000000
 ____________________________
 in spin coordinates:
    1.000000    0.000000    0.000000
    0.000000    0.000000    1.000000
    0.000000    1.000000    0.000000
          40   1.57079632679490       0.000000000000000E+000
 
 symm. operation           40  removed !!!! so-det=  0.000000000000000E+000
 in global cartezian coordinates:
    0.000000   -1.000000    0.000000
   -1.000000    0.000000    0.000000
    0.000000    0.000000    1.000000
 ____________________________
 in spin coordinates:
    0.000000   -1.000000    0.000000
   -1.000000    0.000000    0.000000
    0.000000    0.000000    1.000000
          41   1.57079632679490       -1.00000000000000     
 
 in global cartezian coordinates:
    1.000000    0.000000    0.000000
    0.000000    1.000000    0.000000
    0.000000    0.000000    1.000000
 ____________________________
 in spin coordinates:
    1.000000    0.000000    0.000000
    0.000000    1.000000    0.000000
    0.000000    0.000000    1.000000
          42  0.000000000000000E+000   1.00000000000000     
 
 in global cartezian coordinates:
    0.000000    0.000000   -1.000000
    0.000000    1.000000    0.000000
    1.000000    0.000000    0.000000
 ____________________________
 in spin coordinates:
    0.000000    0.000000   -1.000000
    0.000000    1.000000    0.000000
    1.000000    0.000000    0.000000
          43   1.57079632679490       0.000000000000000E+000
 
 symm. operation           43  removed !!!! so-det=  0.000000000000000E+000
 in global cartezian coordinates:
    0.000000   -1.000000    0.000000
    0.000000    0.000000    1.000000
    1.000000    0.000000    0.000000
 ____________________________
 in spin coordinates:
    0.000000   -1.000000    0.000000
    0.000000    0.000000    1.000000
    1.000000    0.000000    0.000000
          44 NaN                      0.000000000000000E+000
 
 symm. operation           44  removed !!!! so-det=  0.000000000000000E+000
 in global cartezian coordinates:
    0.000000    0.000000   -1.000000
    1.000000    0.000000    0.000000
    0.000000    1.000000    0.000000
 ____________________________
 in spin coordinates:
    0.000000    0.000000   -1.000000
    1.000000    0.000000    0.000000
    0.000000    1.000000    0.000000
          45   1.57079632679490       0.000000000000000E+000
 
 symm. operation           45  removed !!!! so-det=  0.000000000000000E+000
 in global cartezian coordinates:
   -1.000000    0.000000    0.000000
    0.000000    0.000000    1.000000
    0.000000    1.000000    0.000000
 ____________________________
 in spin coordinates:
   -1.000000    0.000000    0.000000
    0.000000    0.000000    1.000000
    0.000000    1.000000    0.000000
          46   1.57079632679490       0.000000000000000E+000
 
 symm. operation           46  removed !!!! so-det=  0.000000000000000E+000
 in global cartezian coordinates:
    0.000000   -1.000000    0.000000
    1.000000    0.000000    0.000000
    0.000000    0.000000    1.000000
 ____________________________
 in spin coordinates:
    0.000000   -1.000000    0.000000
    1.000000    0.000000    0.000000
    0.000000    0.000000    1.000000
          47   1.57079632679490        1.00000000000000     
 
 in global cartezian coordinates:
   -1.000000    0.000000    0.000000
    0.000000    1.000000    0.000000
    0.000000    0.000000    1.000000
 ____________________________
 in spin coordinates:
   -1.000000    0.000000    0.000000
    0.000000    1.000000    0.000000
    0.000000    0.000000    1.000000
          48   3.14159265358979       -1.00000000000000     
 
 Original and SO-compatible symops changed:          48          16
 FNAME=
 epsilon_Pu_11.energyso_1                                                       
                                                                                
                                                     60
 FNAME=
 epsilon_Pu_11.energysodn_1                                                     
                                                                                
                                                     59
 BZ-integration with TETRA-program.   icor=: 1
 Equal occupancy of degenerate states, tol=: 0.1E-05
 call eord...
 call dos...
 ILOOP            1
 ILOOP            2
   FERMI ENERGY AT    1.12848165860741     
 RESULT OF INTEGRATION:      15.999999998832; SHOULD BE:      15.999999999900
 call eweigh...
   number of occupied bands:          18
   highest energy:   1.13795480412743     
 FERMI-LDA=   1.128 Ryd,  15.354 eV.
 ABSOLUTE EMIN=   0.687 Ryd.   9.354 eV.
 ABSOLUTE EMAX=   1.569 Ryd.  21.354 eV.


:NLDA  : NUMBER OF ELECTRONS          =  16.000

:FLDA  : F E R M I - ENERGY           =   1.12848
 
 ********** Information about the atomic index arrays ************
 iatom=           1
 isort=           1
 csort=           1
 maxucase=           1
icase, iucase, jatom, latom=     1     1     1     1
 
 *****  Arrays for correlated blocks ******
 norbitals=           1
 maxdim2=          14
iorbital( 1, 1)=   1
cix( 1, 1)=   1
icase,lcase,icix,iorb,nind1,ip1,iSx=    1    1    1    1   14    1    1
icase,lcase,icix,iorb,nind1,ip1,iSx=    1    1    1    1   14    2    2
icase,lcase,icix,iorb,nind1,ip1,iSx=    1    1    1    1   14    3    3
icase,lcase,icix,iorb,nind1,ip1,iSx=    1    1    1    1   14    4    4
icase,lcase,icix,iorb,nind1,ip1,iSx=    1    1    1    1   14    5    5
icase,lcase,icix,iorb,nind1,ip1,iSx=    1    1    1    1   14    6    6
icase,lcase,icix,iorb,nind1,ip1,iSx=    1    1    1    1   14    7    7
icase,lcase,icix,iorb,nind1,ip1,iSx=    1    1    1    1   14    8    8
icase,lcase,icix,iorb,nind1,ip1,iSx=    1    1    1    1   14    9    9
icase,lcase,icix,iorb,nind1,ip1,iSx=    1    1    1    1   14   10   10
icase,lcase,icix,iorb,nind1,ip1,iSx=    1    1    1    1   14   11   11
icase,lcase,icix,iorb,nind1,ip1,iSx=    1    1    1    1   14   12   12
icase,lcase,icix,iorb,nind1,ip1,iSx=    1    1    1    1   14   13   13
icase,lcase,icix,iorb,nind1,ip1,iSx=    1    1    1    1   14   14   14
cixdim( 1)=14
noccur( 1, 1)=   6
noccur( 2, 1)=   8
iSx( 1, 1)=  1
iSx( 2, 1)=  2
iSx( 3, 1)=  3
iSx( 4, 1)=  4
iSx( 5, 1)=  5
iSx( 6, 1)=  6
iSx( 7, 1)=  7
iSx( 8, 1)=  8
iSx( 9, 1)=  9
iSx(10, 1)= 10
iSx(11, 1)= 11
iSx(12, 1)= 12
iSx(13, 1)= 13
iSx(14, 1)= 14
nindo( 1)= 14
CF for iorb1= 1 iorb2= 1
    0.92582010     0.00000000       0.00000000     0.00000000       0.00000000     0.00000000       0.00000000     0.00000000       0.00000000     0.00000000       0.00000000     0.00000000       0.00000000     0.00000000       0.00000000     0.00000000      -0.37796447     0.00000000       0.00000000     0.00000000       0.00000000     0.00000000       0.00000000     0.00000000       0.00000000     0.00000000       0.00000000     0.00000000   
    0.00000000     0.00000000       0.84515425     0.00000000       0.00000000     0.00000000       0.00000000     0.00000000       0.00000000     0.00000000       0.00000000     0.00000000       0.00000000     0.00000000       0.00000000     0.00000000       0.00000000     0.00000000      -0.53452248     0.00000000       0.00000000     0.00000000       0.00000000     0.00000000       0.00000000     0.00000000       0.00000000     0.00000000   
    0.00000000     0.00000000       0.00000000     0.00000000       0.75592895     0.00000000       0.00000000     0.00000000       0.00000000     0.00000000       0.00000000     0.00000000       0.00000000     0.00000000       0.00000000     0.00000000       0.00000000     0.00000000       0.00000000     0.00000000      -0.65465367     0.00000000       0.00000000     0.00000000       0.00000000     0.00000000       0.00000000     0.00000000   
    0.00000000     0.00000000       0.00000000     0.00000000       0.00000000     0.00000000       0.65465367     0.00000000       0.00000000     0.00000000       0.00000000     0.00000000       0.00000000     0.00000000       0.00000000     0.00000000       0.00000000     0.00000000       0.00000000     0.00000000       0.00000000     0.00000000      -0.75592895     0.00000000       0.00000000     0.00000000       0.00000000     0.00000000   
    0.00000000     0.00000000       0.00000000     0.00000000       0.00000000     0.00000000       0.00000000     0.00000000       0.53452248     0.00000000       0.00000000     0.00000000       0.00000000     0.00000000       0.00000000     0.00000000       0.00000000     0.00000000       0.00000000     0.00000000       0.00000000     0.00000000       0.00000000     0.00000000      -0.84515425     0.00000000       0.00000000     0.00000000   
    0.00000000     0.00000000       0.00000000     0.00000000       0.00000000     0.00000000       0.00000000     0.00000000       0.00000000     0.00000000       0.37796447     0.00000000       0.00000000     0.00000000       0.00000000     0.00000000       0.00000000     0.00000000       0.00000000     0.00000000       0.00000000     0.00000000       0.00000000     0.00000000       0.00000000     0.00000000      -0.92582010     0.00000000   
    0.00000000     0.00000000       0.00000000     0.00000000       0.00000000     0.00000000       0.00000000     0.00000000       0.00000000     0.00000000       0.00000000     0.00000000       0.00000000     0.00000000       1.00000000     0.00000000       0.00000000     0.00000000       0.00000000     0.00000000       0.00000000     0.00000000       0.00000000     0.00000000       0.00000000     0.00000000       0.00000000     0.00000000   
    0.37796447     0.00000000       0.00000000     0.00000000       0.00000000     0.00000000       0.00000000     0.00000000       0.00000000     0.00000000       0.00000000     0.00000000       0.00000000     0.00000000       0.00000000     0.00000000       0.92582010     0.00000000       0.00000000     0.00000000       0.00000000     0.00000000       0.00000000     0.00000000       0.00000000     0.00000000       0.00000000     0.00000000   
    0.00000000     0.00000000       0.53452248     0.00000000       0.00000000     0.00000000       0.00000000     0.00000000       0.00000000     0.00000000       0.00000000     0.00000000       0.00000000     0.00000000       0.00000000     0.00000000       0.00000000     0.00000000       0.84515425     0.00000000       0.00000000     0.00000000       0.00000000     0.00000000       0.00000000     0.00000000       0.00000000     0.00000000   
    0.00000000     0.00000000       0.00000000     0.00000000       0.65465367     0.00000000       0.00000000     0.00000000       0.00000000     0.00000000       0.00000000     0.00000000       0.00000000     0.00000000       0.00000000     0.00000000       0.00000000     0.00000000       0.00000000     0.00000000       0.75592895     0.00000000       0.00000000     0.00000000       0.00000000     0.00000000       0.00000000     0.00000000   
    0.00000000     0.00000000       0.00000000     0.00000000       0.00000000     0.00000000       0.75592895     0.00000000       0.00000000     0.00000000       0.00000000     0.00000000       0.00000000     0.00000000       0.00000000     0.00000000       0.00000000     0.00000000       0.00000000     0.00000000       0.00000000     0.00000000       0.65465367     0.00000000       0.00000000     0.00000000       0.00000000     0.00000000   
    0.00000000     0.00000000       0.00000000     0.00000000       0.00000000     0.00000000       0.00000000     0.00000000       0.84515425     0.00000000       0.00000000     0.00000000       0.00000000     0.00000000       0.00000000     0.00000000       0.00000000     0.00000000       0.00000000     0.00000000       0.00000000     0.00000000       0.00000000     0.00000000       0.53452248     0.00000000       0.00000000     0.00000000   
    0.00000000     0.00000000       0.00000000     0.00000000       0.00000000     0.00000000       0.00000000     0.00000000       0.00000000     0.00000000       0.92582010     0.00000000       0.00000000     0.00000000       0.00000000     0.00000000       0.00000000     0.00000000       0.00000000     0.00000000       0.00000000     0.00000000       0.00000000     0.00000000       0.00000000     0.00000000       0.37796447     0.00000000   
    0.00000000     0.00000000       0.00000000     0.00000000       0.00000000     0.00000000       0.00000000     0.00000000       0.00000000     0.00000000       0.00000000     0.00000000       1.00000000     0.00000000       0.00000000     0.00000000       0.00000000     0.00000000       0.00000000     0.00000000       0.00000000     0.00000000       0.00000000     0.00000000       0.00000000     0.00000000       0.00000000     0.00000000   
Rspin for iorb=  1
 angles=  0.000000000000000E+000   3.14159265358979       0.000000000000000E+000
  0.000000000000000E+000  0.000000000000000E+000  0.000000000000000E+000
 Rspin=
    0.000000    0.000000      0.000000    1.000000
    0.000000    1.000000      0.000000    0.000000
 Calculation for atom  1 which has iucase=  1
 ATPAR for spin up

          ATOMIC PARAMETERS FOR Pu  0+    

           ENERGY PARAMETERS ARE   0.89  -1.38   0.89   0.89

           L     U(R)          U'(R)         DU/DE        DU'/DE      NORM-U'
           0  0.550303E+00  0.815511E+00  0.113067E+00 -0.225556E+00
           1  0.537039E+00 -0.153308E-02 -0.144131E+00 -0.402432E+00
           2 -0.618077E+00  0.236140E-01  0.984095E-01  0.346297E+00
           3 -0.319800E+00  0.123363E+00  0.361878E+00  0.537064E+00
LO COEFFICIENT: l,A,B,C   0          0.65606    -3.19310     0.00000     0.00000
 
LO COEFFICIENT: l,A,B,C   0          0.32216     0.00000     0.77917     0.00000
 
LO COEFFICIENT: l,A,B,C   1          0.87953     3.27717     0.00000     0.00000
 
LO COEFFICIENT: l,A,B,C   1          0.27304     0.00000    -1.24247     0.00000
 
LO COEFFICIENT: l,A,B,C   2          0.85280     5.35616     0.00000     0.00000
 
LO COEFFICIENT: l,A,B,C   3          0.93916     0.82996     0.00000     0.00000
 
 ATPAR for spin down

          ATOMIC PARAMETERS FOR Pu  0+    

           ENERGY PARAMETERS ARE   0.89  -1.38   0.89   0.89

           L     U(R)          U'(R)         DU/DE        DU'/DE      NORM-U'
           0  0.550303E+00  0.815511E+00  0.113067E+00 -0.225556E+00
           1  0.537039E+00 -0.153308E-02 -0.144131E+00 -0.402432E+00
           2 -0.618077E+00  0.236140E-01  0.984095E-01  0.346297E+00
           3 -0.319800E+00  0.123363E+00  0.361878E+00  0.537064E+00
LO COEFFICIENT: l,A,B,C   0          0.65606    -3.19310     0.00000     0.00000
 
LO COEFFICIENT: l,A,B,C   0          0.32216     0.00000     0.77917     0.00000
 
LO COEFFICIENT: l,A,B,C   1          0.87953     3.27717     0.00000     0.00000
 
LO COEFFICIENT: l,A,B,C   1          0.27304     0.00000    -1.24247     0.00000
 
LO COEFFICIENT: l,A,B,C   2          0.85280     5.35616     0.00000     0.00000
 
LO COEFFICIENT: l,A,B,C   3          0.93916     0.82996     0.00000     0.00000
 
 L1=           0  L2=           0
 RADIAL INTEGRALS:
           1           1                 1           1   1.00000000000000     
           1           3                 1           1  0.575874451071726     
           1           1                 1           2   1.00000000000000     
           1           3                 1           2  0.575874451071726     
           1           1                 2           1   1.00000000000000     
           1           3                 2           1  0.575874451071726     
           1           1                 2           2   1.00000000000000     
           1           3                 2           2  0.575874451071726     
           2           2                 1           1  5.586375264051787E-002
           2           3                 1           1 -0.190973223139893     
           2           2                 1           2  5.586375264051787E-002
           2           3                 1           2 -0.190973223139893     
           2           2                 2           1  5.586375264051787E-002
           2           3                 2           1 -0.190973223139893     
           2           2                 2           2  5.586375264051787E-002
           2           3                 2           2 -0.190973223139893     
           3           1                 1           1  0.575874451071726     
           3           2                 1           1 -0.190973223139893     
           3           3                 1           1   1.00000000000000     
           3           1                 1           2  0.575874451071726     
           3           2                 1           2 -0.190973223139893     
           3           3                 1           2   1.00000000000000     
           3           1                 2           1  0.575874451071726     
           3           2                 2           1 -0.190973223139893     
           3           3                 2           1   1.00000000000000     
           3           1                 2           2  0.575874451071726     
           3           2                 2           2 -0.190973223139893     
           3           3                 2           2   1.00000000000000     
 L1=           1  L2=           1
 RADIAL INTEGRALS:
           1           1                 1           1   1.00000000000000     
           1           3                 1           1  0.911263033874439     
           1           1                 1           2   1.00000000000000     
           1           3                 1           2  0.911263033874439     
           1           1                 2           1   1.00000000000000     
           1           3                 2           1  0.911263033874439     
           1           1                 2           2   1.00000000000000     
           1           3                 2           2  0.911263033874439     
           2           2                 1           1  2.108277239488938E-002
           2           3                 1           1  5.963257571057447E-002
           2           2                 1           2  2.108277239488938E-002
           2           3                 1           2  5.963257571057447E-002
           2           2                 2           1  2.108277239488938E-002
           2           3                 2           1  5.963257571057447E-002
           2           2                 2           2  2.108277239488938E-002
           2           3                 2           2  5.963257571057447E-002
           3           1                 1           1  0.911263033874439     
           3           2                 1           1  5.963257571057447E-002
           3           3                 1           1   1.00000000000000     
           3           1                 1           2  0.911263033874439     
           3           2                 1           2  5.963257571057447E-002
           3           3                 1           2   1.00000000000000     
           3           1                 2           1  0.911263033874439     
           3           2                 2           1  5.963257571057447E-002
           3           3                 2           1   1.00000000000000     
           3           1                 2           2  0.911263033874439     
           3           2                 2           2  5.963257571057447E-002
           3           3                 2           2   1.00000000000000     
 L1=           2  L2=           2
 RADIAL INTEGRALS:
           1           1                 1           1   1.00000000000000     
           1           1                 1           2   1.00000000000000     
           1           1                 2           1   1.00000000000000     
           1           1                 2           2   1.00000000000000     
           2           2                 1           1  9.506564611907633E-003
           2           2                 1           2  9.506564611907633E-003
           2           2                 2           1  9.506564611907633E-003
           2           2                 2           2  9.506564611907633E-003
 L1=           3  L2=           3
 RADIAL INTEGRALS:
           1           1                 1           1   1.00000000000000     
           1           1                 1           2   1.00000000000000     
           1           1                 2           1   1.00000000000000     
           1           1                 2           2   1.00000000000000     
           2           2                 1           1  0.171274560046684     
           2           2                 1           2  0.171274560046684     
           2           2                 2           1  0.171274560046684     
           2           2                 2           2  0.171274560046684     
Saving potential parameters for atom 1 into  1
pr_proc=143  tot-k=286
 ------------------------------------------------------------------------------


   =====>>> CPU TIME SUMMARY

            TOTAL       :      1.3
 OMP_NUM_THREADS= 2
 GUTZ_SOLVER VO.1.5 BUILT ON Jan 19 2014 AT22:25:59
 NT=  1 SEC_N%DIM=   10 WITH ID:
           1       2      16     107     471    1472    3474    6477    9909   12912
       14914
 MEAN U/J:  0.2940  0.0265
 NEL_FIX_VDC1=      5.23
 ATOM DEPENDENT NELF1:
      5.2306
 DCMIX_A=  0.200000
 SYMMETRICALLY NON-EQUIVALENT ATOMS:
          1
 VARIATIONAL-SETUP-NON-EQUIVALENT ATOMS:
          1
 COMPLEMENTARY VARIATIONAL-SETUP-EQUIVALENT ATOMS:

 GYZ%SYM%IDSUM:
  1
 DIM(X_Gutz)=  4
 CALC SET: GAPJ-SHFT FULL       -JH-PROJ SLATER    VAR-FIXDC    Ryd.   
 NT= 1
 LOCAL INTERACTION PART   :
 U              :   0.2940
 J              :   0.0265
 FOCK SPACE PART:
 NA             :  7
 FS%OCC(1) L.B. :  0
 FS%OCC(2) U.B. :  9
 FS%DIM         :     14913
 HL%OCC(1) L.B. :  0
 HL%OCC(2) U.B. :  9
 ISO= 2 ISPIN_IN= 1 ISPIN= 1 ISPO= 2
 BND%NMAX=  88
 BZ INTEGRATION WITH TETRA METHOD, ICOR= 1
 EQUAL OCCUPANCY OF DEGENERATE STATES, TOL= 0.1E-05
 VALENCE ELECTRONS: TOTAL=    16.0
                    CORRELATED PART=     8.0
 SYM%IDI/IDF=  1 16
 BND%NMAXIN=   26
      GUTZ5_INI_CORR_UVEK takes  0 hours  0 minutes and    0.04 seconds (CPU).
                          takes  0 hours  0 minutes and    0.04 seconds (WALL).
                 SETUP_TB takes  0 hours  0 minutes and    1.27 seconds (CPU).
                          takes  0 hours  0 minutes and    0.64 seconds (WALL).
************  EL-  ************
 NI=  1 NI_GLOBAL=  1
   1.1391   1.1352   1.1330   1.1330   1.1352   1.1391   1.2197   1.2150   1.2145   1.2103   1.2103   1.2145   1.2150   1.2197
************  EL=  ************
 NI=  1 NI_GLOBAL=  1
   1.1391   0.0000   0.0000   0.0000   0.0027   0.0000   0.0000   0.0016   0.0000   0.0000   0.0000  -0.0013   0.0000   0.0000
   0.0000   1.1352   0.0000   0.0000   0.0000   0.0027   0.0000   0.0000  -0.0002   0.0000   0.0000   0.0000   0.0059   0.0000
   0.0000   0.0000   1.1330   0.0000   0.0000   0.0000   0.0000   0.0000   0.0000   0.0032   0.0000   0.0000   0.0000   0.0001
   0.0000   0.0000   0.0000   1.1330   0.0000   0.0000  -0.0001   0.0000   0.0000   0.0000  -0.0032   0.0000   0.0000   0.0000
   0.0027   0.0000   0.0000   0.0000   1.1352   0.0000   0.0000  -0.0059   0.0000   0.0000   0.0000   0.0002   0.0000   0.0000
   0.0000   0.0027   0.0000   0.0000   0.0000   1.1391   0.0000   0.0000   0.0013   0.0000   0.0000   0.0000  -0.0016   0.0000
   0.0000   0.0000   0.0000  -0.0001   0.0000   0.0000   1.2197   0.0000   0.0000   0.0000   0.0011   0.0000   0.0000   0.0000
   0.0016   0.0000   0.0000   0.0000  -0.0059   0.0000   0.0000   1.2150   0.0000   0.0000   0.0000   0.0044   0.0000   0.0000
   0.0000  -0.0002   0.0000   0.0000   0.0000   0.0013   0.0000   0.0000   1.2145   0.0000   0.0000   0.0000   0.0044   0.0000
   0.0000   0.0000   0.0032   0.0000   0.0000   0.0000   0.0000   0.0000   0.0000   1.2103   0.0000   0.0000   0.0000   0.0011
   0.0000   0.0000   0.0000  -0.0032   0.0000   0.0000   0.0011   0.0000   0.0000   0.0000   1.2103   0.0000   0.0000   0.0000
  -0.0013   0.0000   0.0000   0.0000   0.0002   0.0000   0.0000   0.0044   0.0000   0.0000   0.0000   1.2145   0.0000   0.0000
   0.0000   0.0059   0.0000   0.0000   0.0000  -0.0016   0.0000   0.0000   0.0044   0.0000   0.0000   0.0000   1.2150   0.0000
   0.0000   0.0000   0.0001   0.0000   0.0000   0.0000   0.0000   0.0000   0.0000   0.0011   0.0000   0.0000   0.0000   1.2197
 NI=  1 LOCAL ORBITAL LEVEL CENTER(ELC)=   1.181
************  EL0  ************
 NI=  1 NI_GLOBAL=  1
   1.1358   1.1358   1.1358   1.1358   1.1358   1.1358   1.2149   1.2149   1.2149   1.2149   1.2149   1.2149   1.2149   1.2149
************  ELL  ************
 NI=  1 NI_GLOBAL=  1
   1.1358   0.0000   0.0000   0.0000   0.0000   0.0000   0.0000   0.0000   0.0000   0.0000   0.0000   0.0000   0.0000   0.0000
   0.0000   1.1358   0.0000   0.0000   0.0000   0.0000   0.0000   0.0000   0.0000   0.0000   0.0000   0.0000   0.0000   0.0000
   0.0000   0.0000   1.1358   0.0000   0.0000   0.0000   0.0000   0.0000   0.0000   0.0000   0.0000   0.0000   0.0000   0.0000
   0.0000   0.0000   0.0000   1.1358   0.0000   0.0000   0.0000   0.0000   0.0000   0.0000   0.0000   0.0000   0.0000   0.0000
   0.0000   0.0000   0.0000   0.0000   1.1358   0.0000   0.0000   0.0000   0.0000   0.0000   0.0000   0.0000   0.0000   0.0000
   0.0000   0.0000   0.0000   0.0000   0.0000   1.1358   0.0000   0.0000   0.0000   0.0000   0.0000   0.0000   0.0000   0.0000
   0.0000   0.0000   0.0000   0.0000   0.0000   0.0000   1.2149   0.0000   0.0000   0.0000   0.0000   0.0000   0.0000   0.0000
   0.0000   0.0000   0.0000   0.0000   0.0000   0.0000   0.0000   1.2149   0.0000   0.0000   0.0000   0.0000   0.0000   0.0000
   0.0000   0.0000   0.0000   0.0000   0.0000   0.0000   0.0000   0.0000   1.2149   0.0000   0.0000   0.0000   0.0000   0.0000
   0.0000   0.0000   0.0000   0.0000   0.0000   0.0000   0.0000   0.0000   0.0000   1.2149   0.0000   0.0000   0.0000   0.0000
   0.0000   0.0000   0.0000   0.0000   0.0000   0.0000   0.0000   0.0000   0.0000   0.0000   1.2149   0.0000   0.0000   0.0000
   0.0000   0.0000   0.0000   0.0000   0.0000   0.0000   0.0000   0.0000   0.0000   0.0000   0.0000   1.2149   0.0000   0.0000
   0.0000   0.0000   0.0000   0.0000   0.0000   0.0000   0.0000   0.0000   0.0000   0.0000   0.0000   0.0000   1.2149   0.0000
   0.0000   0.0000   0.0000   0.0000   0.0000   0.0000   0.0000   0.0000   0.0000   0.0000   0.0000   0.0000   0.0000   1.2149
                  GET_EL0 takes  0 hours  0 minutes and    0.01 seconds (CPU).
                          takes  0 hours  0 minutes and    0.01 seconds (WALL).
 There are  4 blocks of bands, with band energy windows:
  -2.279  -2.246 |   -0.745  -0.657 |   -0.183   0.012 |    0.720   4.476 | 
 Band window indices:
         1      2 |          3      4 |          5      8 |          9     89 | 
 Band width
       0.033   |         0.088   |         0.195   |         3.756   |  
 Band gap
       1.502   |         0.474   |         0.708   |  
 CORRELATED BLOCK: EMIN/EMIX=    0.7200    1.5686
 CORRELATED BAND WIDTH=   0.849
         GUTZ_RED_PRJ_NEQ takes  0 hours  1 minutes and    3.69 seconds (CPU).
                          takes  0 hours  1 minutes and    3.54 seconds (WALL).
 NI=  1 DIM_PHIK=   41227 HL%DIM=  14913
       ID_PHIK_N=
      1      2      4     33    264   1639   6153  15546  27321  36714
  41228
       ID_PHIK_J=
      1      2      3      4      8      9     18     19     28     29
     33     37     73    122    171    220    245    254    263    264
    300    349    638    807   1168   1364   1533   1582   1631   1635
   1639   1739   2180   2964   3864   4705   5381   5781   6037   6118
   6143   6152   6153   6349   6710   8079   9448  11564  12933  14377
  14953  15353  15474  15538  15542  15546  15835  16796  18560  21060
  23176  24940  26165  26841  27165  27286  27311  27320  27321  27517
  27878  29247  30616  32732  34101  35545  36121  36521  36642  36706
  36710  36714  36814  37255  38039  38939  39780  40456  40856  41112
  41193  41218  41227  41228
          GUTZ_SET_PRJ_EQ takes  0 hours  0 minutes and    0.00 seconds (CPU).
                          takes  0 hours  0 minutes and    0.00 seconds (WALL).
************   WH%X  ************
    0.89488881    0.90975209
    1.08701810    1.25288117
************  RIN  ************
 NI=  1 NI_GLOBAL=  1
   0.8949   0.8949   0.8949   0.8949   0.8949   0.8949   0.9098   0.9098   0.9098   0.9098   0.9098   0.9098   0.9098   0.9098
************  LA1  ************
 NI=  1 NI_GLOBAL=  1
   1.0870   1.0870   1.0870   1.0870   1.0870   1.0870   1.2529   1.2529   1.2529   1.2529   1.2529   1.2529   1.2529   1.2529
             CALC_BAND_AL takes  0 hours  0 minutes and    0.60 seconds (CPU).
                          takes  0 hours  0 minutes and    0.31 seconds (WALL).
 ILOOP            1
 ILOOP            2
   FERMI ENERGY AT    1.09528937759671     
   SUM RULE OF TETRAHEDRON INTEGRATION CHECKED 
   number of occupied bands:          18
   highest energy:   1.11944794685197     
************  NK-  ************
 NI=  1 NI_GLOBAL=  1
   0.8407   0.7906   0.8586   0.8586   0.7906   0.8407   0.0239   0.0429   0.0313   0.0276   0.0276   0.0313   0.0429   0.0239
************  NNK  ************
 NI=  1 NI_GLOBAL=  1
   0.8407   0.0000   0.0000   0.0000  -0.0447   0.0000   0.0000  -0.0248   0.0000   0.0000   0.0000  -0.0077   0.0000   0.0000
   0.0000   0.7906   0.0000   0.0000   0.0000  -0.0447   0.0000   0.0000   0.0227   0.0000   0.0000   0.0000   0.0045   0.0000
   0.0000   0.0000   0.8586   0.0000   0.0000   0.0000   0.0000   0.0000   0.0000  -0.0130   0.0000   0.0000   0.0000  -0.0178
   0.0000   0.0000   0.0000   0.8586   0.0000   0.0000   0.0178   0.0000   0.0000   0.0000   0.0130   0.0000   0.0000   0.0000
  -0.0447   0.0000   0.0000   0.0000   0.7906   0.0000   0.0000  -0.0045   0.0000   0.0000   0.0000  -0.0227   0.0000   0.0000
   0.0000  -0.0447   0.0000   0.0000   0.0000   0.8407   0.0000   0.0000   0.0077   0.0000   0.0000   0.0000   0.0248   0.0000
   0.0000   0.0000   0.0000   0.0178   0.0000   0.0000   0.0239   0.0000   0.0000   0.0000   0.0012   0.0000   0.0000   0.0000
  -0.0248   0.0000   0.0000   0.0000  -0.0045   0.0000   0.0000   0.0429   0.0000   0.0000   0.0000   0.0020   0.0000   0.0000
   0.0000   0.0227   0.0000   0.0000   0.0000   0.0077   0.0000   0.0000   0.0313   0.0000   0.0000   0.0000   0.0020   0.0000
   0.0000   0.0000  -0.0130   0.0000   0.0000   0.0000   0.0000   0.0000   0.0000   0.0276   0.0000   0.0000   0.0000   0.0012
   0.0000   0.0000   0.0000   0.0130   0.0000   0.0000   0.0012   0.0000   0.0000   0.0000   0.0276   0.0000   0.0000   0.0000
  -0.0077   0.0000   0.0000   0.0000  -0.0227   0.0000   0.0000   0.0020   0.0000   0.0000   0.0000   0.0313   0.0000   0.0000
   0.0000   0.0045   0.0000   0.0000   0.0000   0.0248   0.0000   0.0000   0.0020   0.0000   0.0000   0.0000   0.0429   0.0000
   0.0000   0.0000  -0.0178   0.0000   0.0000   0.0000   0.0000   0.0000   0.0000   0.0012   0.0000   0.0000   0.0000   0.0239
************  NKS  ************
 NI=  1 NI_GLOBAL=  1
   0.8300   0.8300   0.8300   0.8300   0.8300   0.8300   0.0314   0.0314   0.0314   0.0314   0.0314   0.0314   0.0314   0.0314
 NELE_LOC TOTAL:
           5.2313934909484896
              CALC_DA_BND takes  0 hours  0 minutes and    0.10 seconds (CPU).
                          takes  0 hours  0 minutes and    0.10 seconds (WALL).
************  DA-  ************
 NI=  1 NI_GLOBAL=  1
  -0.0196  -0.0216  -0.0175  -0.0175  -0.0216  -0.0196  -0.0053  -0.0094  -0.0068  -0.0060  -0.0060  -0.0068  -0.0094  -0.0053
************  DAA  ************
 NI=  1 NI_GLOBAL=  1
  -0.0196  -0.0196  -0.0196  -0.0196  -0.0196  -0.0196  -0.0069  -0.0069  -0.0069  -0.0069  -0.0069  -0.0069  -0.0069  -0.0069
 NI=  1 VDC=    1.3348
************  LA2  ************
 NI=  1 NI_GLOBAL=  1
  -2.5037  -2.5037  -2.5037  -2.5037  -2.5037  -2.5037  -2.3951  -2.3951  -2.3951  -2.3951  -2.3951  -2.3951  -2.3951  -2.3951
 NI=  1 PHI-step gap=  0.15E+00
************  RAA  ************
 NI=  1 NI_GLOBAL=  1
   0.8948   0.8948   0.8948   0.8948   0.8948   0.8948   0.9098   0.9098   0.9098   0.9098   0.9098   0.9098   0.9098   0.9098
************  NC0  ************
 NI=  1 NI_GLOBAL=  1
   0.8300   0.8300   0.8300   0.8300   0.8300   0.8300   0.0314   0.0314   0.0314   0.0314   0.0314   0.0314   0.0314   0.0314
                  CALC_LC takes  0 hours  7 minutes and   30.66 seconds (CPU).
                          takes  0 hours  7 minutes and   30.69 seconds (WALL).
                GUTZ_FCN1 takes  0 hours  7 minutes and   31.75 seconds (CPU).
                          takes  0 hours  7 minutes and   31.33 seconds (WALL).
************  DIF_X  ************
   -0.000051337444    0.000046773146
    0.000030693643    0.000003658551
 ITER1=  1 MAXERR=    0.00005134
************   WH%X  ************
    0.89491246    0.90975481
    1.08699927    1.25287198
************  RIN  ************
 NI=  1 NI_GLOBAL=  1
   0.8949   0.8949   0.8949   0.8949   0.8949   0.8949   0.9098   0.9098   0.9098   0.9098   0.9098   0.9098   0.9098   0.9098
************  LA1  ************
 NI=  1 NI_GLOBAL=  1
   1.0870   1.0870   1.0870   1.0870   1.0870   1.0870   1.2529   1.2529   1.2529   1.2529   1.2529   1.2529   1.2529   1.2529
             CALC_BAND_AL takes  0 hours  0 minutes and    0.59 seconds (CPU).
                          takes  0 hours  0 minutes and    0.30 seconds (WALL).
 ILOOP            1
 ILOOP            2
   FERMI ENERGY AT    1.09527767532657     
   SUM RULE OF TETRAHEDRON INTEGRATION CHECKED 
   number of occupied bands:          18
   highest energy:   1.11944386003923     
************  NK-  ************
 NI=  1 NI_GLOBAL=  1
   0.8407   0.7907   0.8587   0.8587   0.7907   0.8407   0.0239   0.0429   0.0313   0.0276   0.0276   0.0313   0.0429   0.0239
************  NNK  ************
 NI=  1 NI_GLOBAL=  1
   0.8407   0.0000   0.0000   0.0000  -0.0447   0.0000   0.0000  -0.0248   0.0000   0.0000   0.0000  -0.0077   0.0000   0.0000
   0.0000   0.7907   0.0000   0.0000   0.0000  -0.0447   0.0000   0.0000   0.0227   0.0000   0.0000   0.0000   0.0045   0.0000
   0.0000   0.0000   0.8587   0.0000   0.0000   0.0000   0.0000   0.0000   0.0000  -0.0130   0.0000   0.0000   0.0000  -0.0178
   0.0000   0.0000   0.0000   0.8587   0.0000   0.0000   0.0178   0.0000   0.0000   0.0000   0.0130   0.0000   0.0000   0.0000
  -0.0447   0.0000   0.0000   0.0000   0.7907   0.0000   0.0000  -0.0045   0.0000   0.0000   0.0000  -0.0227   0.0000   0.0000
   0.0000  -0.0447   0.0000   0.0000   0.0000   0.8407   0.0000   0.0000   0.0077   0.0000   0.0000   0.0000   0.0248   0.0000
   0.0000   0.0000   0.0000   0.0178   0.0000   0.0000   0.0239   0.0000   0.0000   0.0000   0.0012   0.0000   0.0000   0.0000
  -0.0248   0.0000   0.0000   0.0000  -0.0045   0.0000   0.0000   0.0429   0.0000   0.0000   0.0000   0.0020   0.0000   0.0000
   0.0000   0.0227   0.0000   0.0000   0.0000   0.0077   0.0000   0.0000   0.0313   0.0000   0.0000   0.0000   0.0020   0.0000
   0.0000   0.0000  -0.0130   0.0000   0.0000   0.0000   0.0000   0.0000   0.0000   0.0276   0.0000   0.0000   0.0000   0.0012
   0.0000   0.0000   0.0000   0.0130   0.0000   0.0000   0.0012   0.0000   0.0000   0.0000   0.0276   0.0000   0.0000   0.0000
  -0.0077   0.0000   0.0000   0.0000  -0.0227   0.0000   0.0000   0.0020   0.0000   0.0000   0.0000   0.0313   0.0000   0.0000
   0.0000   0.0045   0.0000   0.0000   0.0000   0.0248   0.0000   0.0000   0.0020   0.0000   0.0000   0.0000   0.0429   0.0000
   0.0000   0.0000  -0.0178   0.0000   0.0000   0.0000   0.0000   0.0000   0.0000   0.0012   0.0000   0.0000   0.0000   0.0239
************  NKS  ************
 NI=  1 NI_GLOBAL=  1
   0.8300   0.8300   0.8300   0.8300   0.8300   0.8300   0.0314   0.0314   0.0314   0.0314   0.0314   0.0314   0.0314   0.0314
 NELE_LOC TOTAL:
           5.2316031499849531
              CALC_DA_BND takes  0 hours  0 minutes and    0.10 seconds (CPU).
                          takes  0 hours  0 minutes and    0.10 seconds (WALL).
************  DA-  ************
 NI=  1 NI_GLOBAL=  1
  -0.0196  -0.0216  -0.0175  -0.0175  -0.0216  -0.0196  -0.0053  -0.0094  -0.0068  -0.0060  -0.0060  -0.0068  -0.0094  -0.0053
************  DAA  ************
 NI=  1 NI_GLOBAL=  1
  -0.0196  -0.0196  -0.0196  -0.0196  -0.0196  -0.0196  -0.0069  -0.0069  -0.0069  -0.0069  -0.0069  -0.0069  -0.0069  -0.0069
 NI=  1 VDC=    1.3348
************  LA2  ************
 NI=  1 NI_GLOBAL=  1
  -2.5037  -2.5037  -2.5037  -2.5037  -2.5037  -2.5037  -2.3951  -2.3951  -2.3951  -2.3951  -2.3951  -2.3951  -2.3951  -2.3951
 NI=  1 PHI-step gap=  0.15E+00
************  RAA  ************
 NI=  1 NI_GLOBAL=  1
   0.8949   0.8949   0.8949   0.8949   0.8949   0.8949   0.9098   0.9098   0.9098   0.9098   0.9098   0.9098   0.9098   0.9098
************  NC0  ************
 NI=  1 NI_GLOBAL=  1
   0.8300   0.8300   0.8300   0.8300   0.8300   0.8300   0.0314   0.0314   0.0314   0.0314   0.0314   0.0314   0.0314   0.0314
                  CALC_LC takes  0 hours  7 minutes and   42.60 seconds (CPU).
                          takes  0 hours  7 minutes and   42.44 seconds (WALL).
                GUTZ_FCN1 takes  0 hours  7 minutes and   43.66 seconds (CPU).
                          takes  0 hours  7 minutes and   43.07 seconds (WALL).
************  DIF_X  ************
   -0.000002594857    0.000001425943
    0.000000404760    0.000000109840
 ITER1=  2 MAXERR=    0.00000259
************   WH%X  ************
    0.89491075    0.90975459
    1.08699913    1.25287143
************  RIN  ************
 NI=  1 NI_GLOBAL=  1
   0.8949   0.8949   0.8949   0.8949   0.8949   0.8949   0.9098   0.9098   0.9098   0.9098   0.9098   0.9098   0.9098   0.9098
************  LA1  ************
 NI=  1 NI_GLOBAL=  1
   1.0870   1.0870   1.0870   1.0870   1.0870   1.0870   1.2529   1.2529   1.2529   1.2529   1.2529   1.2529   1.2529   1.2529
             CALC_BAND_AL takes  0 hours  0 minutes and    0.57 seconds (CPU).
                          takes  0 hours  0 minutes and    0.30 seconds (WALL).
 ILOOP            1
 ILOOP            2
   FERMI ENERGY AT    1.09527756080990     
   SUM RULE OF TETRAHEDRON INTEGRATION CHECKED 
   number of occupied bands:          18
   highest energy:   1.11944375557018     
************  NK-  ************
 NI=  1 NI_GLOBAL=  1
   0.8407   0.7907   0.8587   0.8587   0.7907   0.8407   0.0239   0.0429   0.0313   0.0276   0.0276   0.0313   0.0429   0.0239
************  NNK  ************
 NI=  1 NI_GLOBAL=  1
   0.8407   0.0000   0.0000   0.0000  -0.0447   0.0000   0.0000  -0.0248   0.0000   0.0000   0.0000  -0.0077   0.0000   0.0000
   0.0000   0.7907   0.0000   0.0000   0.0000  -0.0447   0.0000   0.0000   0.0227   0.0000   0.0000   0.0000   0.0045   0.0000
   0.0000   0.0000   0.8587   0.0000   0.0000   0.0000   0.0000   0.0000   0.0000  -0.0130   0.0000   0.0000   0.0000  -0.0178
   0.0000   0.0000   0.0000   0.8587   0.0000   0.0000   0.0178   0.0000   0.0000   0.0000   0.0130   0.0000   0.0000   0.0000
  -0.0447   0.0000   0.0000   0.0000   0.7907   0.0000   0.0000  -0.0045   0.0000   0.0000   0.0000  -0.0227   0.0000   0.0000
   0.0000  -0.0447   0.0000   0.0000   0.0000   0.8407   0.0000   0.0000   0.0077   0.0000   0.0000   0.0000   0.0248   0.0000
   0.0000   0.0000   0.0000   0.0178   0.0000   0.0000   0.0239   0.0000   0.0000   0.0000   0.0012   0.0000   0.0000   0.0000
  -0.0248   0.0000   0.0000   0.0000  -0.0045   0.0000   0.0000   0.0429   0.0000   0.0000   0.0000   0.0020   0.0000   0.0000
   0.0000   0.0227   0.0000   0.0000   0.0000   0.0077   0.0000   0.0000   0.0313   0.0000   0.0000   0.0000   0.0020   0.0000
   0.0000   0.0000  -0.0130   0.0000   0.0000   0.0000   0.0000   0.0000   0.0000   0.0276   0.0000   0.0000   0.0000   0.0012
   0.0000   0.0000   0.0000   0.0130   0.0000   0.0000   0.0012   0.0000   0.0000   0.0000   0.0276   0.0000   0.0000   0.0000
  -0.0077   0.0000   0.0000   0.0000  -0.0227   0.0000   0.0000   0.0020   0.0000   0.0000   0.0000   0.0313   0.0000   0.0000
   0.0000   0.0045   0.0000   0.0000   0.0000   0.0248   0.0000   0.0000   0.0020   0.0000   0.0000   0.0000   0.0429   0.0000
   0.0000   0.0000  -0.0178   0.0000   0.0000   0.0000   0.0000   0.0000   0.0000   0.0012   0.0000   0.0000   0.0000   0.0239
************  NKS  ************
 NI=  1 NI_GLOBAL=  1
   0.8300   0.8300   0.8300   0.8300   0.8300   0.8300   0.0314   0.0314   0.0314   0.0314   0.0314   0.0314   0.0314   0.0314
 NELE_LOC TOTAL:
           5.2316054789223720
              CALC_DA_BND takes  0 hours  0 minutes and    0.10 seconds (CPU).
                          takes  0 hours  0 minutes and    0.09 seconds (WALL).
************  DA-  ************
 NI=  1 NI_GLOBAL=  1
  -0.0196  -0.0216  -0.0175  -0.0175  -0.0216  -0.0196  -0.0053  -0.0094  -0.0068  -0.0060  -0.0060  -0.0068  -0.0094  -0.0053
************  DAA  ************
 NI=  1 NI_GLOBAL=  1
  -0.0196  -0.0196  -0.0196  -0.0196  -0.0196  -0.0196  -0.0069  -0.0069  -0.0069  -0.0069  -0.0069  -0.0069  -0.0069  -0.0069
 NI=  1 VDC=    1.3348
************  LA2  ************
 NI=  1 NI_GLOBAL=  1
  -2.5037  -2.5037  -2.5037  -2.5037  -2.5037  -2.5037  -2.3951  -2.3951  -2.3951  -2.3951  -2.3951  -2.3951  -2.3951  -2.3951
 NI=  1 PHI-step gap=  0.15E+00
************  RAA  ************
 NI=  1 NI_GLOBAL=  1
   0.8949   0.8949   0.8949   0.8949   0.8949   0.8949   0.9098   0.9098   0.9098   0.9098   0.9098   0.9098   0.9098   0.9098
************  NC0  ************
 NI=  1 NI_GLOBAL=  1
   0.8300   0.8300   0.8300   0.8300   0.8300   0.8300   0.0314   0.0314   0.0314   0.0314   0.0314   0.0314   0.0314   0.0314
                  CALC_LC takes  0 hours  8 minutes and   29.05 seconds (CPU).
                          takes  0 hours  8 minutes and   28.92 seconds (WALL).
                GUTZ_FCN1 takes  0 hours  8 minutes and   30.02 seconds (CPU).
                          takes  0 hours  8 minutes and   29.54 seconds (WALL).
************  DIF_X  ************
   -0.000000226478    0.000000186040
    0.000000061793    0.000000008128
 ITER1=  3 MAXERR=    0.00000023
************   WH%X  ************
    0.89491066    0.90975467
    1.08699910    1.25287142
************  RIN  ************
 NI=  1 NI_GLOBAL=  1
   0.8949   0.8949   0.8949   0.8949   0.8949   0.8949   0.9098   0.9098   0.9098   0.9098   0.9098   0.9098   0.9098   0.9098
************  LA1  ************
 NI=  1 NI_GLOBAL=  1
   1.0870   1.0870   1.0870   1.0870   1.0870   1.0870   1.2529   1.2529   1.2529   1.2529   1.2529   1.2529   1.2529   1.2529
             CALC_BAND_AL takes  0 hours  0 minutes and    0.58 seconds (CPU).
                          takes  0 hours  0 minutes and    0.30 seconds (WALL).
 ILOOP            1
 ILOOP            2
   FERMI ENERGY AT    1.09527753924406     
   SUM RULE OF TETRAHEDRON INTEGRATION CHECKED 
   number of occupied bands:          18
   highest energy:   1.11944374443921     
************  NK-  ************
 NI=  1 NI_GLOBAL=  1
   0.8407   0.7907   0.8587   0.8587   0.7907   0.8407   0.0239   0.0429   0.0313   0.0276   0.0276   0.0313   0.0429   0.0239
************  NNK  ************
 NI=  1 NI_GLOBAL=  1
   0.8407   0.0000   0.0000   0.0000  -0.0447   0.0000   0.0000  -0.0248   0.0000   0.0000   0.0000  -0.0077   0.0000   0.0000
   0.0000   0.7907   0.0000   0.0000   0.0000  -0.0447   0.0000   0.0000   0.0227   0.0000   0.0000   0.0000   0.0045   0.0000
   0.0000   0.0000   0.8587   0.0000   0.0000   0.0000   0.0000   0.0000   0.0000  -0.0130   0.0000   0.0000   0.0000  -0.0178
   0.0000   0.0000   0.0000   0.8587   0.0000   0.0000   0.0178   0.0000   0.0000   0.0000   0.0130   0.0000   0.0000   0.0000
  -0.0447   0.0000   0.0000   0.0000   0.7907   0.0000   0.0000  -0.0045   0.0000   0.0000   0.0000  -0.0227   0.0000   0.0000
   0.0000  -0.0447   0.0000   0.0000   0.0000   0.8407   0.0000   0.0000   0.0077   0.0000   0.0000   0.0000   0.0248   0.0000
   0.0000   0.0000   0.0000   0.0178   0.0000   0.0000   0.0239   0.0000   0.0000   0.0000   0.0012   0.0000   0.0000   0.0000
  -0.0248   0.0000   0.0000   0.0000  -0.0045   0.0000   0.0000   0.0429   0.0000   0.0000   0.0000   0.0020   0.0000   0.0000
   0.0000   0.0227   0.0000   0.0000   0.0000   0.0077   0.0000   0.0000   0.0313   0.0000   0.0000   0.0000   0.0020   0.0000
   0.0000   0.0000  -0.0130   0.0000   0.0000   0.0000   0.0000   0.0000   0.0000   0.0276   0.0000   0.0000   0.0000   0.0012
   0.0000   0.0000   0.0000   0.0130   0.0000   0.0000   0.0012   0.0000   0.0000   0.0000   0.0276   0.0000   0.0000   0.0000
  -0.0077   0.0000   0.0000   0.0000  -0.0227   0.0000   0.0000   0.0020   0.0000   0.0000   0.0000   0.0313   0.0000   0.0000
   0.0000   0.0045   0.0000   0.0000   0.0000   0.0248   0.0000   0.0000   0.0020   0.0000   0.0000   0.0000   0.0429   0.0000
   0.0000   0.0000  -0.0178   0.0000   0.0000   0.0000   0.0000   0.0000   0.0000   0.0012   0.0000   0.0000   0.0000   0.0239
************  NKS  ************
 NI=  1 NI_GLOBAL=  1
   0.8300   0.8300   0.8300   0.8300   0.8300   0.8300   0.0314   0.0314   0.0314   0.0314   0.0314   0.0314   0.0314   0.0314
 NELE_LOC TOTAL:
           5.2316058710016913
              CALC_DA_BND takes  0 hours  0 minutes and    0.10 seconds (CPU).
                          takes  0 hours  0 minutes and    0.10 seconds (WALL).
************  DA-  ************
 NI=  1 NI_GLOBAL=  1
  -0.0196  -0.0216  -0.0175  -0.0175  -0.0216  -0.0196  -0.0053  -0.0094  -0.0068  -0.0060  -0.0060  -0.0068  -0.0094  -0.0053
************  DAA  ************
 NI=  1 NI_GLOBAL=  1
  -0.0196  -0.0196  -0.0196  -0.0196  -0.0196  -0.0196  -0.0069  -0.0069  -0.0069  -0.0069  -0.0069  -0.0069  -0.0069  -0.0069
 NI=  1 VDC=    1.3348
************  LA2  ************
 NI=  1 NI_GLOBAL=  1
  -2.5037  -2.5037  -2.5037  -2.5037  -2.5037  -2.5037  -2.3951  -2.3951  -2.3951  -2.3951  -2.3951  -2.3951  -2.3951  -2.3951
 NI=  1 PHI-step gap=  0.15E+00
************  RAA  ************
 NI=  1 NI_GLOBAL=  1
   0.8949   0.8949   0.8949   0.8949   0.8949   0.8949   0.9098   0.9098   0.9098   0.9098   0.9098   0.9098   0.9098   0.9098
************  NC0  ************
 NI=  1 NI_GLOBAL=  1
   0.8300   0.8300   0.8300   0.8300   0.8300   0.8300   0.0314   0.0314   0.0314   0.0314   0.0314   0.0314   0.0314   0.0314
                  CALC_LC takes  0 hours  9 minutes and    4.02 seconds (CPU).
                          takes  0 hours  9 minutes and    4.00 seconds (WALL).
                GUTZ_FCN1 takes  0 hours  9 minutes and    4.94 seconds (CPU).
                          takes  0 hours  9 minutes and    4.64 seconds (WALL).
************  DIF_X  ************
   -0.000000005083    0.000000005027
    0.000000001287    0.000000000492
 ITER1=  4 MAXERR=    0.00000001
 NFJAC=   0
 SOLVE1 FINISHED WITH       4 ITERATIONS.
               GUTZ_SOLVE takes  0 hours 32 minutes and   50.37 seconds (CPU).
                          takes  0 hours 32 minutes and   48.58 seconds (WALL).
 MAX. NELF1 DIFF=    0.00098059
               CALC_PJRHO takes  0 hours  0 minutes and    0.50 seconds (CPU).
                          takes  0 hours  0 minutes and    0.40 seconds (WALL).
 NI=  1 SUM_PHY-SUM_KS=      0.00000001 WOULD BE RENORMALIZED
************  NC1  ************
 NI=  1 NI_GLOBAL=  1
   0.8148   0.8148   0.8148   0.8148   0.8148   0.8148   0.0429   0.0429   0.0429   0.0429   0.0429   0.0429   0.0429   0.0429
               CALC_NCPHY takes  0 hours  0 minutes and   50.47 seconds (CPU).
                          takes  0 hours  0 minutes and   50.38 seconds (WALL).
 GYZ%PJ%EGAMM:
     9.06956
 ENG%GAMM:     9.06956
 ENG%POT2:     3.10048
 EDCLA1(NI) ARRAY:
    -5.728
 EDCUJ(NI) ARRAY:
    -3.142
 EDCUJV(NI) ARRAY:
    -6.983
 EDC(NI) ARRAY:
    -8.871
 ENG%DBLC:    -8.87087
 ENG%DC1 :    -5.72847
 ENG%DC2 :    -3.14241
 ENG%DC2V:    -6.98319
 DC_E_STD_TO_E_V:    -3.84078
 ENG%BAND:     1.94250
 ENG%DL(DEEP LEVEL):    -6.36922
 ENG%TB=     2.14119
 ENG%TB-DC2=     5.28360
 NI=  1 OCC_CONFIG_WEIGHT:
        OCC= 0 WEIGHT=   0.00000
        OCC= 1 WEIGHT=   0.00000
        OCC= 2 WEIGHT=   0.00006
        OCC= 3 WEIGHT=   0.00497
        OCC= 4 WEIGHT=   0.11399
        OCC= 5 WEIGHT=   0.54607
        OCC= 6 WEIGHT=   0.31448
        OCC= 7 WEIGHT=   0.02007
        OCC= 8 WEIGHT=   0.00036
        OCC= 9 WEIGHT=   0.00000
                 CALC_RCW takes  0 hours  0 minutes and    0.00 seconds (CPU).
                          takes  0 hours  0 minutes and    0.00 seconds (WALL).
 NI=  1 J2=   11.8895
                 CALC_SLJ takes  0 hours  0 minutes and    0.00 seconds (CPU).
                          takes  0 hours  0 minutes and    0.00 seconds (WALL).
 NI=  1 ENTANGLEMENT ENTROPY=      3.6943
           CALC_ENTANGLES takes  0 hours  0 minutes and    1.14 seconds (CPU).
                          takes  0 hours  0 minutes and    1.04 seconds (WALL).
 CORRELATED SUBSPACE, SUM_FERWT=      8.0000000 SUM_KSWT=      8.0000000
 MAX OFF DIAGONAL KS.WT=    0.001900
 MAX/MIN R=    0.909755    0.894911
                CALC_KSWT takes  0 hours  0 minutes and    0.02 seconds (CPU).
                          takes  0 hours  0 minutes and    0.01 seconds (WALL).
                    TOTAL takes  0 hours 34 minutes and   47.91 seconds (CPU).
                          takes  0 hours 34 minutes and   44.98 seconds (WALL).
