******Program DMFT: Computes Gloc and Delta for Dynamical Mean Field Theory calculation ******
 CALCULATION WITH COMPLEX VECTORS
 CALCULATION WITH SOC VECTORS REQUIRED
 Running DMFT in mpi mode
  
 numkpt=         726
   0.00000   0.00000   0.00000   1.00000
   0.04762   0.04762   0.00000   4.00000
   0.09524   0.09524   0.00000   4.00000
   0.14286   0.14286   0.00000   4.00000
   0.19048   0.19048   0.00000   4.00000
   0.23810   0.23810   0.00000   4.00000
   0.28571   0.28571   0.00000   4.00000
   0.33333   0.33333   0.00000   4.00000
   0.38095   0.38095   0.00000   4.00000
   0.42857   0.42857   0.00000   4.00000
   0.47619   0.47619   0.00000   4.00000
   0.04762   0.00000   0.04762   8.00000
   0.09524   0.04762   0.04762  16.00000
   0.14286   0.09524   0.04762  16.00000
   0.19048   0.14286   0.04762  16.00000
   0.23810   0.19048   0.04762  16.00000
   0.28571   0.23810   0.04762  16.00000
   0.33333   0.28571   0.04762  16.00000
   0.38095   0.33333   0.04762  16.00000
   0.42857   0.38095   0.04762  16.00000
   0.47619   0.42857   0.04762  16.00000
   0.52381   0.47619   0.04762   8.00000
   0.09524   0.00000   0.09524   8.00000
   0.14286   0.04762   0.09524  16.00000
   0.19048   0.09524   0.09524  16.00000
   0.23810   0.14286   0.09524  16.00000
   0.28571   0.19048   0.09524  16.00000
   0.33333   0.23810   0.09524  16.00000
   0.38095   0.28571   0.09524  16.00000
   0.42857   0.33333   0.09524  16.00000
   0.47619   0.38095   0.09524  16.00000
   0.52381   0.42857   0.09524  16.00000
   1.04762   0.95238   0.09524   8.00000
   0.14286   0.00000   0.14286   8.00000
   0.19048   0.04762   0.14286  16.00000
   0.23810   0.09524   0.14286  16.00000
   0.28571   0.14286   0.14286  16.00000
   0.33333   0.19048   0.14286  16.00000
   0.38095   0.23810   0.14286  16.00000
   0.42857   0.28571   0.14286  16.00000
   0.47619   0.33333   0.14286  16.00000
   0.52381   0.38095   0.14286  16.00000
   0.57143   0.42857   0.14286   8.00000
   1.04762   0.90476   0.14286  16.00000
   0.19048   0.00000   0.19048   8.00000
   0.23810   0.04762   0.19048  16.00000
   0.28571   0.09524   0.19048  16.00000
   0.33333   0.14286   0.19048  16.00000
   0.38095   0.19048   0.19048  16.00000
   0.42857   0.23810   0.19048  16.00000
   0.47619   0.28571   0.19048  16.00000
   0.52381   0.33333   0.19048  16.00000
   0.57143   0.38095   0.19048  16.00000
   1.04762   0.85714   0.19048  16.00000
   1.09524   0.90476   0.19048   8.00000
   0.23810   0.00000   0.23810   8.00000
   0.28571   0.04762   0.23810  16.00000
   0.33333   0.09524   0.23810  16.00000
   0.38095   0.14286   0.23810  16.00000
   0.42857   0.19048   0.23810  16.00000
   0.47619   0.23810   0.23810  16.00000
   0.52381   0.28571   0.23810  16.00000
   0.57143   0.33333   0.23810  16.00000
   0.61905   0.38095   0.23810   8.00000
   1.04762   0.80952   0.23810  16.00000
   1.09524   0.85714   0.23810  16.00000
   0.28571   0.00000   0.28571   8.00000
   0.33333   0.04762   0.28571  16.00000
   0.38095   0.09524   0.28571  16.00000
   0.42857   0.14286   0.28571  16.00000
   0.47619   0.19048   0.28571  16.00000
   0.52381   0.23810   0.28571  16.00000
   0.57143   0.28571   0.28571  16.00000
   0.61905   0.33333   0.28571  16.00000
   1.04762   0.76190   0.28571  16.00000
   1.09524   0.80952   0.28571  16.00000
   1.14286   0.85714   0.28571   8.00000
   0.33333   0.00000   0.33333   8.00000
   0.38095   0.04762   0.33333  16.00000
   0.42857   0.09524   0.33333  16.00000
   0.47619   0.14286   0.33333  16.00000
   0.52381   0.19048   0.33333  16.00000
   0.57143   0.23810   0.33333  16.00000
   0.61905   0.28571   0.33333  16.00000
   0.66667   0.33333   0.33333   8.00000
   1.04762   0.71429   0.33333  16.00000
   1.09524   0.76190   0.33333  16.00000
   1.14286   0.80952   0.33333  16.00000
   0.38095   0.00000   0.38095   8.00000
   0.42857   0.04762   0.38095  16.00000
   0.47619   0.09524   0.38095  16.00000
   0.52381   0.14286   0.38095  16.00000
   0.57143   0.19048   0.38095  16.00000
   0.61905   0.23810   0.38095  16.00000
   0.66667   0.28571   0.38095  16.00000
   1.04762   0.66667   0.38095  16.00000
   1.09524   0.71429   0.38095  16.00000
   1.14286   0.76190   0.38095  16.00000
   1.19048   0.80952   0.38095   8.00000
   0.42857   0.00000   0.42857   8.00000
   0.47619   0.04762   0.42857  16.00000
   0.52381   0.09524   0.42857  16.00000
   0.57143   0.14286   0.42857  16.00000
   0.61905   0.19048   0.42857  16.00000
   0.66667   0.23810   0.42857  16.00000
   0.71429   0.28571   0.42857   8.00000
   1.04762   0.61905   0.42857  16.00000
   1.09524   0.66667   0.42857  16.00000
   1.14286   0.71429   0.42857  16.00000
   1.19048   0.76190   0.42857  16.00000
   0.47619   0.00000   0.47619   8.00000
   0.52381   0.04762   0.47619  16.00000
   0.57143   0.09524   0.47619  16.00000
   0.61905   0.14286   0.47619  16.00000
   0.66667   0.19048   0.47619  16.00000
   0.71429   0.23810   0.47619  16.00000
   1.04762   0.57143   0.47619  16.00000
   1.09524   0.61905   0.47619  16.00000
   1.14286   0.66667   0.47619  16.00000
   1.19048   0.71429   0.47619  16.00000
   1.23810   0.76190   0.47619   8.00000
   0.09524   0.09524   0.09524   8.00000
   0.14286   0.14286   0.09524   8.00000
   0.19048   0.19048   0.09524   8.00000
   0.23810   0.23810   0.09524   8.00000
   0.28571   0.28571   0.09524   8.00000
   0.33333   0.33333   0.09524   8.00000
   0.38095   0.38095   0.09524   8.00000
   0.42857   0.42857   0.09524   8.00000
   0.47619   0.47619   0.09524   8.00000
   1.00000   1.00000   0.09524   2.00000
   0.14286   0.09524   0.14286  16.00000
   0.19048   0.14286   0.14286  16.00000
   0.23810   0.19048   0.14286  16.00000
   0.28571   0.23810   0.14286  16.00000
   0.33333   0.28571   0.14286  16.00000
   0.38095   0.33333   0.14286  16.00000
   0.42857   0.38095   0.14286  16.00000
   0.47619   0.42857   0.14286  16.00000
   0.52381   0.47619   0.14286   8.00000
   1.00000   0.95238   0.14286   8.00000
   0.19048   0.09524   0.19048  16.00000
   0.23810   0.14286   0.19048  16.00000
   0.28571   0.19048   0.19048  16.00000
   0.33333   0.23810   0.19048  16.00000
   0.38095   0.28571   0.19048  16.00000
   0.42857   0.33333   0.19048  16.00000
   0.47619   0.38095   0.19048  16.00000
   0.52381   0.42857   0.19048  16.00000
   1.00000   0.90476   0.19048   8.00000
   1.04762   0.95238   0.19048   8.00000
   0.23810   0.09524   0.23810  16.00000
   0.28571   0.14286   0.23810  16.00000
   0.33333   0.19048   0.23810  16.00000
   0.38095   0.23810   0.23810  16.00000
   0.42857   0.28571   0.23810  16.00000
   0.47619   0.33333   0.23810  16.00000
   0.52381   0.38095   0.23810  16.00000
   0.57143   0.42857   0.23810   8.00000
   1.00000   0.85714   0.23810   8.00000
   1.04762   0.90476   0.23810  16.00000
   0.28571   0.09524   0.28571  16.00000
   0.33333   0.14286   0.28571  16.00000
   0.38095   0.19048   0.28571  16.00000
   0.42857   0.23810   0.28571  16.00000
   0.47619   0.28571   0.28571  16.00000
   0.52381   0.33333   0.28571  16.00000
   0.57143   0.38095   0.28571  16.00000
   1.00000   0.80952   0.28571   8.00000
   1.04762   0.85714   0.28571  16.00000
   1.09524   0.90476   0.28571   8.00000
   0.33333   0.09524   0.33333  16.00000
   0.38095   0.14286   0.33333  16.00000
   0.42857   0.19048   0.33333  16.00000
   0.47619   0.23810   0.33333  16.00000
   0.52381   0.28571   0.33333  16.00000
   0.57143   0.33333   0.33333  16.00000
   0.61905   0.38095   0.33333   8.00000
   1.00000   0.76190   0.33333   8.00000
   1.04762   0.80952   0.33333  16.00000
   1.09524   0.85714   0.33333  16.00000
   0.38095   0.09524   0.38095  16.00000
   0.42857   0.14286   0.38095  16.00000
   0.47619   0.19048   0.38095  16.00000
   0.52381   0.23810   0.38095  16.00000
   0.57143   0.28571   0.38095  16.00000
   0.61905   0.33333   0.38095  16.00000
   1.00000   0.71429   0.38095   8.00000
   1.04762   0.76190   0.38095  16.00000
   1.09524   0.80952   0.38095  16.00000
   1.14286   0.85714   0.38095   8.00000
   0.42857   0.09524   0.42857  16.00000
   0.47619   0.14286   0.42857  16.00000
   0.52381   0.19048   0.42857  16.00000
   0.57143   0.23810   0.42857  16.00000
   0.61905   0.28571   0.42857  16.00000
   0.66667   0.33333   0.42857   8.00000
   1.00000   0.66667   0.42857   8.00000
   1.04762   0.71429   0.42857  16.00000
   1.09524   0.76190   0.42857  16.00000
   1.14286   0.80952   0.42857  16.00000
   0.47619   0.09524   0.47619  16.00000
   0.52381   0.14286   0.47619  16.00000
   0.57143   0.19048   0.47619  16.00000
   0.61905   0.23810   0.47619  16.00000
   0.66667   0.28571   0.47619  16.00000
   1.00000   0.61905   0.47619   8.00000
   1.04762   0.66667   0.47619  16.00000
   1.09524   0.71429   0.47619  16.00000
   1.14286   0.76190   0.47619  16.00000
   1.19048   0.80952   0.47619   8.00000
   0.57143   0.14286   0.52381  16.00000
   0.61905   0.19048   0.52381  16.00000
   0.66667   0.23810   0.52381  16.00000
   0.71429   0.28571   0.52381   8.00000
   1.00000   0.57143   0.52381   8.00000
   1.04762   0.61905   0.52381  16.00000
   1.09524   0.66667   0.52381  16.00000
   1.14286   0.71429   0.52381  16.00000
   1.19048   0.76190   0.52381  16.00000
   0.61905   0.14286   0.57143  16.00000
   0.66667   0.19048   0.57143  16.00000
   0.71429   0.23810   0.57143  16.00000
   1.00000   0.52381   0.57143   8.00000
   1.04762   0.57143   0.57143  16.00000
   1.09524   0.61905   0.57143  16.00000
   1.14286   0.66667   0.57143  16.00000
   1.19048   0.71429   0.57143  16.00000
   1.23810   0.76190   0.57143   8.00000
   0.66667   0.14286   0.61905  16.00000
   0.71429   0.19048   0.61905  16.00000
   0.76190   0.23810   0.61905   8.00000
   1.00000   0.47619   0.61905   8.00000
   1.04762   0.52381   0.61905  16.00000
   1.09524   0.57143   0.61905  16.00000
   1.14286   0.61905   0.61905  16.00000
   1.19048   0.66667   0.61905  16.00000
   1.23810   0.71429   0.61905  16.00000
   0.71429   0.14286   0.66667  16.00000
   0.76190   0.19048   0.66667  16.00000
   1.00000   0.42857   0.66667   8.00000
   1.04762   0.47619   0.66667  16.00000
   1.09524   0.52381   0.66667  16.00000
   1.14286   0.57143   0.66667  16.00000
   1.19048   0.61905   0.66667  16.00000
   1.23810   0.66667   0.66667  16.00000
   1.28571   0.71429   0.66667   8.00000
   0.76190   0.14286   0.71429  16.00000
   0.80952   0.19048   0.71429   8.00000
   1.00000   0.38095   0.71429   8.00000
   1.04762   0.42857   0.71429  16.00000
   1.09524   0.47619   0.71429  16.00000
   1.14286   0.52381   0.71429  16.00000
   1.19048   0.57143   0.71429  16.00000
   1.23810   0.61905   0.71429  16.00000
   1.28571   0.66667   0.71429  16.00000
   0.80952   0.14286   0.76190  16.00000
   1.00000   0.33333   0.76190   8.00000
   1.04762   0.38095   0.76190  16.00000
   1.09524   0.42857   0.76190  16.00000
   1.14286   0.47619   0.76190  16.00000
   1.19048   0.52381   0.76190  16.00000
   1.23810   0.57143   0.76190  16.00000
   1.28571   0.61905   0.76190  16.00000
   1.33333   0.66667   0.76190   8.00000
   0.85714   0.14286   0.80952   8.00000
   1.00000   0.28571   0.80952   8.00000
   1.04762   0.33333   0.80952  16.00000
   1.09524   0.38095   0.80952  16.00000
   1.14286   0.42857   0.80952  16.00000
   1.19048   0.47619   0.80952  16.00000
   1.23810   0.52381   0.80952  16.00000
   1.28571   0.57143   0.80952  16.00000
   1.33333   0.61905   0.80952  16.00000
   1.00000   0.23810   0.85714   8.00000
   1.04762   0.28571   0.85714  16.00000
   1.09524   0.33333   0.85714  16.00000
   1.14286   0.38095   0.85714  16.00000
   1.19048   0.42857   0.85714  16.00000
   1.23810   0.47619   0.85714  16.00000
   1.28571   0.52381   0.85714  16.00000
   1.33333   0.57143   0.85714  16.00000
   1.38095   0.61905   0.85714   8.00000
   1.00000   0.19048   0.90476   8.00000
   1.04762   0.23810   0.90476  16.00000
   1.09524   0.28571   0.90476  16.00000
   1.14286   0.33333   0.90476  16.00000
   1.19048   0.38095   0.90476  16.00000
   1.23810   0.42857   0.90476  16.00000
   1.28571   0.47619   0.90476  16.00000
   1.33333   0.52381   0.90476  16.00000
   1.38095   0.57143   0.90476  16.00000
   1.00000   0.14286   0.95238   8.00000
   1.04762   0.19048   0.95238  16.00000
   1.09524   0.23810   0.95238  16.00000
   1.14286   0.28571   0.95238  16.00000
   1.19048   0.33333   0.95238  16.00000
   1.23810   0.38095   0.95238  16.00000
   1.28571   0.42857   0.95238  16.00000
   1.33333   0.47619   0.95238  16.00000
   1.38095   0.52381   0.95238  16.00000
   1.42857   0.57143   0.95238   8.00000
   1.00000   0.09524   1.00000   4.00000
   1.04762   0.14286   1.00000   8.00000
   1.09524   0.19048   1.00000   8.00000
   1.14286   0.23810   1.00000   8.00000
   1.19048   0.28571   1.00000   8.00000
   1.23810   0.33333   1.00000   8.00000
   1.28571   0.38095   1.00000   8.00000
   1.33333   0.42857   1.00000   8.00000
   1.38095   0.47619   1.00000   8.00000
   1.42857   0.52381   1.00000   8.00000
   0.19048   0.19048   0.19048   8.00000
   0.23810   0.23810   0.19048   8.00000
   0.28571   0.28571   0.19048   8.00000
   0.33333   0.33333   0.19048   8.00000
   0.38095   0.38095   0.19048   8.00000
   0.42857   0.42857   0.19048   8.00000
   0.47619   0.47619   0.19048   8.00000
   1.00000   1.00000   0.19048   2.00000
   0.23810   0.19048   0.23810  16.00000
   0.28571   0.23810   0.23810  16.00000
   0.33333   0.28571   0.23810  16.00000
   0.38095   0.33333   0.23810  16.00000
   0.42857   0.38095   0.23810  16.00000
   0.47619   0.42857   0.23810  16.00000
   0.52381   0.47619   0.23810   8.00000
   1.00000   0.95238   0.23810   8.00000
   0.28571   0.19048   0.28571  16.00000
   0.33333   0.23810   0.28571  16.00000
   0.38095   0.28571   0.28571  16.00000
   0.42857   0.33333   0.28571  16.00000
   0.47619   0.38095   0.28571  16.00000
   0.52381   0.42857   0.28571  16.00000
   1.00000   0.90476   0.28571   8.00000
   1.04762   0.95238   0.28571   8.00000
   0.33333   0.19048   0.33333  16.00000
   0.38095   0.23810   0.33333  16.00000
   0.42857   0.28571   0.33333  16.00000
   0.47619   0.33333   0.33333  16.00000
   0.52381   0.38095   0.33333  16.00000
   0.57143   0.42857   0.33333   8.00000
   1.00000   0.85714   0.33333   8.00000
   1.04762   0.90476   0.33333  16.00000
   0.38095   0.19048   0.38095  16.00000
   0.42857   0.23810   0.38095  16.00000
   0.47619   0.28571   0.38095  16.00000
   0.52381   0.33333   0.38095  16.00000
   0.57143   0.38095   0.38095  16.00000
   1.00000   0.80952   0.38095   8.00000
   1.04762   0.85714   0.38095  16.00000
   1.09524   0.90476   0.38095   8.00000
   0.42857   0.19048   0.42857  16.00000
   0.47619   0.23810   0.42857  16.00000
   0.52381   0.28571   0.42857  16.00000
   0.57143   0.33333   0.42857  16.00000
   0.61905   0.38095   0.42857   8.00000
   1.00000   0.76190   0.42857   8.00000
   1.04762   0.80952   0.42857  16.00000
   1.09524   0.85714   0.42857  16.00000
   0.47619   0.19048   0.47619  16.00000
   0.52381   0.23810   0.47619  16.00000
   0.57143   0.28571   0.47619  16.00000
   0.61905   0.33333   0.47619  16.00000
   1.00000   0.71429   0.47619   8.00000
   1.04762   0.76190   0.47619  16.00000
   1.09524   0.80952   0.47619  16.00000
   1.14286   0.85714   0.47619   8.00000
   0.57143   0.23810   0.52381  16.00000
   0.61905   0.28571   0.52381  16.00000
   0.66667   0.33333   0.52381   8.00000
   1.00000   0.66667   0.52381   8.00000
   1.04762   0.71429   0.52381  16.00000
   1.09524   0.76190   0.52381  16.00000
   1.14286   0.80952   0.52381  16.00000
   0.61905   0.23810   0.57143  16.00000
   0.66667   0.28571   0.57143  16.00000
   1.00000   0.61905   0.57143   8.00000
   1.04762   0.66667   0.57143  16.00000
   1.09524   0.71429   0.57143  16.00000
   1.14286   0.76190   0.57143  16.00000
   1.19048   0.80952   0.57143   8.00000
   0.66667   0.23810   0.61905  16.00000
   0.71429   0.28571   0.61905   8.00000
   1.00000   0.57143   0.61905   8.00000
   1.04762   0.61905   0.61905  16.00000
   1.09524   0.66667   0.61905  16.00000
   1.14286   0.71429   0.61905  16.00000
   1.19048   0.76190   0.61905  16.00000
   0.71429   0.23810   0.66667  16.00000
   1.00000   0.52381   0.66667   8.00000
   1.04762   0.57143   0.66667  16.00000
   1.09524   0.61905   0.66667  16.00000
   1.14286   0.66667   0.66667  16.00000
   1.19048   0.71429   0.66667  16.00000
   1.23810   0.76190   0.66667   8.00000
   0.76190   0.23810   0.71429   8.00000
   1.00000   0.47619   0.71429   8.00000
   1.04762   0.52381   0.71429  16.00000
   1.09524   0.57143   0.71429  16.00000
   1.14286   0.61905   0.71429  16.00000
   1.19048   0.66667   0.71429  16.00000
   1.23810   0.71429   0.71429  16.00000
   1.00000   0.42857   0.76190   8.00000
   1.04762   0.47619   0.76190  16.00000
   1.09524   0.52381   0.76190  16.00000
   1.14286   0.57143   0.76190  16.00000
   1.19048   0.61905   0.76190  16.00000
   1.23810   0.66667   0.76190  16.00000
   1.28571   0.71429   0.76190   8.00000
   1.00000   0.38095   0.80952   8.00000
   1.04762   0.42857   0.80952  16.00000
   1.09524   0.47619   0.80952  16.00000
   1.14286   0.52381   0.80952  16.00000
   1.19048   0.57143   0.80952  16.00000
   1.23810   0.61905   0.80952  16.00000
   1.28571   0.66667   0.80952  16.00000
   1.00000   0.33333   0.85714   8.00000
   1.04762   0.38095   0.85714  16.00000
   1.09524   0.42857   0.85714  16.00000
   1.14286   0.47619   0.85714  16.00000
   1.19048   0.52381   0.85714  16.00000
   1.23810   0.57143   0.85714  16.00000
   1.28571   0.61905   0.85714  16.00000
   1.33333   0.66667   0.85714   8.00000
   1.00000   0.28571   0.90476   8.00000
   1.04762   0.33333   0.90476  16.00000
   1.09524   0.38095   0.90476  16.00000
   1.14286   0.42857   0.90476  16.00000
   1.19048   0.47619   0.90476  16.00000
   1.23810   0.52381   0.90476  16.00000
   1.28571   0.57143   0.90476  16.00000
   1.33333   0.61905   0.90476  16.00000
   1.00000   0.23810   0.95238   8.00000
   1.04762   0.28571   0.95238  16.00000
   1.09524   0.33333   0.95238  16.00000
   1.14286   0.38095   0.95238  16.00000
   1.19048   0.42857   0.95238  16.00000
   1.23810   0.47619   0.95238  16.00000
   1.28571   0.52381   0.95238  16.00000
   1.33333   0.57143   0.95238  16.00000
   1.38095   0.61905   0.95238   8.00000
   1.00000   0.19048   1.00000   4.00000
   1.04762   0.23810   1.00000   8.00000
   1.09524   0.28571   1.00000   8.00000
   1.14286   0.33333   1.00000   8.00000
   1.19048   0.38095   1.00000   8.00000
   1.23810   0.42857   1.00000   8.00000
   1.28571   0.47619   1.00000   8.00000
   1.33333   0.52381   1.00000   8.00000
   1.38095   0.57143   1.00000   8.00000
   0.28571   0.28571   0.28571   8.00000
   0.33333   0.33333   0.28571   8.00000
   0.38095   0.38095   0.28571   8.00000
   0.42857   0.42857   0.28571   8.00000
   0.47619   0.47619   0.28571   8.00000
   1.00000   1.00000   0.28571   2.00000
   0.33333   0.28571   0.33333  16.00000
   0.38095   0.33333   0.33333  16.00000
   0.42857   0.38095   0.33333  16.00000
   0.47619   0.42857   0.33333  16.00000
   0.52381   0.47619   0.33333   8.00000
   1.00000   0.95238   0.33333   8.00000
   0.38095   0.28571   0.38095  16.00000
   0.42857   0.33333   0.38095  16.00000
   0.47619   0.38095   0.38095  16.00000
   0.52381   0.42857   0.38095  16.00000
   1.00000   0.90476   0.38095   8.00000
   1.04762   0.95238   0.38095   8.00000
   0.42857   0.28571   0.42857  16.00000
   0.47619   0.33333   0.42857  16.00000
   0.52381   0.38095   0.42857  16.00000
   0.57143   0.42857   0.42857   8.00000
   1.00000   0.85714   0.42857   8.00000
   1.04762   0.90476   0.42857  16.00000
   0.47619   0.28571   0.47619  16.00000
   0.52381   0.33333   0.47619  16.00000
   0.57143   0.38095   0.47619  16.00000
   1.00000   0.80952   0.47619   8.00000
   1.04762   0.85714   0.47619  16.00000
   1.09524   0.90476   0.47619   8.00000
   0.57143   0.33333   0.52381  16.00000
   0.61905   0.38095   0.52381   8.00000
   1.00000   0.76190   0.52381   8.00000
   1.04762   0.80952   0.52381  16.00000
   1.09524   0.85714   0.52381  16.00000
   0.61905   0.33333   0.57143  16.00000
   1.00000   0.71429   0.57143   8.00000
   1.04762   0.76190   0.57143  16.00000
   1.09524   0.80952   0.57143  16.00000
   1.14286   0.85714   0.57143   8.00000
   0.66667   0.33333   0.61905   8.00000
   1.00000   0.66667   0.61905   8.00000
   1.04762   0.71429   0.61905  16.00000
   1.09524   0.76190   0.61905  16.00000
   1.14286   0.80952   0.61905  16.00000
   1.00000   0.61905   0.66667   8.00000
   1.04762   0.66667   0.66667  16.00000
   1.09524   0.71429   0.66667  16.00000
   1.14286   0.76190   0.66667  16.00000
   1.19048   0.80952   0.66667   8.00000
   1.00000   0.57143   0.71429   8.00000
   1.04762   0.61905   0.71429  16.00000
   1.09524   0.66667   0.71429  16.00000
   1.14286   0.71429   0.71429  16.00000
   1.19048   0.76190   0.71429  16.00000
   1.00000   0.52381   0.76190   8.00000
   1.04762   0.57143   0.76190  16.00000
   1.09524   0.61905   0.76190  16.00000
   1.14286   0.66667   0.76190  16.00000
   1.19048   0.71429   0.76190  16.00000
   1.23810   0.76190   0.76190   8.00000
   1.00000   0.47619   0.80952   8.00000
   1.04762   0.52381   0.80952  16.00000
   1.09524   0.57143   0.80952  16.00000
   1.14286   0.61905   0.80952  16.00000
   1.19048   0.66667   0.80952  16.00000
   1.23810   0.71429   0.80952  16.00000
   1.00000   0.42857   0.85714   8.00000
   1.04762   0.47619   0.85714  16.00000
   1.09524   0.52381   0.85714  16.00000
   1.14286   0.57143   0.85714  16.00000
   1.19048   0.61905   0.85714  16.00000
   1.23810   0.66667   0.85714  16.00000
   1.28571   0.71429   0.85714   8.00000
   1.00000   0.38095   0.90476   8.00000
   1.04762   0.42857   0.90476  16.00000
   1.09524   0.47619   0.90476  16.00000
   1.14286   0.52381   0.90476  16.00000
   1.19048   0.57143   0.90476  16.00000
   1.23810   0.61905   0.90476  16.00000
   1.28571   0.66667   0.90476  16.00000
   1.00000   0.33333   0.95238   8.00000
   1.04762   0.38095   0.95238  16.00000
   1.09524   0.42857   0.95238  16.00000
   1.14286   0.47619   0.95238  16.00000
   1.19048   0.52381   0.95238  16.00000
   1.23810   0.57143   0.95238  16.00000
   1.28571   0.61905   0.95238  16.00000
   1.33333   0.66667   0.95238   8.00000
   1.00000   0.28571   1.00000   4.00000
   1.04762   0.33333   1.00000   8.00000
   1.09524   0.38095   1.00000   8.00000
   1.14286   0.42857   1.00000   8.00000
   1.19048   0.47619   1.00000   8.00000
   1.23810   0.52381   1.00000   8.00000
   1.28571   0.57143   1.00000   8.00000
   1.33333   0.61905   1.00000   8.00000
   0.38095   0.38095   0.38095   8.00000
   0.42857   0.42857   0.38095   8.00000
   0.47619   0.47619   0.38095   8.00000
   1.00000   1.00000   0.38095   2.00000
   0.42857   0.38095   0.42857  16.00000
   0.47619   0.42857   0.42857  16.00000
   0.52381   0.47619   0.42857   8.00000
   1.00000   0.95238   0.42857   8.00000
   0.47619   0.38095   0.47619  16.00000
   0.52381   0.42857   0.47619  16.00000
   1.00000   0.90476   0.47619   8.00000
   1.04762   0.95238   0.47619   8.00000
   0.57143   0.42857   0.52381   8.00000
   1.00000   0.85714   0.52381   8.00000
   1.04762   0.90476   0.52381  16.00000
   1.00000   0.80952   0.57143   8.00000
   1.04762   0.85714   0.57143  16.00000
   1.09524   0.90476   0.57143   8.00000
   1.00000   0.76190   0.61905   8.00000
   1.04762   0.80952   0.61905  16.00000
   1.09524   0.85714   0.61905  16.00000
   1.00000   0.71429   0.66667   8.00000
   1.04762   0.76190   0.66667  16.00000
   1.09524   0.80952   0.66667  16.00000
   1.14286   0.85714   0.66667   8.00000
   1.00000   0.66667   0.71429   8.00000
   1.04762   0.71429   0.71429  16.00000
   1.09524   0.76190   0.71429  16.00000
   1.14286   0.80952   0.71429  16.00000
   1.00000   0.61905   0.76190   8.00000
   1.04762   0.66667   0.76190  16.00000
   1.09524   0.71429   0.76190  16.00000
   1.14286   0.76190   0.76190  16.00000
   1.19048   0.80952   0.76190   8.00000
   1.00000   0.57143   0.80952   8.00000
   1.04762   0.61905   0.80952  16.00000
   1.09524   0.66667   0.80952  16.00000
   1.14286   0.71429   0.80952  16.00000
   1.19048   0.76190   0.80952  16.00000
   1.00000   0.52381   0.85714   8.00000
   1.04762   0.57143   0.85714  16.00000
   1.09524   0.61905   0.85714  16.00000
   1.14286   0.66667   0.85714  16.00000
   1.19048   0.71429   0.85714  16.00000
   1.23810   0.76190   0.85714   8.00000
   1.00000   0.47619   0.90476   8.00000
   1.04762   0.52381   0.90476  16.00000
   1.09524   0.57143   0.90476  16.00000
   1.14286   0.61905   0.90476  16.00000
   1.19048   0.66667   0.90476  16.00000
   1.23810   0.71429   0.90476  16.00000
   1.00000   0.42857   0.95238   8.00000
   1.04762   0.47619   0.95238  16.00000
   1.09524   0.52381   0.95238  16.00000
   1.14286   0.57143   0.95238  16.00000
   1.19048   0.61905   0.95238  16.00000
   1.23810   0.66667   0.95238  16.00000
   1.28571   0.71429   0.95238   8.00000
   1.00000   0.38095   1.00000   4.00000
   1.04762   0.42857   1.00000   8.00000
   1.09524   0.47619   1.00000   8.00000
   1.14286   0.52381   1.00000   8.00000
   1.19048   0.57143   1.00000   8.00000
   1.23810   0.61905   1.00000   8.00000
   1.28571   0.66667   1.00000   8.00000
   0.47619   0.47619   0.47619   8.00000
   1.00000   1.00000   0.47619   2.00000
   1.00000   0.95238   0.52381   8.00000
   1.00000   0.90476   0.57143   8.00000
   1.04762   0.95238   0.57143   8.00000
   1.00000   0.85714   0.61905   8.00000
   1.04762   0.90476   0.61905  16.00000
   1.00000   0.80952   0.66667   8.00000
   1.04762   0.85714   0.66667  16.00000
   1.09524   0.90476   0.66667   8.00000
   1.00000   0.76190   0.71429   8.00000
   1.04762   0.80952   0.71429  16.00000
   1.09524   0.85714   0.71429  16.00000
   1.00000   0.71429   0.76190   8.00000
   1.04762   0.76190   0.76190  16.00000
   1.09524   0.80952   0.76190  16.00000
   1.14286   0.85714   0.76190   8.00000
   1.00000   0.66667   0.80952   8.00000
   1.04762   0.71429   0.80952  16.00000
   1.09524   0.76190   0.80952  16.00000
   1.14286   0.80952   0.80952  16.00000
   1.00000   0.61905   0.85714   8.00000
   1.04762   0.66667   0.85714  16.00000
   1.09524   0.71429   0.85714  16.00000
   1.14286   0.76190   0.85714  16.00000
   1.19048   0.80952   0.85714   8.00000
   1.00000   0.57143   0.90476   8.00000
   1.04762   0.61905   0.90476  16.00000
   1.09524   0.66667   0.90476  16.00000
   1.14286   0.71429   0.90476  16.00000
   1.19048   0.76190   0.90476  16.00000
   1.00000   0.52381   0.95238   8.00000
   1.04762   0.57143   0.95238  16.00000
   1.09524   0.61905   0.95238  16.00000
   1.14286   0.66667   0.95238  16.00000
   1.19048   0.71429   0.95238  16.00000
   1.23810   0.76190   0.95238   8.00000
   1.00000   0.47619   1.00000   4.00000
   1.04762   0.52381   1.00000   8.00000
   1.09524   0.57143   1.00000   8.00000
   1.14286   0.61905   1.00000   8.00000
   1.19048   0.66667   1.00000   8.00000
   1.23810   0.71429   1.00000   8.00000
   1.00000   1.00000   0.57143   2.00000
   1.00000   0.95238   0.61905   8.00000
   1.00000   0.90476   0.66667   8.00000
   1.04762   0.95238   0.66667   8.00000
   1.00000   0.85714   0.71429   8.00000
   1.04762   0.90476   0.71429  16.00000
   1.00000   0.80952   0.76190   8.00000
   1.04762   0.85714   0.76190  16.00000
   1.09524   0.90476   0.76190   8.00000
   1.00000   0.76190   0.80952   8.00000
   1.04762   0.80952   0.80952  16.00000
   1.09524   0.85714   0.80952  16.00000
   1.00000   0.71429   0.85714   8.00000
   1.04762   0.76190   0.85714  16.00000
   1.09524   0.80952   0.85714  16.00000
   1.14286   0.85714   0.85714   8.00000
   1.00000   0.66667   0.90476   8.00000
   1.04762   0.71429   0.90476  16.00000
   1.09524   0.76190   0.90476  16.00000
   1.14286   0.80952   0.90476  16.00000
   1.00000   0.61905   0.95238   8.00000
   1.04762   0.66667   0.95238  16.00000
   1.09524   0.71429   0.95238  16.00000
   1.14286   0.76190   0.95238  16.00000
   1.19048   0.80952   0.95238   8.00000
   1.00000   0.57143   1.00000   4.00000
   1.04762   0.61905   1.00000   8.00000
   1.09524   0.66667   1.00000   8.00000
   1.14286   0.71429   1.00000   8.00000
   1.19048   0.76190   1.00000   8.00000
   1.00000   1.00000   0.66667   2.00000
   1.00000   0.95238   0.71429   8.00000
   1.00000   0.90476   0.76190   8.00000
   1.04762   0.95238   0.76190   8.00000
   1.00000   0.85714   0.80952   8.00000
   1.04762   0.90476   0.80952  16.00000
   1.00000   0.80952   0.85714   8.00000
   1.04762   0.85714   0.85714  16.00000
   1.09524   0.90476   0.85714   8.00000
   1.00000   0.76190   0.90476   8.00000
   1.04762   0.80952   0.90476  16.00000
   1.09524   0.85714   0.90476  16.00000
   1.00000   0.71429   0.95238   8.00000
   1.04762   0.76190   0.95238  16.00000
   1.09524   0.80952   0.95238  16.00000
   1.14286   0.85714   0.95238   8.00000
   1.00000   0.66667   1.00000   4.00000
   1.04762   0.71429   1.00000   8.00000
   1.09524   0.76190   1.00000   8.00000
   1.14286   0.80952   1.00000   8.00000
   1.00000   1.00000   0.76190   2.00000
   1.00000   0.95238   0.80952   8.00000
   1.00000   0.90476   0.85714   8.00000
   1.04762   0.95238   0.85714   8.00000
   1.00000   0.85714   0.90476   8.00000
   1.04762   0.90476   0.90476  16.00000
   1.00000   0.80952   0.95238   8.00000
   1.04762   0.85714   0.95238  16.00000
   1.09524   0.90476   0.95238   8.00000
   1.00000   0.76190   1.00000   4.00000
   1.04762   0.80952   1.00000   8.00000
   1.09524   0.85714   1.00000   8.00000
   1.00000   1.00000   0.85714   2.00000
   1.00000   0.95238   0.90476   8.00000
   1.00000   0.90476   0.95238   8.00000
   1.04762   0.95238   0.95238   8.00000
   1.00000   0.85714   1.00000   4.00000
   1.04762   0.90476   1.00000   8.00000
   1.00000   1.00000   0.95238   2.00000
   1.00000   0.95238   1.00000   4.00000




                              --------------------------------------------------
                                 S T R U C T U R A L   I N F O R M A T I O N
                              --------------------------------------------------


   SUBSTANCE                    = tetragonal body-centered  (delta')                                              

   LATTICE                      = B   
   LATTICE CONSTANTS ARE        =    6.2855970   6.2855970   8.3695000
   NUMBER OF ATOMS IN UNITCELL  =   1
   MODE OF CALCULATION IS       = RELA
 IORD=          16
 FNAMES=
 ./deltaprime_Pu_10.vectorso_1                                                  
                                                                                
                                           
 ./deltaprime_Pu_10.vectorsodn_1                                                
                                                                                
                                           
 deltaprime_Pu_10.energyso_1                                                    
                                                                                
                                           
 deltaprime_Pu_10.energysodn_1                                                  
                                                                                
                                           
  BR1,  BR2
   0.99962   0.00000   0.00000      0.00000   0.99962   0.99962
   0.00000   0.99962   0.00000      0.99962   0.00000   0.99962
   0.00000   0.00000   0.75072      0.75072   0.75072   0.00000
 projector corrected--must be 1,2, or 3! Now projector= 2
 Energy window:   -0.4410 < E <      0.441
 Projected density of states calculation for  1 atoms
--------- atom  1 -------------
l=  3  qsplit=  4
 Symmetrization over eq. k-points is performed
 ********** Start Reading Cix file *************
  Correlated block number           1
  Correlated index=
  1  0  0  0  0  0  0  0  0  0  0  0  0  0
  0  1  0  0  0  0  0  0  0  0  0  0  0  0
  0  0  1  0  0  0  0  0  0  0  0  0  0  0
  0  0  0  1  0  0  0  0  0  0  0  0  0  0
  0  0  0  0  1  0  0  0  0  0  0  0  0  0
  0  0  0  0  0  1  0  0  0  0  0  0  0  0
  0  0  0  0  0  0  2  0  0  0  0  0  0  0
  0  0  0  0  0  0  0  2  0  0  0  0  0  0
  0  0  0  0  0  0  0  0  2  0  0  0  0  0
  0  0  0  0  0  0  0  0  0  2  0  0  0  0
  0  0  0  0  0  0  0  0  0  0  2  0  0  0
  0  0  0  0  0  0  0  0  0  0  0  2  0  0
  0  0  0  0  0  0  0  0  0  0  0  0  2  0
  0  0  0  0  0  0  0  0  0  0  0  0  0  2
  Real part of unitary matrix=
  0.9258  0.0000  0.0000  0.0000  0.0000  0.0000  0.0000  0.0000 -0.3780  0.0000  0.0000  0.0000  0.0000  0.0000
  0.0000  0.8452  0.0000  0.0000  0.0000  0.0000  0.0000  0.0000  0.0000 -0.5345  0.0000  0.0000  0.0000  0.0000
  0.0000  0.0000  0.7559  0.0000  0.0000  0.0000  0.0000  0.0000  0.0000  0.0000 -0.6547  0.0000  0.0000  0.0000
  0.0000  0.0000  0.0000  0.6547  0.0000  0.0000  0.0000  0.0000  0.0000  0.0000  0.0000 -0.7559  0.0000  0.0000
  0.0000  0.0000  0.0000  0.0000  0.5345  0.0000  0.0000  0.0000  0.0000  0.0000  0.0000  0.0000 -0.8452  0.0000
  0.0000  0.0000  0.0000  0.0000  0.0000  0.3780  0.0000  0.0000  0.0000  0.0000  0.0000  0.0000  0.0000 -0.9258
  0.0000  0.0000  0.0000  0.0000  0.0000  0.0000  0.0000  1.0000  0.0000  0.0000  0.0000  0.0000  0.0000  0.0000
  0.3780  0.0000  0.0000  0.0000  0.0000  0.0000  0.0000  0.0000  0.9258  0.0000  0.0000  0.0000  0.0000  0.0000
  0.0000  0.5345  0.0000  0.0000  0.0000  0.0000  0.0000  0.0000  0.0000  0.8452  0.0000  0.0000  0.0000  0.0000
  0.0000  0.0000  0.6547  0.0000  0.0000  0.0000  0.0000  0.0000  0.0000  0.0000  0.7559  0.0000  0.0000  0.0000
  0.0000  0.0000  0.0000  0.7559  0.0000  0.0000  0.0000  0.0000  0.0000  0.0000  0.0000  0.6547  0.0000  0.0000
  0.0000  0.0000  0.0000  0.0000  0.8452  0.0000  0.0000  0.0000  0.0000  0.0000  0.0000  0.0000  0.5345  0.0000
  0.0000  0.0000  0.0000  0.0000  0.0000  0.9258  0.0000  0.0000  0.0000  0.0000  0.0000  0.0000  0.0000  0.3780
  0.0000  0.0000  0.0000  0.0000  0.0000  0.0000  1.0000  0.0000  0.0000  0.0000  0.0000  0.0000  0.0000  0.0000
  Imaginary part of unitary matrix=
  0.0000  0.0000  0.0000  0.0000  0.0000  0.0000  0.0000  0.0000  0.0000  0.0000  0.0000  0.0000  0.0000  0.0000
  0.0000  0.0000  0.0000  0.0000  0.0000  0.0000  0.0000  0.0000  0.0000  0.0000  0.0000  0.0000  0.0000  0.0000
  0.0000  0.0000  0.0000  0.0000  0.0000  0.0000  0.0000  0.0000  0.0000  0.0000  0.0000  0.0000  0.0000  0.0000
  0.0000  0.0000  0.0000  0.0000  0.0000  0.0000  0.0000  0.0000  0.0000  0.0000  0.0000  0.0000  0.0000  0.0000
  0.0000  0.0000  0.0000  0.0000  0.0000  0.0000  0.0000  0.0000  0.0000  0.0000  0.0000  0.0000  0.0000  0.0000
  0.0000  0.0000  0.0000  0.0000  0.0000  0.0000  0.0000  0.0000  0.0000  0.0000  0.0000  0.0000  0.0000  0.0000
  0.0000  0.0000  0.0000  0.0000  0.0000  0.0000  0.0000  0.0000  0.0000  0.0000  0.0000  0.0000  0.0000  0.0000
  0.0000  0.0000  0.0000  0.0000  0.0000  0.0000  0.0000  0.0000  0.0000  0.0000  0.0000  0.0000  0.0000  0.0000
  0.0000  0.0000  0.0000  0.0000  0.0000  0.0000  0.0000  0.0000  0.0000  0.0000  0.0000  0.0000  0.0000  0.0000
  0.0000  0.0000  0.0000  0.0000  0.0000  0.0000  0.0000  0.0000  0.0000  0.0000  0.0000  0.0000  0.0000  0.0000
  0.0000  0.0000  0.0000  0.0000  0.0000  0.0000  0.0000  0.0000  0.0000  0.0000  0.0000  0.0000  0.0000  0.0000
  0.0000  0.0000  0.0000  0.0000  0.0000  0.0000  0.0000  0.0000  0.0000  0.0000  0.0000  0.0000  0.0000  0.0000
  0.0000  0.0000  0.0000  0.0000  0.0000  0.0000  0.0000  0.0000  0.0000  0.0000  0.0000  0.0000  0.0000  0.0000
  0.0000  0.0000  0.0000  0.0000  0.0000  0.0000  0.0000  0.0000  0.0000  0.0000  0.0000  0.0000  0.0000  0.0000
  At least one transformation matrix is not Identity
 Magnetic system with s-o coupling; M theta, phi:  0.0000  0.0000
 Inside ROTDEF
Operation  1 transforms atom   1 from first atom   1
Actual position of atom  1 is:  0.000000    0.000000    0.000000
 
Combined transformation (acting on k-point) for correlated atoms
including users rotation and internal local rotation
catom  1 atom   1
   0.99962   0.00000   0.00000
   0.00000  -0.99962   0.00000
   0.00000   0.00000  -0.75072
 
 
 SPIN COORD SYSTEM:
    1.000000    0.000000    0.000000
    0.000000    1.000000    0.000000
    0.000000    0.000000    1.000000
 
 in global cartezian coordinates:
    1.000000    0.000000    0.000000
    0.000000   -1.000000    0.000000
    0.000000    0.000000   -1.000000
 ____________________________
 in spin coordinates:
    1.000000    0.000000    0.000000
    0.000000   -1.000000    0.000000
    0.000000    0.000000   -1.000000
           1   3.14159266849095       -1.00000000000000     
 
 in global cartezian coordinates:
    0.000000    1.000000    0.000000
   -1.000000    0.000000    0.000000
    0.000000    0.000000   -1.000000
 ____________________________
 in spin coordinates:
    0.000000    1.000000    0.000000
   -1.000000    0.000000    0.000000
    0.000000    0.000000   -1.000000
           2   1.57079632679490        1.00000000000000     
 
 in global cartezian coordinates:
   -1.000000    0.000000    0.000000
    0.000000   -1.000000    0.000000
    0.000000    0.000000   -1.000000
 ____________________________
 in spin coordinates:
   -1.000000    0.000000    0.000000
    0.000000   -1.000000    0.000000
    0.000000    0.000000   -1.000000
           3  1.490116119384766E-008   1.00000000000000     
 
 in global cartezian coordinates:
    0.000000    1.000000    0.000000
    1.000000    0.000000    0.000000
    0.000000    0.000000   -1.000000
 ____________________________
 in spin coordinates:
    0.000000    1.000000    0.000000
    1.000000    0.000000    0.000000
    0.000000    0.000000   -1.000000
           4   1.57079632679490       -1.00000000000000     
 
 in global cartezian coordinates:
    0.000000   -1.000000    0.000000
   -1.000000    0.000000    0.000000
    0.000000    0.000000   -1.000000
 ____________________________
 in spin coordinates:
    0.000000   -1.000000    0.000000
   -1.000000    0.000000    0.000000
    0.000000    0.000000   -1.000000
           5   4.71238898038469       -1.00000000000000     
 
 in global cartezian coordinates:
    1.000000    0.000000    0.000000
    0.000000    1.000000    0.000000
    0.000000    0.000000   -1.000000
 ____________________________
 in spin coordinates:
    1.000000    0.000000    0.000000
    0.000000    1.000000    0.000000
    0.000000    0.000000   -1.000000
           6   3.14159263868863        1.00000000000000     
 
 in global cartezian coordinates:
    1.000000    0.000000    0.000000
    0.000000   -1.000000    0.000000
    0.000000    0.000000    1.000000
 ____________________________
 in spin coordinates:
    1.000000    0.000000    0.000000
    0.000000   -1.000000    0.000000
    0.000000    0.000000    1.000000
           7   6.28318529227843       -1.00000000000000     
 
 in global cartezian coordinates:
    0.000000    1.000000    0.000000
   -1.000000    0.000000    0.000000
    0.000000    0.000000    1.000000
 ____________________________
 in spin coordinates:
    0.000000    1.000000    0.000000
   -1.000000    0.000000    0.000000
    0.000000    0.000000    1.000000
           8  -1.57079632679490        1.00000000000000     
 
 in global cartezian coordinates:
    0.000000   -1.000000    0.000000
    1.000000    0.000000    0.000000
    0.000000    0.000000   -1.000000
 ____________________________
 in spin coordinates:
    0.000000   -1.000000    0.000000
    1.000000    0.000000    0.000000
    0.000000    0.000000   -1.000000
           9  -1.57079632679490        1.00000000000000     
 
 in global cartezian coordinates:
   -1.000000    0.000000    0.000000
    0.000000    1.000000    0.000000
    0.000000    0.000000   -1.000000
 ____________________________
 in spin coordinates:
   -1.000000    0.000000    0.000000
    0.000000    1.000000    0.000000
    0.000000    0.000000   -1.000000
          10   6.28318529227843       -1.00000000000000     
 
 in global cartezian coordinates:
   -1.000000    0.000000    0.000000
    0.000000   -1.000000    0.000000
    0.000000    0.000000    1.000000
 ____________________________
 in spin coordinates:
   -1.000000    0.000000    0.000000
    0.000000   -1.000000    0.000000
    0.000000    0.000000    1.000000
          11   3.14159263868863        1.00000000000000     
 
 in global cartezian coordinates:
    0.000000    1.000000    0.000000
    1.000000    0.000000    0.000000
    0.000000    0.000000    1.000000
 ____________________________
 in spin coordinates:
    0.000000    1.000000    0.000000
    1.000000    0.000000    0.000000
    0.000000    0.000000    1.000000
          12   4.71238898038469       -1.00000000000000     
 
 in global cartezian coordinates:
    0.000000   -1.000000    0.000000
   -1.000000    0.000000    0.000000
    0.000000    0.000000    1.000000
 ____________________________
 in spin coordinates:
    0.000000   -1.000000    0.000000
   -1.000000    0.000000    0.000000
    0.000000    0.000000    1.000000
          13   1.57079632679490       -1.00000000000000     
 
 in global cartezian coordinates:
    1.000000    0.000000    0.000000
    0.000000    1.000000    0.000000
    0.000000    0.000000    1.000000
 ____________________________
 in spin coordinates:
    1.000000    0.000000    0.000000
    0.000000    1.000000    0.000000
    0.000000    0.000000    1.000000
          14  1.490116119384766E-008   1.00000000000000     
 
 in global cartezian coordinates:
    0.000000   -1.000000    0.000000
    1.000000    0.000000    0.000000
    0.000000    0.000000    1.000000
 ____________________________
 in spin coordinates:
    0.000000   -1.000000    0.000000
    1.000000    0.000000    0.000000
    0.000000    0.000000    1.000000
          15   1.57079632679490        1.00000000000000     
 
 in global cartezian coordinates:
   -1.000000    0.000000    0.000000
    0.000000    1.000000    0.000000
    0.000000    0.000000    1.000000
 ____________________________
 in spin coordinates:
   -1.000000    0.000000    0.000000
    0.000000    1.000000    0.000000
    0.000000    0.000000    1.000000
          16   3.14159266849095       -1.00000000000000     
 
 FNAME=
 deltaprime_Pu_10.energyso_1                                                    
                                                                                
                                                     60
 FNAME=
 deltaprime_Pu_10.energysodn_1                                                  
                                                                                
                                                     59
 BZ-integration with TETRA-program.   icor=: 1
 Equal occupancy of degenerate states, tol=: 0.1E-05
 call eord...
 call dos...
 ILOOP            1
   FERMI ENERGY AT    1.18234592501094     
 RESULT OF INTEGRATION:      15.999991635337; SHOULD BE:      15.999999999900
 call eweigh...
   number of occupied bands:          18
   highest energy:   1.18637575166994     
 FERMI-LDA=   1.182 Ryd,  16.087 eV.
 ABSOLUTE EMIN=   0.741 Ryd.  10.087 eV.
 ABSOLUTE EMAX=   1.623 Ryd.  22.087 eV.


:NLDA  : NUMBER OF ELECTRONS          =  16.000

:FLDA  : F E R M I - ENERGY           =   1.18235
 
 ********** Information about the atomic index arrays ************
 iatom=           1
 isort=           1
 csort=           1
 maxucase=           1
icase, iucase, jatom, latom=     1     1     1     1
 
 *****  Arrays for correlated blocks ******
 norbitals=           1
 maxdim2=          14
iorbital( 1, 1)=   1
cix( 1, 1)=   1
icase,lcase,icix,iorb,nind1,ip1,iSx=    1    1    1    1   14    1    1
icase,lcase,icix,iorb,nind1,ip1,iSx=    1    1    1    1   14    2    2
icase,lcase,icix,iorb,nind1,ip1,iSx=    1    1    1    1   14    3    3
icase,lcase,icix,iorb,nind1,ip1,iSx=    1    1    1    1   14    4    4
icase,lcase,icix,iorb,nind1,ip1,iSx=    1    1    1    1   14    5    5
icase,lcase,icix,iorb,nind1,ip1,iSx=    1    1    1    1   14    6    6
icase,lcase,icix,iorb,nind1,ip1,iSx=    1    1    1    1   14    7    7
icase,lcase,icix,iorb,nind1,ip1,iSx=    1    1    1    1   14    8    8
icase,lcase,icix,iorb,nind1,ip1,iSx=    1    1    1    1   14    9    9
icase,lcase,icix,iorb,nind1,ip1,iSx=    1    1    1    1   14   10   10
icase,lcase,icix,iorb,nind1,ip1,iSx=    1    1    1    1   14   11   11
icase,lcase,icix,iorb,nind1,ip1,iSx=    1    1    1    1   14   12   12
icase,lcase,icix,iorb,nind1,ip1,iSx=    1    1    1    1   14   13   13
icase,lcase,icix,iorb,nind1,ip1,iSx=    1    1    1    1   14   14   14
cixdim( 1)=14
noccur( 1, 1)=   6
noccur( 2, 1)=   8
iSx( 1, 1)=  1
iSx( 2, 1)=  2
iSx( 3, 1)=  3
iSx( 4, 1)=  4
iSx( 5, 1)=  5
iSx( 6, 1)=  6
iSx( 7, 1)=  7
iSx( 8, 1)=  8
iSx( 9, 1)=  9
iSx(10, 1)= 10
iSx(11, 1)= 11
iSx(12, 1)= 12
iSx(13, 1)= 13
iSx(14, 1)= 14
nindo( 1)= 14
CF for iorb1= 1 iorb2= 1
    0.92582010     0.00000000       0.00000000     0.00000000       0.00000000     0.00000000       0.00000000     0.00000000       0.00000000     0.00000000       0.00000000     0.00000000       0.00000000     0.00000000       0.00000000     0.00000000      -0.37796447     0.00000000       0.00000000     0.00000000       0.00000000     0.00000000       0.00000000     0.00000000       0.00000000     0.00000000       0.00000000     0.00000000   
    0.00000000     0.00000000       0.84515425     0.00000000       0.00000000     0.00000000       0.00000000     0.00000000       0.00000000     0.00000000       0.00000000     0.00000000       0.00000000     0.00000000       0.00000000     0.00000000       0.00000000     0.00000000      -0.53452248     0.00000000       0.00000000     0.00000000       0.00000000     0.00000000       0.00000000     0.00000000       0.00000000     0.00000000   
    0.00000000     0.00000000       0.00000000     0.00000000       0.75592895     0.00000000       0.00000000     0.00000000       0.00000000     0.00000000       0.00000000     0.00000000       0.00000000     0.00000000       0.00000000     0.00000000       0.00000000     0.00000000       0.00000000     0.00000000      -0.65465367     0.00000000       0.00000000     0.00000000       0.00000000     0.00000000       0.00000000     0.00000000   
    0.00000000     0.00000000       0.00000000     0.00000000       0.00000000     0.00000000       0.65465367     0.00000000       0.00000000     0.00000000       0.00000000     0.00000000       0.00000000     0.00000000       0.00000000     0.00000000       0.00000000     0.00000000       0.00000000     0.00000000       0.00000000     0.00000000      -0.75592895     0.00000000       0.00000000     0.00000000       0.00000000     0.00000000   
    0.00000000     0.00000000       0.00000000     0.00000000       0.00000000     0.00000000       0.00000000     0.00000000       0.53452248     0.00000000       0.00000000     0.00000000       0.00000000     0.00000000       0.00000000     0.00000000       0.00000000     0.00000000       0.00000000     0.00000000       0.00000000     0.00000000       0.00000000     0.00000000      -0.84515425     0.00000000       0.00000000     0.00000000   
    0.00000000     0.00000000       0.00000000     0.00000000       0.00000000     0.00000000       0.00000000     0.00000000       0.00000000     0.00000000       0.37796447     0.00000000       0.00000000     0.00000000       0.00000000     0.00000000       0.00000000     0.00000000       0.00000000     0.00000000       0.00000000     0.00000000       0.00000000     0.00000000       0.00000000     0.00000000      -0.92582010     0.00000000   
    0.00000000     0.00000000       0.00000000     0.00000000       0.00000000     0.00000000       0.00000000     0.00000000       0.00000000     0.00000000       0.00000000     0.00000000       0.00000000     0.00000000       1.00000000     0.00000000       0.00000000     0.00000000       0.00000000     0.00000000       0.00000000     0.00000000       0.00000000     0.00000000       0.00000000     0.00000000       0.00000000     0.00000000   
    0.37796447     0.00000000       0.00000000     0.00000000       0.00000000     0.00000000       0.00000000     0.00000000       0.00000000     0.00000000       0.00000000     0.00000000       0.00000000     0.00000000       0.00000000     0.00000000       0.92582010     0.00000000       0.00000000     0.00000000       0.00000000     0.00000000       0.00000000     0.00000000       0.00000000     0.00000000       0.00000000     0.00000000   
    0.00000000     0.00000000       0.53452248     0.00000000       0.00000000     0.00000000       0.00000000     0.00000000       0.00000000     0.00000000       0.00000000     0.00000000       0.00000000     0.00000000       0.00000000     0.00000000       0.00000000     0.00000000       0.84515425     0.00000000       0.00000000     0.00000000       0.00000000     0.00000000       0.00000000     0.00000000       0.00000000     0.00000000   
    0.00000000     0.00000000       0.00000000     0.00000000       0.65465367     0.00000000       0.00000000     0.00000000       0.00000000     0.00000000       0.00000000     0.00000000       0.00000000     0.00000000       0.00000000     0.00000000       0.00000000     0.00000000       0.00000000     0.00000000       0.75592895     0.00000000       0.00000000     0.00000000       0.00000000     0.00000000       0.00000000     0.00000000   
    0.00000000     0.00000000       0.00000000     0.00000000       0.00000000     0.00000000       0.75592895     0.00000000       0.00000000     0.00000000       0.00000000     0.00000000       0.00000000     0.00000000       0.00000000     0.00000000       0.00000000     0.00000000       0.00000000     0.00000000       0.00000000     0.00000000       0.65465367     0.00000000       0.00000000     0.00000000       0.00000000     0.00000000   
    0.00000000     0.00000000       0.00000000     0.00000000       0.00000000     0.00000000       0.00000000     0.00000000       0.84515425     0.00000000       0.00000000     0.00000000       0.00000000     0.00000000       0.00000000     0.00000000       0.00000000     0.00000000       0.00000000     0.00000000       0.00000000     0.00000000       0.00000000     0.00000000       0.53452248     0.00000000       0.00000000     0.00000000   
    0.00000000     0.00000000       0.00000000     0.00000000       0.00000000     0.00000000       0.00000000     0.00000000       0.00000000     0.00000000       0.92582010     0.00000000       0.00000000     0.00000000       0.00000000     0.00000000       0.00000000     0.00000000       0.00000000     0.00000000       0.00000000     0.00000000       0.00000000     0.00000000       0.00000000     0.00000000       0.37796447     0.00000000   
    0.00000000     0.00000000       0.00000000     0.00000000       0.00000000     0.00000000       0.00000000     0.00000000       0.00000000     0.00000000       0.00000000     0.00000000       1.00000000     0.00000000       0.00000000     0.00000000       0.00000000     0.00000000       0.00000000     0.00000000       0.00000000     0.00000000       0.00000000     0.00000000       0.00000000     0.00000000       0.00000000     0.00000000   
Rspin for iorb=  1
 angles=  0.000000000000000E+000   3.14159265358979       0.000000000000000E+000
  0.000000000000000E+000  0.000000000000000E+000  0.000000000000000E+000
 Rspin=
    0.000000    0.000000      0.000000    1.000000
    0.000000    1.000000      0.000000    0.000000
 Calculation for atom  1 which has iucase=  1
 ATPAR for spin up

          ATOMIC PARAMETERS FOR Pu  0+    

           ENERGY PARAMETERS ARE   0.95  -1.33   0.95   0.95

           L     U(R)          U'(R)         DU/DE        DU'/DE      NORM-U'
           0  0.551336E+00  0.814066E+00  0.112385E+00 -0.226437E+00
           1  0.537369E+00 -0.150860E-03 -0.144116E+00 -0.402555E+00
           2 -0.617630E+00  0.248960E-01  0.985230E-01  0.346339E+00
           3 -0.316716E+00  0.127060E+00  0.363694E+00  0.537341E+00
LO COEFFICIENT: l,A,B,C   0          0.65383    -3.20754     0.00000     0.00000
 
LO COEFFICIENT: l,A,B,C   0          0.32155     0.00000     0.78001     0.00000
 
LO COEFFICIENT: l,A,B,C   1          0.87940     3.27903     0.00000     0.00000
 
LO COEFFICIENT: l,A,B,C   1          0.26891     0.00000    -1.23866     0.00000
 
LO COEFFICIENT: l,A,B,C   2          0.85300     5.34737     0.00000     0.00000
 
LO COEFFICIENT: l,A,B,C   3          0.94027     0.81882     0.00000     0.00000
 
 ATPAR for spin down

          ATOMIC PARAMETERS FOR Pu  0+    

           ENERGY PARAMETERS ARE   0.95  -1.33   0.95   0.95

           L     U(R)          U'(R)         DU/DE        DU'/DE      NORM-U'
           0  0.551336E+00  0.814066E+00  0.112385E+00 -0.226437E+00
           1  0.537369E+00 -0.150860E-03 -0.144116E+00 -0.402555E+00
           2 -0.617630E+00  0.248960E-01  0.985230E-01  0.346339E+00
           3 -0.316716E+00  0.127060E+00  0.363694E+00  0.537341E+00
LO COEFFICIENT: l,A,B,C   0          0.65383    -3.20754     0.00000     0.00000
 
LO COEFFICIENT: l,A,B,C   0          0.32155     0.00000     0.78001     0.00000
 
LO COEFFICIENT: l,A,B,C   1          0.87940     3.27903     0.00000     0.00000
 
LO COEFFICIENT: l,A,B,C   1          0.26891     0.00000    -1.23866     0.00000
 
LO COEFFICIENT: l,A,B,C   2          0.85300     5.34737     0.00000     0.00000
 
LO COEFFICIENT: l,A,B,C   3          0.94027     0.81882     0.00000     0.00000
 
 L1=           0  L2=           0
 RADIAL INTEGRALS:
           1           1                 1           1   1.00000000000000     
           1           3                 1           1  0.574517036726736     
           1           1                 1           2   1.00000000000000     
           1           3                 1           2  0.574517036726736     
           1           1                 2           1   1.00000000000000     
           1           3                 2           1  0.574517036726736     
           1           1                 2           2   1.00000000000000     
           1           3                 2           2  0.574517036726736     
           2           2                 1           1  5.564661067837911E-002
           2           3                 1           1 -0.190807434593691     
           2           2                 1           2  5.564661067837911E-002
           2           3                 1           2 -0.190807434593691     
           2           2                 2           1  5.564661067837911E-002
           2           3                 2           1 -0.190807434593691     
           2           2                 2           2  5.564661067837911E-002
           2           3                 2           2 -0.190807434593691     
           3           1                 1           1  0.574517036726736     
           3           2                 1           1 -0.190807434593691     
           3           3                 1           1   1.00000000000000     
           3           1                 1           2  0.574517036726736     
           3           2                 1           2 -0.190807434593691     
           3           3                 1           2   1.00000000000000     
           3           1                 2           1  0.574517036726736     
           3           2                 2           1 -0.190807434593691     
           3           3                 2           1   1.00000000000000     
           3           1                 2           2  0.574517036726736     
           3           2                 2           2 -0.190807434593691     
           3           3                 2           2   1.00000000000000     
 L1=           1  L2=           1
 RADIAL INTEGRALS:
           1           1                 1           1   1.00000000000000     
           1           3                 1           1  0.910543912152409     
           1           1                 1           2   1.00000000000000     
           1           3                 1           2  0.910543912152409     
           1           1                 2           1   1.00000000000000     
           1           3                 2           1  0.910543912152409     
           1           1                 2           2   1.00000000000000     
           1           3                 2           2  0.910543912152409     
           2           2                 1           1  2.108087687456191E-002
           2           3                 1           1  5.985854663183012E-002
           2           2                 1           2  2.108087687456191E-002
           2           3                 1           2  5.985854663183012E-002
           2           2                 2           1  2.108087687456191E-002
           2           3                 2           1  5.985854663183012E-002
           2           2                 2           2  2.108087687456191E-002
           2           3                 2           2  5.985854663183012E-002
           3           1                 1           1  0.910543912152409     
           3           2                 1           1  5.985854663183012E-002
           3           3                 1           1   1.00000000000000     
           3           1                 1           2  0.910543912152409     
           3           2                 1           2  5.985854663183012E-002
           3           3                 1           2   1.00000000000000     
           3           1                 2           1  0.910543912152409     
           3           2                 2           1  5.985854663183012E-002
           3           3                 2           1   1.00000000000000     
           3           1                 2           2  0.910543912152409     
           3           2                 2           2  5.985854663183012E-002
           3           3                 2           2   1.00000000000000     
 L1=           2  L2=           2
 RADIAL INTEGRALS:
           1           1                 1           1   1.00000000000000     
           1           1                 1           2   1.00000000000000     
           1           1                 2           1   1.00000000000000     
           1           1                 2           2   1.00000000000000     
           2           2                 1           1  9.525996113838843E-003
           2           2                 1           2  9.525996113838843E-003
           2           2                 2           1  9.525996113838843E-003
           2           2                 2           2  9.525996113838843E-003
 L1=           3  L2=           3
 RADIAL INTEGRALS:
           1           1                 1           1   1.00000000000000     
           1           1                 1           2   1.00000000000000     
           1           1                 2           1   1.00000000000000     
           1           1                 2           2   1.00000000000000     
           2           2                 1           1  0.172859665139712     
           2           2                 1           2  0.172859665139712     
           2           2                 2           1  0.172859665139712     
           2           2                 2           2  0.172859665139712     
Saving potential parameters for atom 1 into  1
pr_proc=363  tot-k=726
 ------------------------------------------------------------------------------


   =====>>> CPU TIME SUMMARY

            TOTAL       :      2.9
 OMP_NUM_THREADS= 2
 GUTZ_SOLVER VO.1.5 BUILT ON Jan 19 2014 AT22:25:59
 NT=  1 SEC_N%DIM=   10 WITH ID:
           1       2      16     107     471    1472    3474    6477    9909   12912
       14914
 MEAN U/J:  0.2940  0.0265
 NEL_FIX_VDC1=      5.19
 ATOM DEPENDENT NELF1:
      5.1942
 DCMIX_A=  0.200000
 SYMMETRICALLY NON-EQUIVALENT ATOMS:
          1
 VARIATIONAL-SETUP-NON-EQUIVALENT ATOMS:
          1
 COMPLEMENTARY VARIATIONAL-SETUP-EQUIVALENT ATOMS:

 GYZ%SYM%IDSUM:
  1
 DIM(X_Gutz)=  4
 CALC SET: GAPJ-SHFT FULL       -JH-PROJ SLATER    VAR-FIXDC    Ryd.   
 NT= 1
 LOCAL INTERACTION PART   :
 U              :   0.2940
 J              :   0.0265
 FOCK SPACE PART:
 NA             :  7
 FS%OCC(1) L.B. :  0
 FS%OCC(2) U.B. :  9
 FS%DIM         :     14913
 HL%OCC(1) L.B. :  0
 HL%OCC(2) U.B. :  9
 ISO= 2 ISPIN_IN= 1 ISPIN= 1 ISPO= 2
 BND%NMAX=  74
 BZ INTEGRATION WITH TETRA METHOD, ICOR= 1
 EQUAL OCCUPANCY OF DEGENERATE STATES, TOL= 0.1E-05
 VALENCE ELECTRONS: TOTAL=    16.0
                    CORRELATED PART=     8.0
 SYM%IDI/IDF=  1 16
 BND%NMAXIN=   26
      GUTZ5_INI_CORR_UVEK takes  0 hours  0 minutes and    0.10 seconds (CPU).
                          takes  0 hours  0 minutes and    0.10 seconds (WALL).
                 SETUP_TB takes  0 hours  0 minutes and    3.10 seconds (CPU).
                          takes  0 hours  0 minutes and    1.56 seconds (WALL).
************  EL-  ************
 NI=  1 NI_GLOBAL=  1
   1.1832   1.1818   1.1829   1.1829   1.1818   1.1832   1.2633   1.2620   1.2620   1.2633   1.2633   1.2620   1.2620   1.2633
************  EL=  ************
 NI=  1 NI_GLOBAL=  1
   1.1832   0.0000   0.0000   0.0000  -0.0002   0.0000   0.0000   0.0007   0.0000   0.0000   0.0000  -0.0029   0.0000   0.0000
   0.0000   1.1818   0.0000   0.0000   0.0000  -0.0002   0.0000   0.0000  -0.0001   0.0000   0.0000   0.0000   0.0034   0.0000
   0.0000   0.0000   1.1829   0.0000   0.0000   0.0000   0.0000   0.0000   0.0000  -0.0013   0.0000   0.0000   0.0000  -0.0022
   0.0000   0.0000   0.0000   1.1829   0.0000   0.0000   0.0022   0.0000   0.0000   0.0000   0.0013   0.0000   0.0000   0.0000
  -0.0002   0.0000   0.0000   0.0000   1.1818   0.0000   0.0000  -0.0034   0.0000   0.0000   0.0000   0.0001   0.0000   0.0000
   0.0000  -0.0002   0.0000   0.0000   0.0000   1.1832   0.0000   0.0000   0.0029   0.0000   0.0000   0.0000  -0.0007   0.0000
   0.0000   0.0000   0.0000   0.0022   0.0000   0.0000   1.2633   0.0000   0.0000   0.0000  -0.0014   0.0000   0.0000   0.0000
   0.0007   0.0000   0.0000   0.0000  -0.0034   0.0000   0.0000   1.2620   0.0000   0.0000   0.0000   0.0007   0.0000   0.0000
   0.0000  -0.0001   0.0000   0.0000   0.0000   0.0029   0.0000   0.0000   1.2620   0.0000   0.0000   0.0000   0.0007   0.0000
   0.0000   0.0000  -0.0013   0.0000   0.0000   0.0000   0.0000   0.0000   0.0000   1.2633   0.0000   0.0000   0.0000  -0.0014
   0.0000   0.0000   0.0000   0.0013   0.0000   0.0000  -0.0014   0.0000   0.0000   0.0000   1.2633   0.0000   0.0000   0.0000
  -0.0029   0.0000   0.0000   0.0000   0.0001   0.0000   0.0000   0.0007   0.0000   0.0000   0.0000   1.2620   0.0000   0.0000
   0.0000   0.0034   0.0000   0.0000   0.0000  -0.0007   0.0000   0.0000   0.0007   0.0000   0.0000   0.0000   1.2620   0.0000
   0.0000   0.0000  -0.0022   0.0000   0.0000   0.0000   0.0000   0.0000   0.0000  -0.0014   0.0000   0.0000   0.0000   1.2633
 NI=  1 LOCAL ORBITAL LEVEL CENTER(ELC)=   1.228
************  EL0  ************
 NI=  1 NI_GLOBAL=  1
   1.1827   1.1827   1.1827   1.1827   1.1827   1.1827   1.2626   1.2626   1.2626   1.2626   1.2626   1.2626   1.2626   1.2626
************  ELL  ************
 NI=  1 NI_GLOBAL=  1
   1.1827   0.0000   0.0000   0.0000   0.0000   0.0000   0.0000   0.0000   0.0000   0.0000   0.0000   0.0000   0.0000   0.0000
   0.0000   1.1827   0.0000   0.0000   0.0000   0.0000   0.0000   0.0000   0.0000   0.0000   0.0000   0.0000   0.0000   0.0000
   0.0000   0.0000   1.1827   0.0000   0.0000   0.0000   0.0000   0.0000   0.0000   0.0000   0.0000   0.0000   0.0000   0.0000
   0.0000   0.0000   0.0000   1.1827   0.0000   0.0000   0.0000   0.0000   0.0000   0.0000   0.0000   0.0000   0.0000   0.0000
   0.0000   0.0000   0.0000   0.0000   1.1827   0.0000   0.0000   0.0000   0.0000   0.0000   0.0000   0.0000   0.0000   0.0000
   0.0000   0.0000   0.0000   0.0000   0.0000   1.1827   0.0000   0.0000   0.0000   0.0000   0.0000   0.0000   0.0000   0.0000
   0.0000   0.0000   0.0000   0.0000   0.0000   0.0000   1.2626   0.0000   0.0000   0.0000   0.0000   0.0000   0.0000   0.0000
   0.0000   0.0000   0.0000   0.0000   0.0000   0.0000   0.0000   1.2626   0.0000   0.0000   0.0000   0.0000   0.0000   0.0000
   0.0000   0.0000   0.0000   0.0000   0.0000   0.0000   0.0000   0.0000   1.2626   0.0000   0.0000   0.0000   0.0000   0.0000
   0.0000   0.0000   0.0000   0.0000   0.0000   0.0000   0.0000   0.0000   0.0000   1.2626   0.0000   0.0000   0.0000   0.0000
   0.0000   0.0000   0.0000   0.0000   0.0000   0.0000   0.0000   0.0000   0.0000   0.0000   1.2626   0.0000   0.0000   0.0000
   0.0000   0.0000   0.0000   0.0000   0.0000   0.0000   0.0000   0.0000   0.0000   0.0000   0.0000   1.2626   0.0000   0.0000
   0.0000   0.0000   0.0000   0.0000   0.0000   0.0000   0.0000   0.0000   0.0000   0.0000   0.0000   0.0000   1.2626   0.0000
   0.0000   0.0000   0.0000   0.0000   0.0000   0.0000   0.0000   0.0000   0.0000   0.0000   0.0000   0.0000   0.0000   1.2626
                  GET_EL0 takes  0 hours  0 minutes and    0.03 seconds (CPU).
                          takes  0 hours  0 minutes and    0.01 seconds (WALL).
 There are  4 blocks of bands, with band energy windows:
  -2.232  -2.202 |   -0.687  -0.604 |   -0.143   0.073 |    0.772   4.497 | 
 Band window indices:
         1      2 |          3      4 |          5      8 |          9     75 | 
 Band width
       0.031   |         0.083   |         0.216   |         3.725   |  
 Band gap
       1.515   |         0.461   |         0.699   |  
 CORRELATED BLOCK: EMIN/EMIX=    0.7715    1.6233
 CORRELATED BAND WIDTH=   0.852
         GUTZ_RED_PRJ_NEQ takes  0 hours  1 minutes and    3.09 seconds (CPU).
                          takes  0 hours  1 minutes and    3.05 seconds (WALL).
 NI=  1 DIM_PHIK=   41227 HL%DIM=  14913
       ID_PHIK_N=
      1      2      4     33    264   1639   6153  15546  27321  36714
  41228
       ID_PHIK_J=
      1      2      3      4      8      9     18     19     28     29
     33     37     73    122    171    220    245    254    263    264
    300    349    638    807   1168   1364   1533   1582   1631   1635
   1639   1739   2180   2964   3864   4705   5381   5781   6037   6118
   6143   6152   6153   6349   6710   8079   9448  11564  12933  14377
  14953  15353  15474  15538  15542  15546  15835  16796  18560  21060
  23176  24940  26165  26841  27165  27286  27311  27320  27321  27517
  27878  29247  30616  32732  34101  35545  36121  36521  36642  36706
  36710  36714  36814  37255  38039  38939  39780  40456  40856  41112
  41193  41218  41227  41228
          GUTZ_SET_PRJ_EQ takes  0 hours  0 minutes and    0.00 seconds (CPU).
                          takes  0 hours  0 minutes and    0.02 seconds (WALL).
************   WH%X  ************
    0.88778974    0.91066240
    1.13800698    1.30009466
************  RIN  ************
 NI=  1 NI_GLOBAL=  1
   0.8878   0.8878   0.8878   0.8878   0.8878   0.8878   0.9107   0.9107   0.9107   0.9107   0.9107   0.9107   0.9107   0.9107
************  LA1  ************
 NI=  1 NI_GLOBAL=  1
   1.1380   1.1380   1.1380   1.1380   1.1380   1.1380   1.3001   1.3001   1.3001   1.3001   1.3001   1.3001   1.3001   1.3001
             CALC_BAND_AL takes  0 hours  0 minutes and    1.44 seconds (CPU).
                          takes  0 hours  0 minutes and    0.72 seconds (WALL).
 ILOOP            1
 ILOOP            2
   FERMI ENERGY AT    1.14972919560651     
   SUM RULE OF TETRAHEDRON INTEGRATION CHECKED 
   number of occupied bands:          18
   highest energy:   1.18068453600570     
************  NK-  ************
 NI=  1 NI_GLOBAL=  1
   0.8260   0.8054   0.8239   0.8239   0.8054   0.8260   0.0342   0.0397   0.0350   0.0336   0.0336   0.0350   0.0397   0.0342
************  NNK  ************
 NI=  1 NI_GLOBAL=  1
   0.8260   0.0000   0.0000   0.0000  -0.0045   0.0000   0.0000  -0.0051   0.0000   0.0000   0.0000   0.0017   0.0000   0.0000
   0.0000   0.8054   0.0000   0.0000   0.0000  -0.0045   0.0000   0.0000   0.0057   0.0000   0.0000   0.0000  -0.0060   0.0000
   0.0000   0.0000   0.8239   0.0000   0.0000   0.0000   0.0000   0.0000   0.0000   0.0064   0.0000   0.0000   0.0000   0.0041
   0.0000   0.0000   0.0000   0.8239   0.0000   0.0000  -0.0041   0.0000   0.0000   0.0000  -0.0064   0.0000   0.0000   0.0000
  -0.0045   0.0000   0.0000   0.0000   0.8054   0.0000   0.0000   0.0060   0.0000   0.0000   0.0000  -0.0057   0.0000   0.0000
   0.0000  -0.0045   0.0000   0.0000   0.0000   0.8260   0.0000   0.0000  -0.0017   0.0000   0.0000   0.0000   0.0051   0.0000
   0.0000   0.0000   0.0000  -0.0041   0.0000   0.0000   0.0342   0.0000   0.0000   0.0000   0.0004   0.0000   0.0000   0.0000
  -0.0051   0.0000   0.0000   0.0000   0.0060   0.0000   0.0000   0.0397   0.0000   0.0000   0.0000   0.0010   0.0000   0.0000
   0.0000   0.0057   0.0000   0.0000   0.0000  -0.0017   0.0000   0.0000   0.0350   0.0000   0.0000   0.0000   0.0010   0.0000
   0.0000   0.0000   0.0064   0.0000   0.0000   0.0000   0.0000   0.0000   0.0000   0.0336   0.0000   0.0000   0.0000   0.0004
   0.0000   0.0000   0.0000  -0.0064   0.0000   0.0000   0.0004   0.0000   0.0000   0.0000   0.0336   0.0000   0.0000   0.0000
   0.0017   0.0000   0.0000   0.0000  -0.0057   0.0000   0.0000   0.0010   0.0000   0.0000   0.0000   0.0350   0.0000   0.0000
   0.0000  -0.0060   0.0000   0.0000   0.0000   0.0051   0.0000   0.0000   0.0010   0.0000   0.0000   0.0000   0.0397   0.0000
   0.0000   0.0000   0.0041   0.0000   0.0000   0.0000   0.0000   0.0000   0.0000   0.0004   0.0000   0.0000   0.0000   0.0342
************  NKS  ************
 NI=  1 NI_GLOBAL=  1
   0.8184   0.8184   0.8184   0.8184   0.8184   0.8184   0.0356   0.0356   0.0356   0.0356   0.0356   0.0356   0.0356   0.0356
 NELE_LOC TOTAL:
           5.1955201961547717
              CALC_DA_BND takes  0 hours  0 minutes and    0.25 seconds (CPU).
                          takes  0 hours  0 minutes and    0.26 seconds (WALL).
************  DA-  ************
 NI=  1 NI_GLOBAL=  1
  -0.0185  -0.0205  -0.0190  -0.0190  -0.0205  -0.0185  -0.0075  -0.0089  -0.0077  -0.0076  -0.0076  -0.0077  -0.0089  -0.0075
************  DAA  ************
 NI=  1 NI_GLOBAL=  1
  -0.0193  -0.0193  -0.0193  -0.0193  -0.0193  -0.0193  -0.0079  -0.0079  -0.0079  -0.0079  -0.0079  -0.0079  -0.0079  -0.0079
 NI=  1 VDC=    1.3246
************  LA2  ************
 NI=  1 NI_GLOBAL=  1
  -2.5362  -2.5362  -2.5362  -2.5362  -2.5362  -2.5362  -2.4304  -2.4304  -2.4304  -2.4304  -2.4304  -2.4304  -2.4304  -2.4304
 NI=  1 PHI-step gap=  0.14E+00
************  RAA  ************
 NI=  1 NI_GLOBAL=  1
   0.8877   0.8877   0.8877   0.8877   0.8877   0.8877   0.9107   0.9107   0.9107   0.9107   0.9107   0.9107   0.9107   0.9107
************  NC0  ************
 NI=  1 NI_GLOBAL=  1
   0.8184   0.8184   0.8184   0.8184   0.8184   0.8184   0.0356   0.0356   0.0356   0.0356   0.0356   0.0356   0.0356   0.0356
                  CALC_LC takes  0 hours  7 minutes and   30.78 seconds (CPU).
                          takes  0 hours  7 minutes and   30.67 seconds (WALL).
                GUTZ_FCN1 takes  0 hours  7 minutes and   32.86 seconds (CPU).
                          takes  0 hours  7 minutes and   31.94 seconds (WALL).
************  DIF_X  ************
   -0.000046429415    0.000025211757
    0.000029454581    0.000002169998
 ITER1=  1 MAXERR=    0.00004643
************   WH%X  ************
    0.88780590    0.91066639
    1.13798687    1.30008513
************  RIN  ************
 NI=  1 NI_GLOBAL=  1
   0.8878   0.8878   0.8878   0.8878   0.8878   0.8878   0.9107   0.9107   0.9107   0.9107   0.9107   0.9107   0.9107   0.9107
************  LA1  ************
 NI=  1 NI_GLOBAL=  1
   1.1380   1.1380   1.1380   1.1380   1.1380   1.1380   1.3001   1.3001   1.3001   1.3001   1.3001   1.3001   1.3001   1.3001
             CALC_BAND_AL takes  0 hours  0 minutes and    1.43 seconds (CPU).
                          takes  0 hours  0 minutes and    0.72 seconds (WALL).
 ILOOP            1
 ILOOP            2
   FERMI ENERGY AT    1.14971457056042     
   SUM RULE OF TETRAHEDRON INTEGRATION CHECKED 
   number of occupied bands:          18
   highest energy:   1.18067996677466     
************  NK-  ************
 NI=  1 NI_GLOBAL=  1
   0.8260   0.8054   0.8239   0.8239   0.8054   0.8260   0.0342   0.0397   0.0350   0.0336   0.0336   0.0350   0.0397   0.0342
************  NNK  ************
 NI=  1 NI_GLOBAL=  1
   0.8260   0.0000   0.0000   0.0000  -0.0045   0.0000   0.0000  -0.0051   0.0000   0.0000   0.0000   0.0017   0.0000   0.0000
   0.0000   0.8054   0.0000   0.0000   0.0000  -0.0045   0.0000   0.0000   0.0057   0.0000   0.0000   0.0000  -0.0060   0.0000
   0.0000   0.0000   0.8239   0.0000   0.0000   0.0000   0.0000   0.0000   0.0000   0.0064   0.0000   0.0000   0.0000   0.0041
   0.0000   0.0000   0.0000   0.8239   0.0000   0.0000  -0.0041   0.0000   0.0000   0.0000  -0.0064   0.0000   0.0000   0.0000
  -0.0045   0.0000   0.0000   0.0000   0.8054   0.0000   0.0000   0.0060   0.0000   0.0000   0.0000  -0.0057   0.0000   0.0000
   0.0000  -0.0045   0.0000   0.0000   0.0000   0.8260   0.0000   0.0000  -0.0017   0.0000   0.0000   0.0000   0.0051   0.0000
   0.0000   0.0000   0.0000  -0.0041   0.0000   0.0000   0.0342   0.0000   0.0000   0.0000   0.0004   0.0000   0.0000   0.0000
  -0.0051   0.0000   0.0000   0.0000   0.0060   0.0000   0.0000   0.0397   0.0000   0.0000   0.0000   0.0010   0.0000   0.0000
   0.0000   0.0057   0.0000   0.0000   0.0000  -0.0017   0.0000   0.0000   0.0350   0.0000   0.0000   0.0000   0.0010   0.0000
   0.0000   0.0000   0.0064   0.0000   0.0000   0.0000   0.0000   0.0000   0.0000   0.0336   0.0000   0.0000   0.0000   0.0004
   0.0000   0.0000   0.0000  -0.0064   0.0000   0.0000   0.0004   0.0000   0.0000   0.0000   0.0336   0.0000   0.0000   0.0000
   0.0017   0.0000   0.0000   0.0000  -0.0057   0.0000   0.0000   0.0010   0.0000   0.0000   0.0000   0.0350   0.0000   0.0000
   0.0000  -0.0060   0.0000   0.0000   0.0000   0.0051   0.0000   0.0000   0.0010   0.0000   0.0000   0.0000   0.0397   0.0000
   0.0000   0.0000   0.0041   0.0000   0.0000   0.0000   0.0000   0.0000   0.0000   0.0004   0.0000   0.0000   0.0000   0.0342
************  NKS  ************
 NI=  1 NI_GLOBAL=  1
   0.8184   0.8184   0.8184   0.8184   0.8184   0.8184   0.0356   0.0356   0.0356   0.0356   0.0356   0.0356   0.0356   0.0356
 NELE_LOC TOTAL:
           5.1956887362223290
              CALC_DA_BND takes  0 hours  0 minutes and    0.24 seconds (CPU).
                          takes  0 hours  0 minutes and    0.24 seconds (WALL).
************  DA-  ************
 NI=  1 NI_GLOBAL=  1
  -0.0185  -0.0205  -0.0190  -0.0190  -0.0205  -0.0185  -0.0075  -0.0089  -0.0077  -0.0076  -0.0076  -0.0077  -0.0089  -0.0075
************  DAA  ************
 NI=  1 NI_GLOBAL=  1
  -0.0193  -0.0193  -0.0193  -0.0193  -0.0193  -0.0193  -0.0079  -0.0079  -0.0079  -0.0079  -0.0079  -0.0079  -0.0079  -0.0079
 NI=  1 VDC=    1.3246
************  LA2  ************
 NI=  1 NI_GLOBAL=  1
  -2.5362  -2.5362  -2.5362  -2.5362  -2.5362  -2.5362  -2.4303  -2.4303  -2.4303  -2.4303  -2.4303  -2.4303  -2.4303  -2.4303
 NI=  1 PHI-step gap=  0.14E+00
************  RAA  ************
 NI=  1 NI_GLOBAL=  1
   0.8878   0.8878   0.8878   0.8878   0.8878   0.8878   0.9107   0.9107   0.9107   0.9107   0.9107   0.9107   0.9107   0.9107
************  NC0  ************
 NI=  1 NI_GLOBAL=  1
   0.8184   0.8184   0.8184   0.8184   0.8184   0.8184   0.0356   0.0356   0.0356   0.0356   0.0356   0.0356   0.0356   0.0356
                  CALC_LC takes  0 hours  7 minutes and   23.00 seconds (CPU).
                          takes  0 hours  7 minutes and   22.93 seconds (WALL).
                GUTZ_FCN1 takes  0 hours  7 minutes and   25.01 seconds (CPU).
                          takes  0 hours  7 minutes and   24.19 seconds (WALL).
************  DIF_X  ************
   -0.000002455550    0.000001097145
    0.000000555092    0.000000178623
 ITER1=  2 MAXERR=    0.00000246
************   WH%X  ************
    0.88780454    0.91066515
    1.13798668    1.30008422
************  RIN  ************
 NI=  1 NI_GLOBAL=  1
   0.8878   0.8878   0.8878   0.8878   0.8878   0.8878   0.9107   0.9107   0.9107   0.9107   0.9107   0.9107   0.9107   0.9107
************  LA1  ************
 NI=  1 NI_GLOBAL=  1
   1.1380   1.1380   1.1380   1.1380   1.1380   1.1380   1.3001   1.3001   1.3001   1.3001   1.3001   1.3001   1.3001   1.3001
             CALC_BAND_AL takes  0 hours  0 minutes and    1.44 seconds (CPU).
                          takes  0 hours  0 minutes and    0.72 seconds (WALL).
 ILOOP            1
 ILOOP            2
   FERMI ENERGY AT    1.14971438610253     
   SUM RULE OF TETRAHEDRON INTEGRATION CHECKED 
   number of occupied bands:          18
   highest energy:   1.18067987185656     
************  NK-  ************
 NI=  1 NI_GLOBAL=  1
   0.8260   0.8054   0.8239   0.8239   0.8054   0.8260   0.0342   0.0397   0.0350   0.0336   0.0336   0.0350   0.0397   0.0342
************  NNK  ************
 NI=  1 NI_GLOBAL=  1
   0.8260   0.0000   0.0000   0.0000  -0.0045   0.0000   0.0000  -0.0051   0.0000   0.0000   0.0000   0.0017   0.0000   0.0000
   0.0000   0.8054   0.0000   0.0000   0.0000  -0.0045   0.0000   0.0000   0.0057   0.0000   0.0000   0.0000  -0.0060   0.0000
   0.0000   0.0000   0.8239   0.0000   0.0000   0.0000   0.0000   0.0000   0.0000   0.0064   0.0000   0.0000   0.0000   0.0041
   0.0000   0.0000   0.0000   0.8239   0.0000   0.0000  -0.0041   0.0000   0.0000   0.0000  -0.0064   0.0000   0.0000   0.0000
  -0.0045   0.0000   0.0000   0.0000   0.8054   0.0000   0.0000   0.0060   0.0000   0.0000   0.0000  -0.0057   0.0000   0.0000
   0.0000  -0.0045   0.0000   0.0000   0.0000   0.8260   0.0000   0.0000  -0.0017   0.0000   0.0000   0.0000   0.0051   0.0000
   0.0000   0.0000   0.0000  -0.0041   0.0000   0.0000   0.0342   0.0000   0.0000   0.0000   0.0004   0.0000   0.0000   0.0000
  -0.0051   0.0000   0.0000   0.0000   0.0060   0.0000   0.0000   0.0397   0.0000   0.0000   0.0000   0.0010   0.0000   0.0000
   0.0000   0.0057   0.0000   0.0000   0.0000  -0.0017   0.0000   0.0000   0.0350   0.0000   0.0000   0.0000   0.0010   0.0000
   0.0000   0.0000   0.0064   0.0000   0.0000   0.0000   0.0000   0.0000   0.0000   0.0336   0.0000   0.0000   0.0000   0.0004
   0.0000   0.0000   0.0000  -0.0064   0.0000   0.0000   0.0004   0.0000   0.0000   0.0000   0.0336   0.0000   0.0000   0.0000
   0.0017   0.0000   0.0000   0.0000  -0.0057   0.0000   0.0000   0.0010   0.0000   0.0000   0.0000   0.0350   0.0000   0.0000
   0.0000  -0.0060   0.0000   0.0000   0.0000   0.0051   0.0000   0.0000   0.0010   0.0000   0.0000   0.0000   0.0397   0.0000
   0.0000   0.0000   0.0041   0.0000   0.0000   0.0000   0.0000   0.0000   0.0000   0.0004   0.0000   0.0000   0.0000   0.0342
************  NKS  ************
 NI=  1 NI_GLOBAL=  1
   0.8184   0.8184   0.8184   0.8184   0.8184   0.8184   0.0356   0.0356   0.0356   0.0356   0.0356   0.0356   0.0356   0.0356
 NELE_LOC TOTAL:
           5.1956909636870234
              CALC_DA_BND takes  0 hours  0 minutes and    0.25 seconds (CPU).
                          takes  0 hours  0 minutes and    0.25 seconds (WALL).
************  DA-  ************
 NI=  1 NI_GLOBAL=  1
  -0.0185  -0.0205  -0.0190  -0.0190  -0.0205  -0.0185  -0.0075  -0.0089  -0.0077  -0.0076  -0.0076  -0.0077  -0.0089  -0.0075
************  DAA  ************
 NI=  1 NI_GLOBAL=  1
  -0.0193  -0.0193  -0.0193  -0.0193  -0.0193  -0.0193  -0.0079  -0.0079  -0.0079  -0.0079  -0.0079  -0.0079  -0.0079  -0.0079
 NI=  1 VDC=    1.3246
************  LA2  ************
 NI=  1 NI_GLOBAL=  1
  -2.5362  -2.5362  -2.5362  -2.5362  -2.5362  -2.5362  -2.4303  -2.4303  -2.4303  -2.4303  -2.4303  -2.4303  -2.4303  -2.4303
 NI=  1 PHI-step gap=  0.14E+00
************  RAA  ************
 NI=  1 NI_GLOBAL=  1
   0.8878   0.8878   0.8878   0.8878   0.8878   0.8878   0.9107   0.9107   0.9107   0.9107   0.9107   0.9107   0.9107   0.9107
************  NC0  ************
 NI=  1 NI_GLOBAL=  1
   0.8184   0.8184   0.8184   0.8184   0.8184   0.8184   0.0356   0.0356   0.0356   0.0356   0.0356   0.0356   0.0356   0.0356
                  CALC_LC takes  0 hours  7 minutes and   28.44 seconds (CPU).
                          takes  0 hours  7 minutes and   28.32 seconds (WALL).
                GUTZ_FCN1 takes  0 hours  7 minutes and   30.49 seconds (CPU).
                          takes  0 hours  7 minutes and   29.59 seconds (WALL).
************  DIF_X  ************
   -0.000000619890    0.000000530050
    0.000000251284    0.000000037569
 ITER1=  3 MAXERR=    0.00000062
************   WH%X  ************
    0.88780443    0.91066523
    1.13798651    1.30008406
************  RIN  ************
 NI=  1 NI_GLOBAL=  1
   0.8878   0.8878   0.8878   0.8878   0.8878   0.8878   0.9107   0.9107   0.9107   0.9107   0.9107   0.9107   0.9107   0.9107
************  LA1  ************
 NI=  1 NI_GLOBAL=  1
   1.1380   1.1380   1.1380   1.1380   1.1380   1.1380   1.3001   1.3001   1.3001   1.3001   1.3001   1.3001   1.3001   1.3001
             CALC_BAND_AL takes  0 hours  0 minutes and    1.44 seconds (CPU).
                          takes  0 hours  0 minutes and    0.72 seconds (WALL).
 ILOOP            1
 ILOOP            2
   FERMI ENERGY AT    1.14971425184110     
   SUM RULE OF TETRAHEDRON INTEGRATION CHECKED 
   number of occupied bands:          18
   highest energy:   1.18067982356553     
************  NK-  ************
 NI=  1 NI_GLOBAL=  1
   0.8260   0.8054   0.8239   0.8239   0.8054   0.8260   0.0342   0.0397   0.0350   0.0336   0.0336   0.0350   0.0397   0.0342
************  NNK  ************
 NI=  1 NI_GLOBAL=  1
   0.8260   0.0000   0.0000   0.0000  -0.0045   0.0000   0.0000  -0.0051   0.0000   0.0000   0.0000   0.0017   0.0000   0.0000
   0.0000   0.8054   0.0000   0.0000   0.0000  -0.0045   0.0000   0.0000   0.0057   0.0000   0.0000   0.0000  -0.0060   0.0000
   0.0000   0.0000   0.8239   0.0000   0.0000   0.0000   0.0000   0.0000   0.0000   0.0064   0.0000   0.0000   0.0000   0.0041
   0.0000   0.0000   0.0000   0.8239   0.0000   0.0000  -0.0041   0.0000   0.0000   0.0000  -0.0064   0.0000   0.0000   0.0000
  -0.0045   0.0000   0.0000   0.0000   0.8054   0.0000   0.0000   0.0060   0.0000   0.0000   0.0000  -0.0057   0.0000   0.0000
   0.0000  -0.0045   0.0000   0.0000   0.0000   0.8260   0.0000   0.0000  -0.0017   0.0000   0.0000   0.0000   0.0051   0.0000
   0.0000   0.0000   0.0000  -0.0041   0.0000   0.0000   0.0342   0.0000   0.0000   0.0000   0.0004   0.0000   0.0000   0.0000
  -0.0051   0.0000   0.0000   0.0000   0.0060   0.0000   0.0000   0.0397   0.0000   0.0000   0.0000   0.0010   0.0000   0.0000
   0.0000   0.0057   0.0000   0.0000   0.0000  -0.0017   0.0000   0.0000   0.0350   0.0000   0.0000   0.0000   0.0010   0.0000
   0.0000   0.0000   0.0064   0.0000   0.0000   0.0000   0.0000   0.0000   0.0000   0.0336   0.0000   0.0000   0.0000   0.0004
   0.0000   0.0000   0.0000  -0.0064   0.0000   0.0000   0.0004   0.0000   0.0000   0.0000   0.0336   0.0000   0.0000   0.0000
   0.0017   0.0000   0.0000   0.0000  -0.0057   0.0000   0.0000   0.0010   0.0000   0.0000   0.0000   0.0350   0.0000   0.0000
   0.0000  -0.0060   0.0000   0.0000   0.0000   0.0051   0.0000   0.0000   0.0010   0.0000   0.0000   0.0000   0.0397   0.0000
   0.0000   0.0000   0.0041   0.0000   0.0000   0.0000   0.0000   0.0000   0.0000   0.0004   0.0000   0.0000   0.0000   0.0342
************  NKS  ************
 NI=  1 NI_GLOBAL=  1
   0.8184   0.8184   0.8184   0.8184   0.8184   0.8184   0.0356   0.0356   0.0356   0.0356   0.0356   0.0356   0.0356   0.0356
 NELE_LOC TOTAL:
           5.1956924626218974
              CALC_DA_BND takes  0 hours  0 minutes and    0.25 seconds (CPU).
                          takes  0 hours  0 minutes and    0.24 seconds (WALL).
************  DA-  ************
 NI=  1 NI_GLOBAL=  1
  -0.0185  -0.0205  -0.0190  -0.0190  -0.0205  -0.0185  -0.0075  -0.0089  -0.0077  -0.0076  -0.0076  -0.0077  -0.0089  -0.0075
************  DAA  ************
 NI=  1 NI_GLOBAL=  1
  -0.0193  -0.0193  -0.0193  -0.0193  -0.0193  -0.0193  -0.0079  -0.0079  -0.0079  -0.0079  -0.0079  -0.0079  -0.0079  -0.0079
 NI=  1 VDC=    1.3246
************  LA2  ************
 NI=  1 NI_GLOBAL=  1
  -2.5362  -2.5362  -2.5362  -2.5362  -2.5362  -2.5362  -2.4303  -2.4303  -2.4303  -2.4303  -2.4303  -2.4303  -2.4303  -2.4303
 NI=  1 PHI-step gap=  0.14E+00
************  RAA  ************
 NI=  1 NI_GLOBAL=  1
   0.8878   0.8878   0.8878   0.8878   0.8878   0.8878   0.9107   0.9107   0.9107   0.9107   0.9107   0.9107   0.9107   0.9107
************  NC0  ************
 NI=  1 NI_GLOBAL=  1
   0.8184   0.8184   0.8184   0.8184   0.8184   0.8184   0.0356   0.0356   0.0356   0.0356   0.0356   0.0356   0.0356   0.0356
                  CALC_LC takes  0 hours  7 minutes and   28.29 seconds (CPU).
                          takes  0 hours  7 minutes and   28.29 seconds (WALL).
                GUTZ_FCN1 takes  0 hours  7 minutes and   30.44 seconds (CPU).
                          takes  0 hours  7 minutes and   29.56 seconds (WALL).
************  DIF_X  ************
   -0.000000014225    0.000000015483
    0.000000005305    0.000000000276
 ITER1=  4 MAXERR=    0.00000002
************   WH%X  ************
    0.88780443    0.91066524
    1.13798651    1.30008406
************  RIN  ************
 NI=  1 NI_GLOBAL=  1
   0.8878   0.8878   0.8878   0.8878   0.8878   0.8878   0.9107   0.9107   0.9107   0.9107   0.9107   0.9107   0.9107   0.9107
************  LA1  ************
 NI=  1 NI_GLOBAL=  1
   1.1380   1.1380   1.1380   1.1380   1.1380   1.1380   1.3001   1.3001   1.3001   1.3001   1.3001   1.3001   1.3001   1.3001
             CALC_BAND_AL takes  0 hours  0 minutes and    1.44 seconds (CPU).
                          takes  0 hours  0 minutes and    0.72 seconds (WALL).
 ILOOP            1
 ILOOP            2
   FERMI ENERGY AT    1.14971424908854     
   SUM RULE OF TETRAHEDRON INTEGRATION CHECKED 
   number of occupied bands:          18
   highest energy:   1.18067982260135     
************  NK-  ************
 NI=  1 NI_GLOBAL=  1
   0.8260   0.8054   0.8239   0.8239   0.8054   0.8260   0.0342   0.0397   0.0350   0.0336   0.0336   0.0350   0.0397   0.0342
************  NNK  ************
 NI=  1 NI_GLOBAL=  1
   0.8260   0.0000   0.0000   0.0000  -0.0045   0.0000   0.0000  -0.0051   0.0000   0.0000   0.0000   0.0017   0.0000   0.0000
   0.0000   0.8054   0.0000   0.0000   0.0000  -0.0045   0.0000   0.0000   0.0057   0.0000   0.0000   0.0000  -0.0060   0.0000
   0.0000   0.0000   0.8239   0.0000   0.0000   0.0000   0.0000   0.0000   0.0000   0.0064   0.0000   0.0000   0.0000   0.0041
   0.0000   0.0000   0.0000   0.8239   0.0000   0.0000  -0.0041   0.0000   0.0000   0.0000  -0.0064   0.0000   0.0000   0.0000
  -0.0045   0.0000   0.0000   0.0000   0.8054   0.0000   0.0000   0.0060   0.0000   0.0000   0.0000  -0.0057   0.0000   0.0000
   0.0000  -0.0045   0.0000   0.0000   0.0000   0.8260   0.0000   0.0000  -0.0017   0.0000   0.0000   0.0000   0.0051   0.0000
   0.0000   0.0000   0.0000  -0.0041   0.0000   0.0000   0.0342   0.0000   0.0000   0.0000   0.0004   0.0000   0.0000   0.0000
  -0.0051   0.0000   0.0000   0.0000   0.0060   0.0000   0.0000   0.0397   0.0000   0.0000   0.0000   0.0010   0.0000   0.0000
   0.0000   0.0057   0.0000   0.0000   0.0000  -0.0017   0.0000   0.0000   0.0350   0.0000   0.0000   0.0000   0.0010   0.0000
   0.0000   0.0000   0.0064   0.0000   0.0000   0.0000   0.0000   0.0000   0.0000   0.0336   0.0000   0.0000   0.0000   0.0004
   0.0000   0.0000   0.0000  -0.0064   0.0000   0.0000   0.0004   0.0000   0.0000   0.0000   0.0336   0.0000   0.0000   0.0000
   0.0017   0.0000   0.0000   0.0000  -0.0057   0.0000   0.0000   0.0010   0.0000   0.0000   0.0000   0.0350   0.0000   0.0000
   0.0000  -0.0060   0.0000   0.0000   0.0000   0.0051   0.0000   0.0000   0.0010   0.0000   0.0000   0.0000   0.0397   0.0000
   0.0000   0.0000   0.0041   0.0000   0.0000   0.0000   0.0000   0.0000   0.0000   0.0004   0.0000   0.0000   0.0000   0.0342
************  NKS  ************
 NI=  1 NI_GLOBAL=  1
   0.8184   0.8184   0.8184   0.8184   0.8184   0.8184   0.0356   0.0356   0.0356   0.0356   0.0356   0.0356   0.0356   0.0356
 NELE_LOC TOTAL:
           5.1956924917396305
              CALC_DA_BND takes  0 hours  0 minutes and    0.25 seconds (CPU).
                          takes  0 hours  0 minutes and    0.24 seconds (WALL).
************  DA-  ************
 NI=  1 NI_GLOBAL=  1
  -0.0185  -0.0205  -0.0190  -0.0190  -0.0205  -0.0185  -0.0075  -0.0089  -0.0077  -0.0076  -0.0076  -0.0077  -0.0089  -0.0075
************  DAA  ************
 NI=  1 NI_GLOBAL=  1
  -0.0193  -0.0193  -0.0193  -0.0193  -0.0193  -0.0193  -0.0079  -0.0079  -0.0079  -0.0079  -0.0079  -0.0079  -0.0079  -0.0079
 NI=  1 VDC=    1.3246
************  LA2  ************
 NI=  1 NI_GLOBAL=  1
  -2.5362  -2.5362  -2.5362  -2.5362  -2.5362  -2.5362  -2.4303  -2.4303  -2.4303  -2.4303  -2.4303  -2.4303  -2.4303  -2.4303
 NI=  1 PHI-step gap=  0.14E+00
************  RAA  ************
 NI=  1 NI_GLOBAL=  1
   0.8878   0.8878   0.8878   0.8878   0.8878   0.8878   0.9107   0.9107   0.9107   0.9107   0.9107   0.9107   0.9107   0.9107
************  NC0  ************
 NI=  1 NI_GLOBAL=  1
   0.8184   0.8184   0.8184   0.8184   0.8184   0.8184   0.0356   0.0356   0.0356   0.0356   0.0356   0.0356   0.0356   0.0356
                  CALC_LC takes  0 hours  7 minutes and   46.92 seconds (CPU).
                          takes  0 hours  7 minutes and   46.80 seconds (WALL).
                GUTZ_FCN1 takes  0 hours  7 minutes and   48.98 seconds (CPU).
                          takes  0 hours  7 minutes and   48.06 seconds (WALL).
************  DIF_X  ************
    0.000000000024   -0.000000000073
   -0.000000000062    0.000000000006
 ITER1=  5 MAXERR=    0.00000000
 NFJAC=   0
 SOLVE1 FINISHED WITH       5 ITERATIONS.
               GUTZ_SOLVE takes  0 hours 37 minutes and   47.79 seconds (CPU).
                          takes  0 hours 37 minutes and   43.34 seconds (WALL).
 MAX. NELF1 DIFF=    0.00148533
               CALC_PJRHO takes  0 hours  0 minutes and    0.57 seconds (CPU).
                          takes  0 hours  0 minutes and    0.37 seconds (WALL).
 NI=  1 SUM_PHY-SUM_KS=      0.00000000 WOULD BE RENORMALIZED
************  NC1  ************
 NI=  1 NI_GLOBAL=  1
   0.8038   0.8038   0.8038   0.8038   0.8038   0.8038   0.0466   0.0466   0.0466   0.0466   0.0466   0.0466   0.0466   0.0466
               CALC_NCPHY takes  0 hours  0 minutes and   49.48 seconds (CPU).
                          takes  0 hours  0 minutes and   49.46 seconds (WALL).
 GYZ%PJ%EGAMM:
     9.23060
 ENG%GAMM:     9.23060
 ENG%POT2:     3.05596
 EDCLA1(NI) ARRAY:
    -5.959
 EDCUJ(NI) ARRAY:
    -3.095
 EDCUJV(NI) ARRAY:
    -6.882
 EDC(NI) ARRAY:
    -9.053
 ENG%DBLC:    -9.05348
 ENG%DC1 :    -5.95884
 ENG%DC2 :    -3.09464
 ENG%DC2V:    -6.88213
 DC_E_STD_TO_E_V:    -3.78749
 ENG%BAND:     2.72700
 ENG%DL(DEEP LEVEL):    -5.97651
 ENG%TB=     2.90413
 ENG%TB-DC2=     5.99877
 NI=  1 OCC_CONFIG_WEIGHT:
        OCC= 0 WEIGHT=   0.00000
        OCC= 1 WEIGHT=   0.00000
        OCC= 2 WEIGHT=   0.00007
        OCC= 3 WEIGHT=   0.00574
        OCC= 4 WEIGHT=   0.12581
        OCC= 5 WEIGHT=   0.55588
        OCC= 6 WEIGHT=   0.29221
        OCC= 7 WEIGHT=   0.01989
        OCC= 8 WEIGHT=   0.00039
        OCC= 9 WEIGHT=   0.00000
                 CALC_RCW takes  0 hours  0 minutes and    0.00 seconds (CPU).
                          takes  0 hours  0 minutes and    0.02 seconds (WALL).
 NI=  1 J2=   12.8728
                 CALC_SLJ takes  0 hours  0 minutes and    0.00 seconds (CPU).
                          takes  0 hours  0 minutes and    0.00 seconds (WALL).
 NI=  1 ENTANGLEMENT ENTROPY=      3.8954
           CALC_ENTANGLES takes  0 hours  0 minutes and    1.05 seconds (CPU).
                          takes  0 hours  0 minutes and    0.89 seconds (WALL).
 CORRELATED SUBSPACE, SUM_FERWT=      8.0000000 SUM_KSWT=      8.0000000
 MAX OFF DIAGONAL KS.WT=    0.000693
 MAX/MIN R=    0.910665    0.887804
                CALC_KSWT takes  0 hours  0 minutes and    0.05 seconds (CPU).
                          takes  0 hours  0 minutes and    0.03 seconds (WALL).
                    TOTAL takes  0 hours 39 minutes and   45.72 seconds (CPU).
                          takes  0 hours 39 minutes and   39.23 seconds (WALL).
