******Program DMFT: Computes Gloc and Delta for Dynamical Mean Field Theory calculation ******
 CALCULATION WITH COMPLEX VECTORS
 CALCULATION WITH SOC VECTORS REQUIRED
 Running DMFT in mpi mode
  
 numkpt=         726
   0.00000   0.00000   0.00000   1.00000
   0.04762   0.04762   0.00000   4.00000
   0.09524   0.09524   0.00000   4.00000
   0.14286   0.14286   0.00000   4.00000
   0.19048   0.19048   0.00000   4.00000
   0.23810   0.23810   0.00000   4.00000
   0.28571   0.28571   0.00000   4.00000
   0.33333   0.33333   0.00000   4.00000
   0.38095   0.38095   0.00000   4.00000
   0.42857   0.42857   0.00000   4.00000
   0.47619   0.47619   0.00000   4.00000
   0.04762   0.00000   0.04762   8.00000
   0.09524   0.04762   0.04762  16.00000
   0.14286   0.09524   0.04762  16.00000
   0.19048   0.14286   0.04762  16.00000
   0.23810   0.19048   0.04762  16.00000
   0.28571   0.23810   0.04762  16.00000
   0.33333   0.28571   0.04762  16.00000
   0.38095   0.33333   0.04762  16.00000
   0.42857   0.38095   0.04762  16.00000
   0.47619   0.42857   0.04762  16.00000
   0.52381   0.47619   0.04762   8.00000
   0.09524   0.00000   0.09524   8.00000
   0.14286   0.04762   0.09524  16.00000
   0.19048   0.09524   0.09524  16.00000
   0.23810   0.14286   0.09524  16.00000
   0.28571   0.19048   0.09524  16.00000
   0.33333   0.23810   0.09524  16.00000
   0.38095   0.28571   0.09524  16.00000
   0.42857   0.33333   0.09524  16.00000
   0.47619   0.38095   0.09524  16.00000
   0.52381   0.42857   0.09524  16.00000
   1.04762   0.95238   0.09524   8.00000
   0.14286   0.00000   0.14286   8.00000
   0.19048   0.04762   0.14286  16.00000
   0.23810   0.09524   0.14286  16.00000
   0.28571   0.14286   0.14286  16.00000
   0.33333   0.19048   0.14286  16.00000
   0.38095   0.23810   0.14286  16.00000
   0.42857   0.28571   0.14286  16.00000
   0.47619   0.33333   0.14286  16.00000
   0.52381   0.38095   0.14286  16.00000
   0.57143   0.42857   0.14286   8.00000
   1.04762   0.90476   0.14286  16.00000
   0.19048   0.00000   0.19048   8.00000
   0.23810   0.04762   0.19048  16.00000
   0.28571   0.09524   0.19048  16.00000
   0.33333   0.14286   0.19048  16.00000
   0.38095   0.19048   0.19048  16.00000
   0.42857   0.23810   0.19048  16.00000
   0.47619   0.28571   0.19048  16.00000
   0.52381   0.33333   0.19048  16.00000
   0.57143   0.38095   0.19048  16.00000
   1.04762   0.85714   0.19048  16.00000
   1.09524   0.90476   0.19048   8.00000
   0.23810   0.00000   0.23810   8.00000
   0.28571   0.04762   0.23810  16.00000
   0.33333   0.09524   0.23810  16.00000
   0.38095   0.14286   0.23810  16.00000
   0.42857   0.19048   0.23810  16.00000
   0.47619   0.23810   0.23810  16.00000
   0.52381   0.28571   0.23810  16.00000
   0.57143   0.33333   0.23810  16.00000
   0.61905   0.38095   0.23810   8.00000
   1.04762   0.80952   0.23810  16.00000
   1.09524   0.85714   0.23810  16.00000
   0.28571   0.00000   0.28571   8.00000
   0.33333   0.04762   0.28571  16.00000
   0.38095   0.09524   0.28571  16.00000
   0.42857   0.14286   0.28571  16.00000
   0.47619   0.19048   0.28571  16.00000
   0.52381   0.23810   0.28571  16.00000
   0.57143   0.28571   0.28571  16.00000
   0.61905   0.33333   0.28571  16.00000
   1.04762   0.76190   0.28571  16.00000
   1.09524   0.80952   0.28571  16.00000
   1.14286   0.85714   0.28571   8.00000
   0.33333   0.00000   0.33333   8.00000
   0.38095   0.04762   0.33333  16.00000
   0.42857   0.09524   0.33333  16.00000
   0.47619   0.14286   0.33333  16.00000
   0.52381   0.19048   0.33333  16.00000
   0.57143   0.23810   0.33333  16.00000
   0.61905   0.28571   0.33333  16.00000
   0.66667   0.33333   0.33333   8.00000
   1.04762   0.71429   0.33333  16.00000
   1.09524   0.76190   0.33333  16.00000
   1.14286   0.80952   0.33333  16.00000
   0.38095   0.00000   0.38095   8.00000
   0.42857   0.04762   0.38095  16.00000
   0.47619   0.09524   0.38095  16.00000
   0.52381   0.14286   0.38095  16.00000
   0.57143   0.19048   0.38095  16.00000
   0.61905   0.23810   0.38095  16.00000
   0.66667   0.28571   0.38095  16.00000
   1.04762   0.66667   0.38095  16.00000
   1.09524   0.71429   0.38095  16.00000
   1.14286   0.76190   0.38095  16.00000
   1.19048   0.80952   0.38095   8.00000
   0.42857   0.00000   0.42857   8.00000
   0.47619   0.04762   0.42857  16.00000
   0.52381   0.09524   0.42857  16.00000
   0.57143   0.14286   0.42857  16.00000
   0.61905   0.19048   0.42857  16.00000
   0.66667   0.23810   0.42857  16.00000
   0.71429   0.28571   0.42857   8.00000
   1.04762   0.61905   0.42857  16.00000
   1.09524   0.66667   0.42857  16.00000
   1.14286   0.71429   0.42857  16.00000
   1.19048   0.76190   0.42857  16.00000
   0.47619   0.00000   0.47619   8.00000
   0.52381   0.04762   0.47619  16.00000
   0.57143   0.09524   0.47619  16.00000
   0.61905   0.14286   0.47619  16.00000
   0.66667   0.19048   0.47619  16.00000
   0.71429   0.23810   0.47619  16.00000
   1.04762   0.57143   0.47619  16.00000
   1.09524   0.61905   0.47619  16.00000
   1.14286   0.66667   0.47619  16.00000
   1.19048   0.71429   0.47619  16.00000
   1.23810   0.76190   0.47619   8.00000
   0.09524   0.09524   0.09524   8.00000
   0.14286   0.14286   0.09524   8.00000
   0.19048   0.19048   0.09524   8.00000
   0.23810   0.23810   0.09524   8.00000
   0.28571   0.28571   0.09524   8.00000
   0.33333   0.33333   0.09524   8.00000
   0.38095   0.38095   0.09524   8.00000
   0.42857   0.42857   0.09524   8.00000
   0.47619   0.47619   0.09524   8.00000
   1.00000   1.00000   0.09524   2.00000
   0.14286   0.09524   0.14286  16.00000
   0.19048   0.14286   0.14286  16.00000
   0.23810   0.19048   0.14286  16.00000
   0.28571   0.23810   0.14286  16.00000
   0.33333   0.28571   0.14286  16.00000
   0.38095   0.33333   0.14286  16.00000
   0.42857   0.38095   0.14286  16.00000
   0.47619   0.42857   0.14286  16.00000
   0.52381   0.47619   0.14286   8.00000
   1.00000   0.95238   0.14286   8.00000
   0.19048   0.09524   0.19048  16.00000
   0.23810   0.14286   0.19048  16.00000
   0.28571   0.19048   0.19048  16.00000
   0.33333   0.23810   0.19048  16.00000
   0.38095   0.28571   0.19048  16.00000
   0.42857   0.33333   0.19048  16.00000
   0.47619   0.38095   0.19048  16.00000
   0.52381   0.42857   0.19048  16.00000
   1.00000   0.90476   0.19048   8.00000
   1.04762   0.95238   0.19048   8.00000
   0.23810   0.09524   0.23810  16.00000
   0.28571   0.14286   0.23810  16.00000
   0.33333   0.19048   0.23810  16.00000
   0.38095   0.23810   0.23810  16.00000
   0.42857   0.28571   0.23810  16.00000
   0.47619   0.33333   0.23810  16.00000
   0.52381   0.38095   0.23810  16.00000
   0.57143   0.42857   0.23810   8.00000
   1.00000   0.85714   0.23810   8.00000
   1.04762   0.90476   0.23810  16.00000
   0.28571   0.09524   0.28571  16.00000
   0.33333   0.14286   0.28571  16.00000
   0.38095   0.19048   0.28571  16.00000
   0.42857   0.23810   0.28571  16.00000
   0.47619   0.28571   0.28571  16.00000
   0.52381   0.33333   0.28571  16.00000
   0.57143   0.38095   0.28571  16.00000
   1.00000   0.80952   0.28571   8.00000
   1.04762   0.85714   0.28571  16.00000
   1.09524   0.90476   0.28571   8.00000
   0.33333   0.09524   0.33333  16.00000
   0.38095   0.14286   0.33333  16.00000
   0.42857   0.19048   0.33333  16.00000
   0.47619   0.23810   0.33333  16.00000
   0.52381   0.28571   0.33333  16.00000
   0.57143   0.33333   0.33333  16.00000
   0.61905   0.38095   0.33333   8.00000
   1.00000   0.76190   0.33333   8.00000
   1.04762   0.80952   0.33333  16.00000
   1.09524   0.85714   0.33333  16.00000
   0.38095   0.09524   0.38095  16.00000
   0.42857   0.14286   0.38095  16.00000
   0.47619   0.19048   0.38095  16.00000
   0.52381   0.23810   0.38095  16.00000
   0.57143   0.28571   0.38095  16.00000
   0.61905   0.33333   0.38095  16.00000
   1.00000   0.71429   0.38095   8.00000
   1.04762   0.76190   0.38095  16.00000
   1.09524   0.80952   0.38095  16.00000
   1.14286   0.85714   0.38095   8.00000
   0.42857   0.09524   0.42857  16.00000
   0.47619   0.14286   0.42857  16.00000
   0.52381   0.19048   0.42857  16.00000
   0.57143   0.23810   0.42857  16.00000
   0.61905   0.28571   0.42857  16.00000
   0.66667   0.33333   0.42857   8.00000
   1.00000   0.66667   0.42857   8.00000
   1.04762   0.71429   0.42857  16.00000
   1.09524   0.76190   0.42857  16.00000
   1.14286   0.80952   0.42857  16.00000
   0.47619   0.09524   0.47619  16.00000
   0.52381   0.14286   0.47619  16.00000
   0.57143   0.19048   0.47619  16.00000
   0.61905   0.23810   0.47619  16.00000
   0.66667   0.28571   0.47619  16.00000
   1.00000   0.61905   0.47619   8.00000
   1.04762   0.66667   0.47619  16.00000
   1.09524   0.71429   0.47619  16.00000
   1.14286   0.76190   0.47619  16.00000
   1.19048   0.80952   0.47619   8.00000
   0.57143   0.14286   0.52381  16.00000
   0.61905   0.19048   0.52381  16.00000
   0.66667   0.23810   0.52381  16.00000
   0.71429   0.28571   0.52381   8.00000
   1.00000   0.57143   0.52381   8.00000
   1.04762   0.61905   0.52381  16.00000
   1.09524   0.66667   0.52381  16.00000
   1.14286   0.71429   0.52381  16.00000
   1.19048   0.76190   0.52381  16.00000
   0.61905   0.14286   0.57143  16.00000
   0.66667   0.19048   0.57143  16.00000
   0.71429   0.23810   0.57143  16.00000
   1.00000   0.52381   0.57143   8.00000
   1.04762   0.57143   0.57143  16.00000
   1.09524   0.61905   0.57143  16.00000
   1.14286   0.66667   0.57143  16.00000
   1.19048   0.71429   0.57143  16.00000
   1.23810   0.76190   0.57143   8.00000
   0.66667   0.14286   0.61905  16.00000
   0.71429   0.19048   0.61905  16.00000
   0.76190   0.23810   0.61905   8.00000
   1.00000   0.47619   0.61905   8.00000
   1.04762   0.52381   0.61905  16.00000
   1.09524   0.57143   0.61905  16.00000
   1.14286   0.61905   0.61905  16.00000
   1.19048   0.66667   0.61905  16.00000
   1.23810   0.71429   0.61905  16.00000
   0.71429   0.14286   0.66667  16.00000
   0.76190   0.19048   0.66667  16.00000
   1.00000   0.42857   0.66667   8.00000
   1.04762   0.47619   0.66667  16.00000
   1.09524   0.52381   0.66667  16.00000
   1.14286   0.57143   0.66667  16.00000
   1.19048   0.61905   0.66667  16.00000
   1.23810   0.66667   0.66667  16.00000
   1.28571   0.71429   0.66667   8.00000
   0.76190   0.14286   0.71429  16.00000
   0.80952   0.19048   0.71429   8.00000
   1.00000   0.38095   0.71429   8.00000
   1.04762   0.42857   0.71429  16.00000
   1.09524   0.47619   0.71429  16.00000
   1.14286   0.52381   0.71429  16.00000
   1.19048   0.57143   0.71429  16.00000
   1.23810   0.61905   0.71429  16.00000
   1.28571   0.66667   0.71429  16.00000
   0.80952   0.14286   0.76190  16.00000
   1.00000   0.33333   0.76190   8.00000
   1.04762   0.38095   0.76190  16.00000
   1.09524   0.42857   0.76190  16.00000
   1.14286   0.47619   0.76190  16.00000
   1.19048   0.52381   0.76190  16.00000
   1.23810   0.57143   0.76190  16.00000
   1.28571   0.61905   0.76190  16.00000
   1.33333   0.66667   0.76190   8.00000
   0.85714   0.14286   0.80952   8.00000
   1.00000   0.28571   0.80952   8.00000
   1.04762   0.33333   0.80952  16.00000
   1.09524   0.38095   0.80952  16.00000
   1.14286   0.42857   0.80952  16.00000
   1.19048   0.47619   0.80952  16.00000
   1.23810   0.52381   0.80952  16.00000
   1.28571   0.57143   0.80952  16.00000
   1.33333   0.61905   0.80952  16.00000
   1.00000   0.23810   0.85714   8.00000
   1.04762   0.28571   0.85714  16.00000
   1.09524   0.33333   0.85714  16.00000
   1.14286   0.38095   0.85714  16.00000
   1.19048   0.42857   0.85714  16.00000
   1.23810   0.47619   0.85714  16.00000
   1.28571   0.52381   0.85714  16.00000
   1.33333   0.57143   0.85714  16.00000
   1.38095   0.61905   0.85714   8.00000
   1.00000   0.19048   0.90476   8.00000
   1.04762   0.23810   0.90476  16.00000
   1.09524   0.28571   0.90476  16.00000
   1.14286   0.33333   0.90476  16.00000
   1.19048   0.38095   0.90476  16.00000
   1.23810   0.42857   0.90476  16.00000
   1.28571   0.47619   0.90476  16.00000
   1.33333   0.52381   0.90476  16.00000
   1.38095   0.57143   0.90476  16.00000
   1.00000   0.14286   0.95238   8.00000
   1.04762   0.19048   0.95238  16.00000
   1.09524   0.23810   0.95238  16.00000
   1.14286   0.28571   0.95238  16.00000
   1.19048   0.33333   0.95238  16.00000
   1.23810   0.38095   0.95238  16.00000
   1.28571   0.42857   0.95238  16.00000
   1.33333   0.47619   0.95238  16.00000
   1.38095   0.52381   0.95238  16.00000
   1.42857   0.57143   0.95238   8.00000
   1.00000   0.09524   1.00000   4.00000
   1.04762   0.14286   1.00000   8.00000
   1.09524   0.19048   1.00000   8.00000
   1.14286   0.23810   1.00000   8.00000
   1.19048   0.28571   1.00000   8.00000
   1.23810   0.33333   1.00000   8.00000
   1.28571   0.38095   1.00000   8.00000
   1.33333   0.42857   1.00000   8.00000
   1.38095   0.47619   1.00000   8.00000
   1.42857   0.52381   1.00000   8.00000
   0.19048   0.19048   0.19048   8.00000
   0.23810   0.23810   0.19048   8.00000
   0.28571   0.28571   0.19048   8.00000
   0.33333   0.33333   0.19048   8.00000
   0.38095   0.38095   0.19048   8.00000
   0.42857   0.42857   0.19048   8.00000
   0.47619   0.47619   0.19048   8.00000
   1.00000   1.00000   0.19048   2.00000
   0.23810   0.19048   0.23810  16.00000
   0.28571   0.23810   0.23810  16.00000
   0.33333   0.28571   0.23810  16.00000
   0.38095   0.33333   0.23810  16.00000
   0.42857   0.38095   0.23810  16.00000
   0.47619   0.42857   0.23810  16.00000
   0.52381   0.47619   0.23810   8.00000
   1.00000   0.95238   0.23810   8.00000
   0.28571   0.19048   0.28571  16.00000
   0.33333   0.23810   0.28571  16.00000
   0.38095   0.28571   0.28571  16.00000
   0.42857   0.33333   0.28571  16.00000
   0.47619   0.38095   0.28571  16.00000
   0.52381   0.42857   0.28571  16.00000
   1.00000   0.90476   0.28571   8.00000
   1.04762   0.95238   0.28571   8.00000
   0.33333   0.19048   0.33333  16.00000
   0.38095   0.23810   0.33333  16.00000
   0.42857   0.28571   0.33333  16.00000
   0.47619   0.33333   0.33333  16.00000
   0.52381   0.38095   0.33333  16.00000
   0.57143   0.42857   0.33333   8.00000
   1.00000   0.85714   0.33333   8.00000
   1.04762   0.90476   0.33333  16.00000
   0.38095   0.19048   0.38095  16.00000
   0.42857   0.23810   0.38095  16.00000
   0.47619   0.28571   0.38095  16.00000
   0.52381   0.33333   0.38095  16.00000
   0.57143   0.38095   0.38095  16.00000
   1.00000   0.80952   0.38095   8.00000
   1.04762   0.85714   0.38095  16.00000
   1.09524   0.90476   0.38095   8.00000
   0.42857   0.19048   0.42857  16.00000
   0.47619   0.23810   0.42857  16.00000
   0.52381   0.28571   0.42857  16.00000
   0.57143   0.33333   0.42857  16.00000
   0.61905   0.38095   0.42857   8.00000
   1.00000   0.76190   0.42857   8.00000
   1.04762   0.80952   0.42857  16.00000
   1.09524   0.85714   0.42857  16.00000
   0.47619   0.19048   0.47619  16.00000
   0.52381   0.23810   0.47619  16.00000
   0.57143   0.28571   0.47619  16.00000
   0.61905   0.33333   0.47619  16.00000
   1.00000   0.71429   0.47619   8.00000
   1.04762   0.76190   0.47619  16.00000
   1.09524   0.80952   0.47619  16.00000
   1.14286   0.85714   0.47619   8.00000
   0.57143   0.23810   0.52381  16.00000
   0.61905   0.28571   0.52381  16.00000
   0.66667   0.33333   0.52381   8.00000
   1.00000   0.66667   0.52381   8.00000
   1.04762   0.71429   0.52381  16.00000
   1.09524   0.76190   0.52381  16.00000
   1.14286   0.80952   0.52381  16.00000
   0.61905   0.23810   0.57143  16.00000
   0.66667   0.28571   0.57143  16.00000
   1.00000   0.61905   0.57143   8.00000
   1.04762   0.66667   0.57143  16.00000
   1.09524   0.71429   0.57143  16.00000
   1.14286   0.76190   0.57143  16.00000
   1.19048   0.80952   0.57143   8.00000
   0.66667   0.23810   0.61905  16.00000
   0.71429   0.28571   0.61905   8.00000
   1.00000   0.57143   0.61905   8.00000
   1.04762   0.61905   0.61905  16.00000
   1.09524   0.66667   0.61905  16.00000
   1.14286   0.71429   0.61905  16.00000
   1.19048   0.76190   0.61905  16.00000
   0.71429   0.23810   0.66667  16.00000
   1.00000   0.52381   0.66667   8.00000
   1.04762   0.57143   0.66667  16.00000
   1.09524   0.61905   0.66667  16.00000
   1.14286   0.66667   0.66667  16.00000
   1.19048   0.71429   0.66667  16.00000
   1.23810   0.76190   0.66667   8.00000
   0.76190   0.23810   0.71429   8.00000
   1.00000   0.47619   0.71429   8.00000
   1.04762   0.52381   0.71429  16.00000
   1.09524   0.57143   0.71429  16.00000
   1.14286   0.61905   0.71429  16.00000
   1.19048   0.66667   0.71429  16.00000
   1.23810   0.71429   0.71429  16.00000
   1.00000   0.42857   0.76190   8.00000
   1.04762   0.47619   0.76190  16.00000
   1.09524   0.52381   0.76190  16.00000
   1.14286   0.57143   0.76190  16.00000
   1.19048   0.61905   0.76190  16.00000
   1.23810   0.66667   0.76190  16.00000
   1.28571   0.71429   0.76190   8.00000
   1.00000   0.38095   0.80952   8.00000
   1.04762   0.42857   0.80952  16.00000
   1.09524   0.47619   0.80952  16.00000
   1.14286   0.52381   0.80952  16.00000
   1.19048   0.57143   0.80952  16.00000
   1.23810   0.61905   0.80952  16.00000
   1.28571   0.66667   0.80952  16.00000
   1.00000   0.33333   0.85714   8.00000
   1.04762   0.38095   0.85714  16.00000
   1.09524   0.42857   0.85714  16.00000
   1.14286   0.47619   0.85714  16.00000
   1.19048   0.52381   0.85714  16.00000
   1.23810   0.57143   0.85714  16.00000
   1.28571   0.61905   0.85714  16.00000
   1.33333   0.66667   0.85714   8.00000
   1.00000   0.28571   0.90476   8.00000
   1.04762   0.33333   0.90476  16.00000
   1.09524   0.38095   0.90476  16.00000
   1.14286   0.42857   0.90476  16.00000
   1.19048   0.47619   0.90476  16.00000
   1.23810   0.52381   0.90476  16.00000
   1.28571   0.57143   0.90476  16.00000
   1.33333   0.61905   0.90476  16.00000
   1.00000   0.23810   0.95238   8.00000
   1.04762   0.28571   0.95238  16.00000
   1.09524   0.33333   0.95238  16.00000
   1.14286   0.38095   0.95238  16.00000
   1.19048   0.42857   0.95238  16.00000
   1.23810   0.47619   0.95238  16.00000
   1.28571   0.52381   0.95238  16.00000
   1.33333   0.57143   0.95238  16.00000
   1.38095   0.61905   0.95238   8.00000
   1.00000   0.19048   1.00000   4.00000
   1.04762   0.23810   1.00000   8.00000
   1.09524   0.28571   1.00000   8.00000
   1.14286   0.33333   1.00000   8.00000
   1.19048   0.38095   1.00000   8.00000
   1.23810   0.42857   1.00000   8.00000
   1.28571   0.47619   1.00000   8.00000
   1.33333   0.52381   1.00000   8.00000
   1.38095   0.57143   1.00000   8.00000
   0.28571   0.28571   0.28571   8.00000
   0.33333   0.33333   0.28571   8.00000
   0.38095   0.38095   0.28571   8.00000
   0.42857   0.42857   0.28571   8.00000
   0.47619   0.47619   0.28571   8.00000
   1.00000   1.00000   0.28571   2.00000
   0.33333   0.28571   0.33333  16.00000
   0.38095   0.33333   0.33333  16.00000
   0.42857   0.38095   0.33333  16.00000
   0.47619   0.42857   0.33333  16.00000
   0.52381   0.47619   0.33333   8.00000
   1.00000   0.95238   0.33333   8.00000
   0.38095   0.28571   0.38095  16.00000
   0.42857   0.33333   0.38095  16.00000
   0.47619   0.38095   0.38095  16.00000
   0.52381   0.42857   0.38095  16.00000
   1.00000   0.90476   0.38095   8.00000
   1.04762   0.95238   0.38095   8.00000
   0.42857   0.28571   0.42857  16.00000
   0.47619   0.33333   0.42857  16.00000
   0.52381   0.38095   0.42857  16.00000
   0.57143   0.42857   0.42857   8.00000
   1.00000   0.85714   0.42857   8.00000
   1.04762   0.90476   0.42857  16.00000
   0.47619   0.28571   0.47619  16.00000
   0.52381   0.33333   0.47619  16.00000
   0.57143   0.38095   0.47619  16.00000
   1.00000   0.80952   0.47619   8.00000
   1.04762   0.85714   0.47619  16.00000
   1.09524   0.90476   0.47619   8.00000
   0.57143   0.33333   0.52381  16.00000
   0.61905   0.38095   0.52381   8.00000
   1.00000   0.76190   0.52381   8.00000
   1.04762   0.80952   0.52381  16.00000
   1.09524   0.85714   0.52381  16.00000
   0.61905   0.33333   0.57143  16.00000
   1.00000   0.71429   0.57143   8.00000
   1.04762   0.76190   0.57143  16.00000
   1.09524   0.80952   0.57143  16.00000
   1.14286   0.85714   0.57143   8.00000
   0.66667   0.33333   0.61905   8.00000
   1.00000   0.66667   0.61905   8.00000
   1.04762   0.71429   0.61905  16.00000
   1.09524   0.76190   0.61905  16.00000
   1.14286   0.80952   0.61905  16.00000
   1.00000   0.61905   0.66667   8.00000
   1.04762   0.66667   0.66667  16.00000
   1.09524   0.71429   0.66667  16.00000
   1.14286   0.76190   0.66667  16.00000
   1.19048   0.80952   0.66667   8.00000
   1.00000   0.57143   0.71429   8.00000
   1.04762   0.61905   0.71429  16.00000
   1.09524   0.66667   0.71429  16.00000
   1.14286   0.71429   0.71429  16.00000
   1.19048   0.76190   0.71429  16.00000
   1.00000   0.52381   0.76190   8.00000
   1.04762   0.57143   0.76190  16.00000
   1.09524   0.61905   0.76190  16.00000
   1.14286   0.66667   0.76190  16.00000
   1.19048   0.71429   0.76190  16.00000
   1.23810   0.76190   0.76190   8.00000
   1.00000   0.47619   0.80952   8.00000
   1.04762   0.52381   0.80952  16.00000
   1.09524   0.57143   0.80952  16.00000
   1.14286   0.61905   0.80952  16.00000
   1.19048   0.66667   0.80952  16.00000
   1.23810   0.71429   0.80952  16.00000
   1.00000   0.42857   0.85714   8.00000
   1.04762   0.47619   0.85714  16.00000
   1.09524   0.52381   0.85714  16.00000
   1.14286   0.57143   0.85714  16.00000
   1.19048   0.61905   0.85714  16.00000
   1.23810   0.66667   0.85714  16.00000
   1.28571   0.71429   0.85714   8.00000
   1.00000   0.38095   0.90476   8.00000
   1.04762   0.42857   0.90476  16.00000
   1.09524   0.47619   0.90476  16.00000
   1.14286   0.52381   0.90476  16.00000
   1.19048   0.57143   0.90476  16.00000
   1.23810   0.61905   0.90476  16.00000
   1.28571   0.66667   0.90476  16.00000
   1.00000   0.33333   0.95238   8.00000
   1.04762   0.38095   0.95238  16.00000
   1.09524   0.42857   0.95238  16.00000
   1.14286   0.47619   0.95238  16.00000
   1.19048   0.52381   0.95238  16.00000
   1.23810   0.57143   0.95238  16.00000
   1.28571   0.61905   0.95238  16.00000
   1.33333   0.66667   0.95238   8.00000
   1.00000   0.28571   1.00000   4.00000
   1.04762   0.33333   1.00000   8.00000
   1.09524   0.38095   1.00000   8.00000
   1.14286   0.42857   1.00000   8.00000
   1.19048   0.47619   1.00000   8.00000
   1.23810   0.52381   1.00000   8.00000
   1.28571   0.57143   1.00000   8.00000
   1.33333   0.61905   1.00000   8.00000
   0.38095   0.38095   0.38095   8.00000
   0.42857   0.42857   0.38095   8.00000
   0.47619   0.47619   0.38095   8.00000
   1.00000   1.00000   0.38095   2.00000
   0.42857   0.38095   0.42857  16.00000
   0.47619   0.42857   0.42857  16.00000
   0.52381   0.47619   0.42857   8.00000
   1.00000   0.95238   0.42857   8.00000
   0.47619   0.38095   0.47619  16.00000
   0.52381   0.42857   0.47619  16.00000
   1.00000   0.90476   0.47619   8.00000
   1.04762   0.95238   0.47619   8.00000
   0.57143   0.42857   0.52381   8.00000
   1.00000   0.85714   0.52381   8.00000
   1.04762   0.90476   0.52381  16.00000
   1.00000   0.80952   0.57143   8.00000
   1.04762   0.85714   0.57143  16.00000
   1.09524   0.90476   0.57143   8.00000
   1.00000   0.76190   0.61905   8.00000
   1.04762   0.80952   0.61905  16.00000
   1.09524   0.85714   0.61905  16.00000
   1.00000   0.71429   0.66667   8.00000
   1.04762   0.76190   0.66667  16.00000
   1.09524   0.80952   0.66667  16.00000
   1.14286   0.85714   0.66667   8.00000
   1.00000   0.66667   0.71429   8.00000
   1.04762   0.71429   0.71429  16.00000
   1.09524   0.76190   0.71429  16.00000
   1.14286   0.80952   0.71429  16.00000
   1.00000   0.61905   0.76190   8.00000
   1.04762   0.66667   0.76190  16.00000
   1.09524   0.71429   0.76190  16.00000
   1.14286   0.76190   0.76190  16.00000
   1.19048   0.80952   0.76190   8.00000
   1.00000   0.57143   0.80952   8.00000
   1.04762   0.61905   0.80952  16.00000
   1.09524   0.66667   0.80952  16.00000
   1.14286   0.71429   0.80952  16.00000
   1.19048   0.76190   0.80952  16.00000
   1.00000   0.52381   0.85714   8.00000
   1.04762   0.57143   0.85714  16.00000
   1.09524   0.61905   0.85714  16.00000
   1.14286   0.66667   0.85714  16.00000
   1.19048   0.71429   0.85714  16.00000
   1.23810   0.76190   0.85714   8.00000
   1.00000   0.47619   0.90476   8.00000
   1.04762   0.52381   0.90476  16.00000
   1.09524   0.57143   0.90476  16.00000
   1.14286   0.61905   0.90476  16.00000
   1.19048   0.66667   0.90476  16.00000
   1.23810   0.71429   0.90476  16.00000
   1.00000   0.42857   0.95238   8.00000
   1.04762   0.47619   0.95238  16.00000
   1.09524   0.52381   0.95238  16.00000
   1.14286   0.57143   0.95238  16.00000
   1.19048   0.61905   0.95238  16.00000
   1.23810   0.66667   0.95238  16.00000
   1.28571   0.71429   0.95238   8.00000
   1.00000   0.38095   1.00000   4.00000
   1.04762   0.42857   1.00000   8.00000
   1.09524   0.47619   1.00000   8.00000
   1.14286   0.52381   1.00000   8.00000
   1.19048   0.57143   1.00000   8.00000
   1.23810   0.61905   1.00000   8.00000
   1.28571   0.66667   1.00000   8.00000
   0.47619   0.47619   0.47619   8.00000
   1.00000   1.00000   0.47619   2.00000
   1.00000   0.95238   0.52381   8.00000
   1.00000   0.90476   0.57143   8.00000
   1.04762   0.95238   0.57143   8.00000
   1.00000   0.85714   0.61905   8.00000
   1.04762   0.90476   0.61905  16.00000
   1.00000   0.80952   0.66667   8.00000
   1.04762   0.85714   0.66667  16.00000
   1.09524   0.90476   0.66667   8.00000
   1.00000   0.76190   0.71429   8.00000
   1.04762   0.80952   0.71429  16.00000
   1.09524   0.85714   0.71429  16.00000
   1.00000   0.71429   0.76190   8.00000
   1.04762   0.76190   0.76190  16.00000
   1.09524   0.80952   0.76190  16.00000
   1.14286   0.85714   0.76190   8.00000
   1.00000   0.66667   0.80952   8.00000
   1.04762   0.71429   0.80952  16.00000
   1.09524   0.76190   0.80952  16.00000
   1.14286   0.80952   0.80952  16.00000
   1.00000   0.61905   0.85714   8.00000
   1.04762   0.66667   0.85714  16.00000
   1.09524   0.71429   0.85714  16.00000
   1.14286   0.76190   0.85714  16.00000
   1.19048   0.80952   0.85714   8.00000
   1.00000   0.57143   0.90476   8.00000
   1.04762   0.61905   0.90476  16.00000
   1.09524   0.66667   0.90476  16.00000
   1.14286   0.71429   0.90476  16.00000
   1.19048   0.76190   0.90476  16.00000
   1.00000   0.52381   0.95238   8.00000
   1.04762   0.57143   0.95238  16.00000
   1.09524   0.61905   0.95238  16.00000
   1.14286   0.66667   0.95238  16.00000
   1.19048   0.71429   0.95238  16.00000
   1.23810   0.76190   0.95238   8.00000
   1.00000   0.47619   1.00000   4.00000
   1.04762   0.52381   1.00000   8.00000
   1.09524   0.57143   1.00000   8.00000
   1.14286   0.61905   1.00000   8.00000
   1.19048   0.66667   1.00000   8.00000
   1.23810   0.71429   1.00000   8.00000
   1.00000   1.00000   0.57143   2.00000
   1.00000   0.95238   0.61905   8.00000
   1.00000   0.90476   0.66667   8.00000
   1.04762   0.95238   0.66667   8.00000
   1.00000   0.85714   0.71429   8.00000
   1.04762   0.90476   0.71429  16.00000
   1.00000   0.80952   0.76190   8.00000
   1.04762   0.85714   0.76190  16.00000
   1.09524   0.90476   0.76190   8.00000
   1.00000   0.76190   0.80952   8.00000
   1.04762   0.80952   0.80952  16.00000
   1.09524   0.85714   0.80952  16.00000
   1.00000   0.71429   0.85714   8.00000
   1.04762   0.76190   0.85714  16.00000
   1.09524   0.80952   0.85714  16.00000
   1.14286   0.85714   0.85714   8.00000
   1.00000   0.66667   0.90476   8.00000
   1.04762   0.71429   0.90476  16.00000
   1.09524   0.76190   0.90476  16.00000
   1.14286   0.80952   0.90476  16.00000
   1.00000   0.61905   0.95238   8.00000
   1.04762   0.66667   0.95238  16.00000
   1.09524   0.71429   0.95238  16.00000
   1.14286   0.76190   0.95238  16.00000
   1.19048   0.80952   0.95238   8.00000
   1.00000   0.57143   1.00000   4.00000
   1.04762   0.61905   1.00000   8.00000
   1.09524   0.66667   1.00000   8.00000
   1.14286   0.71429   1.00000   8.00000
   1.19048   0.76190   1.00000   8.00000
   1.00000   1.00000   0.66667   2.00000
   1.00000   0.95238   0.71429   8.00000
   1.00000   0.90476   0.76190   8.00000
   1.04762   0.95238   0.76190   8.00000
   1.00000   0.85714   0.80952   8.00000
   1.04762   0.90476   0.80952  16.00000
   1.00000   0.80952   0.85714   8.00000
   1.04762   0.85714   0.85714  16.00000
   1.09524   0.90476   0.85714   8.00000
   1.00000   0.76190   0.90476   8.00000
   1.04762   0.80952   0.90476  16.00000
   1.09524   0.85714   0.90476  16.00000
   1.00000   0.71429   0.95238   8.00000
   1.04762   0.76190   0.95238  16.00000
   1.09524   0.80952   0.95238  16.00000
   1.14286   0.85714   0.95238   8.00000
   1.00000   0.66667   1.00000   4.00000
   1.04762   0.71429   1.00000   8.00000
   1.09524   0.76190   1.00000   8.00000
   1.14286   0.80952   1.00000   8.00000
   1.00000   1.00000   0.76190   2.00000
   1.00000   0.95238   0.80952   8.00000
   1.00000   0.90476   0.85714   8.00000
   1.04762   0.95238   0.85714   8.00000
   1.00000   0.85714   0.90476   8.00000
   1.04762   0.90476   0.90476  16.00000
   1.00000   0.80952   0.95238   8.00000
   1.04762   0.85714   0.95238  16.00000
   1.09524   0.90476   0.95238   8.00000
   1.00000   0.76190   1.00000   4.00000
   1.04762   0.80952   1.00000   8.00000
   1.09524   0.85714   1.00000   8.00000
   1.00000   1.00000   0.85714   2.00000
   1.00000   0.95238   0.90476   8.00000
   1.00000   0.90476   0.95238   8.00000
   1.04762   0.95238   0.95238   8.00000
   1.00000   0.85714   1.00000   4.00000
   1.04762   0.90476   1.00000   8.00000
   1.00000   1.00000   0.95238   2.00000
   1.00000   0.95238   1.00000   4.00000




                              --------------------------------------------------
                                 S T R U C T U R A L   I N F O R M A T I O N
                              --------------------------------------------------


   SUBSTANCE                    = tetragonal body-centered  (delta')                                              

   LATTICE                      = B   
   LATTICE CONSTANTS ARE        =    6.9765300   6.9765300   9.2895020
   NUMBER OF ATOMS IN UNITCELL  =   1
   MODE OF CALCULATION IS       = RELA
 IORD=          16
 FNAMES=
 ./deltaprime_Pu_19.vectorso_1                                                  
                                                                                
                                           
 ./deltaprime_Pu_19.vectorsodn_1                                                
                                                                                
                                           
 deltaprime_Pu_19.energyso_1                                                    
                                                                                
                                           
 deltaprime_Pu_19.energysodn_1                                                  
                                                                                
                                           
  BR1,  BR2
   0.90062   0.00000   0.00000      0.00000   0.90062   0.90062
   0.00000   0.90062   0.00000      0.90062   0.00000   0.90062
   0.00000   0.00000   0.67637      0.67637   0.67637   0.00000
 projector corrected--must be 1,2, or 3! Now projector= 2
 Energy window:   -0.4410 < E <      0.441
 Projected density of states calculation for  1 atoms
--------- atom  1 -------------
l=  3  qsplit=  4
 Symmetrization over eq. k-points is performed
 ********** Start Reading Cix file *************
  Correlated block number           1
  Correlated index=
  1  0  0  0  0  0  0  0  0  0  0  0  0  0
  0  1  0  0  0  0  0  0  0  0  0  0  0  0
  0  0  1  0  0  0  0  0  0  0  0  0  0  0
  0  0  0  1  0  0  0  0  0  0  0  0  0  0
  0  0  0  0  1  0  0  0  0  0  0  0  0  0
  0  0  0  0  0  1  0  0  0  0  0  0  0  0
  0  0  0  0  0  0  2  0  0  0  0  0  0  0
  0  0  0  0  0  0  0  2  0  0  0  0  0  0
  0  0  0  0  0  0  0  0  2  0  0  0  0  0
  0  0  0  0  0  0  0  0  0  2  0  0  0  0
  0  0  0  0  0  0  0  0  0  0  2  0  0  0
  0  0  0  0  0  0  0  0  0  0  0  2  0  0
  0  0  0  0  0  0  0  0  0  0  0  0  2  0
  0  0  0  0  0  0  0  0  0  0  0  0  0  2
  Real part of unitary matrix=
  0.9258  0.0000  0.0000  0.0000  0.0000  0.0000  0.0000  0.0000 -0.3780  0.0000  0.0000  0.0000  0.0000  0.0000
  0.0000  0.8452  0.0000  0.0000  0.0000  0.0000  0.0000  0.0000  0.0000 -0.5345  0.0000  0.0000  0.0000  0.0000
  0.0000  0.0000  0.7559  0.0000  0.0000  0.0000  0.0000  0.0000  0.0000  0.0000 -0.6547  0.0000  0.0000  0.0000
  0.0000  0.0000  0.0000  0.6547  0.0000  0.0000  0.0000  0.0000  0.0000  0.0000  0.0000 -0.7559  0.0000  0.0000
  0.0000  0.0000  0.0000  0.0000  0.5345  0.0000  0.0000  0.0000  0.0000  0.0000  0.0000  0.0000 -0.8452  0.0000
  0.0000  0.0000  0.0000  0.0000  0.0000  0.3780  0.0000  0.0000  0.0000  0.0000  0.0000  0.0000  0.0000 -0.9258
  0.0000  0.0000  0.0000  0.0000  0.0000  0.0000  0.0000  1.0000  0.0000  0.0000  0.0000  0.0000  0.0000  0.0000
  0.3780  0.0000  0.0000  0.0000  0.0000  0.0000  0.0000  0.0000  0.9258  0.0000  0.0000  0.0000  0.0000  0.0000
  0.0000  0.5345  0.0000  0.0000  0.0000  0.0000  0.0000  0.0000  0.0000  0.8452  0.0000  0.0000  0.0000  0.0000
  0.0000  0.0000  0.6547  0.0000  0.0000  0.0000  0.0000  0.0000  0.0000  0.0000  0.7559  0.0000  0.0000  0.0000
  0.0000  0.0000  0.0000  0.7559  0.0000  0.0000  0.0000  0.0000  0.0000  0.0000  0.0000  0.6547  0.0000  0.0000
  0.0000  0.0000  0.0000  0.0000  0.8452  0.0000  0.0000  0.0000  0.0000  0.0000  0.0000  0.0000  0.5345  0.0000
  0.0000  0.0000  0.0000  0.0000  0.0000  0.9258  0.0000  0.0000  0.0000  0.0000  0.0000  0.0000  0.0000  0.3780
  0.0000  0.0000  0.0000  0.0000  0.0000  0.0000  1.0000  0.0000  0.0000  0.0000  0.0000  0.0000  0.0000  0.0000
  Imaginary part of unitary matrix=
  0.0000  0.0000  0.0000  0.0000  0.0000  0.0000  0.0000  0.0000  0.0000  0.0000  0.0000  0.0000  0.0000  0.0000
  0.0000  0.0000  0.0000  0.0000  0.0000  0.0000  0.0000  0.0000  0.0000  0.0000  0.0000  0.0000  0.0000  0.0000
  0.0000  0.0000  0.0000  0.0000  0.0000  0.0000  0.0000  0.0000  0.0000  0.0000  0.0000  0.0000  0.0000  0.0000
  0.0000  0.0000  0.0000  0.0000  0.0000  0.0000  0.0000  0.0000  0.0000  0.0000  0.0000  0.0000  0.0000  0.0000
  0.0000  0.0000  0.0000  0.0000  0.0000  0.0000  0.0000  0.0000  0.0000  0.0000  0.0000  0.0000  0.0000  0.0000
  0.0000  0.0000  0.0000  0.0000  0.0000  0.0000  0.0000  0.0000  0.0000  0.0000  0.0000  0.0000  0.0000  0.0000
  0.0000  0.0000  0.0000  0.0000  0.0000  0.0000  0.0000  0.0000  0.0000  0.0000  0.0000  0.0000  0.0000  0.0000
  0.0000  0.0000  0.0000  0.0000  0.0000  0.0000  0.0000  0.0000  0.0000  0.0000  0.0000  0.0000  0.0000  0.0000
  0.0000  0.0000  0.0000  0.0000  0.0000  0.0000  0.0000  0.0000  0.0000  0.0000  0.0000  0.0000  0.0000  0.0000
  0.0000  0.0000  0.0000  0.0000  0.0000  0.0000  0.0000  0.0000  0.0000  0.0000  0.0000  0.0000  0.0000  0.0000
  0.0000  0.0000  0.0000  0.0000  0.0000  0.0000  0.0000  0.0000  0.0000  0.0000  0.0000  0.0000  0.0000  0.0000
  0.0000  0.0000  0.0000  0.0000  0.0000  0.0000  0.0000  0.0000  0.0000  0.0000  0.0000  0.0000  0.0000  0.0000
  0.0000  0.0000  0.0000  0.0000  0.0000  0.0000  0.0000  0.0000  0.0000  0.0000  0.0000  0.0000  0.0000  0.0000
  0.0000  0.0000  0.0000  0.0000  0.0000  0.0000  0.0000  0.0000  0.0000  0.0000  0.0000  0.0000  0.0000  0.0000
  At least one transformation matrix is not Identity
 Magnetic system with s-o coupling; M theta, phi:  0.0000  0.0000
 Inside ROTDEF
Operation  1 transforms atom   1 from first atom   1
Actual position of atom  1 is:  0.000000    0.000000    0.000000
 
Combined transformation (acting on k-point) for correlated atoms
including users rotation and internal local rotation
catom  1 atom   1
   0.90062   0.00000   0.00000
   0.00000  -0.90062   0.00000
   0.00000   0.00000  -0.67637
 
 
 SPIN COORD SYSTEM:
    1.000000    0.000000    0.000000
    0.000000    1.000000    0.000000
    0.000000    0.000000    1.000000
 
 in global cartezian coordinates:
    1.000000    0.000000    0.000000
    0.000000   -1.000000    0.000000
    0.000000    0.000000   -1.000000
 ____________________________
 in spin coordinates:
    1.000000    0.000000    0.000000
    0.000000   -1.000000    0.000000
    0.000000    0.000000   -1.000000
           1   3.14159265358979       -1.00000000000000     
 
 in global cartezian coordinates:
    0.000000    1.000000    0.000000
   -1.000000    0.000000    0.000000
    0.000000    0.000000   -1.000000
 ____________________________
 in spin coordinates:
    0.000000    1.000000    0.000000
   -1.000000    0.000000    0.000000
    0.000000    0.000000   -1.000000
           2   1.57079632679490        1.00000000000000     
 
 in global cartezian coordinates:
   -1.000000    0.000000    0.000000
    0.000000   -1.000000    0.000000
    0.000000    0.000000   -1.000000
 ____________________________
 in spin coordinates:
   -1.000000    0.000000    0.000000
    0.000000   -1.000000    0.000000
    0.000000    0.000000   -1.000000
           3  0.000000000000000E+000   1.00000000000000     
 
 in global cartezian coordinates:
    0.000000    1.000000    0.000000
    1.000000    0.000000    0.000000
    0.000000    0.000000   -1.000000
 ____________________________
 in spin coordinates:
    0.000000    1.000000    0.000000
    1.000000    0.000000    0.000000
    0.000000    0.000000   -1.000000
           4   1.57079632679490       -1.00000000000000     
 
 in global cartezian coordinates:
    0.000000   -1.000000    0.000000
   -1.000000    0.000000    0.000000
    0.000000    0.000000   -1.000000
 ____________________________
 in spin coordinates:
    0.000000   -1.000000    0.000000
   -1.000000    0.000000    0.000000
    0.000000    0.000000   -1.000000
           5   4.71238898038469       -1.00000000000000     
 
 in global cartezian coordinates:
    1.000000    0.000000    0.000000
    0.000000    1.000000    0.000000
    0.000000    0.000000   -1.000000
 ____________________________
 in spin coordinates:
    1.000000    0.000000    0.000000
    0.000000    1.000000    0.000000
    0.000000    0.000000   -1.000000
           6   3.14159274101257        1.00000000000000     
 
 in global cartezian coordinates:
    1.000000    0.000000    0.000000
    0.000000   -1.000000    0.000000
    0.000000    0.000000    1.000000
 ____________________________
 in spin coordinates:
    1.000000    0.000000    0.000000
    0.000000   -1.000000    0.000000
    0.000000    0.000000    1.000000
           7   6.28318539460237       -1.00000000000000     
 
 in global cartezian coordinates:
    0.000000    1.000000    0.000000
   -1.000000    0.000000    0.000000
    0.000000    0.000000    1.000000
 ____________________________
 in spin coordinates:
    0.000000    1.000000    0.000000
   -1.000000    0.000000    0.000000
    0.000000    0.000000    1.000000
           8  -1.57079632679490        1.00000000000000     
 
 in global cartezian coordinates:
    0.000000   -1.000000    0.000000
    1.000000    0.000000    0.000000
    0.000000    0.000000   -1.000000
 ____________________________
 in spin coordinates:
    0.000000   -1.000000    0.000000
    1.000000    0.000000    0.000000
    0.000000    0.000000   -1.000000
           9  -1.57079632679490        1.00000000000000     
 
 in global cartezian coordinates:
   -1.000000    0.000000    0.000000
    0.000000    1.000000    0.000000
    0.000000    0.000000   -1.000000
 ____________________________
 in spin coordinates:
   -1.000000    0.000000    0.000000
    0.000000    1.000000    0.000000
    0.000000    0.000000   -1.000000
          10   6.28318539460237       -1.00000000000000     
 
 in global cartezian coordinates:
   -1.000000    0.000000    0.000000
    0.000000   -1.000000    0.000000
    0.000000    0.000000    1.000000
 ____________________________
 in spin coordinates:
   -1.000000    0.000000    0.000000
    0.000000   -1.000000    0.000000
    0.000000    0.000000    1.000000
          11   3.14159274101257        1.00000000000000     
 
 in global cartezian coordinates:
    0.000000    1.000000    0.000000
    1.000000    0.000000    0.000000
    0.000000    0.000000    1.000000
 ____________________________
 in spin coordinates:
    0.000000    1.000000    0.000000
    1.000000    0.000000    0.000000
    0.000000    0.000000    1.000000
          12   4.71238898038469       -1.00000000000000     
 
 in global cartezian coordinates:
    0.000000   -1.000000    0.000000
   -1.000000    0.000000    0.000000
    0.000000    0.000000    1.000000
 ____________________________
 in spin coordinates:
    0.000000   -1.000000    0.000000
   -1.000000    0.000000    0.000000
    0.000000    0.000000    1.000000
          13   1.57079632679490       -1.00000000000000     
 
 in global cartezian coordinates:
    1.000000    0.000000    0.000000
    0.000000    1.000000    0.000000
    0.000000    0.000000    1.000000
 ____________________________
 in spin coordinates:
    1.000000    0.000000    0.000000
    0.000000    1.000000    0.000000
    0.000000    0.000000    1.000000
          14  0.000000000000000E+000   1.00000000000000     
 
 in global cartezian coordinates:
    0.000000   -1.000000    0.000000
    1.000000    0.000000    0.000000
    0.000000    0.000000    1.000000
 ____________________________
 in spin coordinates:
    0.000000   -1.000000    0.000000
    1.000000    0.000000    0.000000
    0.000000    0.000000    1.000000
          15   1.57079632679490        1.00000000000000     
 
 in global cartezian coordinates:
   -1.000000    0.000000    0.000000
    0.000000    1.000000    0.000000
    0.000000    0.000000    1.000000
 ____________________________
 in spin coordinates:
   -1.000000    0.000000    0.000000
    0.000000    1.000000    0.000000
    0.000000    0.000000    1.000000
          16   3.14159265358979       -1.00000000000000     
 
 FNAME=
 deltaprime_Pu_19.energyso_1                                                    
                                                                                
                                                     60
 FNAME=
 deltaprime_Pu_19.energysodn_1                                                  
                                                                                
                                                     59
 BZ-integration with TETRA-program.   icor=: 1
 Equal occupancy of degenerate states, tol=: 0.1E-05
 call eord...
 call dos...
 ILOOP            1
 ILOOP            2
   FERMI ENERGY AT   0.842634754874754     
 RESULT OF INTEGRATION:      15.999999999612; SHOULD BE:      15.999999999900
   SUM RULE OF TETRAHEDRON INTEGRATION CHECKED 
 call eweigh...
   number of occupied bands:          18
   highest energy:  0.847624630426345     
 FERMI-LDA=   0.843 Ryd,  11.465 eV.
 ABSOLUTE EMIN=   0.402 Ryd.   5.465 eV.
 ABSOLUTE EMAX=   1.284 Ryd.  17.465 eV.


:NLDA  : NUMBER OF ELECTRONS          =  16.000

:FLDA  : F E R M I - ENERGY           =   0.84263
 
 ********** Information about the atomic index arrays ************
 iatom=           1
 isort=           1
 csort=           1
 maxucase=           1
icase, iucase, jatom, latom=     1     1     1     1
 
 *****  Arrays for correlated blocks ******
 norbitals=           1
 maxdim2=          14
iorbital( 1, 1)=   1
cix( 1, 1)=   1
icase,lcase,icix,iorb,nind1,ip1,iSx=    1    1    1    1   14    1    1
icase,lcase,icix,iorb,nind1,ip1,iSx=    1    1    1    1   14    2    2
icase,lcase,icix,iorb,nind1,ip1,iSx=    1    1    1    1   14    3    3
icase,lcase,icix,iorb,nind1,ip1,iSx=    1    1    1    1   14    4    4
icase,lcase,icix,iorb,nind1,ip1,iSx=    1    1    1    1   14    5    5
icase,lcase,icix,iorb,nind1,ip1,iSx=    1    1    1    1   14    6    6
icase,lcase,icix,iorb,nind1,ip1,iSx=    1    1    1    1   14    7    7
icase,lcase,icix,iorb,nind1,ip1,iSx=    1    1    1    1   14    8    8
icase,lcase,icix,iorb,nind1,ip1,iSx=    1    1    1    1   14    9    9
icase,lcase,icix,iorb,nind1,ip1,iSx=    1    1    1    1   14   10   10
icase,lcase,icix,iorb,nind1,ip1,iSx=    1    1    1    1   14   11   11
icase,lcase,icix,iorb,nind1,ip1,iSx=    1    1    1    1   14   12   12
icase,lcase,icix,iorb,nind1,ip1,iSx=    1    1    1    1   14   13   13
icase,lcase,icix,iorb,nind1,ip1,iSx=    1    1    1    1   14   14   14
cixdim( 1)=14
noccur( 1, 1)=   6
noccur( 2, 1)=   8
iSx( 1, 1)=  1
iSx( 2, 1)=  2
iSx( 3, 1)=  3
iSx( 4, 1)=  4
iSx( 5, 1)=  5
iSx( 6, 1)=  6
iSx( 7, 1)=  7
iSx( 8, 1)=  8
iSx( 9, 1)=  9
iSx(10, 1)= 10
iSx(11, 1)= 11
iSx(12, 1)= 12
iSx(13, 1)= 13
iSx(14, 1)= 14
nindo( 1)= 14
CF for iorb1= 1 iorb2= 1
    0.92582010     0.00000000       0.00000000     0.00000000       0.00000000     0.00000000       0.00000000     0.00000000       0.00000000     0.00000000       0.00000000     0.00000000       0.00000000     0.00000000       0.00000000     0.00000000      -0.37796447     0.00000000       0.00000000     0.00000000       0.00000000     0.00000000       0.00000000     0.00000000       0.00000000     0.00000000       0.00000000     0.00000000   
    0.00000000     0.00000000       0.84515425     0.00000000       0.00000000     0.00000000       0.00000000     0.00000000       0.00000000     0.00000000       0.00000000     0.00000000       0.00000000     0.00000000       0.00000000     0.00000000       0.00000000     0.00000000      -0.53452248     0.00000000       0.00000000     0.00000000       0.00000000     0.00000000       0.00000000     0.00000000       0.00000000     0.00000000   
    0.00000000     0.00000000       0.00000000     0.00000000       0.75592895     0.00000000       0.00000000     0.00000000       0.00000000     0.00000000       0.00000000     0.00000000       0.00000000     0.00000000       0.00000000     0.00000000       0.00000000     0.00000000       0.00000000     0.00000000      -0.65465367     0.00000000       0.00000000     0.00000000       0.00000000     0.00000000       0.00000000     0.00000000   
    0.00000000     0.00000000       0.00000000     0.00000000       0.00000000     0.00000000       0.65465367     0.00000000       0.00000000     0.00000000       0.00000000     0.00000000       0.00000000     0.00000000       0.00000000     0.00000000       0.00000000     0.00000000       0.00000000     0.00000000       0.00000000     0.00000000      -0.75592895     0.00000000       0.00000000     0.00000000       0.00000000     0.00000000   
    0.00000000     0.00000000       0.00000000     0.00000000       0.00000000     0.00000000       0.00000000     0.00000000       0.53452248     0.00000000       0.00000000     0.00000000       0.00000000     0.00000000       0.00000000     0.00000000       0.00000000     0.00000000       0.00000000     0.00000000       0.00000000     0.00000000       0.00000000     0.00000000      -0.84515425     0.00000000       0.00000000     0.00000000   
    0.00000000     0.00000000       0.00000000     0.00000000       0.00000000     0.00000000       0.00000000     0.00000000       0.00000000     0.00000000       0.37796447     0.00000000       0.00000000     0.00000000       0.00000000     0.00000000       0.00000000     0.00000000       0.00000000     0.00000000       0.00000000     0.00000000       0.00000000     0.00000000       0.00000000     0.00000000      -0.92582010     0.00000000   
    0.00000000     0.00000000       0.00000000     0.00000000       0.00000000     0.00000000       0.00000000     0.00000000       0.00000000     0.00000000       0.00000000     0.00000000       0.00000000     0.00000000       1.00000000     0.00000000       0.00000000     0.00000000       0.00000000     0.00000000       0.00000000     0.00000000       0.00000000     0.00000000       0.00000000     0.00000000       0.00000000     0.00000000   
    0.37796447     0.00000000       0.00000000     0.00000000       0.00000000     0.00000000       0.00000000     0.00000000       0.00000000     0.00000000       0.00000000     0.00000000       0.00000000     0.00000000       0.00000000     0.00000000       0.92582010     0.00000000       0.00000000     0.00000000       0.00000000     0.00000000       0.00000000     0.00000000       0.00000000     0.00000000       0.00000000     0.00000000   
    0.00000000     0.00000000       0.53452248     0.00000000       0.00000000     0.00000000       0.00000000     0.00000000       0.00000000     0.00000000       0.00000000     0.00000000       0.00000000     0.00000000       0.00000000     0.00000000       0.00000000     0.00000000       0.84515425     0.00000000       0.00000000     0.00000000       0.00000000     0.00000000       0.00000000     0.00000000       0.00000000     0.00000000   
    0.00000000     0.00000000       0.00000000     0.00000000       0.65465367     0.00000000       0.00000000     0.00000000       0.00000000     0.00000000       0.00000000     0.00000000       0.00000000     0.00000000       0.00000000     0.00000000       0.00000000     0.00000000       0.00000000     0.00000000       0.75592895     0.00000000       0.00000000     0.00000000       0.00000000     0.00000000       0.00000000     0.00000000   
    0.00000000     0.00000000       0.00000000     0.00000000       0.00000000     0.00000000       0.75592895     0.00000000       0.00000000     0.00000000       0.00000000     0.00000000       0.00000000     0.00000000       0.00000000     0.00000000       0.00000000     0.00000000       0.00000000     0.00000000       0.00000000     0.00000000       0.65465367     0.00000000       0.00000000     0.00000000       0.00000000     0.00000000   
    0.00000000     0.00000000       0.00000000     0.00000000       0.00000000     0.00000000       0.00000000     0.00000000       0.84515425     0.00000000       0.00000000     0.00000000       0.00000000     0.00000000       0.00000000     0.00000000       0.00000000     0.00000000       0.00000000     0.00000000       0.00000000     0.00000000       0.00000000     0.00000000       0.53452248     0.00000000       0.00000000     0.00000000   
    0.00000000     0.00000000       0.00000000     0.00000000       0.00000000     0.00000000       0.00000000     0.00000000       0.00000000     0.00000000       0.92582010     0.00000000       0.00000000     0.00000000       0.00000000     0.00000000       0.00000000     0.00000000       0.00000000     0.00000000       0.00000000     0.00000000       0.00000000     0.00000000       0.00000000     0.00000000       0.37796447     0.00000000   
    0.00000000     0.00000000       0.00000000     0.00000000       0.00000000     0.00000000       0.00000000     0.00000000       0.00000000     0.00000000       0.00000000     0.00000000       1.00000000     0.00000000       0.00000000     0.00000000       0.00000000     0.00000000       0.00000000     0.00000000       0.00000000     0.00000000       0.00000000     0.00000000       0.00000000     0.00000000       0.00000000     0.00000000   
Rspin for iorb=  1
 angles=  0.000000000000000E+000   3.14159265358979       0.000000000000000E+000
  0.000000000000000E+000  0.000000000000000E+000  0.000000000000000E+000
 Rspin=
    0.000000    0.000000      0.000000    1.000000
    0.000000    1.000000      0.000000    0.000000
 Calculation for atom  1 which has iucase=  1
 ATPAR for spin up

          ATOMIC PARAMETERS FOR Pu  0+    

           ENERGY PARAMETERS ARE   0.60  -1.38   0.60   0.60

           L     U(R)          U'(R)         DU/DE        DU'/DE      NORM-U'
           0  0.549100E+00  0.816089E+00  0.113506E+00 -0.225279E+00
           1  0.492628E+00 -0.122575E+00 -0.154279E+00 -0.400777E+00
           2 -0.617588E+00  0.261079E-01  0.983863E-01  0.346174E+00
           3 -0.323001E+00  0.121586E+00  0.358917E+00  0.534845E+00
LO COEFFICIENT: l,A,B,C   0          0.65795    -3.18293     0.00000     0.00000
 
LO COEFFICIENT: l,A,B,C   0          0.32313     0.00000     0.77813     0.00000
 
LO COEFFICIENT: l,A,B,C   1          0.89599     2.86100     0.00000     0.00000
 
LO COEFFICIENT: l,A,B,C   1          0.30638     0.00000    -1.27808     0.00000
 
LO COEFFICIENT: l,A,B,C   2          0.85294     5.35407     0.00000     0.00000
 
LO COEFFICIENT: l,A,B,C   3          0.93797     0.84411     0.00000     0.00000
 
 ATPAR for spin down

          ATOMIC PARAMETERS FOR Pu  0+    

           ENERGY PARAMETERS ARE   0.60  -1.38   0.60   0.60

           L     U(R)          U'(R)         DU/DE        DU'/DE      NORM-U'
           0  0.549100E+00  0.816089E+00  0.113506E+00 -0.225279E+00
           1  0.492628E+00 -0.122575E+00 -0.154279E+00 -0.400777E+00
           2 -0.617588E+00  0.261079E-01  0.983863E-01  0.346174E+00
           3 -0.323001E+00  0.121586E+00  0.358917E+00  0.534845E+00
LO COEFFICIENT: l,A,B,C   0          0.65795    -3.18293     0.00000     0.00000
 
LO COEFFICIENT: l,A,B,C   0          0.32313     0.00000     0.77813     0.00000
 
LO COEFFICIENT: l,A,B,C   1          0.89599     2.86100     0.00000     0.00000
 
LO COEFFICIENT: l,A,B,C   1          0.30638     0.00000    -1.27808     0.00000
 
LO COEFFICIENT: l,A,B,C   2          0.85294     5.35407     0.00000     0.00000
 
LO COEFFICIENT: l,A,B,C   3          0.93797     0.84411     0.00000     0.00000
 
 L1=           0  L2=           0
 RADIAL INTEGRALS:
           1           1                 1           1   1.00000000000000     
           1           3                 1           1  0.576894863634592     
           1           1                 1           2   1.00000000000000     
           1           3                 1           2  0.576894863634592     
           1           1                 2           1   1.00000000000000     
           1           3                 2           1  0.576894863634592     
           1           1                 2           2   1.00000000000000     
           1           3                 2           2  0.576894863634592     
           2           2                 1           1  5.597608775046156E-002
           2           3                 1           1 -0.191005356568549     
           2           2                 1           2  5.597608775046156E-002
           2           3                 1           2 -0.191005356568549     
           2           2                 2           1  5.597608775046156E-002
           2           3                 2           1 -0.191005356568549     
           2           2                 2           2  5.597608775046156E-002
           2           3                 2           2 -0.191005356568549     
           3           1                 1           1  0.576894863634592     
           3           2                 1           1 -0.191005356568549     
           3           3                 1           1   1.00000000000000     
           3           1                 1           2  0.576894863634592     
           3           2                 1           2 -0.191005356568549     
           3           3                 1           2   1.00000000000000     
           3           1                 2           1  0.576894863634592     
           3           2                 2           1 -0.191005356568549     
           3           3                 2           1   1.00000000000000     
           3           1                 2           2  0.576894863634592     
           3           2                 2           2 -0.191005356568549     
           3           3                 2           2   1.00000000000000     
 L1=           1  L2=           1
 RADIAL INTEGRALS:
           1           1                 1           1   1.00000000000000     
           1           3                 1           1  0.928757826551676     
           1           1                 1           2   1.00000000000000     
           1           3                 1           2  0.928757826551676     
           1           1                 2           1   1.00000000000000     
           1           3                 2           1  0.928757826551676     
           1           1                 2           2   1.00000000000000     
           1           3                 2           2  0.928757826551676     
           2           2                 1           1  2.409119543054042E-002
           2           3                 1           1  5.741880407282445E-002
           2           2                 1           2  2.409119543054042E-002
           2           3                 1           2  5.741880407282445E-002
           2           2                 2           1  2.409119543054042E-002
           2           3                 2           1  5.741880407282445E-002
           2           2                 2           2  2.409119543054042E-002
           2           3                 2           2  5.741880407282445E-002
           3           1                 1           1  0.928757826551676     
           3           2                 1           1  5.741880407282445E-002
           3           3                 1           1   1.00000000000000     
           3           1                 1           2  0.928757826551676     
           3           2                 1           2  5.741880407282445E-002
           3           3                 1           2   1.00000000000000     
           3           1                 2           1  0.928757826551676     
           3           2                 2           1  5.741880407282445E-002
           3           3                 2           1   1.00000000000000     
           3           1                 2           2  0.928757826551676     
           3           2                 2           2  5.741880407282445E-002
           3           3                 2           2   1.00000000000000     
 L1=           2  L2=           2
 RADIAL INTEGRALS:
           1           1                 1           1   1.00000000000000     
           1           1                 1           2   1.00000000000000     
           1           1                 2           1   1.00000000000000     
           1           1                 2           2   1.00000000000000     
           2           2                 1           1  9.505679738206024E-003
           2           2                 1           2  9.505679738206024E-003
           2           2                 2           1  9.505679738206024E-003
           2           2                 2           2  9.505679738206024E-003
 L1=           3  L2=           3
 RADIAL INTEGRALS:
           1           1                 1           1   1.00000000000000     
           1           1                 1           2   1.00000000000000     
           1           1                 2           1   1.00000000000000     
           1           1                 2           2   1.00000000000000     
           2           2                 1           1  0.168726977114406     
           2           2                 1           2  0.168726977114406     
           2           2                 2           1  0.168726977114406     
           2           2                 2           2  0.168726977114406     
Saving potential parameters for atom 1 into  1
pr_proc=363  tot-k=726
 ------------------------------------------------------------------------------


   =====>>> CPU TIME SUMMARY

            TOTAL       :      3.9
 OMP_NUM_THREADS= 2
 GUTZ_SOLVER VO.1.5 BUILT ON Jan 19 2014 AT22:25:59
 NT=  1 SEC_N%DIM=   10 WITH ID:
           1       2      16     107     471    1472    3474    6477    9909   12912
       14914
 MEAN U/J:  0.2940  0.0265
 NEL_FIX_VDC1=      5.34
 ATOM DEPENDENT NELF1:
      5.3406
 DCMIX_A=  0.200000
 SYMMETRICALLY NON-EQUIVALENT ATOMS:
          1
 VARIATIONAL-SETUP-NON-EQUIVALENT ATOMS:
          1
 COMPLEMENTARY VARIATIONAL-SETUP-EQUIVALENT ATOMS:

 GYZ%SYM%IDSUM:
  1
 DIM(X_Gutz)=  4
 CALC SET: GAPJ-SHFT FULL       -JH-PROJ SLATER    VAR-FIXDC    Ryd.   
 NT= 1
 LOCAL INTERACTION PART   :
 U              :   0.2940
 J              :   0.0265
 FOCK SPACE PART:
 NA             :  7
 FS%OCC(1) L.B. :  0
 FS%OCC(2) U.B. :  9
 FS%DIM         :     14913
 HL%OCC(1) L.B. :  0
 HL%OCC(2) U.B. :  9
 ISO= 2 ISPIN_IN= 1 ISPIN= 1 ISPO= 2
 BND%NMAX= 100
 BZ INTEGRATION WITH TETRA METHOD, ICOR= 1
 EQUAL OCCUPANCY OF DEGENERATE STATES, TOL= 0.1E-05
 VALENCE ELECTRONS: TOTAL=    16.0
                    CORRELATED PART=     8.0
 SYM%IDI/IDF=  1 16
 BND%NMAXIN=   26
      GUTZ5_INI_CORR_UVEK takes  0 hours  0 minutes and    0.09 seconds (CPU).
                          takes  0 hours  0 minutes and    0.10 seconds (WALL).
                 SETUP_TB takes  0 hours  0 minutes and    3.71 seconds (CPU).
                          takes  0 hours  0 minutes and    2.02 seconds (WALL).
************  EL-  ************
 NI=  1 NI_GLOBAL=  1
   0.8480   0.8470   0.8476   0.8476   0.8470   0.8480   0.9266   0.9251   0.9256   0.9261   0.9261   0.9256   0.9251   0.9266
************  EL=  ************
 NI=  1 NI_GLOBAL=  1
   0.8480   0.0000   0.0000   0.0000   0.0000   0.0000   0.0000   0.0005   0.0000   0.0000   0.0000  -0.0003   0.0000   0.0000
   0.0000   0.8470   0.0000   0.0000   0.0000   0.0000   0.0000   0.0000  -0.0003   0.0000   0.0000   0.0000   0.0005   0.0000
   0.0000   0.0000   0.8476   0.0000   0.0000   0.0000   0.0000   0.0000   0.0000   0.0000   0.0000   0.0000   0.0000  -0.0002
   0.0000   0.0000   0.0000   0.8476   0.0000   0.0000   0.0002   0.0000   0.0000   0.0000   0.0000   0.0000   0.0000   0.0000
   0.0000   0.0000   0.0000   0.0000   0.8470   0.0000   0.0000  -0.0005   0.0000   0.0000   0.0000   0.0003   0.0000   0.0000
   0.0000   0.0000   0.0000   0.0000   0.0000   0.8480   0.0000   0.0000   0.0003   0.0000   0.0000   0.0000  -0.0005   0.0000
   0.0000   0.0000   0.0000   0.0002   0.0000   0.0000   0.9266   0.0000   0.0000   0.0000  -0.0002   0.0000   0.0000   0.0000
   0.0005   0.0000   0.0000   0.0000  -0.0005   0.0000   0.0000   0.9251   0.0000   0.0000   0.0000   0.0000   0.0000   0.0000
   0.0000  -0.0003   0.0000   0.0000   0.0000   0.0003   0.0000   0.0000   0.9256   0.0000   0.0000   0.0000   0.0000   0.0000
   0.0000   0.0000   0.0000   0.0000   0.0000   0.0000   0.0000   0.0000   0.0000   0.9261   0.0000   0.0000   0.0000  -0.0002
   0.0000   0.0000   0.0000   0.0000   0.0000   0.0000  -0.0002   0.0000   0.0000   0.0000   0.9261   0.0000   0.0000   0.0000
  -0.0003   0.0000   0.0000   0.0000   0.0003   0.0000   0.0000   0.0000   0.0000   0.0000   0.0000   0.9256   0.0000   0.0000
   0.0000   0.0005   0.0000   0.0000   0.0000  -0.0005   0.0000   0.0000   0.0000   0.0000   0.0000   0.0000   0.9251   0.0000
   0.0000   0.0000  -0.0002   0.0000   0.0000   0.0000   0.0000   0.0000   0.0000  -0.0002   0.0000   0.0000   0.0000   0.9266
 NI=  1 LOCAL ORBITAL LEVEL CENTER(ELC)=   0.892
************  EL0  ************
 NI=  1 NI_GLOBAL=  1
   0.8475   0.8475   0.8475   0.8475   0.8475   0.8475   0.9258   0.9258   0.9258   0.9258   0.9258   0.9258   0.9258   0.9258
************  ELL  ************
 NI=  1 NI_GLOBAL=  1
   0.8475   0.0000   0.0000   0.0000   0.0000   0.0000   0.0000   0.0000   0.0000   0.0000   0.0000   0.0000   0.0000   0.0000
   0.0000   0.8475   0.0000   0.0000   0.0000   0.0000   0.0000   0.0000   0.0000   0.0000   0.0000   0.0000   0.0000   0.0000
   0.0000   0.0000   0.8475   0.0000   0.0000   0.0000   0.0000   0.0000   0.0000   0.0000   0.0000   0.0000   0.0000   0.0000
   0.0000   0.0000   0.0000   0.8475   0.0000   0.0000   0.0000   0.0000   0.0000   0.0000   0.0000   0.0000   0.0000   0.0000
   0.0000   0.0000   0.0000   0.0000   0.8475   0.0000   0.0000   0.0000   0.0000   0.0000   0.0000   0.0000   0.0000   0.0000
   0.0000   0.0000   0.0000   0.0000   0.0000   0.8475   0.0000   0.0000   0.0000   0.0000   0.0000   0.0000   0.0000   0.0000
   0.0000   0.0000   0.0000   0.0000   0.0000   0.0000   0.9258   0.0000   0.0000   0.0000   0.0000   0.0000   0.0000   0.0000
   0.0000   0.0000   0.0000   0.0000   0.0000   0.0000   0.0000   0.9258   0.0000   0.0000   0.0000   0.0000   0.0000   0.0000
   0.0000   0.0000   0.0000   0.0000   0.0000   0.0000   0.0000   0.0000   0.9258   0.0000   0.0000   0.0000   0.0000   0.0000
   0.0000   0.0000   0.0000   0.0000   0.0000   0.0000   0.0000   0.0000   0.0000   0.9258   0.0000   0.0000   0.0000   0.0000
   0.0000   0.0000   0.0000   0.0000   0.0000   0.0000   0.0000   0.0000   0.0000   0.0000   0.9258   0.0000   0.0000   0.0000
   0.0000   0.0000   0.0000   0.0000   0.0000   0.0000   0.0000   0.0000   0.0000   0.0000   0.0000   0.9258   0.0000   0.0000
   0.0000   0.0000   0.0000   0.0000   0.0000   0.0000   0.0000   0.0000   0.0000   0.0000   0.0000   0.0000   0.9258   0.0000
   0.0000   0.0000   0.0000   0.0000   0.0000   0.0000   0.0000   0.0000   0.0000   0.0000   0.0000   0.0000   0.0000   0.9258
                  GET_EL0 takes  0 hours  0 minutes and    0.01 seconds (CPU).
                          takes  0 hours  0 minutes and    0.02 seconds (WALL).
 There are  4 blocks of bands, with band energy windows:
  -2.559  -2.550 |   -1.016  -0.975 |   -0.440  -0.336 |    0.440   4.493 | 
 Band window indices:
         1      2 |          3      4 |          5      8 |          9    101 | 
 Band width
       0.009   |         0.041   |         0.104   |         4.053   |  
 Band gap
       1.534   |         0.535   |         0.776   |  
 CORRELATED BLOCK: EMIN/EMIX=    0.4398    1.2830
 CORRELATED BAND WIDTH=   0.843
         GUTZ_RED_PRJ_NEQ takes  0 hours  1 minutes and    0.56 seconds (CPU).
                          takes  0 hours  1 minutes and    4.26 seconds (WALL).
 NI=  1 DIM_PHIK=   41227 HL%DIM=  14913
       ID_PHIK_N=
      1      2      4     33    264   1639   6153  15546  27321  36714
  41228
       ID_PHIK_J=
      1      2      3      4      8      9     18     19     28     29
     33     37     73    122    171    220    245    254    263    264
    300    349    638    807   1168   1364   1533   1582   1631   1635
   1639   1739   2180   2964   3864   4705   5381   5781   6037   6118
   6143   6152   6153   6349   6710   8079   9448  11564  12933  14377
  14953  15353  15474  15538  15542  15546  15835  16796  18560  21060
  23176  24940  26165  26841  27165  27286  27311  27320  27321  27517
  27878  29247  30616  32732  34101  35545  36121  36521  36642  36706
  36710  36714  36814  37255  38039  38939  39780  40456  40856  41112
  41193  41218  41227  41228
          GUTZ_SET_PRJ_EQ takes  0 hours  0 minutes and    0.00 seconds (CPU).
                          takes  0 hours  0 minutes and    0.00 seconds (WALL).
************   WH%X  ************
    0.87595214    0.89915274
    0.79211176    0.96854173
************  RIN  ************
 NI=  1 NI_GLOBAL=  1
   0.8760   0.8760   0.8760   0.8760   0.8760   0.8760   0.8992   0.8992   0.8992   0.8992   0.8992   0.8992   0.8992   0.8992
************  LA1  ************
 NI=  1 NI_GLOBAL=  1
   0.7921   0.7921   0.7921   0.7921   0.7921   0.7921   0.9685   0.9685   0.9685   0.9685   0.9685   0.9685   0.9685   0.9685
             CALC_BAND_AL takes  0 hours  0 minutes and    1.62 seconds (CPU).
                          takes  0 hours  0 minutes and    0.80 seconds (WALL).
 ILOOP            1
 ILOOP            2
   FERMI ENERGY AT   0.799356786198584     
   SUM RULE OF TETRAHEDRON INTEGRATION CHECKED 
   number of occupied bands:          18
   highest energy:  0.827211192682718     
************  NK-  ************
 NI=  1 NI_GLOBAL=  1
   0.8839   0.8594   0.8845   0.8845   0.8594   0.8839   0.0103   0.0121   0.0106   0.0106   0.0106   0.0106   0.0121   0.0103
************  NNK  ************
 NI=  1 NI_GLOBAL=  1
   0.8839   0.0000   0.0000   0.0000  -0.0078   0.0000   0.0000  -0.0060   0.0000   0.0000   0.0000  -0.0074   0.0000   0.0000
   0.0000   0.8594   0.0000   0.0000   0.0000  -0.0078   0.0000   0.0000   0.0074   0.0000   0.0000   0.0000   0.0120   0.0000
   0.0000   0.0000   0.8845   0.0000   0.0000   0.0000   0.0000   0.0000   0.0000  -0.0020   0.0000   0.0000   0.0000  -0.0042
   0.0000   0.0000   0.0000   0.8845   0.0000   0.0000   0.0042   0.0000   0.0000   0.0000   0.0020   0.0000   0.0000   0.0000
  -0.0078   0.0000   0.0000   0.0000   0.8594   0.0000   0.0000  -0.0120   0.0000   0.0000   0.0000  -0.0074   0.0000   0.0000
   0.0000  -0.0078   0.0000   0.0000   0.0000   0.8839   0.0000   0.0000   0.0074   0.0000   0.0000   0.0000   0.0060   0.0000
   0.0000   0.0000   0.0000   0.0042   0.0000   0.0000   0.0103   0.0000   0.0000   0.0000  -0.0006   0.0000   0.0000   0.0000
  -0.0060   0.0000   0.0000   0.0000  -0.0120   0.0000   0.0000   0.0121   0.0000   0.0000   0.0000   0.0006   0.0000   0.0000
   0.0000   0.0074   0.0000   0.0000   0.0000   0.0074   0.0000   0.0000   0.0106   0.0000   0.0000   0.0000   0.0006   0.0000
   0.0000   0.0000  -0.0020   0.0000   0.0000   0.0000   0.0000   0.0000   0.0000   0.0106   0.0000   0.0000   0.0000  -0.0006
   0.0000   0.0000   0.0000   0.0020   0.0000   0.0000  -0.0006   0.0000   0.0000   0.0000   0.0106   0.0000   0.0000   0.0000
  -0.0074   0.0000   0.0000   0.0000  -0.0074   0.0000   0.0000   0.0006   0.0000   0.0000   0.0000   0.0106   0.0000   0.0000
   0.0000   0.0120   0.0000   0.0000   0.0000   0.0060   0.0000   0.0000   0.0006   0.0000   0.0000   0.0000   0.0121   0.0000
   0.0000   0.0000  -0.0042   0.0000   0.0000   0.0000   0.0000   0.0000   0.0000  -0.0006   0.0000   0.0000   0.0000   0.0103
************  NKS  ************
 NI=  1 NI_GLOBAL=  1
   0.8759   0.8759   0.8759   0.8759   0.8759   0.8759   0.0109   0.0109   0.0109   0.0109   0.0109   0.0109   0.0109   0.0109
 NELE_LOC TOTAL:
           5.3429864246863881
              CALC_DA_BND takes  0 hours  0 minutes and    0.26 seconds (CPU).
                          takes  0 hours  0 minutes and    0.26 seconds (WALL).
************  DA-  ************
 NI=  1 NI_GLOBAL=  1
  -0.0114  -0.0135  -0.0118  -0.0118  -0.0135  -0.0114  -0.0023  -0.0027  -0.0024  -0.0024  -0.0024  -0.0024  -0.0027  -0.0023
************  DAA  ************
 NI=  1 NI_GLOBAL=  1
  -0.0122  -0.0122  -0.0122  -0.0122  -0.0122  -0.0122  -0.0025  -0.0025  -0.0025  -0.0025  -0.0025  -0.0025  -0.0025  -0.0025
 NI=  1 VDC=    1.3657
************  LA2  ************
 NI=  1 NI_GLOBAL=  1
  -2.2320  -2.2320  -2.2320  -2.2320  -2.2320  -2.2320  -2.1345  -2.1345  -2.1345  -2.1345  -2.1345  -2.1345  -2.1345  -2.1345
 NI=  1 PHI-step gap=  0.13E+00
************  RAA  ************
 NI=  1 NI_GLOBAL=  1
   0.8757   0.8757   0.8757   0.8757   0.8757   0.8757   0.8992   0.8992   0.8992   0.8992   0.8992   0.8992   0.8992   0.8992
************  NC0  ************
 NI=  1 NI_GLOBAL=  1
   0.8760   0.8760   0.8760   0.8760   0.8760   0.8760   0.0109   0.0109   0.0109   0.0109   0.0109   0.0109   0.0109   0.0109
                  CALC_LC takes  0 hours  7 minutes and   27.44 seconds (CPU).
                          takes  0 hours  7 minutes and   27.37 seconds (WALL).
                GUTZ_FCN1 takes  0 hours  7 minutes and   29.76 seconds (CPU).
                          takes  0 hours  7 minutes and   28.77 seconds (WALL).
************  DIF_X  ************
   -0.000220658127    0.000005648429
    0.000110146441    0.000000610555
 ITER1=  1 MAXERR=    0.00022066
************   WH%X  ************
    0.87613143    0.89919185
    0.79204509    0.96857190
************  RIN  ************
 NI=  1 NI_GLOBAL=  1
   0.8761   0.8761   0.8761   0.8761   0.8761   0.8761   0.8992   0.8992   0.8992   0.8992   0.8992   0.8992   0.8992   0.8992
************  LA1  ************
 NI=  1 NI_GLOBAL=  1
   0.7920   0.7920   0.7920   0.7920   0.7920   0.7920   0.9686   0.9686   0.9686   0.9686   0.9686   0.9686   0.9686   0.9686
             CALC_BAND_AL takes  0 hours  0 minutes and    1.65 seconds (CPU).
                          takes  0 hours  0 minutes and    0.84 seconds (WALL).
 ILOOP            1
 ILOOP            2
   FERMI ENERGY AT   0.799315061720137     
   SUM RULE OF TETRAHEDRON INTEGRATION CHECKED 
   number of occupied bands:          18
   highest energy:  0.827209601446864     
************  NK-  ************
 NI=  1 NI_GLOBAL=  1
   0.8841   0.8595   0.8846   0.8846   0.8595   0.8841   0.0103   0.0121   0.0106   0.0106   0.0106   0.0106   0.0121   0.0103
************  NNK  ************
 NI=  1 NI_GLOBAL=  1
   0.8841   0.0000   0.0000   0.0000  -0.0078   0.0000   0.0000  -0.0060   0.0000   0.0000   0.0000  -0.0074   0.0000   0.0000
   0.0000   0.8595   0.0000   0.0000   0.0000  -0.0078   0.0000   0.0000   0.0074   0.0000   0.0000   0.0000   0.0120   0.0000
   0.0000   0.0000   0.8846   0.0000   0.0000   0.0000   0.0000   0.0000   0.0000  -0.0020   0.0000   0.0000   0.0000  -0.0042
   0.0000   0.0000   0.0000   0.8846   0.0000   0.0000   0.0042   0.0000   0.0000   0.0000   0.0020   0.0000   0.0000   0.0000
  -0.0078   0.0000   0.0000   0.0000   0.8595   0.0000   0.0000  -0.0120   0.0000   0.0000   0.0000  -0.0074   0.0000   0.0000
   0.0000  -0.0078   0.0000   0.0000   0.0000   0.8841   0.0000   0.0000   0.0074   0.0000   0.0000   0.0000   0.0060   0.0000
   0.0000   0.0000   0.0000   0.0042   0.0000   0.0000   0.0103   0.0000   0.0000   0.0000  -0.0006   0.0000   0.0000   0.0000
  -0.0060   0.0000   0.0000   0.0000  -0.0120   0.0000   0.0000   0.0121   0.0000   0.0000   0.0000   0.0006   0.0000   0.0000
   0.0000   0.0074   0.0000   0.0000   0.0000   0.0074   0.0000   0.0000   0.0106   0.0000   0.0000   0.0000   0.0006   0.0000
   0.0000   0.0000  -0.0020   0.0000   0.0000   0.0000   0.0000   0.0000   0.0000   0.0106   0.0000   0.0000   0.0000  -0.0006
   0.0000   0.0000   0.0000   0.0020   0.0000   0.0000  -0.0006   0.0000   0.0000   0.0000   0.0106   0.0000   0.0000   0.0000
  -0.0074   0.0000   0.0000   0.0000  -0.0074   0.0000   0.0000   0.0006   0.0000   0.0000   0.0000   0.0106   0.0000   0.0000
   0.0000   0.0120   0.0000   0.0000   0.0000   0.0060   0.0000   0.0000   0.0006   0.0000   0.0000   0.0000   0.0121   0.0000
   0.0000   0.0000  -0.0042   0.0000   0.0000   0.0000   0.0000   0.0000   0.0000  -0.0006   0.0000   0.0000   0.0000   0.0103
************  NKS  ************
 NI=  1 NI_GLOBAL=  1
   0.8761   0.8761   0.8761   0.8761   0.8761   0.8761   0.0109   0.0109   0.0109   0.0109   0.0109   0.0109   0.0109   0.0109
 NELE_LOC TOTAL:
           5.3436956020125992
              CALC_DA_BND takes  0 hours  0 minutes and    0.27 seconds (CPU).
                          takes  0 hours  0 minutes and    0.27 seconds (WALL).
************  DA-  ************
 NI=  1 NI_GLOBAL=  1
  -0.0114  -0.0135  -0.0118  -0.0118  -0.0135  -0.0114  -0.0023  -0.0027  -0.0024  -0.0024  -0.0024  -0.0024  -0.0027  -0.0023
************  DAA  ************
 NI=  1 NI_GLOBAL=  1
  -0.0122  -0.0122  -0.0122  -0.0122  -0.0122  -0.0122  -0.0025  -0.0025  -0.0025  -0.0025  -0.0025  -0.0025  -0.0025  -0.0025
 NI=  1 VDC=    1.3657
************  LA2  ************
 NI=  1 NI_GLOBAL=  1
  -2.2320  -2.2320  -2.2320  -2.2320  -2.2320  -2.2320  -2.1345  -2.1345  -2.1345  -2.1345  -2.1345  -2.1345  -2.1345  -2.1345
 NI=  1 PHI-step gap=  0.13E+00
************  RAA  ************
 NI=  1 NI_GLOBAL=  1
   0.8761   0.8761   0.8761   0.8761   0.8761   0.8761   0.8992   0.8992   0.8992   0.8992   0.8992   0.8992   0.8992   0.8992
************  NC0  ************
 NI=  1 NI_GLOBAL=  1
   0.8761   0.8761   0.8761   0.8761   0.8761   0.8761   0.0109   0.0109   0.0109   0.0109   0.0109   0.0109   0.0109   0.0109
                  CALC_LC takes  0 hours  8 minutes and   23.63 seconds (CPU).
                          takes  0 hours  8 minutes and   23.51 seconds (WALL).
                GUTZ_FCN1 takes  0 hours  8 minutes and   25.91 seconds (CPU).
                          takes  0 hours  8 minutes and   24.95 seconds (WALL).
************  DIF_X  ************
   -0.000009306604   -0.000002173020
    0.000002502547    0.000000421135
 ITER1=  2 MAXERR=    0.00000931
************   WH%X  ************
    0.87613015    0.89917254
    0.79204379    0.96856339
************  RIN  ************
 NI=  1 NI_GLOBAL=  1
   0.8761   0.8761   0.8761   0.8761   0.8761   0.8761   0.8992   0.8992   0.8992   0.8992   0.8992   0.8992   0.8992   0.8992
************  LA1  ************
 NI=  1 NI_GLOBAL=  1
   0.7920   0.7920   0.7920   0.7920   0.7920   0.7920   0.9686   0.9686   0.9686   0.9686   0.9686   0.9686   0.9686   0.9686
             CALC_BAND_AL takes  0 hours  0 minutes and    1.65 seconds (CPU).
                          takes  0 hours  0 minutes and    0.83 seconds (WALL).
 ILOOP            1
 ILOOP            2
   FERMI ENERGY AT   0.799314166928189     
   SUM RULE OF TETRAHEDRON INTEGRATION CHECKED 
   number of occupied bands:          18
   highest energy:  0.827209531027841     
************  NK-  ************
 NI=  1 NI_GLOBAL=  1
   0.8841   0.8595   0.8846   0.8846   0.8595   0.8841   0.0103   0.0121   0.0106   0.0106   0.0106   0.0106   0.0121   0.0103
************  NNK  ************
 NI=  1 NI_GLOBAL=  1
   0.8841   0.0000   0.0000   0.0000  -0.0078   0.0000   0.0000  -0.0060   0.0000   0.0000   0.0000  -0.0074   0.0000   0.0000
   0.0000   0.8595   0.0000   0.0000   0.0000  -0.0078   0.0000   0.0000   0.0074   0.0000   0.0000   0.0000   0.0120   0.0000
   0.0000   0.0000   0.8846   0.0000   0.0000   0.0000   0.0000   0.0000   0.0000  -0.0020   0.0000   0.0000   0.0000  -0.0042
   0.0000   0.0000   0.0000   0.8846   0.0000   0.0000   0.0042   0.0000   0.0000   0.0000   0.0020   0.0000   0.0000   0.0000
  -0.0078   0.0000   0.0000   0.0000   0.8595   0.0000   0.0000  -0.0120   0.0000   0.0000   0.0000  -0.0074   0.0000   0.0000
   0.0000  -0.0078   0.0000   0.0000   0.0000   0.8841   0.0000   0.0000   0.0074   0.0000   0.0000   0.0000   0.0060   0.0000
   0.0000   0.0000   0.0000   0.0042   0.0000   0.0000   0.0103   0.0000   0.0000   0.0000  -0.0006   0.0000   0.0000   0.0000
  -0.0060   0.0000   0.0000   0.0000  -0.0120   0.0000   0.0000   0.0121   0.0000   0.0000   0.0000   0.0006   0.0000   0.0000
   0.0000   0.0074   0.0000   0.0000   0.0000   0.0074   0.0000   0.0000   0.0106   0.0000   0.0000   0.0000   0.0006   0.0000
   0.0000   0.0000  -0.0020   0.0000   0.0000   0.0000   0.0000   0.0000   0.0000   0.0106   0.0000   0.0000   0.0000  -0.0006
   0.0000   0.0000   0.0000   0.0020   0.0000   0.0000  -0.0006   0.0000   0.0000   0.0000   0.0106   0.0000   0.0000   0.0000
  -0.0074   0.0000   0.0000   0.0000  -0.0074   0.0000   0.0000   0.0006   0.0000   0.0000   0.0000   0.0106   0.0000   0.0000
   0.0000   0.0120   0.0000   0.0000   0.0000   0.0060   0.0000   0.0000   0.0006   0.0000   0.0000   0.0000   0.0121   0.0000
   0.0000   0.0000  -0.0042   0.0000   0.0000   0.0000   0.0000   0.0000   0.0000  -0.0006   0.0000   0.0000   0.0000   0.0103
************  NKS  ************
 NI=  1 NI_GLOBAL=  1
   0.8761   0.8761   0.8761   0.8761   0.8761   0.8761   0.0109   0.0109   0.0109   0.0109   0.0109   0.0109   0.0109   0.0109
 NELE_LOC TOTAL:
           5.3437123379606168
              CALC_DA_BND takes  0 hours  0 minutes and    0.27 seconds (CPU).
                          takes  0 hours  0 minutes and    0.27 seconds (WALL).
************  DA-  ************
 NI=  1 NI_GLOBAL=  1
  -0.0114  -0.0135  -0.0118  -0.0118  -0.0135  -0.0114  -0.0023  -0.0027  -0.0024  -0.0024  -0.0024  -0.0024  -0.0027  -0.0023
************  DAA  ************
 NI=  1 NI_GLOBAL=  1
  -0.0122  -0.0122  -0.0122  -0.0122  -0.0122  -0.0122  -0.0025  -0.0025  -0.0025  -0.0025  -0.0025  -0.0025  -0.0025  -0.0025
 NI=  1 VDC=    1.3657
************  LA2  ************
 NI=  1 NI_GLOBAL=  1
  -2.2320  -2.2320  -2.2320  -2.2320  -2.2320  -2.2320  -2.1345  -2.1345  -2.1345  -2.1345  -2.1345  -2.1345  -2.1345  -2.1345
 NI=  1 PHI-step gap=  0.13E+00
************  RAA  ************
 NI=  1 NI_GLOBAL=  1
   0.8761   0.8761   0.8761   0.8761   0.8761   0.8761   0.8992   0.8992   0.8992   0.8992   0.8992   0.8992   0.8992   0.8992
************  NC0  ************
 NI=  1 NI_GLOBAL=  1
   0.8761   0.8761   0.8761   0.8761   0.8761   0.8761   0.0109   0.0109   0.0109   0.0109   0.0109   0.0109   0.0109   0.0109
                  CALC_LC takes  0 hours  8 minutes and   22.57 seconds (CPU).
                          takes  0 hours  8 minutes and   22.52 seconds (WALL).
                GUTZ_FCN1 takes  0 hours  8 minutes and   24.94 seconds (CPU).
                          takes  0 hours  8 minutes and   23.97 seconds (WALL).
************  DIF_X  ************
   -0.000000522478   -0.000000038980
    0.000000146032   -0.000000008027
 ITER1=  3 MAXERR=    0.00000052
************   WH%X  ************
    0.87613013    0.89917290
    0.79204372    0.96856357
************  RIN  ************
 NI=  1 NI_GLOBAL=  1
   0.8761   0.8761   0.8761   0.8761   0.8761   0.8761   0.8992   0.8992   0.8992   0.8992   0.8992   0.8992   0.8992   0.8992
************  LA1  ************
 NI=  1 NI_GLOBAL=  1
   0.7920   0.7920   0.7920   0.7920   0.7920   0.7920   0.9686   0.9686   0.9686   0.9686   0.9686   0.9686   0.9686   0.9686
             CALC_BAND_AL takes  0 hours  0 minutes and    1.66 seconds (CPU).
                          takes  0 hours  0 minutes and    0.84 seconds (WALL).
 ILOOP            1
 ILOOP            2
   FERMI ENERGY AT   0.799314121302392     
   SUM RULE OF TETRAHEDRON INTEGRATION CHECKED 
   number of occupied bands:          18
   highest energy:  0.827209529247144     
************  NK-  ************
 NI=  1 NI_GLOBAL=  1
   0.8841   0.8595   0.8846   0.8846   0.8595   0.8841   0.0103   0.0121   0.0106   0.0106   0.0106   0.0106   0.0121   0.0103
************  NNK  ************
 NI=  1 NI_GLOBAL=  1
   0.8841   0.0000   0.0000   0.0000  -0.0078   0.0000   0.0000  -0.0060   0.0000   0.0000   0.0000  -0.0074   0.0000   0.0000
   0.0000   0.8595   0.0000   0.0000   0.0000  -0.0078   0.0000   0.0000   0.0074   0.0000   0.0000   0.0000   0.0120   0.0000
   0.0000   0.0000   0.8846   0.0000   0.0000   0.0000   0.0000   0.0000   0.0000  -0.0020   0.0000   0.0000   0.0000  -0.0042
   0.0000   0.0000   0.0000   0.8846   0.0000   0.0000   0.0042   0.0000   0.0000   0.0000   0.0020   0.0000   0.0000   0.0000
  -0.0078   0.0000   0.0000   0.0000   0.8595   0.0000   0.0000  -0.0120   0.0000   0.0000   0.0000  -0.0074   0.0000   0.0000
   0.0000  -0.0078   0.0000   0.0000   0.0000   0.8841   0.0000   0.0000   0.0074   0.0000   0.0000   0.0000   0.0060   0.0000
   0.0000   0.0000   0.0000   0.0042   0.0000   0.0000   0.0103   0.0000   0.0000   0.0000  -0.0006   0.0000   0.0000   0.0000
  -0.0060   0.0000   0.0000   0.0000  -0.0120   0.0000   0.0000   0.0121   0.0000   0.0000   0.0000   0.0006   0.0000   0.0000
   0.0000   0.0074   0.0000   0.0000   0.0000   0.0074   0.0000   0.0000   0.0106   0.0000   0.0000   0.0000   0.0006   0.0000
   0.0000   0.0000  -0.0020   0.0000   0.0000   0.0000   0.0000   0.0000   0.0000   0.0106   0.0000   0.0000   0.0000  -0.0006
   0.0000   0.0000   0.0000   0.0020   0.0000   0.0000  -0.0006   0.0000   0.0000   0.0000   0.0106   0.0000   0.0000   0.0000
  -0.0074   0.0000   0.0000   0.0000  -0.0074   0.0000   0.0000   0.0006   0.0000   0.0000   0.0000   0.0106   0.0000   0.0000
   0.0000   0.0120   0.0000   0.0000   0.0000   0.0060   0.0000   0.0000   0.0006   0.0000   0.0000   0.0000   0.0121   0.0000
   0.0000   0.0000  -0.0042   0.0000   0.0000   0.0000   0.0000   0.0000   0.0000  -0.0006   0.0000   0.0000   0.0000   0.0103
************  NKS  ************
 NI=  1 NI_GLOBAL=  1
   0.8761   0.8761   0.8761   0.8761   0.8761   0.8761   0.0109   0.0109   0.0109   0.0109   0.0109   0.0109   0.0109   0.0109
 NELE_LOC TOTAL:
           5.3437131620930982
              CALC_DA_BND takes  0 hours  0 minutes and    0.27 seconds (CPU).
                          takes  0 hours  0 minutes and    0.28 seconds (WALL).
************  DA-  ************
 NI=  1 NI_GLOBAL=  1
  -0.0114  -0.0135  -0.0118  -0.0118  -0.0135  -0.0114  -0.0023  -0.0027  -0.0024  -0.0024  -0.0024  -0.0024  -0.0027  -0.0023
************  DAA  ************
 NI=  1 NI_GLOBAL=  1
  -0.0122  -0.0122  -0.0122  -0.0122  -0.0122  -0.0122  -0.0025  -0.0025  -0.0025  -0.0025  -0.0025  -0.0025  -0.0025  -0.0025
 NI=  1 VDC=    1.3657
************  LA2  ************
 NI=  1 NI_GLOBAL=  1
  -2.2320  -2.2320  -2.2320  -2.2320  -2.2320  -2.2320  -2.1345  -2.1345  -2.1345  -2.1345  -2.1345  -2.1345  -2.1345  -2.1345
 NI=  1 PHI-step gap=  0.13E+00
************  RAA  ************
 NI=  1 NI_GLOBAL=  1
   0.8761   0.8761   0.8761   0.8761   0.8761   0.8761   0.8992   0.8992   0.8992   0.8992   0.8992   0.8992   0.8992   0.8992
************  NC0  ************
 NI=  1 NI_GLOBAL=  1
   0.8761   0.8761   0.8761   0.8761   0.8761   0.8761   0.0109   0.0109   0.0109   0.0109   0.0109   0.0109   0.0109   0.0109
                  CALC_LC takes  0 hours  8 minutes and   23.66 seconds (CPU).
                          takes  0 hours  8 minutes and   23.58 seconds (WALL).
                GUTZ_FCN1 takes  0 hours  8 minutes and   26.09 seconds (CPU).
                          takes  0 hours  8 minutes and   25.04 seconds (WALL).
************  DIF_X  ************
   -0.000000012151   -0.000000006031
    0.000000003808    0.000000000671
 ITER1=  4 MAXERR=    0.00000001
************   WH%X  ************
    0.87613013    0.89917287
    0.79204372    0.96856356
************  RIN  ************
 NI=  1 NI_GLOBAL=  1
   0.8761   0.8761   0.8761   0.8761   0.8761   0.8761   0.8992   0.8992   0.8992   0.8992   0.8992   0.8992   0.8992   0.8992
************  LA1  ************
 NI=  1 NI_GLOBAL=  1
   0.7920   0.7920   0.7920   0.7920   0.7920   0.7920   0.9686   0.9686   0.9686   0.9686   0.9686   0.9686   0.9686   0.9686
             CALC_BAND_AL takes  0 hours  0 minutes and    1.65 seconds (CPU).
                          takes  0 hours  0 minutes and    0.84 seconds (WALL).
 ILOOP            1
 ILOOP            2
   FERMI ENERGY AT   0.799314119928765     
   SUM RULE OF TETRAHEDRON INTEGRATION CHECKED 
   number of occupied bands:          18
   highest energy:  0.827209529148971     
************  NK-  ************
 NI=  1 NI_GLOBAL=  1
   0.8841   0.8595   0.8846   0.8846   0.8595   0.8841   0.0103   0.0121   0.0106   0.0106   0.0106   0.0106   0.0121   0.0103
************  NNK  ************
 NI=  1 NI_GLOBAL=  1
   0.8841   0.0000   0.0000   0.0000  -0.0078   0.0000   0.0000  -0.0060   0.0000   0.0000   0.0000  -0.0074   0.0000   0.0000
   0.0000   0.8595   0.0000   0.0000   0.0000  -0.0078   0.0000   0.0000   0.0074   0.0000   0.0000   0.0000   0.0120   0.0000
   0.0000   0.0000   0.8846   0.0000   0.0000   0.0000   0.0000   0.0000   0.0000  -0.0020   0.0000   0.0000   0.0000  -0.0042
   0.0000   0.0000   0.0000   0.8846   0.0000   0.0000   0.0042   0.0000   0.0000   0.0000   0.0020   0.0000   0.0000   0.0000
  -0.0078   0.0000   0.0000   0.0000   0.8595   0.0000   0.0000  -0.0120   0.0000   0.0000   0.0000  -0.0074   0.0000   0.0000
   0.0000  -0.0078   0.0000   0.0000   0.0000   0.8841   0.0000   0.0000   0.0074   0.0000   0.0000   0.0000   0.0060   0.0000
   0.0000   0.0000   0.0000   0.0042   0.0000   0.0000   0.0103   0.0000   0.0000   0.0000  -0.0006   0.0000   0.0000   0.0000
  -0.0060   0.0000   0.0000   0.0000  -0.0120   0.0000   0.0000   0.0121   0.0000   0.0000   0.0000   0.0006   0.0000   0.0000
   0.0000   0.0074   0.0000   0.0000   0.0000   0.0074   0.0000   0.0000   0.0106   0.0000   0.0000   0.0000   0.0006   0.0000
   0.0000   0.0000  -0.0020   0.0000   0.0000   0.0000   0.0000   0.0000   0.0000   0.0106   0.0000   0.0000   0.0000  -0.0006
   0.0000   0.0000   0.0000   0.0020   0.0000   0.0000  -0.0006   0.0000   0.0000   0.0000   0.0106   0.0000   0.0000   0.0000
  -0.0074   0.0000   0.0000   0.0000  -0.0074   0.0000   0.0000   0.0006   0.0000   0.0000   0.0000   0.0106   0.0000   0.0000
   0.0000   0.0120   0.0000   0.0000   0.0000   0.0060   0.0000   0.0000   0.0006   0.0000   0.0000   0.0000   0.0121   0.0000
   0.0000   0.0000  -0.0042   0.0000   0.0000   0.0000   0.0000   0.0000   0.0000  -0.0006   0.0000   0.0000   0.0000   0.0103
************  NKS  ************
 NI=  1 NI_GLOBAL=  1
   0.8761   0.8761   0.8761   0.8761   0.8761   0.8761   0.0109   0.0109   0.0109   0.0109   0.0109   0.0109   0.0109   0.0109
 NELE_LOC TOTAL:
           5.3437131876661388
              CALC_DA_BND takes  0 hours  0 minutes and    0.27 seconds (CPU).
                          takes  0 hours  0 minutes and    0.27 seconds (WALL).
************  DA-  ************
 NI=  1 NI_GLOBAL=  1
  -0.0114  -0.0135  -0.0118  -0.0118  -0.0135  -0.0114  -0.0023  -0.0027  -0.0024  -0.0024  -0.0024  -0.0024  -0.0027  -0.0023
************  DAA  ************
 NI=  1 NI_GLOBAL=  1
  -0.0122  -0.0122  -0.0122  -0.0122  -0.0122  -0.0122  -0.0025  -0.0025  -0.0025  -0.0025  -0.0025  -0.0025  -0.0025  -0.0025
 NI=  1 VDC=    1.3657
************  LA2  ************
 NI=  1 NI_GLOBAL=  1
  -2.2320  -2.2320  -2.2320  -2.2320  -2.2320  -2.2320  -2.1345  -2.1345  -2.1345  -2.1345  -2.1345  -2.1345  -2.1345  -2.1345
 NI=  1 PHI-step gap=  0.13E+00
************  RAA  ************
 NI=  1 NI_GLOBAL=  1
   0.8761   0.8761   0.8761   0.8761   0.8761   0.8761   0.8992   0.8992   0.8992   0.8992   0.8992   0.8992   0.8992   0.8992
************  NC0  ************
 NI=  1 NI_GLOBAL=  1
   0.8761   0.8761   0.8761   0.8761   0.8761   0.8761   0.0109   0.0109   0.0109   0.0109   0.0109   0.0109   0.0109   0.0109
                  CALC_LC takes  0 hours  8 minutes and   23.13 seconds (CPU).
                          takes  0 hours  8 minutes and   23.04 seconds (WALL).
                GUTZ_FCN1 takes  0 hours  8 minutes and   25.56 seconds (CPU).
                          takes  0 hours  8 minutes and   24.48 seconds (WALL).
************  DIF_X  ************
   -0.000000000858   -0.000000000487
    0.000000000270    0.000000000050
 ITER1=  5 MAXERR=    0.00000000
 NFJAC=   0
 SOLVE1 FINISHED WITH       5 ITERATIONS.
               GUTZ_SOLVE takes  0 hours 41 minutes and   12.26 seconds (CPU).
                          takes  0 hours 41 minutes and    7.21 seconds (WALL).
 MAX. NELF1 DIFF=    0.00308531
               CALC_PJRHO takes  0 hours  0 minutes and    0.53 seconds (CPU).
                          takes  0 hours  0 minutes and    0.40 seconds (WALL).
 NI=  1 SUM_PHY-SUM_KS=      0.00000000 WOULD BE RENORMALIZED
************  NC1  ************
 NI=  1 NI_GLOBAL=  1
   0.8538   0.8538   0.8538   0.8538   0.8538   0.8538   0.0276   0.0276   0.0276   0.0276   0.0276   0.0276   0.0276   0.0276
               CALC_NCPHY takes  0 hours  0 minutes and   50.22 seconds (CPU).
                          takes  0 hours  0 minutes and   50.07 seconds (WALL).
 GYZ%PJ%EGAMM:
     7.76953
 ENG%GAMM:     7.76953
 ENG%POT2:     3.22322
 EDCLA1(NI) ARRAY:
    -4.248
 EDCUJ(NI) ARRAY:
    -3.294
 EDCUJV(NI) ARRAY:
    -7.298
 EDC(NI) ARRAY:
    -7.542
 ENG%DBLC:    -7.54170
 ENG%DC1 :    -4.24786
 ENG%DC2 :    -3.29384
 ENG%DC2V:    -7.29787
 DC_E_STD_TO_E_V:    -4.00403
 ENG%BAND:    -2.67120
 ENG%DL(DEEP LEVEL):    -8.70224
 ENG%TB=    -2.44337
 ENG%TB-DC2=     0.85047
 NI=  1 OCC_CONFIG_WEIGHT:
        OCC= 0 WEIGHT=   0.00000
        OCC= 1 WEIGHT=   0.00000
        OCC= 2 WEIGHT=   0.00001
        OCC= 3 WEIGHT=   0.00115
        OCC= 4 WEIGHT=   0.05738
        OCC= 5 WEIGHT=   0.54780
        OCC= 6 WEIGHT=   0.38400
        OCC= 7 WEIGHT=   0.00961
        OCC= 8 WEIGHT=   0.00006
        OCC= 9 WEIGHT=   0.00000
                 CALC_RCW takes  0 hours  0 minutes and    0.00 seconds (CPU).
                          takes  0 hours  0 minutes and    0.00 seconds (WALL).
 NI=  1 J2=    7.5356
                 CALC_SLJ takes  0 hours  0 minutes and    0.00 seconds (CPU).
                          takes  0 hours  0 minutes and    0.00 seconds (WALL).
 NI=  1 ENTANGLEMENT ENTROPY=      2.6058
           CALC_ENTANGLES takes  0 hours  0 minutes and    1.08 seconds (CPU).
                          takes  0 hours  0 minutes and    1.04 seconds (WALL).
 CORRELATED SUBSPACE, SUM_FERWT=      8.0000000 SUM_KSWT=      8.0000000
 MAX OFF DIAGONAL KS.WT=    0.000648
 MAX/MIN R=    0.899173    0.876130
                CALC_KSWT takes  0 hours  0 minutes and    0.06 seconds (CPU).
                          takes  0 hours  0 minutes and    0.02 seconds (WALL).
                    TOTAL takes  0 hours 43 minutes and    9.00 seconds (CPU).
                          takes  0 hours 43 minutes and    8.38 seconds (WALL).
