******Program DMFT: Computes Gloc and Delta for Dynamical Mean Field Theory calculation ******
 CALCULATION WITH COMPLEX VECTORS
 CALCULATION WITH SOC VECTORS REQUIRED
 Running DMFT in mpi mode
  
 numkpt=         286
   0.00000   0.00000   0.00000   1.00000
   0.04762   0.04762   0.00000  12.00000
   0.09524   0.09524   0.00000  12.00000
   0.14286   0.14286   0.00000  12.00000
   0.19048   0.19048   0.00000  12.00000
   0.23810   0.23810   0.00000  12.00000
   0.28571   0.28571   0.00000  12.00000
   0.33333   0.33333   0.00000  12.00000
   0.38095   0.38095   0.00000  12.00000
   0.42857   0.42857   0.00000  12.00000
   0.47619   0.47619   0.00000  12.00000
   0.09524   0.04762   0.04762  24.00000
   0.14286   0.09524   0.04762  48.00000
   0.19048   0.14286   0.04762  48.00000
   0.23810   0.19048   0.04762  48.00000
   0.28571   0.23810   0.04762  48.00000
   0.33333   0.28571   0.04762  48.00000
   0.38095   0.33333   0.04762  48.00000
   0.42857   0.38095   0.04762  48.00000
   0.47619   0.42857   0.04762  48.00000
   0.52381   0.47619   0.04762  24.00000
   0.19048   0.09524   0.09524  24.00000
   0.23810   0.14286   0.09524  48.00000
   0.28571   0.19048   0.09524  48.00000
   0.33333   0.23810   0.09524  48.00000
   0.38095   0.28571   0.09524  48.00000
   0.42857   0.33333   0.09524  48.00000
   0.47619   0.38095   0.09524  48.00000
   0.52381   0.42857   0.09524  48.00000
   0.28571   0.14286   0.14286  24.00000
   0.33333   0.19048   0.14286  48.00000
   0.38095   0.23810   0.14286  48.00000
   0.42857   0.28571   0.14286  48.00000
   0.47619   0.33333   0.14286  48.00000
   0.52381   0.38095   0.14286  48.00000
   0.57143   0.42857   0.14286  24.00000
   0.38095   0.19048   0.19048  24.00000
   0.42857   0.23810   0.19048  48.00000
   0.47619   0.28571   0.19048  48.00000
   0.52381   0.33333   0.19048  48.00000
   0.57143   0.38095   0.19048  48.00000
   0.47619   0.23810   0.23810  24.00000
   0.52381   0.28571   0.23810  48.00000
   0.57143   0.33333   0.23810  48.00000
   0.61905   0.38095   0.23810  24.00000
   0.57143   0.28571   0.28571  24.00000
   0.61905   0.33333   0.28571  48.00000
   0.66667   0.33333   0.33333   8.00000
   0.09524   0.09524   0.09524   8.00000
   0.14286   0.14286   0.09524  24.00000
   0.19048   0.19048   0.09524  24.00000
   0.23810   0.23810   0.09524  24.00000
   0.28571   0.28571   0.09524  24.00000
   0.33333   0.33333   0.09524  24.00000
   0.38095   0.38095   0.09524  24.00000
   0.42857   0.42857   0.09524  24.00000
   0.47619   0.47619   0.09524  24.00000
   1.00000   1.00000   0.09524   6.00000
   0.19048   0.14286   0.14286  24.00000
   0.23810   0.19048   0.14286  48.00000
   0.28571   0.23810   0.14286  48.00000
   0.33333   0.28571   0.14286  48.00000
   0.38095   0.33333   0.14286  48.00000
   0.42857   0.38095   0.14286  48.00000
   0.47619   0.42857   0.14286  48.00000
   0.52381   0.47619   0.14286  24.00000
   1.00000   0.95238   0.14286  24.00000
   0.28571   0.19048   0.19048  24.00000
   0.33333   0.23810   0.19048  48.00000
   0.38095   0.28571   0.19048  48.00000
   0.42857   0.33333   0.19048  48.00000
   0.47619   0.38095   0.19048  48.00000
   0.52381   0.42857   0.19048  48.00000
   1.00000   0.90476   0.19048  24.00000
   1.04762   0.95238   0.19048  24.00000
   0.38095   0.23810   0.23810  24.00000
   0.42857   0.28571   0.23810  48.00000
   0.47619   0.33333   0.23810  48.00000
   0.52381   0.38095   0.23810  48.00000
   0.57143   0.42857   0.23810  24.00000
   1.00000   0.85714   0.23810  24.00000
   1.04762   0.90476   0.23810  48.00000
   0.47619   0.28571   0.28571  24.00000
   0.52381   0.33333   0.28571  48.00000
   0.57143   0.38095   0.28571  48.00000
   1.00000   0.80952   0.28571  24.00000
   1.04762   0.85714   0.28571  48.00000
   1.09524   0.90476   0.28571  24.00000
   0.57143   0.33333   0.33333  24.00000
   0.61905   0.38095   0.33333  24.00000
   1.00000   0.76190   0.33333  24.00000
   1.04762   0.80952   0.33333  48.00000
   1.09524   0.85714   0.33333  48.00000
   1.00000   0.71429   0.38095  24.00000
   1.04762   0.76190   0.38095  48.00000
   1.09524   0.80952   0.38095  48.00000
   1.14286   0.85714   0.38095  24.00000
   1.00000   0.66667   0.42857  24.00000
   1.04762   0.71429   0.42857  48.00000
   1.09524   0.76190   0.42857  48.00000
   1.14286   0.80952   0.42857  48.00000
   1.00000   0.61905   0.47619  24.00000
   1.04762   0.66667   0.47619  48.00000
   1.09524   0.71429   0.47619  48.00000
   1.14286   0.76190   0.47619  48.00000
   1.19048   0.80952   0.47619  24.00000
   1.00000   0.57143   0.52381  24.00000
   1.04762   0.61905   0.52381  48.00000
   1.09524   0.66667   0.52381  48.00000
   1.14286   0.71429   0.52381  48.00000
   1.19048   0.76190   0.52381  48.00000
   1.04762   0.57143   0.57143  24.00000
   1.09524   0.61905   0.57143  48.00000
   1.14286   0.66667   0.57143  48.00000
   1.19048   0.71429   0.57143  48.00000
   1.23810   0.76190   0.57143  24.00000
   1.14286   0.61905   0.61905  24.00000
   1.19048   0.66667   0.61905  48.00000
   1.23810   0.71429   0.61905  48.00000
   1.23810   0.66667   0.66667  24.00000
   1.28571   0.71429   0.66667  24.00000
   0.19048   0.19048   0.19048   8.00000
   0.23810   0.23810   0.19048  24.00000
   0.28571   0.28571   0.19048  24.00000
   0.33333   0.33333   0.19048  24.00000
   0.38095   0.38095   0.19048  24.00000
   0.42857   0.42857   0.19048  24.00000
   0.47619   0.47619   0.19048  24.00000
   1.00000   1.00000   0.19048   6.00000
   0.28571   0.23810   0.23810  24.00000
   0.33333   0.28571   0.23810  48.00000
   0.38095   0.33333   0.23810  48.00000
   0.42857   0.38095   0.23810  48.00000
   0.47619   0.42857   0.23810  48.00000
   0.52381   0.47619   0.23810  24.00000
   1.00000   0.95238   0.23810  24.00000
   0.38095   0.28571   0.28571  24.00000
   0.42857   0.33333   0.28571  48.00000
   0.47619   0.38095   0.28571  48.00000
   0.52381   0.42857   0.28571  48.00000
   1.00000   0.90476   0.28571  24.00000
   1.04762   0.95238   0.28571  24.00000
   0.47619   0.33333   0.33333  24.00000
   0.52381   0.38095   0.33333  48.00000
   0.57143   0.42857   0.33333  24.00000
   1.00000   0.85714   0.33333  24.00000
   1.04762   0.90476   0.33333  48.00000
   0.57143   0.38095   0.38095  24.00000
   1.00000   0.80952   0.38095  24.00000
   1.04762   0.85714   0.38095  48.00000
   1.09524   0.90476   0.38095  24.00000
   1.00000   0.76190   0.42857  24.00000
   1.04762   0.80952   0.42857  48.00000
   1.09524   0.85714   0.42857  48.00000
   1.00000   0.71429   0.47619  24.00000
   1.04762   0.76190   0.47619  48.00000
   1.09524   0.80952   0.47619  48.00000
   1.14286   0.85714   0.47619  24.00000
   1.00000   0.66667   0.52381  24.00000
   1.04762   0.71429   0.52381  48.00000
   1.09524   0.76190   0.52381  48.00000
   1.14286   0.80952   0.52381  48.00000
   1.00000   0.61905   0.57143  24.00000
   1.04762   0.66667   0.57143  48.00000
   1.09524   0.71429   0.57143  48.00000
   1.14286   0.76190   0.57143  48.00000
   1.19048   0.80952   0.57143  24.00000
   1.04762   0.61905   0.61905  24.00000
   1.09524   0.66667   0.61905  48.00000
   1.14286   0.71429   0.61905  48.00000
   1.19048   0.76190   0.61905  48.00000
   1.14286   0.66667   0.66667  24.00000
   1.19048   0.71429   0.66667  48.00000
   1.23810   0.76190   0.66667  24.00000
   1.23810   0.71429   0.71429  24.00000
   0.28571   0.28571   0.28571   8.00000
   0.33333   0.33333   0.28571  24.00000
   0.38095   0.38095   0.28571  24.00000
   0.42857   0.42857   0.28571  24.00000
   0.47619   0.47619   0.28571  24.00000
   1.00000   1.00000   0.28571   6.00000
   0.38095   0.33333   0.33333  24.00000
   0.42857   0.38095   0.33333  48.00000
   0.47619   0.42857   0.33333  48.00000
   0.52381   0.47619   0.33333  24.00000
   1.00000   0.95238   0.33333  24.00000
   0.47619   0.38095   0.38095  24.00000
   0.52381   0.42857   0.38095  48.00000
   1.00000   0.90476   0.38095  24.00000
   1.04762   0.95238   0.38095  24.00000
   0.57143   0.42857   0.42857   8.00000
   1.00000   0.85714   0.42857  24.00000
   1.04762   0.90476   0.42857  48.00000
   1.00000   0.80952   0.47619  24.00000
   1.04762   0.85714   0.47619  48.00000
   1.09524   0.90476   0.47619  24.00000
   1.00000   0.76190   0.52381  24.00000
   1.04762   0.80952   0.52381  48.00000
   1.09524   0.85714   0.52381  48.00000
   1.00000   0.71429   0.57143  24.00000
   1.04762   0.76190   0.57143  48.00000
   1.09524   0.80952   0.57143  48.00000
   1.14286   0.85714   0.57143  24.00000
   1.00000   0.66667   0.61905  24.00000
   1.04762   0.71429   0.61905  48.00000
   1.09524   0.76190   0.61905  48.00000
   1.14286   0.80952   0.61905  48.00000
   1.04762   0.66667   0.66667  24.00000
   1.09524   0.71429   0.66667  48.00000
   1.14286   0.76190   0.66667  48.00000
   1.19048   0.80952   0.66667  24.00000
   1.14286   0.71429   0.71429  24.00000
   1.19048   0.76190   0.71429  48.00000
   1.23810   0.76190   0.76190   8.00000
   0.38095   0.38095   0.38095   8.00000
   0.42857   0.42857   0.38095  24.00000
   0.47619   0.47619   0.38095  24.00000
   1.00000   1.00000   0.38095   6.00000
   0.47619   0.42857   0.42857  24.00000
   0.52381   0.47619   0.42857  24.00000
   1.00000   0.95238   0.42857  24.00000
   1.00000   0.90476   0.47619  24.00000
   1.04762   0.95238   0.47619  24.00000
   1.00000   0.85714   0.52381  24.00000
   1.04762   0.90476   0.52381  48.00000
   1.00000   0.80952   0.57143  24.00000
   1.04762   0.85714   0.57143  48.00000
   1.09524   0.90476   0.57143  24.00000
   1.00000   0.76190   0.61905  24.00000
   1.04762   0.80952   0.61905  48.00000
   1.09524   0.85714   0.61905  48.00000
   1.00000   0.71429   0.66667  24.00000
   1.04762   0.76190   0.66667  48.00000
   1.09524   0.80952   0.66667  48.00000
   1.14286   0.85714   0.66667  24.00000
   1.04762   0.71429   0.71429  24.00000
   1.09524   0.76190   0.71429  48.00000
   1.14286   0.80952   0.71429  48.00000
   1.14286   0.76190   0.76190  24.00000
   1.19048   0.80952   0.76190  24.00000
   0.47619   0.47619   0.47619   8.00000
   1.00000   1.00000   0.47619   6.00000
   1.00000   0.95238   0.52381  24.00000
   1.00000   0.90476   0.57143  24.00000
   1.04762   0.95238   0.57143  24.00000
   1.00000   0.85714   0.61905  24.00000
   1.04762   0.90476   0.61905  48.00000
   1.00000   0.80952   0.66667  24.00000
   1.04762   0.85714   0.66667  48.00000
   1.09524   0.90476   0.66667  24.00000
   1.00000   0.76190   0.71429  24.00000
   1.04762   0.80952   0.71429  48.00000
   1.09524   0.85714   0.71429  48.00000
   1.04762   0.76190   0.76190  24.00000
   1.09524   0.80952   0.76190  48.00000
   1.14286   0.85714   0.76190  24.00000
   1.14286   0.80952   0.80952  24.00000
   1.00000   1.00000   0.57143   6.00000
   1.00000   0.95238   0.61905  24.00000
   1.00000   0.90476   0.66667  24.00000
   1.04762   0.95238   0.66667  24.00000
   1.00000   0.85714   0.71429  24.00000
   1.04762   0.90476   0.71429  48.00000
   1.00000   0.80952   0.76190  24.00000
   1.04762   0.85714   0.76190  48.00000
   1.09524   0.90476   0.76190  24.00000
   1.04762   0.80952   0.80952  24.00000
   1.09524   0.85714   0.80952  48.00000
   1.14286   0.85714   0.85714   8.00000
   1.00000   1.00000   0.66667   6.00000
   1.00000   0.95238   0.71429  24.00000
   1.00000   0.90476   0.76190  24.00000
   1.04762   0.95238   0.76190  24.00000
   1.00000   0.85714   0.80952  24.00000
   1.04762   0.90476   0.80952  48.00000
   1.04762   0.85714   0.85714  24.00000
   1.09524   0.90476   0.85714  24.00000
   1.00000   1.00000   0.76190   6.00000
   1.00000   0.95238   0.80952  24.00000
   1.00000   0.90476   0.85714  24.00000
   1.04762   0.95238   0.85714  24.00000
   1.04762   0.90476   0.90476  24.00000
   1.00000   1.00000   0.85714   6.00000
   1.00000   0.95238   0.90476  24.00000
   1.04762   0.95238   0.95238   8.00000
   1.00000   1.00000   0.95238   6.00000




                              --------------------------------------------------
                                 S T R U C T U R A L   I N F O R M A T I O N
                              --------------------------------------------------


   SUBSTANCE                    = cubic body-centered  (epsilon Pu)                                               

   LATTICE                      = B   
   LATTICE CONSTANTS ARE        =    6.0613620   6.0613620   6.0613620
   NUMBER OF ATOMS IN UNITCELL  =   1
   MODE OF CALCULATION IS       = RELA
 IORD=          48
 FNAMES=
 ./epsilon_Pu_2.vectorso_1                                                      
                                                                                
                                           
 ./epsilon_Pu_2.vectorsodn_1                                                    
                                                                                
                                           
 epsilon_Pu_2.energyso_1                                                        
                                                                                
                                           
 epsilon_Pu_2.energysodn_1                                                      
                                                                                
                                           
  BR1,  BR2
   1.03660   0.00000   0.00000      0.00000   1.03660   1.03660
   0.00000   1.03660   0.00000      1.03660   0.00000   1.03660
   0.00000   0.00000   1.03660      1.03660   1.03660   0.00000
 projector corrected--must be 1,2, or 3! Now projector= 2
 Energy window:   -0.4410 < E <      0.441
 Projected density of states calculation for  1 atoms
--------- atom  1 -------------
l=  3  qsplit=  4
 Symmetrization over eq. k-points is performed
 ********** Start Reading Cix file *************
  Correlated block number           1
  Correlated index=
  1  0  0  0  0  0  0  0  0  0  0  0  0  0
  0  1  0  0  0  0  0  0  0  0  0  0  0  0
  0  0  1  0  0  0  0  0  0  0  0  0  0  0
  0  0  0  1  0  0  0  0  0  0  0  0  0  0
  0  0  0  0  1  0  0  0  0  0  0  0  0  0
  0  0  0  0  0  1  0  0  0  0  0  0  0  0
  0  0  0  0  0  0  2  0  0  0  0  0  0  0
  0  0  0  0  0  0  0  2  0  0  0  0  0  0
  0  0  0  0  0  0  0  0  2  0  0  0  0  0
  0  0  0  0  0  0  0  0  0  2  0  0  0  0
  0  0  0  0  0  0  0  0  0  0  2  0  0  0
  0  0  0  0  0  0  0  0  0  0  0  2  0  0
  0  0  0  0  0  0  0  0  0  0  0  0  2  0
  0  0  0  0  0  0  0  0  0  0  0  0  0  2
  Real part of unitary matrix=
  0.9258  0.0000  0.0000  0.0000  0.0000  0.0000  0.0000  0.0000 -0.3780  0.0000  0.0000  0.0000  0.0000  0.0000
  0.0000  0.8452  0.0000  0.0000  0.0000  0.0000  0.0000  0.0000  0.0000 -0.5345  0.0000  0.0000  0.0000  0.0000
  0.0000  0.0000  0.7559  0.0000  0.0000  0.0000  0.0000  0.0000  0.0000  0.0000 -0.6547  0.0000  0.0000  0.0000
  0.0000  0.0000  0.0000  0.6547  0.0000  0.0000  0.0000  0.0000  0.0000  0.0000  0.0000 -0.7559  0.0000  0.0000
  0.0000  0.0000  0.0000  0.0000  0.5345  0.0000  0.0000  0.0000  0.0000  0.0000  0.0000  0.0000 -0.8452  0.0000
  0.0000  0.0000  0.0000  0.0000  0.0000  0.3780  0.0000  0.0000  0.0000  0.0000  0.0000  0.0000  0.0000 -0.9258
  0.0000  0.0000  0.0000  0.0000  0.0000  0.0000  0.0000  1.0000  0.0000  0.0000  0.0000  0.0000  0.0000  0.0000
  0.3780  0.0000  0.0000  0.0000  0.0000  0.0000  0.0000  0.0000  0.9258  0.0000  0.0000  0.0000  0.0000  0.0000
  0.0000  0.5345  0.0000  0.0000  0.0000  0.0000  0.0000  0.0000  0.0000  0.8452  0.0000  0.0000  0.0000  0.0000
  0.0000  0.0000  0.6547  0.0000  0.0000  0.0000  0.0000  0.0000  0.0000  0.0000  0.7559  0.0000  0.0000  0.0000
  0.0000  0.0000  0.0000  0.7559  0.0000  0.0000  0.0000  0.0000  0.0000  0.0000  0.0000  0.6547  0.0000  0.0000
  0.0000  0.0000  0.0000  0.0000  0.8452  0.0000  0.0000  0.0000  0.0000  0.0000  0.0000  0.0000  0.5345  0.0000
  0.0000  0.0000  0.0000  0.0000  0.0000  0.9258  0.0000  0.0000  0.0000  0.0000  0.0000  0.0000  0.0000  0.3780
  0.0000  0.0000  0.0000  0.0000  0.0000  0.0000  1.0000  0.0000  0.0000  0.0000  0.0000  0.0000  0.0000  0.0000
  Imaginary part of unitary matrix=
  0.0000  0.0000  0.0000  0.0000  0.0000  0.0000  0.0000  0.0000  0.0000  0.0000  0.0000  0.0000  0.0000  0.0000
  0.0000  0.0000  0.0000  0.0000  0.0000  0.0000  0.0000  0.0000  0.0000  0.0000  0.0000  0.0000  0.0000  0.0000
  0.0000  0.0000  0.0000  0.0000  0.0000  0.0000  0.0000  0.0000  0.0000  0.0000  0.0000  0.0000  0.0000  0.0000
  0.0000  0.0000  0.0000  0.0000  0.0000  0.0000  0.0000  0.0000  0.0000  0.0000  0.0000  0.0000  0.0000  0.0000
  0.0000  0.0000  0.0000  0.0000  0.0000  0.0000  0.0000  0.0000  0.0000  0.0000  0.0000  0.0000  0.0000  0.0000
  0.0000  0.0000  0.0000  0.0000  0.0000  0.0000  0.0000  0.0000  0.0000  0.0000  0.0000  0.0000  0.0000  0.0000
  0.0000  0.0000  0.0000  0.0000  0.0000  0.0000  0.0000  0.0000  0.0000  0.0000  0.0000  0.0000  0.0000  0.0000
  0.0000  0.0000  0.0000  0.0000  0.0000  0.0000  0.0000  0.0000  0.0000  0.0000  0.0000  0.0000  0.0000  0.0000
  0.0000  0.0000  0.0000  0.0000  0.0000  0.0000  0.0000  0.0000  0.0000  0.0000  0.0000  0.0000  0.0000  0.0000
  0.0000  0.0000  0.0000  0.0000  0.0000  0.0000  0.0000  0.0000  0.0000  0.0000  0.0000  0.0000  0.0000  0.0000
  0.0000  0.0000  0.0000  0.0000  0.0000  0.0000  0.0000  0.0000  0.0000  0.0000  0.0000  0.0000  0.0000  0.0000
  0.0000  0.0000  0.0000  0.0000  0.0000  0.0000  0.0000  0.0000  0.0000  0.0000  0.0000  0.0000  0.0000  0.0000
  0.0000  0.0000  0.0000  0.0000  0.0000  0.0000  0.0000  0.0000  0.0000  0.0000  0.0000  0.0000  0.0000  0.0000
  0.0000  0.0000  0.0000  0.0000  0.0000  0.0000  0.0000  0.0000  0.0000  0.0000  0.0000  0.0000  0.0000  0.0000
  At least one transformation matrix is not Identity
 Magnetic system with s-o coupling; M theta, phi:  0.0000  0.0000
 Inside ROTDEF
Operation  1 transforms atom   1 from first atom   1
Actual position of atom  1 is:  0.000000    0.000000    0.000000
 
Combined transformation (acting on k-point) for correlated atoms
including users rotation and internal local rotation
catom  1 atom   1
   1.03660   0.00000   0.00000
   0.00000  -1.03660   0.00000
   0.00000   0.00000  -1.03660
 
 
 SPIN COORD SYSTEM:
    1.000000    0.000000    0.000000
    0.000000    1.000000    0.000000
    0.000000    0.000000    1.000000
 
 in global cartezian coordinates:
    1.000000    0.000000    0.000000
    0.000000   -1.000000    0.000000
    0.000000    0.000000   -1.000000
 ____________________________
 in spin coordinates:
    1.000000    0.000000    0.000000
    0.000000   -1.000000    0.000000
    0.000000    0.000000   -1.000000
           1   3.14159265358979       -1.00000000000000     
 
 in global cartezian coordinates:
    0.000000    1.000000    0.000000
   -1.000000    0.000000    0.000000
    0.000000    0.000000   -1.000000
 ____________________________
 in spin coordinates:
    0.000000    1.000000    0.000000
   -1.000000    0.000000    0.000000
    0.000000    0.000000   -1.000000
           2   1.57079632679490        1.00000000000000     
 
 in global cartezian coordinates:
    1.000000    0.000000    0.000000
    0.000000    0.000000   -1.000000
    0.000000   -1.000000    0.000000
 ____________________________
 in spin coordinates:
    1.000000    0.000000    0.000000
    0.000000    0.000000   -1.000000
    0.000000   -1.000000    0.000000
           3   1.57079632679490       0.000000000000000E+000
 
 symm. operation            3  removed !!!! so-det=  0.000000000000000E+000
 in global cartezian coordinates:
    0.000000    0.000000    1.000000
   -1.000000    0.000000    0.000000
    0.000000   -1.000000    0.000000
 ____________________________
 in spin coordinates:
    0.000000    0.000000    1.000000
   -1.000000    0.000000    0.000000
    0.000000   -1.000000    0.000000
           4   1.57079632679490       0.000000000000000E+000
 
 symm. operation            4  removed !!!! so-det=  0.000000000000000E+000
 in global cartezian coordinates:
    0.000000    1.000000    0.000000
    0.000000    0.000000   -1.000000
   -1.000000    0.000000    0.000000
 ____________________________
 in spin coordinates:
    0.000000    1.000000    0.000000
    0.000000    0.000000   -1.000000
   -1.000000    0.000000    0.000000
           5 NaN                      0.000000000000000E+000
 
 symm. operation            5  removed !!!! so-det=  0.000000000000000E+000
 in global cartezian coordinates:
    0.000000    0.000000    1.000000
    0.000000   -1.000000    0.000000
   -1.000000    0.000000    0.000000
 ____________________________
 in spin coordinates:
    0.000000    0.000000    1.000000
    0.000000   -1.000000    0.000000
   -1.000000    0.000000    0.000000
           6   1.57079632679490       0.000000000000000E+000
 
 symm. operation            6  removed !!!! so-det=  0.000000000000000E+000
 in global cartezian coordinates:
   -1.000000    0.000000    0.000000
    0.000000   -1.000000    0.000000
    0.000000    0.000000   -1.000000
 ____________________________
 in spin coordinates:
   -1.000000    0.000000    0.000000
    0.000000   -1.000000    0.000000
    0.000000    0.000000   -1.000000
           7  0.000000000000000E+000   1.00000000000000     
 
 in global cartezian coordinates:
    0.000000    1.000000    0.000000
    1.000000    0.000000    0.000000
    0.000000    0.000000   -1.000000
 ____________________________
 in spin coordinates:
    0.000000    1.000000    0.000000
    1.000000    0.000000    0.000000
    0.000000    0.000000   -1.000000
           8   1.57079632679490       -1.00000000000000     
 
 in global cartezian coordinates:
   -1.000000    0.000000    0.000000
    0.000000    0.000000   -1.000000
    0.000000   -1.000000    0.000000
 ____________________________
 in spin coordinates:
   -1.000000    0.000000    0.000000
    0.000000    0.000000   -1.000000
    0.000000   -1.000000    0.000000
           9   1.57079632679490       0.000000000000000E+000
 
 symm. operation            9  removed !!!! so-det=  0.000000000000000E+000
 in global cartezian coordinates:
    0.000000    0.000000    1.000000
    1.000000    0.000000    0.000000
    0.000000   -1.000000    0.000000
 ____________________________
 in spin coordinates:
    0.000000    0.000000    1.000000
    1.000000    0.000000    0.000000
    0.000000   -1.000000    0.000000
          10   1.57079632679490       0.000000000000000E+000
 
 symm. operation           10  removed !!!! so-det=  0.000000000000000E+000
 in global cartezian coordinates:
    0.000000    1.000000    0.000000
    0.000000    0.000000   -1.000000
    1.000000    0.000000    0.000000
 ____________________________
 in spin coordinates:
    0.000000    1.000000    0.000000
    0.000000    0.000000   -1.000000
    1.000000    0.000000    0.000000
          11 NaN                      0.000000000000000E+000
 
 symm. operation           11  removed !!!! so-det=  0.000000000000000E+000
 in global cartezian coordinates:
    0.000000    0.000000    1.000000
    0.000000   -1.000000    0.000000
    1.000000    0.000000    0.000000
 ____________________________
 in spin coordinates:
    0.000000    0.000000    1.000000
    0.000000   -1.000000    0.000000
    1.000000    0.000000    0.000000
          12   1.57079632679490       0.000000000000000E+000
 
 symm. operation           12  removed !!!! so-det=  0.000000000000000E+000
 in global cartezian coordinates:
    0.000000   -1.000000    0.000000
   -1.000000    0.000000    0.000000
    0.000000    0.000000   -1.000000
 ____________________________
 in spin coordinates:
    0.000000   -1.000000    0.000000
   -1.000000    0.000000    0.000000
    0.000000    0.000000   -1.000000
          13   4.71238898038469       -1.00000000000000     
 
 in global cartezian coordinates:
    1.000000    0.000000    0.000000
    0.000000    1.000000    0.000000
    0.000000    0.000000   -1.000000
 ____________________________
 in spin coordinates:
    1.000000    0.000000    0.000000
    0.000000    1.000000    0.000000
    0.000000    0.000000   -1.000000
          14   3.14159274101257        1.00000000000000     
 
 in global cartezian coordinates:
    0.000000   -1.000000    0.000000
    0.000000    0.000000   -1.000000
   -1.000000    0.000000    0.000000
 ____________________________
 in spin coordinates:
    0.000000   -1.000000    0.000000
    0.000000    0.000000   -1.000000
   -1.000000    0.000000    0.000000
          15 NaN                      0.000000000000000E+000
 
 symm. operation           15  removed !!!! so-det=  0.000000000000000E+000
 in global cartezian coordinates:
    0.000000    0.000000    1.000000
    0.000000    1.000000    0.000000
   -1.000000    0.000000    0.000000
 ____________________________
 in spin coordinates:
    0.000000    0.000000    1.000000
    0.000000    1.000000    0.000000
   -1.000000    0.000000    0.000000
          16   1.57079632679490       0.000000000000000E+000
 
 symm. operation           16  removed !!!! so-det=  0.000000000000000E+000
 in global cartezian coordinates:
    1.000000    0.000000    0.000000
    0.000000    0.000000   -1.000000
    0.000000    1.000000    0.000000
 ____________________________
 in spin coordinates:
    1.000000    0.000000    0.000000
    0.000000    0.000000   -1.000000
    0.000000    1.000000    0.000000
          17   1.57079632679490       0.000000000000000E+000
 
 symm. operation           17  removed !!!! so-det=  0.000000000000000E+000
 in global cartezian coordinates:
    0.000000    0.000000    1.000000
   -1.000000    0.000000    0.000000
    0.000000    1.000000    0.000000
 ____________________________
 in spin coordinates:
    0.000000    0.000000    1.000000
   -1.000000    0.000000    0.000000
    0.000000    1.000000    0.000000
          18   1.57079632679490       0.000000000000000E+000
 
 symm. operation           18  removed !!!! so-det=  0.000000000000000E+000
 in global cartezian coordinates:
    0.000000    0.000000   -1.000000
   -1.000000    0.000000    0.000000
    0.000000   -1.000000    0.000000
 ____________________________
 in spin coordinates:
    0.000000    0.000000   -1.000000
   -1.000000    0.000000    0.000000
    0.000000   -1.000000    0.000000
          19   1.57079632679490       0.000000000000000E+000
 
 symm. operation           19  removed !!!! so-det=  0.000000000000000E+000
 in global cartezian coordinates:
    1.000000    0.000000    0.000000
    0.000000    0.000000    1.000000
    0.000000   -1.000000    0.000000
 ____________________________
 in spin coordinates:
    1.000000    0.000000    0.000000
    0.000000    0.000000    1.000000
    0.000000   -1.000000    0.000000
          20   1.57079632679490       0.000000000000000E+000
 
 symm. operation           20  removed !!!! so-det=  0.000000000000000E+000
 in global cartezian coordinates:
    0.000000    0.000000   -1.000000
    0.000000   -1.000000    0.000000
   -1.000000    0.000000    0.000000
 ____________________________
 in spin coordinates:
    0.000000    0.000000   -1.000000
    0.000000   -1.000000    0.000000
   -1.000000    0.000000    0.000000
          21   1.57079632679490       0.000000000000000E+000
 
 symm. operation           21  removed !!!! so-det=  0.000000000000000E+000
 in global cartezian coordinates:
    0.000000    1.000000    0.000000
    0.000000    0.000000    1.000000
   -1.000000    0.000000    0.000000
 ____________________________
 in spin coordinates:
    0.000000    1.000000    0.000000
    0.000000    0.000000    1.000000
   -1.000000    0.000000    0.000000
          22 NaN                      0.000000000000000E+000
 
 symm. operation           22  removed !!!! so-det=  0.000000000000000E+000
 in global cartezian coordinates:
    1.000000    0.000000    0.000000
    0.000000   -1.000000    0.000000
    0.000000    0.000000    1.000000
 ____________________________
 in spin coordinates:
    1.000000    0.000000    0.000000
    0.000000   -1.000000    0.000000
    0.000000    0.000000    1.000000
          23   6.28318539460237       -1.00000000000000     
 
 in global cartezian coordinates:
    0.000000    1.000000    0.000000
   -1.000000    0.000000    0.000000
    0.000000    0.000000    1.000000
 ____________________________
 in spin coordinates:
    0.000000    1.000000    0.000000
   -1.000000    0.000000    0.000000
    0.000000    0.000000    1.000000
          24  -1.57079632679490        1.00000000000000     
 
 in global cartezian coordinates:
    0.000000   -1.000000    0.000000
    1.000000    0.000000    0.000000
    0.000000    0.000000   -1.000000
 ____________________________
 in spin coordinates:
    0.000000   -1.000000    0.000000
    1.000000    0.000000    0.000000
    0.000000    0.000000   -1.000000
          25  -1.57079632679490        1.00000000000000     
 
 in global cartezian coordinates:
   -1.000000    0.000000    0.000000
    0.000000    1.000000    0.000000
    0.000000    0.000000   -1.000000
 ____________________________
 in spin coordinates:
   -1.000000    0.000000    0.000000
    0.000000    1.000000    0.000000
    0.000000    0.000000   -1.000000
          26   6.28318539460237       -1.00000000000000     
 
 in global cartezian coordinates:
    0.000000   -1.000000    0.000000
    0.000000    0.000000   -1.000000
    1.000000    0.000000    0.000000
 ____________________________
 in spin coordinates:
    0.000000   -1.000000    0.000000
    0.000000    0.000000   -1.000000
    1.000000    0.000000    0.000000
          27 NaN                      0.000000000000000E+000
 
 symm. operation           27  removed !!!! so-det=  0.000000000000000E+000
 in global cartezian coordinates:
    0.000000    0.000000    1.000000
    0.000000    1.000000    0.000000
    1.000000    0.000000    0.000000
 ____________________________
 in spin coordinates:
    0.000000    0.000000    1.000000
    0.000000    1.000000    0.000000
    1.000000    0.000000    0.000000
          28   1.57079632679490       0.000000000000000E+000
 
 symm. operation           28  removed !!!! so-det=  0.000000000000000E+000
 in global cartezian coordinates:
   -1.000000    0.000000    0.000000
    0.000000    0.000000   -1.000000
    0.000000    1.000000    0.000000
 ____________________________
 in spin coordinates:
   -1.000000    0.000000    0.000000
    0.000000    0.000000   -1.000000
    0.000000    1.000000    0.000000
          29   1.57079632679490       0.000000000000000E+000
 
 symm. operation           29  removed !!!! so-det=  0.000000000000000E+000
 in global cartezian coordinates:
    0.000000    0.000000    1.000000
    1.000000    0.000000    0.000000
    0.000000    1.000000    0.000000
 ____________________________
 in spin coordinates:
    0.000000    0.000000    1.000000
    1.000000    0.000000    0.000000
    0.000000    1.000000    0.000000
          30   1.57079632679490       0.000000000000000E+000
 
 symm. operation           30  removed !!!! so-det=  0.000000000000000E+000
 in global cartezian coordinates:
    0.000000    0.000000   -1.000000
    1.000000    0.000000    0.000000
    0.000000   -1.000000    0.000000
 ____________________________
 in spin coordinates:
    0.000000    0.000000   -1.000000
    1.000000    0.000000    0.000000
    0.000000   -1.000000    0.000000
          31   1.57079632679490       0.000000000000000E+000
 
 symm. operation           31  removed !!!! so-det=  0.000000000000000E+000
 in global cartezian coordinates:
   -1.000000    0.000000    0.000000
    0.000000    0.000000    1.000000
    0.000000   -1.000000    0.000000
 ____________________________
 in spin coordinates:
   -1.000000    0.000000    0.000000
    0.000000    0.000000    1.000000
    0.000000   -1.000000    0.000000
          32   1.57079632679490       0.000000000000000E+000
 
 symm. operation           32  removed !!!! so-det=  0.000000000000000E+000
 in global cartezian coordinates:
    0.000000    0.000000   -1.000000
    0.000000   -1.000000    0.000000
    1.000000    0.000000    0.000000
 ____________________________
 in spin coordinates:
    0.000000    0.000000   -1.000000
    0.000000   -1.000000    0.000000
    1.000000    0.000000    0.000000
          33   1.57079632679490       0.000000000000000E+000
 
 symm. operation           33  removed !!!! so-det=  0.000000000000000E+000
 in global cartezian coordinates:
    0.000000    1.000000    0.000000
    0.000000    0.000000    1.000000
    1.000000    0.000000    0.000000
 ____________________________
 in spin coordinates:
    0.000000    1.000000    0.000000
    0.000000    0.000000    1.000000
    1.000000    0.000000    0.000000
          34 NaN                      0.000000000000000E+000
 
 symm. operation           34  removed !!!! so-det=  0.000000000000000E+000
 in global cartezian coordinates:
   -1.000000    0.000000    0.000000
    0.000000   -1.000000    0.000000
    0.000000    0.000000    1.000000
 ____________________________
 in spin coordinates:
   -1.000000    0.000000    0.000000
    0.000000   -1.000000    0.000000
    0.000000    0.000000    1.000000
          35   3.14159274101257        1.00000000000000     
 
 in global cartezian coordinates:
    0.000000    1.000000    0.000000
    1.000000    0.000000    0.000000
    0.000000    0.000000    1.000000
 ____________________________
 in spin coordinates:
    0.000000    1.000000    0.000000
    1.000000    0.000000    0.000000
    0.000000    0.000000    1.000000
          36   4.71238898038469       -1.00000000000000     
 
 in global cartezian coordinates:
    0.000000    0.000000   -1.000000
    0.000000    1.000000    0.000000
   -1.000000    0.000000    0.000000
 ____________________________
 in spin coordinates:
    0.000000    0.000000   -1.000000
    0.000000    1.000000    0.000000
   -1.000000    0.000000    0.000000
          37   1.57079632679490       0.000000000000000E+000
 
 symm. operation           37  removed !!!! so-det=  0.000000000000000E+000
 in global cartezian coordinates:
    0.000000   -1.000000    0.000000
    0.000000    0.000000    1.000000
   -1.000000    0.000000    0.000000
 ____________________________
 in spin coordinates:
    0.000000   -1.000000    0.000000
    0.000000    0.000000    1.000000
   -1.000000    0.000000    0.000000
          38 NaN                      0.000000000000000E+000
 
 symm. operation           38  removed !!!! so-det=  0.000000000000000E+000
 in global cartezian coordinates:
    0.000000    0.000000   -1.000000
   -1.000000    0.000000    0.000000
    0.000000    1.000000    0.000000
 ____________________________
 in spin coordinates:
    0.000000    0.000000   -1.000000
   -1.000000    0.000000    0.000000
    0.000000    1.000000    0.000000
          39   1.57079632679490       0.000000000000000E+000
 
 symm. operation           39  removed !!!! so-det=  0.000000000000000E+000
 in global cartezian coordinates:
    1.000000    0.000000    0.000000
    0.000000    0.000000    1.000000
    0.000000    1.000000    0.000000
 ____________________________
 in spin coordinates:
    1.000000    0.000000    0.000000
    0.000000    0.000000    1.000000
    0.000000    1.000000    0.000000
          40   1.57079632679490       0.000000000000000E+000
 
 symm. operation           40  removed !!!! so-det=  0.000000000000000E+000
 in global cartezian coordinates:
    0.000000   -1.000000    0.000000
   -1.000000    0.000000    0.000000
    0.000000    0.000000    1.000000
 ____________________________
 in spin coordinates:
    0.000000   -1.000000    0.000000
   -1.000000    0.000000    0.000000
    0.000000    0.000000    1.000000
          41   1.57079632679490       -1.00000000000000     
 
 in global cartezian coordinates:
    1.000000    0.000000    0.000000
    0.000000    1.000000    0.000000
    0.000000    0.000000    1.000000
 ____________________________
 in spin coordinates:
    1.000000    0.000000    0.000000
    0.000000    1.000000    0.000000
    0.000000    0.000000    1.000000
          42  0.000000000000000E+000   1.00000000000000     
 
 in global cartezian coordinates:
    0.000000    0.000000   -1.000000
    0.000000    1.000000    0.000000
    1.000000    0.000000    0.000000
 ____________________________
 in spin coordinates:
    0.000000    0.000000   -1.000000
    0.000000    1.000000    0.000000
    1.000000    0.000000    0.000000
          43   1.57079632679490       0.000000000000000E+000
 
 symm. operation           43  removed !!!! so-det=  0.000000000000000E+000
 in global cartezian coordinates:
    0.000000   -1.000000    0.000000
    0.000000    0.000000    1.000000
    1.000000    0.000000    0.000000
 ____________________________
 in spin coordinates:
    0.000000   -1.000000    0.000000
    0.000000    0.000000    1.000000
    1.000000    0.000000    0.000000
          44 NaN                      0.000000000000000E+000
 
 symm. operation           44  removed !!!! so-det=  0.000000000000000E+000
 in global cartezian coordinates:
    0.000000    0.000000   -1.000000
    1.000000    0.000000    0.000000
    0.000000    1.000000    0.000000
 ____________________________
 in spin coordinates:
    0.000000    0.000000   -1.000000
    1.000000    0.000000    0.000000
    0.000000    1.000000    0.000000
          45   1.57079632679490       0.000000000000000E+000
 
 symm. operation           45  removed !!!! so-det=  0.000000000000000E+000
 in global cartezian coordinates:
   -1.000000    0.000000    0.000000
    0.000000    0.000000    1.000000
    0.000000    1.000000    0.000000
 ____________________________
 in spin coordinates:
   -1.000000    0.000000    0.000000
    0.000000    0.000000    1.000000
    0.000000    1.000000    0.000000
          46   1.57079632679490       0.000000000000000E+000
 
 symm. operation           46  removed !!!! so-det=  0.000000000000000E+000
 in global cartezian coordinates:
    0.000000   -1.000000    0.000000
    1.000000    0.000000    0.000000
    0.000000    0.000000    1.000000
 ____________________________
 in spin coordinates:
    0.000000   -1.000000    0.000000
    1.000000    0.000000    0.000000
    0.000000    0.000000    1.000000
          47   1.57079632679490        1.00000000000000     
 
 in global cartezian coordinates:
   -1.000000    0.000000    0.000000
    0.000000    1.000000    0.000000
    0.000000    0.000000    1.000000
 ____________________________
 in spin coordinates:
   -1.000000    0.000000    0.000000
    0.000000    1.000000    0.000000
    0.000000    0.000000    1.000000
          48   3.14159265358979       -1.00000000000000     
 
 Original and SO-compatible symops changed:          48          16
 FNAME=
 epsilon_Pu_2.energyso_1                                                        
                                                                                
                                                     60
 FNAME=
 epsilon_Pu_2.energysodn_1                                                      
                                                                                
                                                     59
 BZ-integration with TETRA-program.   icor=: 1
 Equal occupancy of degenerate states, tol=: 0.1E-05
 call eord...
 call dos...
 ILOOP            1
 ILOOP            2
   FERMI ENERGY AT    1.75733138413860     
 RESULT OF INTEGRATION:      15.999999999726; SHOULD BE:      15.999999999900
   SUM RULE OF TETRAHEDRON INTEGRATION CHECKED 
 call eweigh...
   number of occupied bands:          18
   highest energy:   1.79904812844808     
 FERMI-LDA=   1.757 Ryd,  23.910 eV.
 ABSOLUTE EMIN=   1.316 Ryd.  17.910 eV.
 ABSOLUTE EMAX=   2.198 Ryd.  29.910 eV.


:NLDA  : NUMBER OF ELECTRONS          =  16.000

:FLDA  : F E R M I - ENERGY           =   1.75733
 
 ********** Information about the atomic index arrays ************
 iatom=           1
 isort=           1
 csort=           1
 maxucase=           1
icase, iucase, jatom, latom=     1     1     1     1
 
 *****  Arrays for correlated blocks ******
 norbitals=           1
 maxdim2=          14
iorbital( 1, 1)=   1
cix( 1, 1)=   1
icase,lcase,icix,iorb,nind1,ip1,iSx=    1    1    1    1   14    1    1
icase,lcase,icix,iorb,nind1,ip1,iSx=    1    1    1    1   14    2    2
icase,lcase,icix,iorb,nind1,ip1,iSx=    1    1    1    1   14    3    3
icase,lcase,icix,iorb,nind1,ip1,iSx=    1    1    1    1   14    4    4
icase,lcase,icix,iorb,nind1,ip1,iSx=    1    1    1    1   14    5    5
icase,lcase,icix,iorb,nind1,ip1,iSx=    1    1    1    1   14    6    6
icase,lcase,icix,iorb,nind1,ip1,iSx=    1    1    1    1   14    7    7
icase,lcase,icix,iorb,nind1,ip1,iSx=    1    1    1    1   14    8    8
icase,lcase,icix,iorb,nind1,ip1,iSx=    1    1    1    1   14    9    9
icase,lcase,icix,iorb,nind1,ip1,iSx=    1    1    1    1   14   10   10
icase,lcase,icix,iorb,nind1,ip1,iSx=    1    1    1    1   14   11   11
icase,lcase,icix,iorb,nind1,ip1,iSx=    1    1    1    1   14   12   12
icase,lcase,icix,iorb,nind1,ip1,iSx=    1    1    1    1   14   13   13
icase,lcase,icix,iorb,nind1,ip1,iSx=    1    1    1    1   14   14   14
cixdim( 1)=14
noccur( 1, 1)=   6
noccur( 2, 1)=   8
iSx( 1, 1)=  1
iSx( 2, 1)=  2
iSx( 3, 1)=  3
iSx( 4, 1)=  4
iSx( 5, 1)=  5
iSx( 6, 1)=  6
iSx( 7, 1)=  7
iSx( 8, 1)=  8
iSx( 9, 1)=  9
iSx(10, 1)= 10
iSx(11, 1)= 11
iSx(12, 1)= 12
iSx(13, 1)= 13
iSx(14, 1)= 14
nindo( 1)= 14
CF for iorb1= 1 iorb2= 1
    0.92582010     0.00000000       0.00000000     0.00000000       0.00000000     0.00000000       0.00000000     0.00000000       0.00000000     0.00000000       0.00000000     0.00000000       0.00000000     0.00000000       0.00000000     0.00000000      -0.37796447     0.00000000       0.00000000     0.00000000       0.00000000     0.00000000       0.00000000     0.00000000       0.00000000     0.00000000       0.00000000     0.00000000   
    0.00000000     0.00000000       0.84515425     0.00000000       0.00000000     0.00000000       0.00000000     0.00000000       0.00000000     0.00000000       0.00000000     0.00000000       0.00000000     0.00000000       0.00000000     0.00000000       0.00000000     0.00000000      -0.53452248     0.00000000       0.00000000     0.00000000       0.00000000     0.00000000       0.00000000     0.00000000       0.00000000     0.00000000   
    0.00000000     0.00000000       0.00000000     0.00000000       0.75592895     0.00000000       0.00000000     0.00000000       0.00000000     0.00000000       0.00000000     0.00000000       0.00000000     0.00000000       0.00000000     0.00000000       0.00000000     0.00000000       0.00000000     0.00000000      -0.65465367     0.00000000       0.00000000     0.00000000       0.00000000     0.00000000       0.00000000     0.00000000   
    0.00000000     0.00000000       0.00000000     0.00000000       0.00000000     0.00000000       0.65465367     0.00000000       0.00000000     0.00000000       0.00000000     0.00000000       0.00000000     0.00000000       0.00000000     0.00000000       0.00000000     0.00000000       0.00000000     0.00000000       0.00000000     0.00000000      -0.75592895     0.00000000       0.00000000     0.00000000       0.00000000     0.00000000   
    0.00000000     0.00000000       0.00000000     0.00000000       0.00000000     0.00000000       0.00000000     0.00000000       0.53452248     0.00000000       0.00000000     0.00000000       0.00000000     0.00000000       0.00000000     0.00000000       0.00000000     0.00000000       0.00000000     0.00000000       0.00000000     0.00000000       0.00000000     0.00000000      -0.84515425     0.00000000       0.00000000     0.00000000   
    0.00000000     0.00000000       0.00000000     0.00000000       0.00000000     0.00000000       0.00000000     0.00000000       0.00000000     0.00000000       0.37796447     0.00000000       0.00000000     0.00000000       0.00000000     0.00000000       0.00000000     0.00000000       0.00000000     0.00000000       0.00000000     0.00000000       0.00000000     0.00000000       0.00000000     0.00000000      -0.92582010     0.00000000   
    0.00000000     0.00000000       0.00000000     0.00000000       0.00000000     0.00000000       0.00000000     0.00000000       0.00000000     0.00000000       0.00000000     0.00000000       0.00000000     0.00000000       1.00000000     0.00000000       0.00000000     0.00000000       0.00000000     0.00000000       0.00000000     0.00000000       0.00000000     0.00000000       0.00000000     0.00000000       0.00000000     0.00000000   
    0.37796447     0.00000000       0.00000000     0.00000000       0.00000000     0.00000000       0.00000000     0.00000000       0.00000000     0.00000000       0.00000000     0.00000000       0.00000000     0.00000000       0.00000000     0.00000000       0.92582010     0.00000000       0.00000000     0.00000000       0.00000000     0.00000000       0.00000000     0.00000000       0.00000000     0.00000000       0.00000000     0.00000000   
    0.00000000     0.00000000       0.53452248     0.00000000       0.00000000     0.00000000       0.00000000     0.00000000       0.00000000     0.00000000       0.00000000     0.00000000       0.00000000     0.00000000       0.00000000     0.00000000       0.00000000     0.00000000       0.84515425     0.00000000       0.00000000     0.00000000       0.00000000     0.00000000       0.00000000     0.00000000       0.00000000     0.00000000   
    0.00000000     0.00000000       0.00000000     0.00000000       0.65465367     0.00000000       0.00000000     0.00000000       0.00000000     0.00000000       0.00000000     0.00000000       0.00000000     0.00000000       0.00000000     0.00000000       0.00000000     0.00000000       0.00000000     0.00000000       0.75592895     0.00000000       0.00000000     0.00000000       0.00000000     0.00000000       0.00000000     0.00000000   
    0.00000000     0.00000000       0.00000000     0.00000000       0.00000000     0.00000000       0.75592895     0.00000000       0.00000000     0.00000000       0.00000000     0.00000000       0.00000000     0.00000000       0.00000000     0.00000000       0.00000000     0.00000000       0.00000000     0.00000000       0.00000000     0.00000000       0.65465367     0.00000000       0.00000000     0.00000000       0.00000000     0.00000000   
    0.00000000     0.00000000       0.00000000     0.00000000       0.00000000     0.00000000       0.00000000     0.00000000       0.84515425     0.00000000       0.00000000     0.00000000       0.00000000     0.00000000       0.00000000     0.00000000       0.00000000     0.00000000       0.00000000     0.00000000       0.00000000     0.00000000       0.00000000     0.00000000       0.53452248     0.00000000       0.00000000     0.00000000   
    0.00000000     0.00000000       0.00000000     0.00000000       0.00000000     0.00000000       0.00000000     0.00000000       0.00000000     0.00000000       0.92582010     0.00000000       0.00000000     0.00000000       0.00000000     0.00000000       0.00000000     0.00000000       0.00000000     0.00000000       0.00000000     0.00000000       0.00000000     0.00000000       0.00000000     0.00000000       0.37796447     0.00000000   
    0.00000000     0.00000000       0.00000000     0.00000000       0.00000000     0.00000000       0.00000000     0.00000000       0.00000000     0.00000000       0.00000000     0.00000000       1.00000000     0.00000000       0.00000000     0.00000000       0.00000000     0.00000000       0.00000000     0.00000000       0.00000000     0.00000000       0.00000000     0.00000000       0.00000000     0.00000000       0.00000000     0.00000000   
Rspin for iorb=  1
 angles=  0.000000000000000E+000   3.14159265358979       0.000000000000000E+000
  0.000000000000000E+000  0.000000000000000E+000  0.000000000000000E+000
 Rspin=
    0.000000    0.000000      0.000000    1.000000
    0.000000    1.000000      0.000000    0.000000
 Calculation for atom  1 which has iucase=  1
 ATPAR for spin up

          ATOMIC PARAMETERS FOR Pu  0+    

           ENERGY PARAMETERS ARE   1.54  -0.74   1.54   1.54

           L     U(R)          U'(R)         DU/DE        DU'/DE      NORM-U'
           0  0.552064E+00  0.810062E+00  0.111894E+00 -0.227674E+00
           1  0.537889E+00 -0.350224E-03 -0.144031E+00 -0.402113E+00
           2 -0.617589E+00  0.272736E-01  0.985290E-01  0.345982E+00
           3 -0.312684E+00  0.131829E+00  0.366916E+00  0.537367E+00
LO COEFFICIENT: l,A,B,C   0          0.65196    -3.21666     0.00000     0.00000
 
LO COEFFICIENT: l,A,B,C   0          0.32176     0.00000     0.78030     0.00000
 
LO COEFFICIENT: l,A,B,C   1          0.87910     3.28303     0.00000     0.00000
 
LO COEFFICIENT: l,A,B,C   1          0.26828     0.00000    -1.23800     0.00000
 
LO COEFFICIENT: l,A,B,C   2          0.85305     5.34700     0.00000     0.00000
 
LO COEFFICIENT: l,A,B,C   3          0.94167     0.80249     0.00000     0.00000
 
 ATPAR for spin down

          ATOMIC PARAMETERS FOR Pu  0+    

           ENERGY PARAMETERS ARE   1.54  -0.74   1.54   1.54

           L     U(R)          U'(R)         DU/DE        DU'/DE      NORM-U'
           0  0.552064E+00  0.810062E+00  0.111894E+00 -0.227674E+00
           1  0.537889E+00 -0.350224E-03 -0.144031E+00 -0.402113E+00
           2 -0.617589E+00  0.272736E-01  0.985290E-01  0.345982E+00
           3 -0.312684E+00  0.131829E+00  0.366916E+00  0.537367E+00
LO COEFFICIENT: l,A,B,C   0          0.65196    -3.21666     0.00000     0.00000
 
LO COEFFICIENT: l,A,B,C   0          0.32176     0.00000     0.78030     0.00000
 
LO COEFFICIENT: l,A,B,C   1          0.87910     3.28303     0.00000     0.00000
 
LO COEFFICIENT: l,A,B,C   1          0.26828     0.00000    -1.23800     0.00000
 
LO COEFFICIENT: l,A,B,C   2          0.85305     5.34700     0.00000     0.00000
 
LO COEFFICIENT: l,A,B,C   3          0.94167     0.80249     0.00000     0.00000
 
 L1=           0  L2=           0
 RADIAL INTEGRALS:
           1           1                 1           1   1.00000000000000     
           1           3                 1           1  0.572780980380862     
           1           1                 1           2   1.00000000000000     
           1           3                 1           2  0.572780980380862     
           1           1                 2           1   1.00000000000000     
           1           3                 2           1  0.572780980380862     
           1           1                 2           2   1.00000000000000     
           1           3                 2           2  0.572780980380862     
           2           2                 1           1  5.556667594380152E-002
           2           3                 1           1 -0.190940422031962     
           2           2                 1           2  5.556667594380152E-002
           2           3                 1           2 -0.190940422031962     
           2           2                 2           1  5.556667594380152E-002
           2           3                 2           1 -0.190940422031962     
           2           2                 2           2  5.556667594380152E-002
           2           3                 2           2 -0.190940422031962     
           3           1                 1           1  0.572780980380862     
           3           2                 1           1 -0.190940422031962     
           3           3                 1           1   1.00000000000000     
           3           1                 1           2  0.572780980380862     
           3           2                 1           2 -0.190940422031962     
           3           3                 1           2   1.00000000000000     
           3           1                 2           1  0.572780980380862     
           3           2                 2           1 -0.190940422031962     
           3           3                 2           1   1.00000000000000     
           3           1                 2           2  0.572780980380862     
           3           2                 2           2 -0.190940422031962     
           3           3                 2           2   1.00000000000000     
 L1=           1  L2=           1
 RADIAL INTEGRALS:
           1           1                 1           1   1.00000000000000     
           1           3                 1           1  0.910200479986556     
           1           1                 1           2   1.00000000000000     
           1           3                 1           2  0.910200479986556     
           1           1                 2           1   1.00000000000000     
           1           3                 2           1  0.910200479986556     
           1           1                 2           2   1.00000000000000     
           1           3                 2           2  0.910200479986556     
           2           2                 1           1  2.107780421003507E-002
           2           3                 1           1  5.996285284603662E-002
           2           2                 1           2  2.107780421003507E-002
           2           3                 1           2  5.996285284603662E-002
           2           2                 2           1  2.107780421003507E-002
           2           3                 2           1  5.996285284603662E-002
           2           2                 2           2  2.107780421003507E-002
           2           3                 2           2  5.996285284603662E-002
           3           1                 1           1  0.910200479986556     
           3           2                 1           1  5.996285284603662E-002
           3           3                 1           1   1.00000000000000     
           3           1                 1           2  0.910200479986556     
           3           2                 1           2  5.996285284603662E-002
           3           3                 1           2   1.00000000000000     
           3           1                 2           1  0.910200479986556     
           3           2                 2           1  5.996285284603662E-002
           3           3                 2           1   1.00000000000000     
           3           1                 2           2  0.910200479986556     
           3           2                 2           2  5.996285284603662E-002
           3           3                 2           2   1.00000000000000     
 L1=           2  L2=           2
 RADIAL INTEGRALS:
           1           1                 1           1   1.00000000000000     
           1           1                 1           2   1.00000000000000     
           1           1                 2           1   1.00000000000000     
           1           1                 2           2   1.00000000000000     
           2           2                 1           1  9.524400555520054E-003
           2           2                 1           2  9.524400555520054E-003
           2           2                 2           1  9.524400555520054E-003
           2           2                 2           2  9.524400555520054E-003
 L1=           3  L2=           3
 RADIAL INTEGRALS:
           1           1                 1           1   1.00000000000000     
           1           1                 1           2   1.00000000000000     
           1           1                 2           1   1.00000000000000     
           1           1                 2           2   1.00000000000000     
           2           2                 1           1  0.175872677043038     
           2           2                 1           2  0.175872677043038     
           2           2                 2           1  0.175872677043038     
           2           2                 2           2  0.175872677043038     
Saving potential parameters for atom 1 into  1
pr_proc=143  tot-k=286
 ------------------------------------------------------------------------------


   =====>>> CPU TIME SUMMARY

            TOTAL       :      0.9
 OMP_NUM_THREADS= 2
 GUTZ_SOLVER VO.1.5 BUILT ON Jan 19 2014 AT22:25:59
 NT=  1 SEC_N%DIM=   10 WITH ID:
           1       2      16     107     471    1472    3474    6477    9909   12912
       14914
 MEAN U/J:  0.2940  0.0265
 NEL_FIX_VDC1=      5.31
 ATOM DEPENDENT NELF1:
      5.3152
 DCMIX_A=  0.200000
 SYMMETRICALLY NON-EQUIVALENT ATOMS:
          1
 VARIATIONAL-SETUP-NON-EQUIVALENT ATOMS:
          1
 COMPLEMENTARY VARIATIONAL-SETUP-EQUIVALENT ATOMS:

 GYZ%SYM%IDSUM:
  1
 DIM(X_Gutz)=  4
 CALC SET: GAPJ-SHFT FULL       -JH-PROJ SLATER    VAR-FIXDC    Ryd.   
 NT= 1
 LOCAL INTERACTION PART   :
 U              :   0.2940
 J              :   0.0265
 FOCK SPACE PART:
 NA             :  7
 FS%OCC(1) L.B. :  0
 FS%OCC(2) U.B. :  9
 FS%DIM         :     14913
 HL%OCC(1) L.B. :  0
 HL%OCC(2) U.B. :  9
 ISO= 2 ISPIN_IN= 1 ISPIN= 1 ISPO= 2
 BND%NMAX=  52
 BZ INTEGRATION WITH TETRA METHOD, ICOR= 1
 EQUAL OCCUPANCY OF DEGENERATE STATES, TOL= 0.1E-05
 VALENCE ELECTRONS: TOTAL=    16.0
                    CORRELATED PART=     8.0
 SYM%IDI/IDF=  1 16
 BND%NMAXIN=   22
      GUTZ5_INI_CORR_UVEK takes  0 hours  0 minutes and    0.03 seconds (CPU).
                          takes  0 hours  0 minutes and    0.03 seconds (WALL).
                 SETUP_TB takes  0 hours  0 minutes and    1.10 seconds (CPU).
                          takes  0 hours  0 minutes and    1.39 seconds (WALL).
************  EL-  ************
 NI=  1 NI_GLOBAL=  1
   1.7547   1.7634   1.7555   1.7555   1.7634   1.7547   1.8286   1.8415   1.8411   1.8292   1.8292   1.8411   1.8415   1.8286
************  EL=  ************
 NI=  1 NI_GLOBAL=  1
   1.7547   0.0000   0.0000   0.0000   0.0020   0.0000   0.0000  -0.0044   0.0000   0.0000   0.0000   0.0004   0.0000   0.0000
   0.0000   1.7634   0.0000   0.0000   0.0000   0.0020   0.0000   0.0000  -0.0010   0.0000   0.0000   0.0000   0.0051   0.0000
   0.0000   0.0000   1.7555   0.0000   0.0000   0.0000   0.0000   0.0000   0.0000   0.0096   0.0000   0.0000   0.0000   0.0008
   0.0000   0.0000   0.0000   1.7555   0.0000   0.0000  -0.0008   0.0000   0.0000   0.0000  -0.0096   0.0000   0.0000   0.0000
   0.0020   0.0000   0.0000   0.0000   1.7634   0.0000   0.0000  -0.0051   0.0000   0.0000   0.0000   0.0010   0.0000   0.0000
   0.0000   0.0020   0.0000   0.0000   0.0000   1.7547   0.0000   0.0000  -0.0004   0.0000   0.0000   0.0000   0.0044   0.0000
   0.0000   0.0000   0.0000  -0.0008   0.0000   0.0000   1.8286   0.0000   0.0000   0.0000  -0.0005   0.0000   0.0000   0.0000
  -0.0044   0.0000   0.0000   0.0000  -0.0051   0.0000   0.0000   1.8415   0.0000   0.0000   0.0000   0.0058   0.0000   0.0000
   0.0000  -0.0010   0.0000   0.0000   0.0000  -0.0004   0.0000   0.0000   1.8411   0.0000   0.0000   0.0000   0.0058   0.0000
   0.0000   0.0000   0.0096   0.0000   0.0000   0.0000   0.0000   0.0000   0.0000   1.8292   0.0000   0.0000   0.0000  -0.0005
   0.0000   0.0000   0.0000  -0.0096   0.0000   0.0000  -0.0005   0.0000   0.0000   0.0000   1.8292   0.0000   0.0000   0.0000
   0.0004   0.0000   0.0000   0.0000   0.0010   0.0000   0.0000   0.0058   0.0000   0.0000   0.0000   1.8411   0.0000   0.0000
   0.0000   0.0051   0.0000   0.0000   0.0000   0.0044   0.0000   0.0000   0.0058   0.0000   0.0000   0.0000   1.8415   0.0000
   0.0000   0.0000   0.0008   0.0000   0.0000   0.0000   0.0000   0.0000   0.0000  -0.0005   0.0000   0.0000   0.0000   1.8286
 NI=  1 LOCAL ORBITAL LEVEL CENTER(ELC)=   1.802
************  EL0  ************
 NI=  1 NI_GLOBAL=  1
   1.7579   1.7579   1.7579   1.7579   1.7579   1.7579   1.8351   1.8351   1.8351   1.8351   1.8351   1.8351   1.8351   1.8351
************  ELL  ************
 NI=  1 NI_GLOBAL=  1
   1.7579   0.0000   0.0000   0.0000   0.0000   0.0000   0.0000   0.0000   0.0000   0.0000   0.0000   0.0000   0.0000   0.0000
   0.0000   1.7579   0.0000   0.0000   0.0000   0.0000   0.0000   0.0000   0.0000   0.0000   0.0000   0.0000   0.0000   0.0000
   0.0000   0.0000   1.7579   0.0000   0.0000   0.0000   0.0000   0.0000   0.0000   0.0000   0.0000   0.0000   0.0000   0.0000
   0.0000   0.0000   0.0000   1.7579   0.0000   0.0000   0.0000   0.0000   0.0000   0.0000   0.0000   0.0000   0.0000   0.0000
   0.0000   0.0000   0.0000   0.0000   1.7579   0.0000   0.0000   0.0000   0.0000   0.0000   0.0000   0.0000   0.0000   0.0000
   0.0000   0.0000   0.0000   0.0000   0.0000   1.7579   0.0000   0.0000   0.0000   0.0000   0.0000   0.0000   0.0000   0.0000
   0.0000   0.0000   0.0000   0.0000   0.0000   0.0000   1.8351   0.0000   0.0000   0.0000   0.0000   0.0000   0.0000   0.0000
   0.0000   0.0000   0.0000   0.0000   0.0000   0.0000   0.0000   1.8351   0.0000   0.0000   0.0000   0.0000   0.0000   0.0000
   0.0000   0.0000   0.0000   0.0000   0.0000   0.0000   0.0000   0.0000   1.8351   0.0000   0.0000   0.0000   0.0000   0.0000
   0.0000   0.0000   0.0000   0.0000   0.0000   0.0000   0.0000   0.0000   0.0000   1.8351   0.0000   0.0000   0.0000   0.0000
   0.0000   0.0000   0.0000   0.0000   0.0000   0.0000   0.0000   0.0000   0.0000   0.0000   1.8351   0.0000   0.0000   0.0000
   0.0000   0.0000   0.0000   0.0000   0.0000   0.0000   0.0000   0.0000   0.0000   0.0000   0.0000   1.8351   0.0000   0.0000
   0.0000   0.0000   0.0000   0.0000   0.0000   0.0000   0.0000   0.0000   0.0000   0.0000   0.0000   0.0000   1.8351   0.0000
   0.0000   0.0000   0.0000   0.0000   0.0000   0.0000   0.0000   0.0000   0.0000   0.0000   0.0000   0.0000   0.0000   1.8351
                  GET_EL0 takes  0 hours  0 minutes and    0.01 seconds (CPU).
                          takes  0 hours  0 minutes and    0.00 seconds (WALL).
 There are  4 blocks of bands, with band energy windows:
  -1.717  -1.567 |   -0.174   0.076 |    0.316   0.816 |    1.368   4.488 | 
 Band window indices:
         1      2 |          3      4 |          5      8 |          9     53 | 
 Band width
       0.150   |         0.250   |         0.499   |         3.120   |  
 Band gap
       1.394   |         0.240   |         0.553   |  
 CORRELATED BLOCK: EMIN/EMIX=    1.3683    2.1974
 CORRELATED BAND WIDTH=   0.829
         GUTZ_RED_PRJ_NEQ takes  0 hours  1 minutes and    2.90 seconds (CPU).
                          takes  0 hours  1 minutes and    2.86 seconds (WALL).
 NI=  1 DIM_PHIK=   41227 HL%DIM=  14913
       ID_PHIK_N=
      1      2      4     33    264   1639   6153  15546  27321  36714
  41228
       ID_PHIK_J=
      1      2      3      4      8      9     18     19     28     29
     33     37     73    122    171    220    245    254    263    264
    300    349    638    807   1168   1364   1533   1582   1631   1635
   1639   1739   2180   2964   3864   4705   5381   5781   6037   6118
   6143   6152   6153   6349   6710   8079   9448  11564  12933  14377
  14953  15353  15474  15538  15542  15546  15835  16796  18560  21060
  23176  24940  26165  26841  27165  27286  27311  27320  27321  27517
  27878  29247  30616  32732  34101  35545  36121  36521  36642  36706
  36710  36714  36814  37255  38039  38939  39780  40456  40856  41112
  41193  41218  41227  41228
          GUTZ_SET_PRJ_EQ takes  0 hours  0 minutes and    0.00 seconds (CPU).
                          takes  0 hours  0 minutes and    0.00 seconds (WALL).
************   WH%X  ************
    0.92017837    0.92990893
    1.73171283    1.85811434
************  RIN  ************
 NI=  1 NI_GLOBAL=  1
   0.9202   0.9202   0.9202   0.9202   0.9202   0.9202   0.9299   0.9299   0.9299   0.9299   0.9299   0.9299   0.9299   0.9299
************  LA1  ************
 NI=  1 NI_GLOBAL=  1
   1.7317   1.7317   1.7317   1.7317   1.7317   1.7317   1.8581   1.8581   1.8581   1.8581   1.8581   1.8581   1.8581   1.8581
             CALC_BAND_AL takes  0 hours  0 minutes and    0.44 seconds (CPU).
                          takes  0 hours  0 minutes and    0.23 seconds (WALL).
 ILOOP            1
 ILOOP            2
   FERMI ENERGY AT    1.74995997236620     
   SUM RULE OF TETRAHEDRON INTEGRATION CHECKED 
   number of occupied bands:          18
   highest energy:   1.81060116121677     
************  NK-  ************
 NI=  1 NI_GLOBAL=  1
   0.7141   0.6520   0.6921   0.6921   0.6520   0.7141   0.1444   0.1904   0.1359   0.1301   0.1301   0.1359   0.1904   0.1444
************  NNK  ************
 NI=  1 NI_GLOBAL=  1
   0.7141   0.0000   0.0000   0.0000  -0.0324   0.0000   0.0000  -0.0134   0.0000   0.0000   0.0000   0.0126   0.0000   0.0000
   0.0000   0.6520   0.0000   0.0000   0.0000  -0.0324   0.0000   0.0000   0.0339   0.0000   0.0000   0.0000  -0.0392   0.0000
   0.0000   0.0000   0.6921   0.0000   0.0000   0.0000   0.0000   0.0000   0.0000  -0.0377   0.0000   0.0000   0.0000  -0.0202
   0.0000   0.0000   0.0000   0.6921   0.0000   0.0000   0.0202   0.0000   0.0000   0.0000   0.0377   0.0000   0.0000   0.0000
  -0.0324   0.0000   0.0000   0.0000   0.6520   0.0000   0.0000   0.0392   0.0000   0.0000   0.0000  -0.0339   0.0000   0.0000
   0.0000  -0.0324   0.0000   0.0000   0.0000   0.7141   0.0000   0.0000  -0.0126   0.0000   0.0000   0.0000   0.0134   0.0000
   0.0000   0.0000   0.0000   0.0202   0.0000   0.0000   0.1444   0.0000   0.0000   0.0000  -0.0054   0.0000   0.0000   0.0000
  -0.0134   0.0000   0.0000   0.0000   0.0392   0.0000   0.0000   0.1904   0.0000   0.0000   0.0000  -0.0048   0.0000   0.0000
   0.0000   0.0339   0.0000   0.0000   0.0000  -0.0126   0.0000   0.0000   0.1359   0.0000   0.0000   0.0000  -0.0048   0.0000
   0.0000   0.0000  -0.0377   0.0000   0.0000   0.0000   0.0000   0.0000   0.0000   0.1301   0.0000   0.0000   0.0000  -0.0054
   0.0000   0.0000   0.0000   0.0377   0.0000   0.0000  -0.0054   0.0000   0.0000   0.0000   0.1301   0.0000   0.0000   0.0000
   0.0126   0.0000   0.0000   0.0000  -0.0339   0.0000   0.0000  -0.0048   0.0000   0.0000   0.0000   0.1359   0.0000   0.0000
   0.0000  -0.0392   0.0000   0.0000   0.0000   0.0134   0.0000   0.0000  -0.0048   0.0000   0.0000   0.0000   0.1904   0.0000
   0.0000   0.0000  -0.0202   0.0000   0.0000   0.0000   0.0000   0.0000   0.0000  -0.0054   0.0000   0.0000   0.0000   0.1444
************  NKS  ************
 NI=  1 NI_GLOBAL=  1
   0.6860   0.6860   0.6860   0.6860   0.6860   0.6860   0.1502   0.1502   0.1502   0.1502   0.1502   0.1502   0.1502   0.1502
 NELE_LOC TOTAL:
           5.3178883859966870
              CALC_DA_BND takes  0 hours  0 minutes and    0.08 seconds (CPU).
                          takes  0 hours  0 minutes and    0.08 seconds (WALL).
************  DA-  ************
 NI=  1 NI_GLOBAL=  1
  -0.0387  -0.0387  -0.0362  -0.0362  -0.0387  -0.0387  -0.0285  -0.0392  -0.0275  -0.0265  -0.0265  -0.0275  -0.0392  -0.0285
************  DAA  ************
 NI=  1 NI_GLOBAL=  1
  -0.0379  -0.0379  -0.0379  -0.0379  -0.0379  -0.0379  -0.0304  -0.0304  -0.0304  -0.0304  -0.0304  -0.0304  -0.0304  -0.0304
 NI=  1 VDC=    1.3586
************  LA2  ************
 NI=  1 NI_GLOBAL=  1
  -3.1505  -3.1505  -3.1505  -3.1505  -3.1505  -3.1505  -3.0617  -3.0617  -3.0617  -3.0617  -3.0617  -3.0617  -3.0617  -3.0617
 NI=  1 PHI-step gap=  0.16E+00
************  RAA  ************
 NI=  1 NI_GLOBAL=  1
   0.9201   0.9201   0.9201   0.9201   0.9201   0.9201   0.9300   0.9300   0.9300   0.9300   0.9300   0.9300   0.9300   0.9300
************  NC0  ************
 NI=  1 NI_GLOBAL=  1
   0.6861   0.6861   0.6861   0.6861   0.6861   0.6861   0.1502   0.1502   0.1502   0.1502   0.1502   0.1502   0.1502   0.1502
                  CALC_LC takes  0 hours  9 minutes and    1.30 seconds (CPU).
                          takes  0 hours  9 minutes and    1.20 seconds (WALL).
                GUTZ_FCN1 takes  0 hours  9 minutes and    2.17 seconds (CPU).
                          takes  0 hours  9 minutes and    1.67 seconds (WALL).
************  DIF_X  ************
   -0.000044266029    0.000076920886
    0.000061213460    0.000031170356
 ITER1=  1 MAXERR=    0.00007692
************   WH%X  ************
    0.92018757    0.92990568
    1.73164676    1.85804718
************  RIN  ************
 NI=  1 NI_GLOBAL=  1
   0.9202   0.9202   0.9202   0.9202   0.9202   0.9202   0.9299   0.9299   0.9299   0.9299   0.9299   0.9299   0.9299   0.9299
************  LA1  ************
 NI=  1 NI_GLOBAL=  1
   1.7316   1.7316   1.7316   1.7316   1.7316   1.7316   1.8580   1.8580   1.8580   1.8580   1.8580   1.8580   1.8580   1.8580
             CALC_BAND_AL takes  0 hours  0 minutes and    0.44 seconds (CPU).
                          takes  0 hours  0 minutes and    0.21 seconds (WALL).
 ILOOP            1
 ILOOP            2
   FERMI ENERGY AT    1.74990463582283     
   SUM RULE OF TETRAHEDRON INTEGRATION CHECKED 
   number of occupied bands:          18
   highest energy:   1.81056468973672     
************  NK-  ************
 NI=  1 NI_GLOBAL=  1
   0.7141   0.6521   0.6921   0.6921   0.6521   0.7141   0.1444   0.1904   0.1359   0.1301   0.1301   0.1359   0.1904   0.1444
************  NNK  ************
 NI=  1 NI_GLOBAL=  1
   0.7141   0.0000   0.0000   0.0000  -0.0324   0.0000   0.0000  -0.0134   0.0000   0.0000   0.0000   0.0126   0.0000   0.0000
   0.0000   0.6521   0.0000   0.0000   0.0000  -0.0324   0.0000   0.0000   0.0339   0.0000   0.0000   0.0000  -0.0392   0.0000
   0.0000   0.0000   0.6921   0.0000   0.0000   0.0000   0.0000   0.0000   0.0000  -0.0377   0.0000   0.0000   0.0000  -0.0202
   0.0000   0.0000   0.0000   0.6921   0.0000   0.0000   0.0202   0.0000   0.0000   0.0000   0.0377   0.0000   0.0000   0.0000
  -0.0324   0.0000   0.0000   0.0000   0.6521   0.0000   0.0000   0.0392   0.0000   0.0000   0.0000  -0.0339   0.0000   0.0000
   0.0000  -0.0324   0.0000   0.0000   0.0000   0.7141   0.0000   0.0000  -0.0126   0.0000   0.0000   0.0000   0.0134   0.0000
   0.0000   0.0000   0.0000   0.0202   0.0000   0.0000   0.1444   0.0000   0.0000   0.0000  -0.0054   0.0000   0.0000   0.0000
  -0.0134   0.0000   0.0000   0.0000   0.0392   0.0000   0.0000   0.1904   0.0000   0.0000   0.0000  -0.0048   0.0000   0.0000
   0.0000   0.0339   0.0000   0.0000   0.0000  -0.0126   0.0000   0.0000   0.1359   0.0000   0.0000   0.0000  -0.0048   0.0000
   0.0000   0.0000  -0.0377   0.0000   0.0000   0.0000   0.0000   0.0000   0.0000   0.1301   0.0000   0.0000   0.0000  -0.0054
   0.0000   0.0000   0.0000   0.0377   0.0000   0.0000  -0.0054   0.0000   0.0000   0.0000   0.1301   0.0000   0.0000   0.0000
   0.0126   0.0000   0.0000   0.0000  -0.0339   0.0000   0.0000  -0.0048   0.0000   0.0000   0.0000   0.1359   0.0000   0.0000
   0.0000  -0.0392   0.0000   0.0000   0.0000   0.0134   0.0000   0.0000  -0.0048   0.0000   0.0000   0.0000   0.1904   0.0000
   0.0000   0.0000  -0.0202   0.0000   0.0000   0.0000   0.0000   0.0000   0.0000  -0.0054   0.0000   0.0000   0.0000   0.1444
************  NKS  ************
 NI=  1 NI_GLOBAL=  1
   0.6861   0.6861   0.6861   0.6861   0.6861   0.6861   0.1502   0.1502   0.1502   0.1502   0.1502   0.1502   0.1502   0.1502
 NELE_LOC TOTAL:
           5.3183585313246207
              CALC_DA_BND takes  0 hours  0 minutes and    0.07 seconds (CPU).
                          takes  0 hours  0 minutes and    0.07 seconds (WALL).
************  DA-  ************
 NI=  1 NI_GLOBAL=  1
  -0.0387  -0.0387  -0.0362  -0.0362  -0.0387  -0.0387  -0.0285  -0.0392  -0.0275  -0.0265  -0.0265  -0.0275  -0.0392  -0.0285
************  DAA  ************
 NI=  1 NI_GLOBAL=  1
  -0.0379  -0.0379  -0.0379  -0.0379  -0.0379  -0.0379  -0.0304  -0.0304  -0.0304  -0.0304  -0.0304  -0.0304  -0.0304  -0.0304
 NI=  1 VDC=    1.3586
************  LA2  ************
 NI=  1 NI_GLOBAL=  1
  -3.1504  -3.1504  -3.1504  -3.1504  -3.1504  -3.1504  -3.0616  -3.0616  -3.0616  -3.0616  -3.0616  -3.0616  -3.0616  -3.0616
 NI=  1 PHI-step gap=  0.16E+00
************  RAA  ************
 NI=  1 NI_GLOBAL=  1
   0.9202   0.9202   0.9202   0.9202   0.9202   0.9202   0.9299   0.9299   0.9299   0.9299   0.9299   0.9299   0.9299   0.9299
************  NC0  ************
 NI=  1 NI_GLOBAL=  1
   0.6861   0.6861   0.6861   0.6861   0.6861   0.6861   0.1502   0.1502   0.1502   0.1502   0.1502   0.1502   0.1502   0.1502
                  CALC_LC takes  0 hours  9 minutes and    1.23 seconds (CPU).
                          takes  0 hours  9 minutes and    1.20 seconds (WALL).
                GUTZ_FCN1 takes  0 hours  9 minutes and    2.05 seconds (CPU).
                          takes  0 hours  9 minutes and    1.66 seconds (WALL).
************  DIF_X  ************
   -0.000002341154    0.000002034011
    0.000000338667   -0.000000203336
 ITER1=  2 MAXERR=    0.00000234
************   WH%X  ************
    0.92018556    0.92990827
    1.73164666    1.85804774
************  RIN  ************
 NI=  1 NI_GLOBAL=  1
   0.9202   0.9202   0.9202   0.9202   0.9202   0.9202   0.9299   0.9299   0.9299   0.9299   0.9299   0.9299   0.9299   0.9299
************  LA1  ************
 NI=  1 NI_GLOBAL=  1
   1.7316   1.7316   1.7316   1.7316   1.7316   1.7316   1.8580   1.8580   1.8580   1.8580   1.8580   1.8580   1.8580   1.8580
             CALC_BAND_AL takes  0 hours  0 minutes and    0.44 seconds (CPU).
                          takes  0 hours  0 minutes and    0.22 seconds (WALL).
 ILOOP            1
 ILOOP            2
   FERMI ENERGY AT    1.74990450550582     
   SUM RULE OF TETRAHEDRON INTEGRATION CHECKED 
   number of occupied bands:          18
   highest energy:   1.81056461802397     
************  NK-  ************
 NI=  1 NI_GLOBAL=  1
   0.7141   0.6521   0.6921   0.6921   0.6521   0.7141   0.1444   0.1904   0.1359   0.1301   0.1301   0.1359   0.1904   0.1444
************  NNK  ************
 NI=  1 NI_GLOBAL=  1
   0.7141   0.0000   0.0000   0.0000  -0.0324   0.0000   0.0000  -0.0134   0.0000   0.0000   0.0000   0.0126   0.0000   0.0000
   0.0000   0.6521   0.0000   0.0000   0.0000  -0.0324   0.0000   0.0000   0.0339   0.0000   0.0000   0.0000  -0.0392   0.0000
   0.0000   0.0000   0.6921   0.0000   0.0000   0.0000   0.0000   0.0000   0.0000  -0.0377   0.0000   0.0000   0.0000  -0.0202
   0.0000   0.0000   0.0000   0.6921   0.0000   0.0000   0.0202   0.0000   0.0000   0.0000   0.0377   0.0000   0.0000   0.0000
  -0.0324   0.0000   0.0000   0.0000   0.6521   0.0000   0.0000   0.0392   0.0000   0.0000   0.0000  -0.0339   0.0000   0.0000
   0.0000  -0.0324   0.0000   0.0000   0.0000   0.7141   0.0000   0.0000  -0.0126   0.0000   0.0000   0.0000   0.0134   0.0000
   0.0000   0.0000   0.0000   0.0202   0.0000   0.0000   0.1444   0.0000   0.0000   0.0000  -0.0054   0.0000   0.0000   0.0000
  -0.0134   0.0000   0.0000   0.0000   0.0392   0.0000   0.0000   0.1904   0.0000   0.0000   0.0000  -0.0048   0.0000   0.0000
   0.0000   0.0339   0.0000   0.0000   0.0000  -0.0126   0.0000   0.0000   0.1359   0.0000   0.0000   0.0000  -0.0048   0.0000
   0.0000   0.0000  -0.0377   0.0000   0.0000   0.0000   0.0000   0.0000   0.0000   0.1301   0.0000   0.0000   0.0000  -0.0054
   0.0000   0.0000   0.0000   0.0377   0.0000   0.0000  -0.0054   0.0000   0.0000   0.0000   0.1301   0.0000   0.0000   0.0000
   0.0126   0.0000   0.0000   0.0000  -0.0339   0.0000   0.0000  -0.0048   0.0000   0.0000   0.0000   0.1359   0.0000   0.0000
   0.0000  -0.0392   0.0000   0.0000   0.0000   0.0134   0.0000   0.0000  -0.0048   0.0000   0.0000   0.0000   0.1904   0.0000
   0.0000   0.0000  -0.0202   0.0000   0.0000   0.0000   0.0000   0.0000   0.0000  -0.0054   0.0000   0.0000   0.0000   0.1444
************  NKS  ************
 NI=  1 NI_GLOBAL=  1
   0.6861   0.6861   0.6861   0.6861   0.6861   0.6861   0.1502   0.1502   0.1502   0.1502   0.1502   0.1502   0.1502   0.1502
 NELE_LOC TOTAL:
           5.3183585744403086
              CALC_DA_BND takes  0 hours  0 minutes and    0.07 seconds (CPU).
                          takes  0 hours  0 minutes and    0.08 seconds (WALL).
************  DA-  ************
 NI=  1 NI_GLOBAL=  1
  -0.0387  -0.0387  -0.0362  -0.0362  -0.0387  -0.0387  -0.0285  -0.0392  -0.0275  -0.0265  -0.0265  -0.0275  -0.0392  -0.0285
************  DAA  ************
 NI=  1 NI_GLOBAL=  1
  -0.0379  -0.0379  -0.0379  -0.0379  -0.0379  -0.0379  -0.0304  -0.0304  -0.0304  -0.0304  -0.0304  -0.0304  -0.0304  -0.0304
 NI=  1 VDC=    1.3586
************  LA2  ************
 NI=  1 NI_GLOBAL=  1
  -3.1504  -3.1504  -3.1504  -3.1504  -3.1504  -3.1504  -3.0616  -3.0616  -3.0616  -3.0616  -3.0616  -3.0616  -3.0616  -3.0616
 NI=  1 PHI-step gap=  0.16E+00
************  RAA  ************
 NI=  1 NI_GLOBAL=  1
   0.9202   0.9202   0.9202   0.9202   0.9202   0.9202   0.9299   0.9299   0.9299   0.9299   0.9299   0.9299   0.9299   0.9299
************  NC0  ************
 NI=  1 NI_GLOBAL=  1
   0.6861   0.6861   0.6861   0.6861   0.6861   0.6861   0.1502   0.1502   0.1502   0.1502   0.1502   0.1502   0.1502   0.1502
                  CALC_LC takes  0 hours  8 minutes and   30.83 seconds (CPU).
                          takes  0 hours  8 minutes and   30.84 seconds (WALL).
                GUTZ_FCN1 takes  0 hours  8 minutes and   31.59 seconds (CPU).
                          takes  0 hours  8 minutes and   31.30 seconds (WALL).
************  DIF_X  ************
   -0.000000023670    0.000000004892
   -0.000000001985    0.000000008910
 ITER1=  3 MAXERR=    0.00000002
************   WH%X  ************
    0.92018554    0.92990825
    1.73164665    1.85804772
************  RIN  ************
 NI=  1 NI_GLOBAL=  1
   0.9202   0.9202   0.9202   0.9202   0.9202   0.9202   0.9299   0.9299   0.9299   0.9299   0.9299   0.9299   0.9299   0.9299
************  LA1  ************
 NI=  1 NI_GLOBAL=  1
   1.7316   1.7316   1.7316   1.7316   1.7316   1.7316   1.8580   1.8580   1.8580   1.8580   1.8580   1.8580   1.8580   1.8580
             CALC_BAND_AL takes  0 hours  0 minutes and    0.44 seconds (CPU).
                          takes  0 hours  0 minutes and    0.23 seconds (WALL).
 ILOOP            1
 ILOOP            2
   FERMI ENERGY AT    1.74990450091657     
   SUM RULE OF TETRAHEDRON INTEGRATION CHECKED 
   number of occupied bands:          18
   highest energy:   1.81056461198985     
************  NK-  ************
 NI=  1 NI_GLOBAL=  1
   0.7141   0.6521   0.6921   0.6921   0.6521   0.7141   0.1444   0.1904   0.1359   0.1301   0.1301   0.1359   0.1904   0.1444
************  NNK  ************
 NI=  1 NI_GLOBAL=  1
   0.7141   0.0000   0.0000   0.0000  -0.0324   0.0000   0.0000  -0.0134   0.0000   0.0000   0.0000   0.0126   0.0000   0.0000
   0.0000   0.6521   0.0000   0.0000   0.0000  -0.0324   0.0000   0.0000   0.0339   0.0000   0.0000   0.0000  -0.0392   0.0000
   0.0000   0.0000   0.6921   0.0000   0.0000   0.0000   0.0000   0.0000   0.0000  -0.0377   0.0000   0.0000   0.0000  -0.0202
   0.0000   0.0000   0.0000   0.6921   0.0000   0.0000   0.0202   0.0000   0.0000   0.0000   0.0377   0.0000   0.0000   0.0000
  -0.0324   0.0000   0.0000   0.0000   0.6521   0.0000   0.0000   0.0392   0.0000   0.0000   0.0000  -0.0339   0.0000   0.0000
   0.0000  -0.0324   0.0000   0.0000   0.0000   0.7141   0.0000   0.0000  -0.0126   0.0000   0.0000   0.0000   0.0134   0.0000
   0.0000   0.0000   0.0000   0.0202   0.0000   0.0000   0.1444   0.0000   0.0000   0.0000  -0.0054   0.0000   0.0000   0.0000
  -0.0134   0.0000   0.0000   0.0000   0.0392   0.0000   0.0000   0.1904   0.0000   0.0000   0.0000  -0.0048   0.0000   0.0000
   0.0000   0.0339   0.0000   0.0000   0.0000  -0.0126   0.0000   0.0000   0.1359   0.0000   0.0000   0.0000  -0.0048   0.0000
   0.0000   0.0000  -0.0377   0.0000   0.0000   0.0000   0.0000   0.0000   0.0000   0.1301   0.0000   0.0000   0.0000  -0.0054
   0.0000   0.0000   0.0000   0.0377   0.0000   0.0000  -0.0054   0.0000   0.0000   0.0000   0.1301   0.0000   0.0000   0.0000
   0.0126   0.0000   0.0000   0.0000  -0.0339   0.0000   0.0000  -0.0048   0.0000   0.0000   0.0000   0.1359   0.0000   0.0000
   0.0000  -0.0392   0.0000   0.0000   0.0000   0.0134   0.0000   0.0000  -0.0048   0.0000   0.0000   0.0000   0.1904   0.0000
   0.0000   0.0000  -0.0202   0.0000   0.0000   0.0000   0.0000   0.0000   0.0000  -0.0054   0.0000   0.0000   0.0000   0.1444
************  NKS  ************
 NI=  1 NI_GLOBAL=  1
   0.6861   0.6861   0.6861   0.6861   0.6861   0.6861   0.1502   0.1502   0.1502   0.1502   0.1502   0.1502   0.1502   0.1502
 NELE_LOC TOTAL:
           5.3183586143446169
              CALC_DA_BND takes  0 hours  0 minutes and    0.07 seconds (CPU).
                          takes  0 hours  0 minutes and    0.08 seconds (WALL).
************  DA-  ************
 NI=  1 NI_GLOBAL=  1
  -0.0387  -0.0387  -0.0362  -0.0362  -0.0387  -0.0387  -0.0285  -0.0392  -0.0275  -0.0265  -0.0265  -0.0275  -0.0392  -0.0285
************  DAA  ************
 NI=  1 NI_GLOBAL=  1
  -0.0379  -0.0379  -0.0379  -0.0379  -0.0379  -0.0379  -0.0304  -0.0304  -0.0304  -0.0304  -0.0304  -0.0304  -0.0304  -0.0304
 NI=  1 VDC=    1.3586
************  LA2  ************
 NI=  1 NI_GLOBAL=  1
  -3.1504  -3.1504  -3.1504  -3.1504  -3.1504  -3.1504  -3.0616  -3.0616  -3.0616  -3.0616  -3.0616  -3.0616  -3.0616  -3.0616
 NI=  1 PHI-step gap=  0.16E+00
************  RAA  ************
 NI=  1 NI_GLOBAL=  1
   0.9202   0.9202   0.9202   0.9202   0.9202   0.9202   0.9299   0.9299   0.9299   0.9299   0.9299   0.9299   0.9299   0.9299
************  NC0  ************
 NI=  1 NI_GLOBAL=  1
   0.6861   0.6861   0.6861   0.6861   0.6861   0.6861   0.1502   0.1502   0.1502   0.1502   0.1502   0.1502   0.1502   0.1502
                  CALC_LC takes  0 hours  8 minutes and   56.30 seconds (CPU).
                          takes  0 hours  8 minutes and   56.32 seconds (WALL).
                GUTZ_FCN1 takes  0 hours  8 minutes and   57.05 seconds (CPU).
                          takes  0 hours  8 minutes and   56.79 seconds (WALL).
************  DIF_X  ************
    0.000000000324    0.000000000404
    0.000000000158   -0.000000000232
 ITER1=  4 MAXERR=    0.00000000
 NFJAC=   0
 SOLVE1 FINISHED WITH       4 ITERATIONS.
               GUTZ_SOLVE takes  0 hours 35 minutes and   32.85 seconds (CPU).
                          takes  0 hours 35 minutes and   31.41 seconds (WALL).
 MAX. NELF1 DIFF=    0.00311308
               CALC_PJRHO takes  0 hours  0 minutes and    0.44 seconds (CPU).
                          takes  0 hours  0 minutes and    0.40 seconds (WALL).
 NI=  1 SUM_PHY-SUM_KS=      0.00000000 WOULD BE RENORMALIZED
************  NC1  ************
 NI=  1 NI_GLOBAL=  1
   0.6810   0.6810   0.6810   0.6810   0.6810   0.6810   0.1541   0.1541   0.1541   0.1541   0.1541   0.1541   0.1541   0.1541
               CALC_NCPHY takes  0 hours  0 minutes and   49.77 seconds (CPU).
                          takes  0 hours  0 minutes and   49.71 seconds (WALL).
 GYZ%PJ%EGAMM:
    12.74007
 ENG%GAMM:    12.74007
 ENG%POT2:     3.29591
 EDCLA1(NI) ARRAY:
    -9.361
 EDCUJ(NI) ARRAY:
    -3.259
 EDCUJV(NI) ARRAY:
    -7.225
 EDC(NI) ARRAY:
   -12.621
 ENG%DBLC:   -12.62070
 ENG%DC1 :    -9.36142
 ENG%DC2 :    -3.25928
 ENG%DC2V:    -7.22534
 DC_E_STD_TO_E_V:    -3.96606
 ENG%BAND:    11.79798
 ENG%DL(DEEP LEVEL):    -1.41032
 ENG%TB=    11.91735
 ENG%TB-DC2=    15.17664
 NI=  1 OCC_CONFIG_WEIGHT:
        OCC= 0 WEIGHT=   0.00000
        OCC= 1 WEIGHT=   0.00001
        OCC= 2 WEIGHT=   0.00056
        OCC= 3 WEIGHT=   0.01608
        OCC= 4 WEIGHT=   0.15074
        OCC= 5 WEIGHT=   0.42075
        OCC= 6 WEIGHT=   0.32774
        OCC= 7 WEIGHT=   0.07734
        OCC= 8 WEIGHT=   0.00655
        OCC= 9 WEIGHT=   0.00022
                 CALC_RCW takes  0 hours  0 minutes and    0.00 seconds (CPU).
                          takes  0 hours  0 minutes and    0.00 seconds (WALL).
 NI=  1 J2=   29.0010
                 CALC_SLJ takes  0 hours  0 minutes and    0.00 seconds (CPU).
                          takes  0 hours  0 minutes and    0.00 seconds (WALL).
 NI=  1 ENTANGLEMENT ENTROPY=      6.8647
           CALC_ENTANGLES takes  0 hours  0 minutes and    1.05 seconds (CPU).
                          takes  0 hours  0 minutes and    0.94 seconds (WALL).
 CORRELATED SUBSPACE, SUM_FERWT=      8.0000000 SUM_KSWT=      8.0000000
 MAX OFF DIAGONAL KS.WT=    0.001387
 MAX/MIN R=    0.929908    0.920186
                CALC_KSWT takes  0 hours  0 minutes and    0.01 seconds (CPU).
                          takes  0 hours  0 minutes and    0.00 seconds (WALL).
                    TOTAL takes  0 hours 37 minutes and   28.57 seconds (CPU).
                          takes  0 hours 37 minutes and   28.28 seconds (WALL).
