******Program DMFT: Computes Gloc and Delta for Dynamical Mean Field Theory calculation ******
 CALCULATION WITH COMPLEX VECTORS
 CALCULATION WITH SOC VECTORS REQUIRED
 Running DMFT in mpi mode
  
 numkpt=         286
   0.00000   0.00000   0.00000   1.00000
   0.04762   0.04762  -0.04762   8.00000
   0.09524   0.09524  -0.09524   8.00000
   0.14286   0.14286  -0.14286   8.00000
   0.19048   0.19048  -0.19048   8.00000
   0.23810   0.23810  -0.23810   8.00000
   0.28571   0.28571  -0.28571   8.00000
   0.33333   0.33333  -0.33333   8.00000
   0.38095   0.38095  -0.38095   8.00000
   0.42857   0.42857  -0.42857   8.00000
   0.47619   0.47619  -0.47619   8.00000
   0.09524   0.00000   0.00000   6.00000
   0.14286   0.04762  -0.04762  24.00000
   0.19048   0.09524  -0.09524  24.00000
   0.23810   0.14286  -0.14286  24.00000
   0.28571   0.19048  -0.19048  24.00000
   0.33333   0.23810  -0.23810  24.00000
   0.38095   0.28571  -0.28571  24.00000
   0.42857   0.33333  -0.33333  24.00000
   0.47619   0.38095  -0.38095  24.00000
   0.52381   0.42857  -0.42857  24.00000
   0.57143   0.47619  -0.47619  24.00000
   0.61905   0.52381  -0.52381  24.00000
   0.66667   0.57143  -0.57143  24.00000
   0.71429   0.61905  -0.61905  24.00000
   0.76190   0.66667  -0.66667  24.00000
   0.80952   0.71429  -0.71429  24.00000
   0.85714   0.76190  -0.76190  24.00000
   0.90476   0.80952  -0.80952  24.00000
   0.95238   0.85714  -0.85714  24.00000
   1.00000   0.90476  -0.90476  12.00000
   0.19048   0.00000   0.00000   6.00000
   0.23810   0.04762  -0.04762  24.00000
   0.28571   0.09524  -0.09524  24.00000
   0.33333   0.14286  -0.14286  24.00000
   0.38095   0.19048  -0.19048  24.00000
   0.42857   0.23810  -0.23810  24.00000
   0.47619   0.28571  -0.28571  24.00000
   0.52381   0.33333  -0.33333  24.00000
   0.57143   0.38095  -0.38095  24.00000
   0.61905   0.42857  -0.42857  24.00000
   0.66667   0.47619  -0.47619  24.00000
   0.71429   0.52381  -0.52381  24.00000
   0.76190   0.57143  -0.57143  24.00000
   0.80952   0.61905  -0.61905  24.00000
   0.85714   0.66667  -0.66667  24.00000
   0.90476   0.71429  -0.71429  24.00000
   0.95238   0.76190  -0.76190  24.00000
   1.00000   0.80952  -0.80952  12.00000
   0.28571   0.00000   0.00000   6.00000
   0.33333   0.04762  -0.04762  24.00000
   0.38095   0.09524  -0.09524  24.00000
   0.42857   0.14286  -0.14286  24.00000
   0.47619   0.19048  -0.19048  24.00000
   0.52381   0.23810  -0.23810  24.00000
   0.57143   0.28571  -0.28571  24.00000
   0.61905   0.33333  -0.33333  24.00000
   0.66667   0.38095  -0.38095  24.00000
   0.71429   0.42857  -0.42857  24.00000
   0.76190   0.47619  -0.47619  24.00000
   0.80952   0.52381  -0.52381  24.00000
   0.85714   0.57143  -0.57143  24.00000
   0.90476   0.61905  -0.61905  24.00000
   0.95238   0.66667  -0.66667  24.00000
   1.00000   0.71429  -0.71429  12.00000
   0.38095   0.00000   0.00000   6.00000
   0.42857   0.04762  -0.04762  24.00000
   0.47619   0.09524  -0.09524  24.00000
   0.52381   0.14286  -0.14286  24.00000
   0.57143   0.19048  -0.19048  24.00000
   0.61905   0.23810  -0.23810  24.00000
   0.66667   0.28571  -0.28571  24.00000
   0.71429   0.33333  -0.33333  24.00000
   0.76190   0.38095  -0.38095  24.00000
   0.80952   0.42857  -0.42857  24.00000
   0.85714   0.47619  -0.47619  24.00000
   0.90476   0.52381  -0.52381  24.00000
   0.95238   0.57143  -0.57143  24.00000
   1.00000   0.61905  -0.61905  12.00000
   0.47619   0.00000   0.00000   6.00000
   0.52381   0.04762  -0.04762  24.00000
   0.57143   0.09524  -0.09524  24.00000
   0.61905   0.14286  -0.14286  24.00000
   0.66667   0.19048  -0.19048  24.00000
   0.71429   0.23810  -0.23810  24.00000
   0.76190   0.28571  -0.28571  24.00000
   0.80952   0.33333  -0.33333  24.00000
   0.85714   0.38095  -0.38095  24.00000
   0.90476   0.42857  -0.42857  24.00000
   0.95238   0.47619  -0.47619  24.00000
   1.00000   0.52381  -0.52381  12.00000
   0.57143   0.00000   0.00000   6.00000
   0.61905   0.04762  -0.04762  24.00000
   0.66667   0.09524  -0.09524  24.00000
   0.71429   0.14286  -0.14286  24.00000
   0.76190   0.19048  -0.19048  24.00000
   0.80952   0.23810  -0.23810  24.00000
   0.85714   0.28571  -0.28571  24.00000
   0.90476   0.33333  -0.33333  24.00000
   0.95238   0.38095  -0.38095  24.00000
   1.00000   0.42857  -0.42857  12.00000
   0.66667   0.00000   0.00000   6.00000
   0.71429   0.04762  -0.04762  24.00000
   0.76190   0.09524  -0.09524  24.00000
   0.80952   0.14286  -0.14286  24.00000
   0.85714   0.19048  -0.19048  24.00000
   0.90476   0.23810  -0.23810  24.00000
   0.95238   0.28571  -0.28571  24.00000
   1.00000   0.33333  -0.33333  12.00000
   0.76190   0.00000   0.00000   6.00000
   0.80952   0.04762  -0.04762  24.00000
   0.85714   0.09524  -0.09524  24.00000
   0.90476   0.14286  -0.14286  24.00000
   0.95238   0.19048  -0.19048  24.00000
   1.00000   0.23810  -0.23810  12.00000
   0.85714   0.00000   0.00000   6.00000
   0.90476   0.04762  -0.04762  24.00000
   0.95238   0.09524  -0.09524  24.00000
   1.00000   0.14286  -0.14286  12.00000
   0.95238   0.00000   0.00000   6.00000
   1.00000   0.04762  -0.04762  12.00000
   0.19048   0.09524   0.00000  24.00000
   0.23810   0.14286  -0.04762  48.00000
   0.28571   0.19048  -0.09524  48.00000
   0.33333   0.23810  -0.14286  48.00000
   0.38095   0.28571  -0.19048  48.00000
   0.42857   0.33333  -0.23810  48.00000
   0.47619   0.38095  -0.28571  48.00000
   0.52381   0.42857  -0.33333  48.00000
   0.57143   0.47619  -0.38095  48.00000
   0.28571   0.09524   0.00000  24.00000
   0.33333   0.14286  -0.04762  48.00000
   0.38095   0.19048  -0.09524  48.00000
   0.42857   0.23810  -0.14286  48.00000
   0.47619   0.28571  -0.19048  48.00000
   0.52381   0.33333  -0.23810  48.00000
   0.57143   0.38095  -0.28571  48.00000
   0.61905   0.42857  -0.33333  48.00000
   0.66667   0.47619  -0.38095  48.00000
   0.71429   0.52381  -0.42857  48.00000
   0.76190   0.57143  -0.47619  48.00000
   0.80952   0.61905  -0.52381  48.00000
   0.85714   0.66667  -0.57143  48.00000
   0.90476   0.71429  -0.61905  48.00000
   0.95238   0.76190  -0.66667  48.00000
   1.00000   0.80952  -0.71429  24.00000
   0.38095   0.09524   0.00000  24.00000
   0.42857   0.14286  -0.04762  48.00000
   0.47619   0.19048  -0.09524  48.00000
   0.52381   0.23810  -0.14286  48.00000
   0.57143   0.28571  -0.19048  48.00000
   0.61905   0.33333  -0.23810  48.00000
   0.66667   0.38095  -0.28571  48.00000
   0.71429   0.42857  -0.33333  48.00000
   0.76190   0.47619  -0.38095  48.00000
   0.80952   0.52381  -0.42857  48.00000
   0.85714   0.57143  -0.47619  48.00000
   0.90476   0.61905  -0.52381  48.00000
   0.95238   0.66667  -0.57143  48.00000
   1.00000   0.71429  -0.61905  24.00000
   0.47619   0.09524   0.00000  24.00000
   0.52381   0.14286  -0.04762  48.00000
   0.57143   0.19048  -0.09524  48.00000
   0.61905   0.23810  -0.14286  48.00000
   0.66667   0.28571  -0.19048  48.00000
   0.71429   0.33333  -0.23810  48.00000
   0.76190   0.38095  -0.28571  48.00000
   0.80952   0.42857  -0.33333  48.00000
   0.85714   0.47619  -0.38095  48.00000
   0.90476   0.52381  -0.42857  48.00000
   0.95238   0.57143  -0.47619  48.00000
   1.00000   0.61905  -0.52381  24.00000
   0.57143   0.09524   0.00000  24.00000
   0.61905   0.14286  -0.04762  48.00000
   0.66667   0.19048  -0.09524  48.00000
   0.71429   0.23810  -0.14286  48.00000
   0.76190   0.28571  -0.19048  48.00000
   0.80952   0.33333  -0.23810  48.00000
   0.85714   0.38095  -0.28571  48.00000
   0.90476   0.42857  -0.33333  48.00000
   0.95238   0.47619  -0.38095  48.00000
   1.00000   0.52381  -0.42857  24.00000
   0.66667   0.09524   0.00000  24.00000
   0.71429   0.14286  -0.04762  48.00000
   0.76190   0.19048  -0.09524  48.00000
   0.80952   0.23810  -0.14286  48.00000
   0.85714   0.28571  -0.19048  48.00000
   0.90476   0.33333  -0.23810  48.00000
   0.95238   0.38095  -0.28571  48.00000
   1.00000   0.42857  -0.33333  24.00000
   0.76190   0.09524   0.00000  24.00000
   0.80952   0.14286  -0.04762  48.00000
   0.85714   0.19048  -0.09524  48.00000
   0.90476   0.23810  -0.14286  48.00000
   0.95238   0.28571  -0.19048  48.00000
   1.00000   0.33333  -0.23810  24.00000
   0.85714   0.09524   0.00000  24.00000
   0.90476   0.14286  -0.04762  48.00000
   0.95238   0.19048  -0.09524  48.00000
   1.00000   0.23810  -0.14286  24.00000
   0.95238   0.09524   0.00000  24.00000
   1.00000   0.14286  -0.04762  24.00000
   0.38095   0.19048   0.00000  24.00000
   0.42857   0.23810  -0.04762  48.00000
   0.47619   0.28571  -0.09524  48.00000
   0.52381   0.33333  -0.14286  48.00000
   0.57143   0.38095  -0.19048  48.00000
   0.61905   0.42857  -0.23810  48.00000
   0.66667   0.47619  -0.28571  48.00000
   0.47619   0.19048   0.00000  24.00000
   0.52381   0.23810  -0.04762  48.00000
   0.57143   0.28571  -0.09524  48.00000
   0.61905   0.33333  -0.14286  48.00000
   0.66667   0.38095  -0.19048  48.00000
   0.71429   0.42857  -0.23810  48.00000
   0.76190   0.47619  -0.28571  48.00000
   0.80952   0.52381  -0.33333  48.00000
   0.85714   0.57143  -0.38095  48.00000
   0.90476   0.61905  -0.42857  48.00000
   0.95238   0.66667  -0.47619  48.00000
   1.00000   0.71429  -0.52381  24.00000
   0.57143   0.19048   0.00000  24.00000
   0.61905   0.23810  -0.04762  48.00000
   0.66667   0.28571  -0.09524  48.00000
   0.71429   0.33333  -0.14286  48.00000
   0.76190   0.38095  -0.19048  48.00000
   0.80952   0.42857  -0.23810  48.00000
   0.85714   0.47619  -0.28571  48.00000
   0.90476   0.52381  -0.33333  48.00000
   0.95238   0.57143  -0.38095  48.00000
   1.00000   0.61905  -0.42857  24.00000
   0.66667   0.19048   0.00000  24.00000
   0.71429   0.23810  -0.04762  48.00000
   0.76190   0.28571  -0.09524  48.00000
   0.80952   0.33333  -0.14286  48.00000
   0.85714   0.38095  -0.19048  48.00000
   0.90476   0.42857  -0.23810  48.00000
   0.95238   0.47619  -0.28571  48.00000
   1.00000   0.52381  -0.33333  24.00000
   0.76190   0.19048   0.00000  24.00000
   0.80952   0.23810  -0.04762  48.00000
   0.85714   0.28571  -0.09524  48.00000
   0.90476   0.33333  -0.14286  48.00000
   0.95238   0.38095  -0.19048  48.00000
   1.00000   0.42857  -0.23810  24.00000
   0.85714   0.19048   0.00000  24.00000
   0.90476   0.23810  -0.04762  48.00000
   0.95238   0.28571  -0.09524  48.00000
   1.00000   0.33333  -0.14286  24.00000
   0.95238   0.19048   0.00000  24.00000
   1.00000   0.23810  -0.04762  24.00000
   0.57143   0.28571   0.00000  24.00000
   0.61905   0.33333  -0.04762  48.00000
   0.66667   0.38095  -0.09524  48.00000
   0.71429   0.42857  -0.14286  48.00000
   0.76190   0.47619  -0.19048  48.00000
   0.66667   0.28571   0.00000  24.00000
   0.71429   0.33333  -0.04762  48.00000
   0.76190   0.38095  -0.09524  48.00000
   0.80952   0.42857  -0.14286  48.00000
   0.85714   0.47619  -0.19048  48.00000
   0.90476   0.52381  -0.23810  48.00000
   0.95238   0.57143  -0.28571  48.00000
   1.00000   0.61905  -0.33333  24.00000
   0.76190   0.28571   0.00000  24.00000
   0.80952   0.33333  -0.04762  48.00000
   0.85714   0.38095  -0.09524  48.00000
   0.90476   0.42857  -0.14286  48.00000
   0.95238   0.47619  -0.19048  48.00000
   1.00000   0.52381  -0.23810  24.00000
   0.85714   0.28571   0.00000  24.00000
   0.90476   0.33333  -0.04762  48.00000
   0.95238   0.38095  -0.09524  48.00000
   1.00000   0.42857  -0.14286  24.00000
   0.95238   0.28571   0.00000  24.00000
   1.00000   0.33333  -0.04762  24.00000
   0.76190   0.38095   0.00000  24.00000
   0.80952   0.42857  -0.04762  48.00000
   0.85714   0.47619  -0.09524  48.00000
   0.85714   0.38095   0.00000  24.00000
   0.90476   0.42857  -0.04762  48.00000
   0.95238   0.47619  -0.09524  48.00000
   1.00000   0.52381  -0.14286  24.00000
   0.95238   0.38095   0.00000  24.00000
   1.00000   0.42857  -0.04762  24.00000
   0.95238   0.47619   0.00000  24.00000




                              --------------------------------------------------
                                 S T R U C T U R A L   I N F O R M A T I O N
                              --------------------------------------------------


   SUBSTANCE                    = cubic fcc  (delta)                                                              

   LATTICE                      = F   
   LATTICE CONSTANTS ARE        =    9.0544710   9.0544710   9.0544710
   NUMBER OF ATOMS IN UNITCELL  =   1
   MODE OF CALCULATION IS       = RELA
 IORD=          48
 FNAMES=
 ./delta_Pu_13.vectorso_1                                                       
                                                                                
                                           
 ./delta_Pu_13.vectorsodn_1                                                     
                                                                                
                                           
 delta_Pu_13.energyso_1                                                         
                                                                                
                                           
 delta_Pu_13.energysodn_1                                                       
                                                                                
                                           
  BR1,  BR2
   0.69393   0.00000   0.00000     -0.69393   0.69393   0.69393
   0.00000   0.69393   0.00000      0.69393  -0.69393   0.69393
   0.00000   0.00000   0.69393      0.69393   0.69393  -0.69393
 projector corrected--must be 1,2, or 3! Now projector= 2
 Energy window:   -0.4410 < E <      0.441
 Projected density of states calculation for  1 atoms
--------- atom  1 -------------
l=  3  qsplit=  4
 Symmetrization over eq. k-points is performed
 ********** Start Reading Cix file *************
  Correlated block number           1
  Correlated index=
  1  0  0  0  0  0  0  0  0  0  0  0  0  0
  0  1  0  0  0  0  0  0  0  0  0  0  0  0
  0  0  1  0  0  0  0  0  0  0  0  0  0  0
  0  0  0  1  0  0  0  0  0  0  0  0  0  0
  0  0  0  0  1  0  0  0  0  0  0  0  0  0
  0  0  0  0  0  1  0  0  0  0  0  0  0  0
  0  0  0  0  0  0  2  0  0  0  0  0  0  0
  0  0  0  0  0  0  0  2  0  0  0  0  0  0
  0  0  0  0  0  0  0  0  2  0  0  0  0  0
  0  0  0  0  0  0  0  0  0  2  0  0  0  0
  0  0  0  0  0  0  0  0  0  0  2  0  0  0
  0  0  0  0  0  0  0  0  0  0  0  2  0  0
  0  0  0  0  0  0  0  0  0  0  0  0  2  0
  0  0  0  0  0  0  0  0  0  0  0  0  0  2
  Real part of unitary matrix=
  0.9258  0.0000  0.0000  0.0000  0.0000  0.0000  0.0000  0.0000 -0.3780  0.0000  0.0000  0.0000  0.0000  0.0000
  0.0000  0.8452  0.0000  0.0000  0.0000  0.0000  0.0000  0.0000  0.0000 -0.5345  0.0000  0.0000  0.0000  0.0000
  0.0000  0.0000  0.7559  0.0000  0.0000  0.0000  0.0000  0.0000  0.0000  0.0000 -0.6547  0.0000  0.0000  0.0000
  0.0000  0.0000  0.0000  0.6547  0.0000  0.0000  0.0000  0.0000  0.0000  0.0000  0.0000 -0.7559  0.0000  0.0000
  0.0000  0.0000  0.0000  0.0000  0.5345  0.0000  0.0000  0.0000  0.0000  0.0000  0.0000  0.0000 -0.8452  0.0000
  0.0000  0.0000  0.0000  0.0000  0.0000  0.3780  0.0000  0.0000  0.0000  0.0000  0.0000  0.0000  0.0000 -0.9258
  0.0000  0.0000  0.0000  0.0000  0.0000  0.0000  0.0000  1.0000  0.0000  0.0000  0.0000  0.0000  0.0000  0.0000
  0.3780  0.0000  0.0000  0.0000  0.0000  0.0000  0.0000  0.0000  0.9258  0.0000  0.0000  0.0000  0.0000  0.0000
  0.0000  0.5345  0.0000  0.0000  0.0000  0.0000  0.0000  0.0000  0.0000  0.8452  0.0000  0.0000  0.0000  0.0000
  0.0000  0.0000  0.6547  0.0000  0.0000  0.0000  0.0000  0.0000  0.0000  0.0000  0.7559  0.0000  0.0000  0.0000
  0.0000  0.0000  0.0000  0.7559  0.0000  0.0000  0.0000  0.0000  0.0000  0.0000  0.0000  0.6547  0.0000  0.0000
  0.0000  0.0000  0.0000  0.0000  0.8452  0.0000  0.0000  0.0000  0.0000  0.0000  0.0000  0.0000  0.5345  0.0000
  0.0000  0.0000  0.0000  0.0000  0.0000  0.9258  0.0000  0.0000  0.0000  0.0000  0.0000  0.0000  0.0000  0.3780
  0.0000  0.0000  0.0000  0.0000  0.0000  0.0000  1.0000  0.0000  0.0000  0.0000  0.0000  0.0000  0.0000  0.0000
  Imaginary part of unitary matrix=
  0.0000  0.0000  0.0000  0.0000  0.0000  0.0000  0.0000  0.0000  0.0000  0.0000  0.0000  0.0000  0.0000  0.0000
  0.0000  0.0000  0.0000  0.0000  0.0000  0.0000  0.0000  0.0000  0.0000  0.0000  0.0000  0.0000  0.0000  0.0000
  0.0000  0.0000  0.0000  0.0000  0.0000  0.0000  0.0000  0.0000  0.0000  0.0000  0.0000  0.0000  0.0000  0.0000
  0.0000  0.0000  0.0000  0.0000  0.0000  0.0000  0.0000  0.0000  0.0000  0.0000  0.0000  0.0000  0.0000  0.0000
  0.0000  0.0000  0.0000  0.0000  0.0000  0.0000  0.0000  0.0000  0.0000  0.0000  0.0000  0.0000  0.0000  0.0000
  0.0000  0.0000  0.0000  0.0000  0.0000  0.0000  0.0000  0.0000  0.0000  0.0000  0.0000  0.0000  0.0000  0.0000
  0.0000  0.0000  0.0000  0.0000  0.0000  0.0000  0.0000  0.0000  0.0000  0.0000  0.0000  0.0000  0.0000  0.0000
  0.0000  0.0000  0.0000  0.0000  0.0000  0.0000  0.0000  0.0000  0.0000  0.0000  0.0000  0.0000  0.0000  0.0000
  0.0000  0.0000  0.0000  0.0000  0.0000  0.0000  0.0000  0.0000  0.0000  0.0000  0.0000  0.0000  0.0000  0.0000
  0.0000  0.0000  0.0000  0.0000  0.0000  0.0000  0.0000  0.0000  0.0000  0.0000  0.0000  0.0000  0.0000  0.0000
  0.0000  0.0000  0.0000  0.0000  0.0000  0.0000  0.0000  0.0000  0.0000  0.0000  0.0000  0.0000  0.0000  0.0000
  0.0000  0.0000  0.0000  0.0000  0.0000  0.0000  0.0000  0.0000  0.0000  0.0000  0.0000  0.0000  0.0000  0.0000
  0.0000  0.0000  0.0000  0.0000  0.0000  0.0000  0.0000  0.0000  0.0000  0.0000  0.0000  0.0000  0.0000  0.0000
  0.0000  0.0000  0.0000  0.0000  0.0000  0.0000  0.0000  0.0000  0.0000  0.0000  0.0000  0.0000  0.0000  0.0000
  At least one transformation matrix is not Identity
 Magnetic system with s-o coupling; M theta, phi:  0.0000  0.0000
 Inside ROTDEF
Operation  1 transforms atom   1 from first atom   1
Actual position of atom  1 is:  0.000000    0.000000    0.000000
 
Combined transformation (acting on k-point) for correlated atoms
including users rotation and internal local rotation
catom  1 atom   1
   0.69393   0.00000   0.00000
   0.00000  -0.69393   0.00000
   0.00000   0.00000  -0.69393
 
 
 SPIN COORD SYSTEM:
    1.000000    0.000000    0.000000
    0.000000    1.000000    0.000000
    0.000000    0.000000    1.000000
 
 in global cartezian coordinates:
    1.000000    0.000000    0.000000
    0.000000   -1.000000    0.000000
    0.000000    0.000000   -1.000000
 ____________________________
 in spin coordinates:
    1.000000    0.000000    0.000000
    0.000000   -1.000000    0.000000
    0.000000    0.000000   -1.000000
           1   3.14159268339212       -1.00000000000000     
 
 in global cartezian coordinates:
    1.000000    0.000000    0.000000
    0.000000    0.000000   -1.000000
    0.000000   -1.000000    0.000000
 ____________________________
 in spin coordinates:
    1.000000    0.000000    0.000000
    0.000000    0.000000   -1.000000
    0.000000   -1.000000    0.000000
           2   1.57079632679490       0.000000000000000E+000
 
 symm. operation            2  removed !!!! so-det=  0.000000000000000E+000
 in global cartezian coordinates:
   -1.000000    0.000000    0.000000
    0.000000   -1.000000    0.000000
    0.000000    0.000000   -1.000000
 ____________________________
 in spin coordinates:
   -1.000000    0.000000    0.000000
    0.000000   -1.000000    0.000000
    0.000000    0.000000   -1.000000
           3  2.980232238769531E-008   1.00000000000000     
 
 in global cartezian coordinates:
   -1.000000    0.000000    0.000000
    0.000000    0.000000   -1.000000
    0.000000   -1.000000    0.000000
 ____________________________
 in spin coordinates:
   -1.000000    0.000000    0.000000
    0.000000    0.000000   -1.000000
    0.000000   -1.000000    0.000000
           4   1.57079632679490       0.000000000000000E+000
 
 symm. operation            4  removed !!!! so-det=  0.000000000000000E+000
 in global cartezian coordinates:
    0.000000   -1.000000    0.000000
    1.000000    0.000000    0.000000
    0.000000    0.000000   -1.000000
 ____________________________
 in spin coordinates:
    0.000000   -1.000000    0.000000
    1.000000    0.000000    0.000000
    0.000000    0.000000   -1.000000
           5  -1.57079632679490        1.00000000000000     
 
 in global cartezian coordinates:
    0.000000   -1.000000    0.000000
    0.000000    0.000000   -1.000000
    1.000000    0.000000    0.000000
 ____________________________
 in spin coordinates:
    0.000000   -1.000000    0.000000
    0.000000    0.000000   -1.000000
    1.000000    0.000000    0.000000
           6 NaN                      0.000000000000000E+000
 
 symm. operation            6  removed !!!! so-det=  0.000000000000000E+000
 in global cartezian coordinates:
    0.000000    1.000000    0.000000
    1.000000    0.000000    0.000000
    0.000000    0.000000   -1.000000
 ____________________________
 in spin coordinates:
    0.000000    1.000000    0.000000
    1.000000    0.000000    0.000000
    0.000000    0.000000   -1.000000
           7   1.57079632679490       -1.00000000000000     
 
 in global cartezian coordinates:
    0.000000    1.000000    0.000000
    0.000000    0.000000   -1.000000
    1.000000    0.000000    0.000000
 ____________________________
 in spin coordinates:
    0.000000    1.000000    0.000000
    0.000000    0.000000   -1.000000
    1.000000    0.000000    0.000000
           8 NaN                      0.000000000000000E+000
 
 symm. operation            8  removed !!!! so-det=  0.000000000000000E+000
 in global cartezian coordinates:
    0.000000    0.000000   -1.000000
    1.000000    0.000000    0.000000
    0.000000   -1.000000    0.000000
 ____________________________
 in spin coordinates:
    0.000000    0.000000   -1.000000
    1.000000    0.000000    0.000000
    0.000000   -1.000000    0.000000
           9   1.57079632679490       0.000000000000000E+000
 
 symm. operation            9  removed !!!! so-det=  0.000000000000000E+000
 in global cartezian coordinates:
    0.000000    0.000000   -1.000000
    0.000000   -1.000000    0.000000
    1.000000    0.000000    0.000000
 ____________________________
 in spin coordinates:
    0.000000    0.000000   -1.000000
    0.000000   -1.000000    0.000000
    1.000000    0.000000    0.000000
          10   1.57079632679490       0.000000000000000E+000
 
 symm. operation           10  removed !!!! so-det=  0.000000000000000E+000
 in global cartezian coordinates:
    0.000000    0.000000    1.000000
    1.000000    0.000000    0.000000
    0.000000   -1.000000    0.000000
 ____________________________
 in spin coordinates:
    0.000000    0.000000    1.000000
    1.000000    0.000000    0.000000
    0.000000   -1.000000    0.000000
          11   1.57079632679490       0.000000000000000E+000
 
 symm. operation           11  removed !!!! so-det=  0.000000000000000E+000
 in global cartezian coordinates:
    0.000000    0.000000    1.000000
    0.000000   -1.000000    0.000000
    1.000000    0.000000    0.000000
 ____________________________
 in spin coordinates:
    0.000000    0.000000    1.000000
    0.000000   -1.000000    0.000000
    1.000000    0.000000    0.000000
          12   1.57079632679490       0.000000000000000E+000
 
 symm. operation           12  removed !!!! so-det=  0.000000000000000E+000
 in global cartezian coordinates:
    0.000000   -1.000000    0.000000
   -1.000000    0.000000    0.000000
    0.000000    0.000000   -1.000000
 ____________________________
 in spin coordinates:
    0.000000   -1.000000    0.000000
   -1.000000    0.000000    0.000000
    0.000000    0.000000   -1.000000
          13   4.71238898038469       -1.00000000000000     
 
 in global cartezian coordinates:
    0.000000    1.000000    0.000000
   -1.000000    0.000000    0.000000
    0.000000    0.000000   -1.000000
 ____________________________
 in spin coordinates:
    0.000000    1.000000    0.000000
   -1.000000    0.000000    0.000000
    0.000000    0.000000   -1.000000
          14   1.57079632679490        1.00000000000000     
 
 in global cartezian coordinates:
    0.000000   -1.000000    0.000000
    0.000000    0.000000   -1.000000
   -1.000000    0.000000    0.000000
 ____________________________
 in spin coordinates:
    0.000000   -1.000000    0.000000
    0.000000    0.000000   -1.000000
   -1.000000    0.000000    0.000000
          15 NaN                      0.000000000000000E+000
 
 symm. operation           15  removed !!!! so-det=  0.000000000000000E+000
 in global cartezian coordinates:
    0.000000    1.000000    0.000000
    0.000000    0.000000   -1.000000
   -1.000000    0.000000    0.000000
 ____________________________
 in spin coordinates:
    0.000000    1.000000    0.000000
    0.000000    0.000000   -1.000000
   -1.000000    0.000000    0.000000
          16 NaN                      0.000000000000000E+000
 
 symm. operation           16  removed !!!! so-det=  0.000000000000000E+000
 in global cartezian coordinates:
    1.000000    0.000000    0.000000
    0.000000    1.000000    0.000000
    0.000000    0.000000   -1.000000
 ____________________________
 in spin coordinates:
    1.000000    0.000000    0.000000
    0.000000    1.000000    0.000000
    0.000000    0.000000   -1.000000
          17   3.14159262378747        1.00000000000000     
 
 in global cartezian coordinates:
   -1.000000    0.000000    0.000000
    0.000000    1.000000    0.000000
    0.000000    0.000000   -1.000000
 ____________________________
 in spin coordinates:
   -1.000000    0.000000    0.000000
    0.000000    1.000000    0.000000
    0.000000    0.000000   -1.000000
          18   6.28318527737726       -1.00000000000000     
 
 in global cartezian coordinates:
    1.000000    0.000000    0.000000
    0.000000    0.000000   -1.000000
    0.000000    1.000000    0.000000
 ____________________________
 in spin coordinates:
    1.000000    0.000000    0.000000
    0.000000    0.000000   -1.000000
    0.000000    1.000000    0.000000
          19   1.57079632679490       0.000000000000000E+000
 
 symm. operation           19  removed !!!! so-det=  0.000000000000000E+000
 in global cartezian coordinates:
   -1.000000    0.000000    0.000000
    0.000000    0.000000   -1.000000
    0.000000    1.000000    0.000000
 ____________________________
 in spin coordinates:
   -1.000000    0.000000    0.000000
    0.000000    0.000000   -1.000000
    0.000000    1.000000    0.000000
          20   1.57079632679490       0.000000000000000E+000
 
 symm. operation           20  removed !!!! so-det=  0.000000000000000E+000
 in global cartezian coordinates:
    0.000000    0.000000   -1.000000
   -1.000000    0.000000    0.000000
    0.000000   -1.000000    0.000000
 ____________________________
 in spin coordinates:
    0.000000    0.000000   -1.000000
   -1.000000    0.000000    0.000000
    0.000000   -1.000000    0.000000
          21   1.57079632679490       0.000000000000000E+000
 
 symm. operation           21  removed !!!! so-det=  0.000000000000000E+000
 in global cartezian coordinates:
    0.000000    0.000000   -1.000000
    0.000000   -1.000000    0.000000
   -1.000000    0.000000    0.000000
 ____________________________
 in spin coordinates:
    0.000000    0.000000   -1.000000
    0.000000   -1.000000    0.000000
   -1.000000    0.000000    0.000000
          22   1.57079632679490       0.000000000000000E+000
 
 symm. operation           22  removed !!!! so-det=  0.000000000000000E+000
 in global cartezian coordinates:
    0.000000    0.000000    1.000000
   -1.000000    0.000000    0.000000
    0.000000   -1.000000    0.000000
 ____________________________
 in spin coordinates:
    0.000000    0.000000    1.000000
   -1.000000    0.000000    0.000000
    0.000000   -1.000000    0.000000
          23   1.57079632679490       0.000000000000000E+000
 
 symm. operation           23  removed !!!! so-det=  0.000000000000000E+000
 in global cartezian coordinates:
    0.000000    0.000000    1.000000
    0.000000   -1.000000    0.000000
   -1.000000    0.000000    0.000000
 ____________________________
 in spin coordinates:
    0.000000    0.000000    1.000000
    0.000000   -1.000000    0.000000
   -1.000000    0.000000    0.000000
          24   1.57079632679490       0.000000000000000E+000
 
 symm. operation           24  removed !!!! so-det=  0.000000000000000E+000
 in global cartezian coordinates:
    0.000000    0.000000   -1.000000
    0.000000    1.000000    0.000000
    1.000000    0.000000    0.000000
 ____________________________
 in spin coordinates:
    0.000000    0.000000   -1.000000
    0.000000    1.000000    0.000000
    1.000000    0.000000    0.000000
          25   1.57079632679490       0.000000000000000E+000
 
 symm. operation           25  removed !!!! so-det=  0.000000000000000E+000
 in global cartezian coordinates:
    0.000000    0.000000   -1.000000
    1.000000    0.000000    0.000000
    0.000000    1.000000    0.000000
 ____________________________
 in spin coordinates:
    0.000000    0.000000   -1.000000
    1.000000    0.000000    0.000000
    0.000000    1.000000    0.000000
          26   1.57079632679490       0.000000000000000E+000
 
 symm. operation           26  removed !!!! so-det=  0.000000000000000E+000
 in global cartezian coordinates:
    0.000000    0.000000    1.000000
    0.000000    1.000000    0.000000
    1.000000    0.000000    0.000000
 ____________________________
 in spin coordinates:
    0.000000    0.000000    1.000000
    0.000000    1.000000    0.000000
    1.000000    0.000000    0.000000
          27   1.57079632679490       0.000000000000000E+000
 
 symm. operation           27  removed !!!! so-det=  0.000000000000000E+000
 in global cartezian coordinates:
    0.000000    0.000000    1.000000
    1.000000    0.000000    0.000000
    0.000000    1.000000    0.000000
 ____________________________
 in spin coordinates:
    0.000000    0.000000    1.000000
    1.000000    0.000000    0.000000
    0.000000    1.000000    0.000000
          28   1.57079632679490       0.000000000000000E+000
 
 symm. operation           28  removed !!!! so-det=  0.000000000000000E+000
 in global cartezian coordinates:
    1.000000    0.000000    0.000000
    0.000000    0.000000    1.000000
    0.000000   -1.000000    0.000000
 ____________________________
 in spin coordinates:
    1.000000    0.000000    0.000000
    0.000000    0.000000    1.000000
    0.000000   -1.000000    0.000000
          29   1.57079632679490       0.000000000000000E+000
 
 symm. operation           29  removed !!!! so-det=  0.000000000000000E+000
 in global cartezian coordinates:
   -1.000000    0.000000    0.000000
    0.000000    0.000000    1.000000
    0.000000   -1.000000    0.000000
 ____________________________
 in spin coordinates:
   -1.000000    0.000000    0.000000
    0.000000    0.000000    1.000000
    0.000000   -1.000000    0.000000
          30   1.57079632679490       0.000000000000000E+000
 
 symm. operation           30  removed !!!! so-det=  0.000000000000000E+000
 in global cartezian coordinates:
    1.000000    0.000000    0.000000
    0.000000   -1.000000    0.000000
    0.000000    0.000000    1.000000
 ____________________________
 in spin coordinates:
    1.000000    0.000000    0.000000
    0.000000   -1.000000    0.000000
    0.000000    0.000000    1.000000
          31   6.28318527737726       -1.00000000000000     
 
 in global cartezian coordinates:
   -1.000000    0.000000    0.000000
    0.000000   -1.000000    0.000000
    0.000000    0.000000    1.000000
 ____________________________
 in spin coordinates:
   -1.000000    0.000000    0.000000
    0.000000   -1.000000    0.000000
    0.000000    0.000000    1.000000
          32   3.14159262378747        1.00000000000000     
 
 in global cartezian coordinates:
    0.000000   -1.000000    0.000000
    0.000000    0.000000    1.000000
    1.000000    0.000000    0.000000
 ____________________________
 in spin coordinates:
    0.000000   -1.000000    0.000000
    0.000000    0.000000    1.000000
    1.000000    0.000000    0.000000
          33 NaN                      0.000000000000000E+000
 
 symm. operation           33  removed !!!! so-det=  0.000000000000000E+000
 in global cartezian coordinates:
    0.000000    1.000000    0.000000
    0.000000    0.000000    1.000000
    1.000000    0.000000    0.000000
 ____________________________
 in spin coordinates:
    0.000000    1.000000    0.000000
    0.000000    0.000000    1.000000
    1.000000    0.000000    0.000000
          34 NaN                      0.000000000000000E+000
 
 symm. operation           34  removed !!!! so-det=  0.000000000000000E+000
 in global cartezian coordinates:
    0.000000   -1.000000    0.000000
    1.000000    0.000000    0.000000
    0.000000    0.000000    1.000000
 ____________________________
 in spin coordinates:
    0.000000   -1.000000    0.000000
    1.000000    0.000000    0.000000
    0.000000    0.000000    1.000000
          35   1.57079632679490        1.00000000000000     
 
 in global cartezian coordinates:
    0.000000    1.000000    0.000000
    1.000000    0.000000    0.000000
    0.000000    0.000000    1.000000
 ____________________________
 in spin coordinates:
    0.000000    1.000000    0.000000
    1.000000    0.000000    0.000000
    0.000000    0.000000    1.000000
          36   4.71238898038469       -1.00000000000000     
 
 in global cartezian coordinates:
    0.000000    0.000000   -1.000000
    0.000000    1.000000    0.000000
   -1.000000    0.000000    0.000000
 ____________________________
 in spin coordinates:
    0.000000    0.000000   -1.000000
    0.000000    1.000000    0.000000
   -1.000000    0.000000    0.000000
          37   1.57079632679490       0.000000000000000E+000
 
 symm. operation           37  removed !!!! so-det=  0.000000000000000E+000
 in global cartezian coordinates:
    0.000000    0.000000   -1.000000
   -1.000000    0.000000    0.000000
    0.000000    1.000000    0.000000
 ____________________________
 in spin coordinates:
    0.000000    0.000000   -1.000000
   -1.000000    0.000000    0.000000
    0.000000    1.000000    0.000000
          38   1.57079632679490       0.000000000000000E+000
 
 symm. operation           38  removed !!!! so-det=  0.000000000000000E+000
 in global cartezian coordinates:
    0.000000    0.000000    1.000000
    0.000000    1.000000    0.000000
   -1.000000    0.000000    0.000000
 ____________________________
 in spin coordinates:
    0.000000    0.000000    1.000000
    0.000000    1.000000    0.000000
   -1.000000    0.000000    0.000000
          39   1.57079632679490       0.000000000000000E+000
 
 symm. operation           39  removed !!!! so-det=  0.000000000000000E+000
 in global cartezian coordinates:
    0.000000    0.000000    1.000000
   -1.000000    0.000000    0.000000
    0.000000    1.000000    0.000000
 ____________________________
 in spin coordinates:
    0.000000    0.000000    1.000000
   -1.000000    0.000000    0.000000
    0.000000    1.000000    0.000000
          40   1.57079632679490       0.000000000000000E+000
 
 symm. operation           40  removed !!!! so-det=  0.000000000000000E+000
 in global cartezian coordinates:
    0.000000   -1.000000    0.000000
    0.000000    0.000000    1.000000
   -1.000000    0.000000    0.000000
 ____________________________
 in spin coordinates:
    0.000000   -1.000000    0.000000
    0.000000    0.000000    1.000000
   -1.000000    0.000000    0.000000
          41 NaN                      0.000000000000000E+000
 
 symm. operation           41  removed !!!! so-det=  0.000000000000000E+000
 in global cartezian coordinates:
    0.000000   -1.000000    0.000000
   -1.000000    0.000000    0.000000
    0.000000    0.000000    1.000000
 ____________________________
 in spin coordinates:
    0.000000   -1.000000    0.000000
   -1.000000    0.000000    0.000000
    0.000000    0.000000    1.000000
          42   1.57079632679490       -1.00000000000000     
 
 in global cartezian coordinates:
    0.000000    1.000000    0.000000
    0.000000    0.000000    1.000000
   -1.000000    0.000000    0.000000
 ____________________________
 in spin coordinates:
    0.000000    1.000000    0.000000
    0.000000    0.000000    1.000000
   -1.000000    0.000000    0.000000
          43 NaN                      0.000000000000000E+000
 
 symm. operation           43  removed !!!! so-det=  0.000000000000000E+000
 in global cartezian coordinates:
    0.000000    1.000000    0.000000
   -1.000000    0.000000    0.000000
    0.000000    0.000000    1.000000
 ____________________________
 in spin coordinates:
    0.000000    1.000000    0.000000
   -1.000000    0.000000    0.000000
    0.000000    0.000000    1.000000
          44  -1.57079632679490        1.00000000000000     
 
 in global cartezian coordinates:
    1.000000    0.000000    0.000000
    0.000000    0.000000    1.000000
    0.000000    1.000000    0.000000
 ____________________________
 in spin coordinates:
    1.000000    0.000000    0.000000
    0.000000    0.000000    1.000000
    0.000000    1.000000    0.000000
          45   1.57079632679490       0.000000000000000E+000
 
 symm. operation           45  removed !!!! so-det=  0.000000000000000E+000
 in global cartezian coordinates:
    1.000000    0.000000    0.000000
    0.000000    1.000000    0.000000
    0.000000    0.000000    1.000000
 ____________________________
 in spin coordinates:
    1.000000    0.000000    0.000000
    0.000000    1.000000    0.000000
    0.000000    0.000000    1.000000
          46  2.980232238769531E-008   1.00000000000000     
 
 in global cartezian coordinates:
   -1.000000    0.000000    0.000000
    0.000000    0.000000    1.000000
    0.000000    1.000000    0.000000
 ____________________________
 in spin coordinates:
   -1.000000    0.000000    0.000000
    0.000000    0.000000    1.000000
    0.000000    1.000000    0.000000
          47   1.57079632679490       0.000000000000000E+000
 
 symm. operation           47  removed !!!! so-det=  0.000000000000000E+000
 in global cartezian coordinates:
   -1.000000    0.000000    0.000000
    0.000000    1.000000    0.000000
    0.000000    0.000000    1.000000
 ____________________________
 in spin coordinates:
   -1.000000    0.000000    0.000000
    0.000000    1.000000    0.000000
    0.000000    0.000000    1.000000
          48   3.14159268339212       -1.00000000000000     
 
 Original and SO-compatible symops changed:          48          16
 FNAME=
 delta_Pu_13.energyso_1                                                         
                                                                                
                                                     60
 FNAME=
 delta_Pu_13.energysodn_1                                                       
                                                                                
                                                     59
 BZ-integration with TETRA-program.   icor=: 1
 Equal occupancy of degenerate states, tol=: 0.1E-05
 call eord...
 call dos...
 ILOOP            1
 ILOOP            2
   FERMI ENERGY AT    1.04338634736689     
 RESULT OF INTEGRATION:      15.999999999542; SHOULD BE:      15.999999999900
   SUM RULE OF TETRAHEDRON INTEGRATION CHECKED 
 call eweigh...
   number of occupied bands:          18
   highest energy:   1.04850992586037     
 FERMI-LDA=   1.043 Ryd,  14.196 eV.
 ABSOLUTE EMIN=   0.602 Ryd.   8.196 eV.
 ABSOLUTE EMAX=   1.484 Ryd.  20.196 eV.


:NLDA  : NUMBER OF ELECTRONS          =  16.000

:FLDA  : F E R M I - ENERGY           =   1.04339
 
 ********** Information about the atomic index arrays ************
 iatom=           1
 isort=           1
 csort=           1
 maxucase=           1
icase, iucase, jatom, latom=     1     1     1     1
 
 *****  Arrays for correlated blocks ******
 norbitals=           1
 maxdim2=          14
iorbital( 1, 1)=   1
cix( 1, 1)=   1
icase,lcase,icix,iorb,nind1,ip1,iSx=    1    1    1    1   14    1    1
icase,lcase,icix,iorb,nind1,ip1,iSx=    1    1    1    1   14    2    2
icase,lcase,icix,iorb,nind1,ip1,iSx=    1    1    1    1   14    3    3
icase,lcase,icix,iorb,nind1,ip1,iSx=    1    1    1    1   14    4    4
icase,lcase,icix,iorb,nind1,ip1,iSx=    1    1    1    1   14    5    5
icase,lcase,icix,iorb,nind1,ip1,iSx=    1    1    1    1   14    6    6
icase,lcase,icix,iorb,nind1,ip1,iSx=    1    1    1    1   14    7    7
icase,lcase,icix,iorb,nind1,ip1,iSx=    1    1    1    1   14    8    8
icase,lcase,icix,iorb,nind1,ip1,iSx=    1    1    1    1   14    9    9
icase,lcase,icix,iorb,nind1,ip1,iSx=    1    1    1    1   14   10   10
icase,lcase,icix,iorb,nind1,ip1,iSx=    1    1    1    1   14   11   11
icase,lcase,icix,iorb,nind1,ip1,iSx=    1    1    1    1   14   12   12
icase,lcase,icix,iorb,nind1,ip1,iSx=    1    1    1    1   14   13   13
icase,lcase,icix,iorb,nind1,ip1,iSx=    1    1    1    1   14   14   14
cixdim( 1)=14
noccur( 1, 1)=   6
noccur( 2, 1)=   8
iSx( 1, 1)=  1
iSx( 2, 1)=  2
iSx( 3, 1)=  3
iSx( 4, 1)=  4
iSx( 5, 1)=  5
iSx( 6, 1)=  6
iSx( 7, 1)=  7
iSx( 8, 1)=  8
iSx( 9, 1)=  9
iSx(10, 1)= 10
iSx(11, 1)= 11
iSx(12, 1)= 12
iSx(13, 1)= 13
iSx(14, 1)= 14
nindo( 1)= 14
CF for iorb1= 1 iorb2= 1
    0.92582010     0.00000000       0.00000000     0.00000000       0.00000000     0.00000000       0.00000000     0.00000000       0.00000000     0.00000000       0.00000000     0.00000000       0.00000000     0.00000000       0.00000000     0.00000000      -0.37796447     0.00000000       0.00000000     0.00000000       0.00000000     0.00000000       0.00000000     0.00000000       0.00000000     0.00000000       0.00000000     0.00000000   
    0.00000000     0.00000000       0.84515425     0.00000000       0.00000000     0.00000000       0.00000000     0.00000000       0.00000000     0.00000000       0.00000000     0.00000000       0.00000000     0.00000000       0.00000000     0.00000000       0.00000000     0.00000000      -0.53452248     0.00000000       0.00000000     0.00000000       0.00000000     0.00000000       0.00000000     0.00000000       0.00000000     0.00000000   
    0.00000000     0.00000000       0.00000000     0.00000000       0.75592895     0.00000000       0.00000000     0.00000000       0.00000000     0.00000000       0.00000000     0.00000000       0.00000000     0.00000000       0.00000000     0.00000000       0.00000000     0.00000000       0.00000000     0.00000000      -0.65465367     0.00000000       0.00000000     0.00000000       0.00000000     0.00000000       0.00000000     0.00000000   
    0.00000000     0.00000000       0.00000000     0.00000000       0.00000000     0.00000000       0.65465367     0.00000000       0.00000000     0.00000000       0.00000000     0.00000000       0.00000000     0.00000000       0.00000000     0.00000000       0.00000000     0.00000000       0.00000000     0.00000000       0.00000000     0.00000000      -0.75592895     0.00000000       0.00000000     0.00000000       0.00000000     0.00000000   
    0.00000000     0.00000000       0.00000000     0.00000000       0.00000000     0.00000000       0.00000000     0.00000000       0.53452248     0.00000000       0.00000000     0.00000000       0.00000000     0.00000000       0.00000000     0.00000000       0.00000000     0.00000000       0.00000000     0.00000000       0.00000000     0.00000000       0.00000000     0.00000000      -0.84515425     0.00000000       0.00000000     0.00000000   
    0.00000000     0.00000000       0.00000000     0.00000000       0.00000000     0.00000000       0.00000000     0.00000000       0.00000000     0.00000000       0.37796447     0.00000000       0.00000000     0.00000000       0.00000000     0.00000000       0.00000000     0.00000000       0.00000000     0.00000000       0.00000000     0.00000000       0.00000000     0.00000000       0.00000000     0.00000000      -0.92582010     0.00000000   
    0.00000000     0.00000000       0.00000000     0.00000000       0.00000000     0.00000000       0.00000000     0.00000000       0.00000000     0.00000000       0.00000000     0.00000000       0.00000000     0.00000000       1.00000000     0.00000000       0.00000000     0.00000000       0.00000000     0.00000000       0.00000000     0.00000000       0.00000000     0.00000000       0.00000000     0.00000000       0.00000000     0.00000000   
    0.37796447     0.00000000       0.00000000     0.00000000       0.00000000     0.00000000       0.00000000     0.00000000       0.00000000     0.00000000       0.00000000     0.00000000       0.00000000     0.00000000       0.00000000     0.00000000       0.92582010     0.00000000       0.00000000     0.00000000       0.00000000     0.00000000       0.00000000     0.00000000       0.00000000     0.00000000       0.00000000     0.00000000   
    0.00000000     0.00000000       0.53452248     0.00000000       0.00000000     0.00000000       0.00000000     0.00000000       0.00000000     0.00000000       0.00000000     0.00000000       0.00000000     0.00000000       0.00000000     0.00000000       0.00000000     0.00000000       0.84515425     0.00000000       0.00000000     0.00000000       0.00000000     0.00000000       0.00000000     0.00000000       0.00000000     0.00000000   
    0.00000000     0.00000000       0.00000000     0.00000000       0.65465367     0.00000000       0.00000000     0.00000000       0.00000000     0.00000000       0.00000000     0.00000000       0.00000000     0.00000000       0.00000000     0.00000000       0.00000000     0.00000000       0.00000000     0.00000000       0.75592895     0.00000000       0.00000000     0.00000000       0.00000000     0.00000000       0.00000000     0.00000000   
    0.00000000     0.00000000       0.00000000     0.00000000       0.00000000     0.00000000       0.75592895     0.00000000       0.00000000     0.00000000       0.00000000     0.00000000       0.00000000     0.00000000       0.00000000     0.00000000       0.00000000     0.00000000       0.00000000     0.00000000       0.00000000     0.00000000       0.65465367     0.00000000       0.00000000     0.00000000       0.00000000     0.00000000   
    0.00000000     0.00000000       0.00000000     0.00000000       0.00000000     0.00000000       0.00000000     0.00000000       0.84515425     0.00000000       0.00000000     0.00000000       0.00000000     0.00000000       0.00000000     0.00000000       0.00000000     0.00000000       0.00000000     0.00000000       0.00000000     0.00000000       0.00000000     0.00000000       0.53452248     0.00000000       0.00000000     0.00000000   
    0.00000000     0.00000000       0.00000000     0.00000000       0.00000000     0.00000000       0.00000000     0.00000000       0.00000000     0.00000000       0.92582010     0.00000000       0.00000000     0.00000000       0.00000000     0.00000000       0.00000000     0.00000000       0.00000000     0.00000000       0.00000000     0.00000000       0.00000000     0.00000000       0.00000000     0.00000000       0.37796447     0.00000000   
    0.00000000     0.00000000       0.00000000     0.00000000       0.00000000     0.00000000       0.00000000     0.00000000       0.00000000     0.00000000       0.00000000     0.00000000       1.00000000     0.00000000       0.00000000     0.00000000       0.00000000     0.00000000       0.00000000     0.00000000       0.00000000     0.00000000       0.00000000     0.00000000       0.00000000     0.00000000       0.00000000     0.00000000   
Rspin for iorb=  1
 angles=  0.000000000000000E+000   3.14159265358979       0.000000000000000E+000
  0.000000000000000E+000  0.000000000000000E+000  0.000000000000000E+000
 Rspin=
    0.000000    0.000000      0.000000    1.000000
    0.000000    1.000000      0.000000    0.000000
 Calculation for atom  1 which has iucase=  1
 ATPAR for spin up

          ATOMIC PARAMETERS FOR Pu  0+    

           ENERGY PARAMETERS ARE   0.81  -1.38   0.81   0.81

           L     U(R)          U'(R)         DU/DE        DU'/DE      NORM-U'
           0  0.550599E+00  0.815115E+00  0.112804E+00 -0.225906E+00
           1  0.523783E+00 -0.380306E-01 -0.147240E+00 -0.402349E+00
           2 -0.617731E+00  0.246406E-01  0.984690E-01  0.346324E+00
           3 -0.318986E+00  0.124741E+00  0.362085E+00  0.536790E+00
LO COEFFICIENT: l,A,B,C   0          0.65531    -3.19858     0.00000     0.00000
 
LO COEFFICIENT: l,A,B,C   0          0.32204     0.00000     0.77939     0.00000
 
LO COEFFICIENT: l,A,B,C   1          0.88451     3.14652     0.00000     0.00000
 
LO COEFFICIENT: l,A,B,C   1          0.27992     0.00000    -1.25021     0.00000
 
LO COEFFICIENT: l,A,B,C   2          0.85294     5.35079     0.00000     0.00000
 
LO COEFFICIENT: l,A,B,C   3          0.93945     0.82763     0.00000     0.00000
 
 ATPAR for spin down

          ATOMIC PARAMETERS FOR Pu  0+    

           ENERGY PARAMETERS ARE   0.81  -1.38   0.81   0.81

           L     U(R)          U'(R)         DU/DE        DU'/DE      NORM-U'
           0  0.550599E+00  0.815115E+00  0.112804E+00 -0.225906E+00
           1  0.523783E+00 -0.380306E-01 -0.147240E+00 -0.402349E+00
           2 -0.617731E+00  0.246406E-01  0.984690E-01  0.346324E+00
           3 -0.318986E+00  0.124741E+00  0.362085E+00  0.536790E+00
LO COEFFICIENT: l,A,B,C   0          0.65531    -3.19858     0.00000     0.00000
 
LO COEFFICIENT: l,A,B,C   0          0.32204     0.00000     0.77939     0.00000
 
LO COEFFICIENT: l,A,B,C   1          0.88451     3.14652     0.00000     0.00000
 
LO COEFFICIENT: l,A,B,C   1          0.27992     0.00000    -1.25021     0.00000
 
LO COEFFICIENT: l,A,B,C   2          0.85294     5.35079     0.00000     0.00000
 
LO COEFFICIENT: l,A,B,C   3          0.93945     0.82763     0.00000     0.00000
 
 L1=           0  L2=           0
 RADIAL INTEGRALS:
           1           1                 1           1   1.00000000000000     
           1           3                 1           1  0.575396319169507     
           1           1                 1           2   1.00000000000000     
           1           3                 1           2  0.575396319169507     
           1           1                 2           1   1.00000000000000     
           1           3                 2           1  0.575396319169507     
           1           1                 2           2   1.00000000000000     
           1           3                 2           2  0.575396319169507     
           2           2                 1           1  5.576892089615434E-002
           2           3                 1           1 -0.190882567102765     
           2           2                 1           2  5.576892089615434E-002
           2           3                 1           2 -0.190882567102765     
           2           2                 2           1  5.576892089615434E-002
           2           3                 2           1 -0.190882567102765     
           2           2                 2           2  5.576892089615434E-002
           2           3                 2           2 -0.190882567102765     
           3           1                 1           1  0.575396319169507     
           3           2                 1           1 -0.190882567102765     
           3           3                 1           1   1.00000000000000     
           3           1                 1           2  0.575396319169507     
           3           2                 1           2 -0.190882567102765     
           3           3                 1           2   1.00000000000000     
           3           1                 2           1  0.575396319169507     
           3           2                 2           1 -0.190882567102765     
           3           3                 2           1   1.00000000000000     
           3           1                 2           2  0.575396319169507     
           3           2                 2           2 -0.190882567102765     
           3           3                 2           2   1.00000000000000     
 L1=           1  L2=           1
 RADIAL INTEGRALS:
           1           1                 1           1   1.00000000000000     
           1           3                 1           1  0.916364585498947     
           1           1                 1           2   1.00000000000000     
           1           3                 1           2  0.916364585498947     
           1           1                 2           1   1.00000000000000     
           1           3                 2           1  0.916364585498947     
           1           1                 2           2   1.00000000000000     
           1           3                 2           2  0.916364585498947     
           2           2                 1           1  2.198209419624483E-002
           2           3                 1           1  5.920707641372280E-002
           2           2                 1           2  2.198209419624483E-002
           2           3                 1           2  5.920707641372280E-002
           2           2                 2           1  2.198209419624483E-002
           2           3                 2           1  5.920707641372280E-002
           2           2                 2           2  2.198209419624483E-002
           2           3                 2           2  5.920707641372280E-002
           3           1                 1           1  0.916364585498947     
           3           2                 1           1  5.920707641372280E-002
           3           3                 1           1   1.00000000000000     
           3           1                 1           2  0.916364585498947     
           3           2                 1           2  5.920707641372280E-002
           3           3                 1           2   1.00000000000000     
           3           1                 2           1  0.916364585498947     
           3           2                 2           1  5.920707641372280E-002
           3           3                 2           1   1.00000000000000     
           3           1                 2           2  0.916364585498947     
           3           2                 2           2  5.920707641372280E-002
           3           3                 2           2   1.00000000000000     
 L1=           2  L2=           2
 RADIAL INTEGRALS:
           1           1                 1           1   1.00000000000000     
           1           1                 1           2   1.00000000000000     
           1           1                 2           1   1.00000000000000     
           1           1                 2           2   1.00000000000000     
           2           2                 1           1  9.517512512807995E-003
           2           2                 1           2  9.517512512807995E-003
           2           2                 2           1  9.517512512807995E-003
           2           2                 2           2  9.517512512807995E-003
 L1=           3  L2=           3
 RADIAL INTEGRALS:
           1           1                 1           1   1.00000000000000     
           1           1                 1           2   1.00000000000000     
           1           1                 2           1   1.00000000000000     
           1           1                 2           2   1.00000000000000     
           2           2                 1           1  0.171445982081484     
           2           2                 1           2  0.171445982081484     
           2           2                 2           1  0.171445982081484     
           2           2                 2           2  0.171445982081484     
Saving potential parameters for atom 1 into  1
pr_proc=143  tot-k=286
 ------------------------------------------------------------------------------


   =====>>> CPU TIME SUMMARY

            TOTAL       :      1.2
 OMP_NUM_THREADS= 2
 GUTZ_SOLVER VO.1.5 BUILT ON Jan 19 2014 AT22:25:59
 NT=  1 SEC_N%DIM=   10 WITH ID:
           1       2      16     107     471    1472    3474    6477    9909   12912
       14914
 MEAN U/J:  0.2940  0.0265
 NEL_FIX_VDC1=      5.22
 ATOM DEPENDENT NELF1:
      5.2277
 DCMIX_A=  0.200000
 SYMMETRICALLY NON-EQUIVALENT ATOMS:
          1
 VARIATIONAL-SETUP-NON-EQUIVALENT ATOMS:
          1
 COMPLEMENTARY VARIATIONAL-SETUP-EQUIVALENT ATOMS:

 GYZ%SYM%IDSUM:
  1
 DIM(X_Gutz)=  4
 CALC SET: GAPJ-SHFT FULL       -JH-PROJ SLATER    VAR-FIXDC    Ryd.   
 NT= 1
 LOCAL INTERACTION PART   :
 U              :   0.2940
 J              :   0.0265
 FOCK SPACE PART:
 NA             :  7
 FS%OCC(1) L.B. :  0
 FS%OCC(2) U.B. :  9
 FS%DIM         :     14913
 HL%OCC(1) L.B. :  0
 HL%OCC(2) U.B. :  9
 ISO= 2 ISPIN_IN= 1 ISPIN= 1 ISPO= 2
 BND%NMAX=  80
 BZ INTEGRATION WITH TETRA METHOD, ICOR= 1
 EQUAL OCCUPANCY OF DEGENERATE STATES, TOL= 0.1E-05
 VALENCE ELECTRONS: TOTAL=    16.0
                    CORRELATED PART=     8.0
 SYM%IDI/IDF=  1 16
 BND%NMAXIN=   26
      GUTZ5_INI_CORR_UVEK takes  0 hours  0 minutes and    0.04 seconds (CPU).
                          takes  0 hours  0 minutes and    0.03 seconds (WALL).
                 SETUP_TB takes  0 hours  0 minutes and    1.28 seconds (CPU).
                          takes  0 hours  0 minutes and    0.64 seconds (WALL).
************  EL-  ************
 NI=  1 NI_GLOBAL=  1
   1.0465   1.0450   1.0459   1.0459   1.0450   1.0465   1.1270   1.1247   1.1247   1.1249   1.1249   1.1247   1.1247   1.1270
************  EL=  ************
 NI=  1 NI_GLOBAL=  1
   1.0465   0.0000   0.0000   0.0000   0.0002   0.0000   0.0000   0.0010   0.0000   0.0000   0.0000   0.0023   0.0000   0.0000
   0.0000   1.0450   0.0000   0.0000   0.0000   0.0002   0.0000   0.0000   0.0000   0.0000   0.0000   0.0000  -0.0022   0.0000
   0.0000   0.0000   1.0459   0.0000   0.0000   0.0000   0.0000   0.0000   0.0000  -0.0005   0.0000   0.0000   0.0000   0.0014
   0.0000   0.0000   0.0000   1.0459   0.0000   0.0000  -0.0014   0.0000   0.0000   0.0000   0.0005   0.0000   0.0000   0.0000
   0.0002   0.0000   0.0000   0.0000   1.0450   0.0000   0.0000   0.0022   0.0000   0.0000   0.0000   0.0000   0.0000   0.0000
   0.0000   0.0002   0.0000   0.0000   0.0000   1.0465   0.0000   0.0000  -0.0023   0.0000   0.0000   0.0000  -0.0010   0.0000
   0.0000   0.0000   0.0000  -0.0014   0.0000   0.0000   1.1270   0.0000   0.0000   0.0000   0.0012   0.0000   0.0000   0.0000
   0.0010   0.0000   0.0000   0.0000   0.0022   0.0000   0.0000   1.1247   0.0000   0.0000   0.0000  -0.0001   0.0000   0.0000
   0.0000   0.0000   0.0000   0.0000   0.0000  -0.0023   0.0000   0.0000   1.1247   0.0000   0.0000   0.0000  -0.0001   0.0000
   0.0000   0.0000  -0.0005   0.0000   0.0000   0.0000   0.0000   0.0000   0.0000   1.1249   0.0000   0.0000   0.0000   0.0012
   0.0000   0.0000   0.0000   0.0005   0.0000   0.0000   0.0012   0.0000   0.0000   0.0000   1.1249   0.0000   0.0000   0.0000
   0.0023   0.0000   0.0000   0.0000   0.0000   0.0000   0.0000  -0.0001   0.0000   0.0000   0.0000   1.1247   0.0000   0.0000
   0.0000  -0.0022   0.0000   0.0000   0.0000  -0.0010   0.0000   0.0000  -0.0001   0.0000   0.0000   0.0000   1.1247   0.0000
   0.0000   0.0000   0.0014   0.0000   0.0000   0.0000   0.0000   0.0000   0.0000   0.0012   0.0000   0.0000   0.0000   1.1270
 NI=  1 LOCAL ORBITAL LEVEL CENTER(ELC)=   1.091
************  EL0  ************
 NI=  1 NI_GLOBAL=  1
   1.0458   1.0458   1.0458   1.0458   1.0458   1.0458   1.1253   1.1253   1.1253   1.1253   1.1253   1.1253   1.1253   1.1253
************  ELL  ************
 NI=  1 NI_GLOBAL=  1
   1.0458   0.0000   0.0000   0.0000   0.0000   0.0000   0.0000   0.0000   0.0000   0.0000   0.0000   0.0000   0.0000   0.0000
   0.0000   1.0458   0.0000   0.0000   0.0000   0.0000   0.0000   0.0000   0.0000   0.0000   0.0000   0.0000   0.0000   0.0000
   0.0000   0.0000   1.0458   0.0000   0.0000   0.0000   0.0000   0.0000   0.0000   0.0000   0.0000   0.0000   0.0000   0.0000
   0.0000   0.0000   0.0000   1.0458   0.0000   0.0000   0.0000   0.0000   0.0000   0.0000   0.0000   0.0000   0.0000   0.0000
   0.0000   0.0000   0.0000   0.0000   1.0458   0.0000   0.0000   0.0000   0.0000   0.0000   0.0000   0.0000   0.0000   0.0000
   0.0000   0.0000   0.0000   0.0000   0.0000   1.0458   0.0000   0.0000   0.0000   0.0000   0.0000   0.0000   0.0000   0.0000
   0.0000   0.0000   0.0000   0.0000   0.0000   0.0000   1.1253   0.0000   0.0000   0.0000   0.0000   0.0000   0.0000   0.0000
   0.0000   0.0000   0.0000   0.0000   0.0000   0.0000   0.0000   1.1253   0.0000   0.0000   0.0000   0.0000   0.0000   0.0000
   0.0000   0.0000   0.0000   0.0000   0.0000   0.0000   0.0000   0.0000   1.1253   0.0000   0.0000   0.0000   0.0000   0.0000
   0.0000   0.0000   0.0000   0.0000   0.0000   0.0000   0.0000   0.0000   0.0000   1.1253   0.0000   0.0000   0.0000   0.0000
   0.0000   0.0000   0.0000   0.0000   0.0000   0.0000   0.0000   0.0000   0.0000   0.0000   1.1253   0.0000   0.0000   0.0000
   0.0000   0.0000   0.0000   0.0000   0.0000   0.0000   0.0000   0.0000   0.0000   0.0000   0.0000   1.1253   0.0000   0.0000
   0.0000   0.0000   0.0000   0.0000   0.0000   0.0000   0.0000   0.0000   0.0000   0.0000   0.0000   0.0000   1.1253   0.0000
   0.0000   0.0000   0.0000   0.0000   0.0000   0.0000   0.0000   0.0000   0.0000   0.0000   0.0000   0.0000   0.0000   1.1253
                  GET_EL0 takes  0 hours  0 minutes and    0.01 seconds (CPU).
                          takes  0 hours  0 minutes and    0.02 seconds (WALL).
 There are  4 blocks of bands, with band energy windows:
  -2.363  -2.346 |   -0.815  -0.755 |   -0.259  -0.095 |    0.632   4.500 | 
 Band window indices:
         1      2 |          3      4 |          5      8 |          9     81 | 
 Band width
       0.018   |         0.060   |         0.164   |         3.867   |  
 Band gap
       1.531   |         0.496   |         0.727   |  
 CORRELATED BLOCK: EMIN/EMIX=    0.6325    1.4831
 CORRELATED BAND WIDTH=   0.851
         GUTZ_RED_PRJ_NEQ takes  0 hours  1 minutes and    0.37 seconds (CPU).
                          takes  0 hours  1 minutes and    0.20 seconds (WALL).
 NI=  1 DIM_PHIK=   41227 HL%DIM=  14913
       ID_PHIK_N=
      1      2      4     33    264   1639   6153  15546  27321  36714
  41228
       ID_PHIK_J=
      1      2      3      4      8      9     18     19     28     29
     33     37     73    122    171    220    245    254    263    264
    300    349    638    807   1168   1364   1533   1582   1631   1635
   1639   1739   2180   2964   3864   4705   5381   5781   6037   6118
   6143   6152   6153   6349   6710   8079   9448  11564  12933  14377
  14953  15353  15474  15538  15542  15546  15835  16796  18560  21060
  23176  24940  26165  26841  27165  27286  27311  27320  27321  27517
  27878  29247  30616  32732  34101  35545  36121  36521  36642  36706
  36710  36714  36814  37255  38039  38939  39780  40456  40856  41112
  41193  41218  41227  41228
          GUTZ_SET_PRJ_EQ takes  0 hours  0 minutes and    0.00 seconds (CPU).
                          takes  0 hours  0 minutes and    0.00 seconds (WALL).
************   WH%X  ************
    0.87771488    0.90567559
    0.99893451    1.16570945
************  RIN  ************
 NI=  1 NI_GLOBAL=  1
   0.8777   0.8777   0.8777   0.8777   0.8777   0.8777   0.9057   0.9057   0.9057   0.9057   0.9057   0.9057   0.9057   0.9057
************  LA1  ************
 NI=  1 NI_GLOBAL=  1
   0.9989   0.9989   0.9989   0.9989   0.9989   0.9989   1.1657   1.1657   1.1657   1.1657   1.1657   1.1657   1.1657   1.1657
             CALC_BAND_AL takes  0 hours  0 minutes and    0.60 seconds (CPU).
                          takes  0 hours  0 minutes and    0.30 seconds (WALL).
 ILOOP            1
 ILOOP            2
   FERMI ENERGY AT    1.00810437093602     
   SUM RULE OF TETRAHEDRON INTEGRATION CHECKED 
   number of occupied bands:          18
   highest energy:   1.02595977042270     
************  NK-  ************
 NI=  1 NI_GLOBAL=  1
   0.8385   0.8179   0.8648   0.8648   0.8179   0.8385   0.0264   0.0237   0.0218   0.0218   0.0218   0.0218   0.0237   0.0264
************  NNK  ************
 NI=  1 NI_GLOBAL=  1
   0.8385   0.0000   0.0000   0.0000  -0.0013   0.0000   0.0000  -0.0002   0.0000   0.0000   0.0000   0.0062   0.0000   0.0000
   0.0000   0.8179   0.0000   0.0000   0.0000  -0.0013   0.0000   0.0000  -0.0018   0.0000   0.0000   0.0000  -0.0123   0.0000
   0.0000   0.0000   0.8648   0.0000   0.0000   0.0000   0.0000   0.0000   0.0000   0.0145   0.0000   0.0000   0.0000  -0.0006
   0.0000   0.0000   0.0000   0.8648   0.0000   0.0000   0.0006   0.0000   0.0000   0.0000  -0.0145   0.0000   0.0000   0.0000
  -0.0013   0.0000   0.0000   0.0000   0.8179   0.0000   0.0000   0.0123   0.0000   0.0000   0.0000   0.0018   0.0000   0.0000
   0.0000  -0.0013   0.0000   0.0000   0.0000   0.8385   0.0000   0.0000  -0.0062   0.0000   0.0000   0.0000   0.0002   0.0000
   0.0000   0.0000   0.0000   0.0006   0.0000   0.0000   0.0264   0.0000   0.0000   0.0000  -0.0006   0.0000   0.0000   0.0000
  -0.0002   0.0000   0.0000   0.0000   0.0123   0.0000   0.0000   0.0237   0.0000   0.0000   0.0000  -0.0034   0.0000   0.0000
   0.0000  -0.0018   0.0000   0.0000   0.0000  -0.0062   0.0000   0.0000   0.0218   0.0000   0.0000   0.0000  -0.0034   0.0000
   0.0000   0.0000   0.0145   0.0000   0.0000   0.0000   0.0000   0.0000   0.0000   0.0218   0.0000   0.0000   0.0000  -0.0006
   0.0000   0.0000   0.0000  -0.0145   0.0000   0.0000  -0.0006   0.0000   0.0000   0.0000   0.0218   0.0000   0.0000   0.0000
   0.0062   0.0000   0.0000   0.0000   0.0018   0.0000   0.0000  -0.0034   0.0000   0.0000   0.0000   0.0218   0.0000   0.0000
   0.0000  -0.0123   0.0000   0.0000   0.0000   0.0002   0.0000   0.0000  -0.0034   0.0000   0.0000   0.0000   0.0237   0.0000
   0.0000   0.0000  -0.0006   0.0000   0.0000   0.0000   0.0000   0.0000   0.0000  -0.0006   0.0000   0.0000   0.0000   0.0264
************  NKS  ************
 NI=  1 NI_GLOBAL=  1
   0.8404   0.8404   0.8404   0.8404   0.8404   0.8404   0.0234   0.0234   0.0234   0.0234   0.0234   0.0234   0.0234   0.0234
 NELE_LOC TOTAL:
           5.2299732146314630
              CALC_DA_BND takes  0 hours  0 minutes and    0.09 seconds (CPU).
                          takes  0 hours  0 minutes and    0.11 seconds (WALL).
************  DA-  ************
 NI=  1 NI_GLOBAL=  1
  -0.0160  -0.0173  -0.0153  -0.0153  -0.0173  -0.0160  -0.0059  -0.0054  -0.0047  -0.0049  -0.0049  -0.0047  -0.0054  -0.0059
************  DAA  ************
 NI=  1 NI_GLOBAL=  1
  -0.0162  -0.0162  -0.0162  -0.0162  -0.0162  -0.0162  -0.0052  -0.0052  -0.0052  -0.0052  -0.0052  -0.0052  -0.0052  -0.0052
 NI=  1 VDC=    1.3340
************  LA2  ************
 NI=  1 NI_GLOBAL=  1
  -2.4052  -2.4052  -2.4052  -2.4052  -2.4052  -2.4052  -2.3037  -2.3037  -2.3037  -2.3037  -2.3037  -2.3037  -2.3037  -2.3037
 NI=  1 PHI-step gap=  0.14E+00
************  RAA  ************
 NI=  1 NI_GLOBAL=  1
   0.8776   0.8776   0.8776   0.8776   0.8776   0.8776   0.9057   0.9057   0.9057   0.9057   0.9057   0.9057   0.9057   0.9057
************  NC0  ************
 NI=  1 NI_GLOBAL=  1
   0.8405   0.8405   0.8405   0.8405   0.8405   0.8405   0.0234   0.0234   0.0234   0.0234   0.0234   0.0234   0.0234   0.0234
                  CALC_LC takes  0 hours  5 minutes and   21.17 seconds (CPU).
                          takes  0 hours  5 minutes and   21.09 seconds (WALL).
                GUTZ_FCN1 takes  0 hours  5 minutes and   21.97 seconds (CPU).
                          takes  0 hours  5 minutes and   21.56 seconds (WALL).
************  DIF_X  ************
   -0.000070075281    0.000029328681
    0.000047611961    0.000001717509
 ITER1=  1 MAXERR=    0.00007008
************   WH%X  ************
    0.87776640    0.90568759
    0.99890443    1.16570469
************  RIN  ************
 NI=  1 NI_GLOBAL=  1
   0.8778   0.8778   0.8778   0.8778   0.8778   0.8778   0.9057   0.9057   0.9057   0.9057   0.9057   0.9057   0.9057   0.9057
************  LA1  ************
 NI=  1 NI_GLOBAL=  1
   0.9989   0.9989   0.9989   0.9989   0.9989   0.9989   1.1657   1.1657   1.1657   1.1657   1.1657   1.1657   1.1657   1.1657
             CALC_BAND_AL takes  0 hours  0 minutes and    0.60 seconds (CPU).
                          takes  0 hours  0 minutes and    0.30 seconds (WALL).
 ILOOP            1
 ILOOP            2
   FERMI ENERGY AT    1.00808412732988     
   SUM RULE OF TETRAHEDRON INTEGRATION CHECKED 
   number of occupied bands:          18
   highest energy:   1.02595082489299     
************  NK-  ************
 NI=  1 NI_GLOBAL=  1
   0.8386   0.8180   0.8649   0.8649   0.8180   0.8386   0.0264   0.0237   0.0218   0.0218   0.0218   0.0218   0.0237   0.0264
************  NNK  ************
 NI=  1 NI_GLOBAL=  1
   0.8386   0.0000   0.0000   0.0000  -0.0013   0.0000   0.0000  -0.0002   0.0000   0.0000   0.0000   0.0062   0.0000   0.0000
   0.0000   0.8180   0.0000   0.0000   0.0000  -0.0013   0.0000   0.0000  -0.0018   0.0000   0.0000   0.0000  -0.0122   0.0000
   0.0000   0.0000   0.8649   0.0000   0.0000   0.0000   0.0000   0.0000   0.0000   0.0145   0.0000   0.0000   0.0000  -0.0006
   0.0000   0.0000   0.0000   0.8649   0.0000   0.0000   0.0006   0.0000   0.0000   0.0000  -0.0145   0.0000   0.0000   0.0000
  -0.0013   0.0000   0.0000   0.0000   0.8180   0.0000   0.0000   0.0122   0.0000   0.0000   0.0000   0.0018   0.0000   0.0000
   0.0000  -0.0013   0.0000   0.0000   0.0000   0.8386   0.0000   0.0000  -0.0062   0.0000   0.0000   0.0000   0.0002   0.0000
   0.0000   0.0000   0.0000   0.0006   0.0000   0.0000   0.0264   0.0000   0.0000   0.0000  -0.0006   0.0000   0.0000   0.0000
  -0.0002   0.0000   0.0000   0.0000   0.0122   0.0000   0.0000   0.0237   0.0000   0.0000   0.0000  -0.0034   0.0000   0.0000
   0.0000  -0.0018   0.0000   0.0000   0.0000  -0.0062   0.0000   0.0000   0.0218   0.0000   0.0000   0.0000  -0.0034   0.0000
   0.0000   0.0000   0.0145   0.0000   0.0000   0.0000   0.0000   0.0000   0.0000   0.0218   0.0000   0.0000   0.0000  -0.0006
   0.0000   0.0000   0.0000  -0.0145   0.0000   0.0000  -0.0006   0.0000   0.0000   0.0000   0.0218   0.0000   0.0000   0.0000
   0.0062   0.0000   0.0000   0.0000   0.0018   0.0000   0.0000  -0.0034   0.0000   0.0000   0.0000   0.0218   0.0000   0.0000
   0.0000  -0.0122   0.0000   0.0000   0.0000   0.0002   0.0000   0.0000  -0.0034   0.0000   0.0000   0.0000   0.0237   0.0000
   0.0000   0.0000  -0.0006   0.0000   0.0000   0.0000   0.0000   0.0000   0.0000  -0.0006   0.0000   0.0000   0.0000   0.0264
************  NKS  ************
 NI=  1 NI_GLOBAL=  1
   0.8405   0.8405   0.8405   0.8405   0.8405   0.8405   0.0234   0.0234   0.0234   0.0234   0.0234   0.0234   0.0234   0.0234
 NELE_LOC TOTAL:
           5.2302552594891445
              CALC_DA_BND takes  0 hours  0 minutes and    0.13 seconds (CPU).
                          takes  0 hours  0 minutes and    0.09 seconds (WALL).
************  DA-  ************
 NI=  1 NI_GLOBAL=  1
  -0.0160  -0.0173  -0.0153  -0.0153  -0.0173  -0.0160  -0.0059  -0.0054  -0.0047  -0.0049  -0.0049  -0.0047  -0.0054  -0.0059
************  DAA  ************
 NI=  1 NI_GLOBAL=  1
  -0.0162  -0.0162  -0.0162  -0.0162  -0.0162  -0.0162  -0.0052  -0.0052  -0.0052  -0.0052  -0.0052  -0.0052  -0.0052  -0.0052
 NI=  1 VDC=    1.3340
************  LA2  ************
 NI=  1 NI_GLOBAL=  1
  -2.4052  -2.4052  -2.4052  -2.4052  -2.4052  -2.4052  -2.3037  -2.3037  -2.3037  -2.3037  -2.3037  -2.3037  -2.3037  -2.3037
 NI=  1 PHI-step gap=  0.14E+00
************  RAA  ************
 NI=  1 NI_GLOBAL=  1
   0.8778   0.8778   0.8778   0.8778   0.8778   0.8778   0.9057   0.9057   0.9057   0.9057   0.9057   0.9057   0.9057   0.9057
************  NC0  ************
 NI=  1 NI_GLOBAL=  1
   0.8405   0.8405   0.8405   0.8405   0.8405   0.8405   0.0234   0.0234   0.0234   0.0234   0.0234   0.0234   0.0234   0.0234
                  CALC_LC takes  0 hours  5 minutes and   21.21 seconds (CPU).
                          takes  0 hours  5 minutes and   21.09 seconds (WALL).
                GUTZ_FCN1 takes  0 hours  5 minutes and   22.06 seconds (CPU).
                          takes  0 hours  5 minutes and   21.55 seconds (WALL).
************  DIF_X  ************
   -0.000002617967   -0.000000377209
    0.000000682084    0.000000200942
 ITER1=  2 MAXERR=    0.00000262
************   WH%X  ************
    0.87776525    0.90568327
    0.99890405    1.16570259
************  RIN  ************
 NI=  1 NI_GLOBAL=  1
   0.8778   0.8778   0.8778   0.8778   0.8778   0.8778   0.9057   0.9057   0.9057   0.9057   0.9057   0.9057   0.9057   0.9057
************  LA1  ************
 NI=  1 NI_GLOBAL=  1
   0.9989   0.9989   0.9989   0.9989   0.9989   0.9989   1.1657   1.1657   1.1657   1.1657   1.1657   1.1657   1.1657   1.1657
             CALC_BAND_AL takes  0 hours  0 minutes and    0.60 seconds (CPU).
                          takes  0 hours  0 minutes and    0.30 seconds (WALL).
 ILOOP            1
 ILOOP            2
   FERMI ENERGY AT    1.00808382261557     
   SUM RULE OF TETRAHEDRON INTEGRATION CHECKED 
   number of occupied bands:          18
   highest energy:   1.02595064615221     
************  NK-  ************
 NI=  1 NI_GLOBAL=  1
   0.8386   0.8180   0.8649   0.8649   0.8180   0.8386   0.0264   0.0237   0.0218   0.0218   0.0218   0.0218   0.0237   0.0264
************  NNK  ************
 NI=  1 NI_GLOBAL=  1
   0.8386   0.0000   0.0000   0.0000  -0.0013   0.0000   0.0000  -0.0002   0.0000   0.0000   0.0000   0.0062   0.0000   0.0000
   0.0000   0.8180   0.0000   0.0000   0.0000  -0.0013   0.0000   0.0000  -0.0018   0.0000   0.0000   0.0000  -0.0122   0.0000
   0.0000   0.0000   0.8649   0.0000   0.0000   0.0000   0.0000   0.0000   0.0000   0.0145   0.0000   0.0000   0.0000  -0.0006
   0.0000   0.0000   0.0000   0.8649   0.0000   0.0000   0.0006   0.0000   0.0000   0.0000  -0.0145   0.0000   0.0000   0.0000
  -0.0013   0.0000   0.0000   0.0000   0.8180   0.0000   0.0000   0.0122   0.0000   0.0000   0.0000   0.0018   0.0000   0.0000
   0.0000  -0.0013   0.0000   0.0000   0.0000   0.8386   0.0000   0.0000  -0.0062   0.0000   0.0000   0.0000   0.0002   0.0000
   0.0000   0.0000   0.0000   0.0006   0.0000   0.0000   0.0264   0.0000   0.0000   0.0000  -0.0006   0.0000   0.0000   0.0000
  -0.0002   0.0000   0.0000   0.0000   0.0122   0.0000   0.0000   0.0237   0.0000   0.0000   0.0000  -0.0034   0.0000   0.0000
   0.0000  -0.0018   0.0000   0.0000   0.0000  -0.0062   0.0000   0.0000   0.0218   0.0000   0.0000   0.0000  -0.0034   0.0000
   0.0000   0.0000   0.0145   0.0000   0.0000   0.0000   0.0000   0.0000   0.0000   0.0218   0.0000   0.0000   0.0000  -0.0006
   0.0000   0.0000   0.0000  -0.0145   0.0000   0.0000  -0.0006   0.0000   0.0000   0.0000   0.0218   0.0000   0.0000   0.0000
   0.0062   0.0000   0.0000   0.0000   0.0018   0.0000   0.0000  -0.0034   0.0000   0.0000   0.0000   0.0218   0.0000   0.0000
   0.0000  -0.0122   0.0000   0.0000   0.0000   0.0002   0.0000   0.0000  -0.0034   0.0000   0.0000   0.0000   0.0237   0.0000
   0.0000   0.0000  -0.0006   0.0000   0.0000   0.0000   0.0000   0.0000   0.0000  -0.0006   0.0000   0.0000   0.0000   0.0264
************  NKS  ************
 NI=  1 NI_GLOBAL=  1
   0.8405   0.8405   0.8405   0.8405   0.8405   0.8405   0.0234   0.0234   0.0234   0.0234   0.0234   0.0234   0.0234   0.0234
 NELE_LOC TOTAL:
           5.2302599456626941
              CALC_DA_BND takes  0 hours  0 minutes and    0.17 seconds (CPU).
                          takes  0 hours  0 minutes and    0.09 seconds (WALL).
************  DA-  ************
 NI=  1 NI_GLOBAL=  1
  -0.0160  -0.0173  -0.0153  -0.0153  -0.0173  -0.0160  -0.0059  -0.0054  -0.0047  -0.0049  -0.0049  -0.0047  -0.0054  -0.0059
************  DAA  ************
 NI=  1 NI_GLOBAL=  1
  -0.0162  -0.0162  -0.0162  -0.0162  -0.0162  -0.0162  -0.0052  -0.0052  -0.0052  -0.0052  -0.0052  -0.0052  -0.0052  -0.0052
 NI=  1 VDC=    1.3340
************  LA2  ************
 NI=  1 NI_GLOBAL=  1
  -2.4052  -2.4052  -2.4052  -2.4052  -2.4052  -2.4052  -2.3037  -2.3037  -2.3037  -2.3037  -2.3037  -2.3037  -2.3037  -2.3037
 NI=  1 PHI-step gap=  0.14E+00
************  RAA  ************
 NI=  1 NI_GLOBAL=  1
   0.8778   0.8778   0.8778   0.8778   0.8778   0.8778   0.9057   0.9057   0.9057   0.9057   0.9057   0.9057   0.9057   0.9057
************  NC0  ************
 NI=  1 NI_GLOBAL=  1
   0.8405   0.8405   0.8405   0.8405   0.8405   0.8405   0.0234   0.0234   0.0234   0.0234   0.0234   0.0234   0.0234   0.0234
                  CALC_LC takes  0 hours  5 minutes and    5.19 seconds (CPU).
                          takes  0 hours  5 minutes and    5.03 seconds (WALL).
                GUTZ_FCN1 takes  0 hours  5 minutes and    6.08 seconds (CPU).
                          takes  0 hours  5 minutes and    5.48 seconds (WALL).
************  DIF_X  ************
   -0.000000121456   -0.000000004191
    0.000000036565   -0.000000006512
 ITER1=  3 MAXERR=    0.00000012
************   WH%X  ************
    0.87776522    0.90568341
    0.99890403    1.16570265
************  RIN  ************
 NI=  1 NI_GLOBAL=  1
   0.8778   0.8778   0.8778   0.8778   0.8778   0.8778   0.9057   0.9057   0.9057   0.9057   0.9057   0.9057   0.9057   0.9057
************  LA1  ************
 NI=  1 NI_GLOBAL=  1
   0.9989   0.9989   0.9989   0.9989   0.9989   0.9989   1.1657   1.1657   1.1657   1.1657   1.1657   1.1657   1.1657   1.1657
             CALC_BAND_AL takes  0 hours  0 minutes and    0.60 seconds (CPU).
                          takes  0 hours  0 minutes and    0.30 seconds (WALL).
 ILOOP            1
 ILOOP            2
   FERMI ENERGY AT    1.00808381221258     
   SUM RULE OF TETRAHEDRON INTEGRATION CHECKED 
   number of occupied bands:          18
   highest energy:   1.02595064149642     
************  NK-  ************
 NI=  1 NI_GLOBAL=  1
   0.8386   0.8180   0.8649   0.8649   0.8180   0.8386   0.0264   0.0237   0.0218   0.0218   0.0218   0.0218   0.0237   0.0264
************  NNK  ************
 NI=  1 NI_GLOBAL=  1
   0.8386   0.0000   0.0000   0.0000  -0.0013   0.0000   0.0000  -0.0002   0.0000   0.0000   0.0000   0.0062   0.0000   0.0000
   0.0000   0.8180   0.0000   0.0000   0.0000  -0.0013   0.0000   0.0000  -0.0018   0.0000   0.0000   0.0000  -0.0122   0.0000
   0.0000   0.0000   0.8649   0.0000   0.0000   0.0000   0.0000   0.0000   0.0000   0.0145   0.0000   0.0000   0.0000  -0.0006
   0.0000   0.0000   0.0000   0.8649   0.0000   0.0000   0.0006   0.0000   0.0000   0.0000  -0.0145   0.0000   0.0000   0.0000
  -0.0013   0.0000   0.0000   0.0000   0.8180   0.0000   0.0000   0.0122   0.0000   0.0000   0.0000   0.0018   0.0000   0.0000
   0.0000  -0.0013   0.0000   0.0000   0.0000   0.8386   0.0000   0.0000  -0.0062   0.0000   0.0000   0.0000   0.0002   0.0000
   0.0000   0.0000   0.0000   0.0006   0.0000   0.0000   0.0264   0.0000   0.0000   0.0000  -0.0006   0.0000   0.0000   0.0000
  -0.0002   0.0000   0.0000   0.0000   0.0122   0.0000   0.0000   0.0237   0.0000   0.0000   0.0000  -0.0034   0.0000   0.0000
   0.0000  -0.0018   0.0000   0.0000   0.0000  -0.0062   0.0000   0.0000   0.0218   0.0000   0.0000   0.0000  -0.0034   0.0000
   0.0000   0.0000   0.0145   0.0000   0.0000   0.0000   0.0000   0.0000   0.0000   0.0218   0.0000   0.0000   0.0000  -0.0006
   0.0000   0.0000   0.0000  -0.0145   0.0000   0.0000  -0.0006   0.0000   0.0000   0.0000   0.0218   0.0000   0.0000   0.0000
   0.0062   0.0000   0.0000   0.0000   0.0018   0.0000   0.0000  -0.0034   0.0000   0.0000   0.0000   0.0218   0.0000   0.0000
   0.0000  -0.0122   0.0000   0.0000   0.0000   0.0002   0.0000   0.0000  -0.0034   0.0000   0.0000   0.0000   0.0237   0.0000
   0.0000   0.0000  -0.0006   0.0000   0.0000   0.0000   0.0000   0.0000   0.0000  -0.0006   0.0000   0.0000   0.0000   0.0264
************  NKS  ************
 NI=  1 NI_GLOBAL=  1
   0.8405   0.8405   0.8405   0.8405   0.8405   0.8405   0.0234   0.0234   0.0234   0.0234   0.0234   0.0234   0.0234   0.0234
 NELE_LOC TOTAL:
           5.2302601000674587
              CALC_DA_BND takes  0 hours  0 minutes and    0.12 seconds (CPU).
                          takes  0 hours  0 minutes and    0.08 seconds (WALL).
************  DA-  ************
 NI=  1 NI_GLOBAL=  1
  -0.0160  -0.0173  -0.0153  -0.0153  -0.0173  -0.0160  -0.0059  -0.0054  -0.0047  -0.0049  -0.0049  -0.0047  -0.0054  -0.0059
************  DAA  ************
 NI=  1 NI_GLOBAL=  1
  -0.0162  -0.0162  -0.0162  -0.0162  -0.0162  -0.0162  -0.0052  -0.0052  -0.0052  -0.0052  -0.0052  -0.0052  -0.0052  -0.0052
 NI=  1 VDC=    1.3340
************  LA2  ************
 NI=  1 NI_GLOBAL=  1
  -2.4052  -2.4052  -2.4052  -2.4052  -2.4052  -2.4052  -2.3037  -2.3037  -2.3037  -2.3037  -2.3037  -2.3037  -2.3037  -2.3037
 NI=  1 PHI-step gap=  0.14E+00
************  RAA  ************
 NI=  1 NI_GLOBAL=  1
   0.8778   0.8778   0.8778   0.8778   0.8778   0.8778   0.9057   0.9057   0.9057   0.9057   0.9057   0.9057   0.9057   0.9057
************  NC0  ************
 NI=  1 NI_GLOBAL=  1
   0.8405   0.8405   0.8405   0.8405   0.8405   0.8405   0.0234   0.0234   0.0234   0.0234   0.0234   0.0234   0.0234   0.0234
                  CALC_LC takes  0 hours  5 minutes and   21.21 seconds (CPU).
                          takes  0 hours  5 minutes and   21.11 seconds (WALL).
                GUTZ_FCN1 takes  0 hours  5 minutes and   22.05 seconds (CPU).
                          takes  0 hours  5 minutes and   21.55 seconds (WALL).
************  DIF_X  ************
   -0.000000003382   -0.000000001963
    0.000000000924    0.000000000452
 ITER1=  4 MAXERR=    0.00000000
 NFJAC=   0
 SOLVE1 FINISHED WITH       4 ITERATIONS.
               GUTZ_SOLVE takes  0 hours 21 minutes and   12.15 seconds (CPU).
                          takes  0 hours 21 minutes and   10.14 seconds (WALL).
 MAX. NELF1 DIFF=    0.00254404
               CALC_PJRHO takes  0 hours  0 minutes and    0.41 seconds (CPU).
                          takes  0 hours  0 minutes and    0.36 seconds (WALL).
 NI=  1 SUM_PHY-SUM_KS=      0.00000001 WOULD BE RENORMALIZED
************  NC1  ************
 NI=  1 NI_GLOBAL=  1
   0.8229   0.8229   0.8229   0.8229   0.8229   0.8229   0.0366   0.0366   0.0366   0.0366   0.0366   0.0366   0.0366   0.0366
               CALC_NCPHY takes  0 hours  0 minutes and   49.37 seconds (CPU).
                          takes  0 hours  0 minutes and   49.28 seconds (WALL).
 GYZ%PJ%EGAMM:
     8.58101
 ENG%GAMM:     8.58101
 ENG%POT2:     3.08800
 EDCLA1(NI) ARRAY:
    -5.256
 EDCUJ(NI) ARRAY:
    -3.141
 EDCUJV(NI) ARRAY:
    -6.977
 EDC(NI) ARRAY:
    -8.396
 ENG%DBLC:    -8.39638
 ENG%DC1 :    -5.25577
 ENG%DC2 :    -3.14061
 ENG%DC2V:    -6.97712
 DC_E_STD_TO_E_V:    -3.83651
 ENG%BAND:     0.55591
 ENG%DL(DEEP LEVEL):    -7.07623
 ENG%TB=     0.74054
 ENG%TB-DC2=     3.88115
 NI=  1 OCC_CONFIG_WEIGHT:
        OCC= 0 WEIGHT=   0.00000
        OCC= 1 WEIGHT=   0.00000
        OCC= 2 WEIGHT=   0.00003
        OCC= 3 WEIGHT=   0.00338
        OCC= 4 WEIGHT=   0.10050
        OCC= 5 WEIGHT=   0.57344
        OCC= 6 WEIGHT=   0.30790
        OCC= 7 WEIGHT=   0.01457
        OCC= 8 WEIGHT=   0.00019
        OCC= 9 WEIGHT=   0.00000
                 CALC_RCW takes  0 hours  0 minutes and    0.00 seconds (CPU).
                          takes  0 hours  0 minutes and    0.00 seconds (WALL).
 NI=  1 J2=   10.5754
                 CALC_SLJ takes  0 hours  0 minutes and    0.00 seconds (CPU).
                          takes  0 hours  0 minutes and    0.00 seconds (WALL).
 NI=  1 ENTANGLEMENT ENTROPY=      3.3577
           CALC_ENTANGLES takes  0 hours  0 minutes and    0.91 seconds (CPU).
                          takes  0 hours  0 minutes and    0.89 seconds (WALL).
 CORRELATED SUBSPACE, SUM_FERWT=      8.0000000 SUM_KSWT=      8.0000000
 MAX OFF DIAGONAL KS.WT=    0.001971
 MAX/MIN R=    0.905683    0.877765
                CALC_KSWT takes  0 hours  0 minutes and    0.03 seconds (CPU).
                          takes  0 hours  0 minutes and    0.02 seconds (WALL).
                    TOTAL takes  0 hours 23 minutes and    5.00 seconds (CPU).
                          takes  0 hours 23 minutes and    1.91 seconds (WALL).
