******Program DMFT: Computes Gloc and Delta for Dynamical Mean Field Theory calculation ******
 CALCULATION WITH COMPLEX VECTORS
 CALCULATION WITH SOC VECTORS REQUIRED
 Running DMFT in mpi mode
  
 numkpt=         286
   0.00000   0.00000   0.00000   1.00000
   0.04762   0.04762   0.00000  12.00000
   0.09524   0.09524   0.00000  12.00000
   0.14286   0.14286   0.00000  12.00000
   0.19048   0.19048   0.00000  12.00000
   0.23810   0.23810   0.00000  12.00000
   0.28571   0.28571   0.00000  12.00000
   0.33333   0.33333   0.00000  12.00000
   0.38095   0.38095   0.00000  12.00000
   0.42857   0.42857   0.00000  12.00000
   0.47619   0.47619   0.00000  12.00000
   0.09524   0.04762   0.04762  24.00000
   0.14286   0.09524   0.04762  48.00000
   0.19048   0.14286   0.04762  48.00000
   0.23810   0.19048   0.04762  48.00000
   0.28571   0.23810   0.04762  48.00000
   0.33333   0.28571   0.04762  48.00000
   0.38095   0.33333   0.04762  48.00000
   0.42857   0.38095   0.04762  48.00000
   0.47619   0.42857   0.04762  48.00000
   0.52381   0.47619   0.04762  24.00000
   0.19048   0.09524   0.09524  24.00000
   0.23810   0.14286   0.09524  48.00000
   0.28571   0.19048   0.09524  48.00000
   0.33333   0.23810   0.09524  48.00000
   0.38095   0.28571   0.09524  48.00000
   0.42857   0.33333   0.09524  48.00000
   0.47619   0.38095   0.09524  48.00000
   0.52381   0.42857   0.09524  48.00000
   0.28571   0.14286   0.14286  24.00000
   0.33333   0.19048   0.14286  48.00000
   0.38095   0.23810   0.14286  48.00000
   0.42857   0.28571   0.14286  48.00000
   0.47619   0.33333   0.14286  48.00000
   0.52381   0.38095   0.14286  48.00000
   0.57143   0.42857   0.14286  24.00000
   0.38095   0.19048   0.19048  24.00000
   0.42857   0.23810   0.19048  48.00000
   0.47619   0.28571   0.19048  48.00000
   0.52381   0.33333   0.19048  48.00000
   0.57143   0.38095   0.19048  48.00000
   0.47619   0.23810   0.23810  24.00000
   0.52381   0.28571   0.23810  48.00000
   0.57143   0.33333   0.23810  48.00000
   0.61905   0.38095   0.23810  24.00000
   0.57143   0.28571   0.28571  24.00000
   0.61905   0.33333   0.28571  48.00000
   0.66667   0.33333   0.33333   8.00000
   0.09524   0.09524   0.09524   8.00000
   0.14286   0.14286   0.09524  24.00000
   0.19048   0.19048   0.09524  24.00000
   0.23810   0.23810   0.09524  24.00000
   0.28571   0.28571   0.09524  24.00000
   0.33333   0.33333   0.09524  24.00000
   0.38095   0.38095   0.09524  24.00000
   0.42857   0.42857   0.09524  24.00000
   0.47619   0.47619   0.09524  24.00000
   1.00000   1.00000   0.09524   6.00000
   0.19048   0.14286   0.14286  24.00000
   0.23810   0.19048   0.14286  48.00000
   0.28571   0.23810   0.14286  48.00000
   0.33333   0.28571   0.14286  48.00000
   0.38095   0.33333   0.14286  48.00000
   0.42857   0.38095   0.14286  48.00000
   0.47619   0.42857   0.14286  48.00000
   0.52381   0.47619   0.14286  24.00000
   1.00000   0.95238   0.14286  24.00000
   0.28571   0.19048   0.19048  24.00000
   0.33333   0.23810   0.19048  48.00000
   0.38095   0.28571   0.19048  48.00000
   0.42857   0.33333   0.19048  48.00000
   0.47619   0.38095   0.19048  48.00000
   0.52381   0.42857   0.19048  48.00000
   1.00000   0.90476   0.19048  24.00000
   1.04762   0.95238   0.19048  24.00000
   0.38095   0.23810   0.23810  24.00000
   0.42857   0.28571   0.23810  48.00000
   0.47619   0.33333   0.23810  48.00000
   0.52381   0.38095   0.23810  48.00000
   0.57143   0.42857   0.23810  24.00000
   1.00000   0.85714   0.23810  24.00000
   1.04762   0.90476   0.23810  48.00000
   0.47619   0.28571   0.28571  24.00000
   0.52381   0.33333   0.28571  48.00000
   0.57143   0.38095   0.28571  48.00000
   1.00000   0.80952   0.28571  24.00000
   1.04762   0.85714   0.28571  48.00000
   1.09524   0.90476   0.28571  24.00000
   0.57143   0.33333   0.33333  24.00000
   0.61905   0.38095   0.33333  24.00000
   1.00000   0.76190   0.33333  24.00000
   1.04762   0.80952   0.33333  48.00000
   1.09524   0.85714   0.33333  48.00000
   1.00000   0.71429   0.38095  24.00000
   1.04762   0.76190   0.38095  48.00000
   1.09524   0.80952   0.38095  48.00000
   1.14286   0.85714   0.38095  24.00000
   1.00000   0.66667   0.42857  24.00000
   1.04762   0.71429   0.42857  48.00000
   1.09524   0.76190   0.42857  48.00000
   1.14286   0.80952   0.42857  48.00000
   1.00000   0.61905   0.47619  24.00000
   1.04762   0.66667   0.47619  48.00000
   1.09524   0.71429   0.47619  48.00000
   1.14286   0.76190   0.47619  48.00000
   1.19048   0.80952   0.47619  24.00000
   1.00000   0.57143   0.52381  24.00000
   1.04762   0.61905   0.52381  48.00000
   1.09524   0.66667   0.52381  48.00000
   1.14286   0.71429   0.52381  48.00000
   1.19048   0.76190   0.52381  48.00000
   1.04762   0.57143   0.57143  24.00000
   1.09524   0.61905   0.57143  48.00000
   1.14286   0.66667   0.57143  48.00000
   1.19048   0.71429   0.57143  48.00000
   1.23810   0.76190   0.57143  24.00000
   1.14286   0.61905   0.61905  24.00000
   1.19048   0.66667   0.61905  48.00000
   1.23810   0.71429   0.61905  48.00000
   1.23810   0.66667   0.66667  24.00000
   1.28571   0.71429   0.66667  24.00000
   0.19048   0.19048   0.19048   8.00000
   0.23810   0.23810   0.19048  24.00000
   0.28571   0.28571   0.19048  24.00000
   0.33333   0.33333   0.19048  24.00000
   0.38095   0.38095   0.19048  24.00000
   0.42857   0.42857   0.19048  24.00000
   0.47619   0.47619   0.19048  24.00000
   1.00000   1.00000   0.19048   6.00000
   0.28571   0.23810   0.23810  24.00000
   0.33333   0.28571   0.23810  48.00000
   0.38095   0.33333   0.23810  48.00000
   0.42857   0.38095   0.23810  48.00000
   0.47619   0.42857   0.23810  48.00000
   0.52381   0.47619   0.23810  24.00000
   1.00000   0.95238   0.23810  24.00000
   0.38095   0.28571   0.28571  24.00000
   0.42857   0.33333   0.28571  48.00000
   0.47619   0.38095   0.28571  48.00000
   0.52381   0.42857   0.28571  48.00000
   1.00000   0.90476   0.28571  24.00000
   1.04762   0.95238   0.28571  24.00000
   0.47619   0.33333   0.33333  24.00000
   0.52381   0.38095   0.33333  48.00000
   0.57143   0.42857   0.33333  24.00000
   1.00000   0.85714   0.33333  24.00000
   1.04762   0.90476   0.33333  48.00000
   0.57143   0.38095   0.38095  24.00000
   1.00000   0.80952   0.38095  24.00000
   1.04762   0.85714   0.38095  48.00000
   1.09524   0.90476   0.38095  24.00000
   1.00000   0.76190   0.42857  24.00000
   1.04762   0.80952   0.42857  48.00000
   1.09524   0.85714   0.42857  48.00000
   1.00000   0.71429   0.47619  24.00000
   1.04762   0.76190   0.47619  48.00000
   1.09524   0.80952   0.47619  48.00000
   1.14286   0.85714   0.47619  24.00000
   1.00000   0.66667   0.52381  24.00000
   1.04762   0.71429   0.52381  48.00000
   1.09524   0.76190   0.52381  48.00000
   1.14286   0.80952   0.52381  48.00000
   1.00000   0.61905   0.57143  24.00000
   1.04762   0.66667   0.57143  48.00000
   1.09524   0.71429   0.57143  48.00000
   1.14286   0.76190   0.57143  48.00000
   1.19048   0.80952   0.57143  24.00000
   1.04762   0.61905   0.61905  24.00000
   1.09524   0.66667   0.61905  48.00000
   1.14286   0.71429   0.61905  48.00000
   1.19048   0.76190   0.61905  48.00000
   1.14286   0.66667   0.66667  24.00000
   1.19048   0.71429   0.66667  48.00000
   1.23810   0.76190   0.66667  24.00000
   1.23810   0.71429   0.71429  24.00000
   0.28571   0.28571   0.28571   8.00000
   0.33333   0.33333   0.28571  24.00000
   0.38095   0.38095   0.28571  24.00000
   0.42857   0.42857   0.28571  24.00000
   0.47619   0.47619   0.28571  24.00000
   1.00000   1.00000   0.28571   6.00000
   0.38095   0.33333   0.33333  24.00000
   0.42857   0.38095   0.33333  48.00000
   0.47619   0.42857   0.33333  48.00000
   0.52381   0.47619   0.33333  24.00000
   1.00000   0.95238   0.33333  24.00000
   0.47619   0.38095   0.38095  24.00000
   0.52381   0.42857   0.38095  48.00000
   1.00000   0.90476   0.38095  24.00000
   1.04762   0.95238   0.38095  24.00000
   0.57143   0.42857   0.42857   8.00000
   1.00000   0.85714   0.42857  24.00000
   1.04762   0.90476   0.42857  48.00000
   1.00000   0.80952   0.47619  24.00000
   1.04762   0.85714   0.47619  48.00000
   1.09524   0.90476   0.47619  24.00000
   1.00000   0.76190   0.52381  24.00000
   1.04762   0.80952   0.52381  48.00000
   1.09524   0.85714   0.52381  48.00000
   1.00000   0.71429   0.57143  24.00000
   1.04762   0.76190   0.57143  48.00000
   1.09524   0.80952   0.57143  48.00000
   1.14286   0.85714   0.57143  24.00000
   1.00000   0.66667   0.61905  24.00000
   1.04762   0.71429   0.61905  48.00000
   1.09524   0.76190   0.61905  48.00000
   1.14286   0.80952   0.61905  48.00000
   1.04762   0.66667   0.66667  24.00000
   1.09524   0.71429   0.66667  48.00000
   1.14286   0.76190   0.66667  48.00000
   1.19048   0.80952   0.66667  24.00000
   1.14286   0.71429   0.71429  24.00000
   1.19048   0.76190   0.71429  48.00000
   1.23810   0.76190   0.76190   8.00000
   0.38095   0.38095   0.38095   8.00000
   0.42857   0.42857   0.38095  24.00000
   0.47619   0.47619   0.38095  24.00000
   1.00000   1.00000   0.38095   6.00000
   0.47619   0.42857   0.42857  24.00000
   0.52381   0.47619   0.42857  24.00000
   1.00000   0.95238   0.42857  24.00000
   1.00000   0.90476   0.47619  24.00000
   1.04762   0.95238   0.47619  24.00000
   1.00000   0.85714   0.52381  24.00000
   1.04762   0.90476   0.52381  48.00000
   1.00000   0.80952   0.57143  24.00000
   1.04762   0.85714   0.57143  48.00000
   1.09524   0.90476   0.57143  24.00000
   1.00000   0.76190   0.61905  24.00000
   1.04762   0.80952   0.61905  48.00000
   1.09524   0.85714   0.61905  48.00000
   1.00000   0.71429   0.66667  24.00000
   1.04762   0.76190   0.66667  48.00000
   1.09524   0.80952   0.66667  48.00000
   1.14286   0.85714   0.66667  24.00000
   1.04762   0.71429   0.71429  24.00000
   1.09524   0.76190   0.71429  48.00000
   1.14286   0.80952   0.71429  48.00000
   1.14286   0.76190   0.76190  24.00000
   1.19048   0.80952   0.76190  24.00000
   0.47619   0.47619   0.47619   8.00000
   1.00000   1.00000   0.47619   6.00000
   1.00000   0.95238   0.52381  24.00000
   1.00000   0.90476   0.57143  24.00000
   1.04762   0.95238   0.57143  24.00000
   1.00000   0.85714   0.61905  24.00000
   1.04762   0.90476   0.61905  48.00000
   1.00000   0.80952   0.66667  24.00000
   1.04762   0.85714   0.66667  48.00000
   1.09524   0.90476   0.66667  24.00000
   1.00000   0.76190   0.71429  24.00000
   1.04762   0.80952   0.71429  48.00000
   1.09524   0.85714   0.71429  48.00000
   1.04762   0.76190   0.76190  24.00000
   1.09524   0.80952   0.76190  48.00000
   1.14286   0.85714   0.76190  24.00000
   1.14286   0.80952   0.80952  24.00000
   1.00000   1.00000   0.57143   6.00000
   1.00000   0.95238   0.61905  24.00000
   1.00000   0.90476   0.66667  24.00000
   1.04762   0.95238   0.66667  24.00000
   1.00000   0.85714   0.71429  24.00000
   1.04762   0.90476   0.71429  48.00000
   1.00000   0.80952   0.76190  24.00000
   1.04762   0.85714   0.76190  48.00000
   1.09524   0.90476   0.76190  24.00000
   1.04762   0.80952   0.80952  24.00000
   1.09524   0.85714   0.80952  48.00000
   1.14286   0.85714   0.85714   8.00000
   1.00000   1.00000   0.66667   6.00000
   1.00000   0.95238   0.71429  24.00000
   1.00000   0.90476   0.76190  24.00000
   1.04762   0.95238   0.76190  24.00000
   1.00000   0.85714   0.80952  24.00000
   1.04762   0.90476   0.80952  48.00000
   1.04762   0.85714   0.85714  24.00000
   1.09524   0.90476   0.85714  24.00000
   1.00000   1.00000   0.76190   6.00000
   1.00000   0.95238   0.80952  24.00000
   1.00000   0.90476   0.85714  24.00000
   1.04762   0.95238   0.85714  24.00000
   1.04762   0.90476   0.90476  24.00000
   1.00000   1.00000   0.85714   6.00000
   1.00000   0.95238   0.90476  24.00000
   1.04762   0.95238   0.95238   8.00000
   1.00000   1.00000   0.95238   6.00000




                              --------------------------------------------------
                                 S T R U C T U R A L   I N F O R M A T I O N
                              --------------------------------------------------


   SUBSTANCE                    = cubic body-centered  (epsilon Pu)                                               

   LATTICE                      = B   
   LATTICE CONSTANTS ARE        =    6.5161870   6.5161870   6.5161870
   NUMBER OF ATOMS IN UNITCELL  =   1
   MODE OF CALCULATION IS       = RELA
 IORD=          48
 FNAMES=
 ./epsilon_Pu_6.vectorso_1                                                      
                                                                                
                                           
 ./epsilon_Pu_6.vectorsodn_1                                                    
                                                                                
                                           
 epsilon_Pu_6.energyso_1                                                        
                                                                                
                                           
 epsilon_Pu_6.energysodn_1                                                      
                                                                                
                                           
  BR1,  BR2
   0.96424   0.00000   0.00000      0.00000   0.96424   0.96424
   0.00000   0.96424   0.00000      0.96424   0.00000   0.96424
   0.00000   0.00000   0.96424      0.96424   0.96424   0.00000
 projector corrected--must be 1,2, or 3! Now projector= 2
 Energy window:   -0.4410 < E <      0.441
 Projected density of states calculation for  1 atoms
--------- atom  1 -------------
l=  3  qsplit=  4
 Symmetrization over eq. k-points is performed
 ********** Start Reading Cix file *************
  Correlated block number           1
  Correlated index=
  1  0  0  0  0  0  0  0  0  0  0  0  0  0
  0  1  0  0  0  0  0  0  0  0  0  0  0  0
  0  0  1  0  0  0  0  0  0  0  0  0  0  0
  0  0  0  1  0  0  0  0  0  0  0  0  0  0
  0  0  0  0  1  0  0  0  0  0  0  0  0  0
  0  0  0  0  0  1  0  0  0  0  0  0  0  0
  0  0  0  0  0  0  2  0  0  0  0  0  0  0
  0  0  0  0  0  0  0  2  0  0  0  0  0  0
  0  0  0  0  0  0  0  0  2  0  0  0  0  0
  0  0  0  0  0  0  0  0  0  2  0  0  0  0
  0  0  0  0  0  0  0  0  0  0  2  0  0  0
  0  0  0  0  0  0  0  0  0  0  0  2  0  0
  0  0  0  0  0  0  0  0  0  0  0  0  2  0
  0  0  0  0  0  0  0  0  0  0  0  0  0  2
  Real part of unitary matrix=
  0.9258  0.0000  0.0000  0.0000  0.0000  0.0000  0.0000  0.0000 -0.3780  0.0000  0.0000  0.0000  0.0000  0.0000
  0.0000  0.8452  0.0000  0.0000  0.0000  0.0000  0.0000  0.0000  0.0000 -0.5345  0.0000  0.0000  0.0000  0.0000
  0.0000  0.0000  0.7559  0.0000  0.0000  0.0000  0.0000  0.0000  0.0000  0.0000 -0.6547  0.0000  0.0000  0.0000
  0.0000  0.0000  0.0000  0.6547  0.0000  0.0000  0.0000  0.0000  0.0000  0.0000  0.0000 -0.7559  0.0000  0.0000
  0.0000  0.0000  0.0000  0.0000  0.5345  0.0000  0.0000  0.0000  0.0000  0.0000  0.0000  0.0000 -0.8452  0.0000
  0.0000  0.0000  0.0000  0.0000  0.0000  0.3780  0.0000  0.0000  0.0000  0.0000  0.0000  0.0000  0.0000 -0.9258
  0.0000  0.0000  0.0000  0.0000  0.0000  0.0000  0.0000  1.0000  0.0000  0.0000  0.0000  0.0000  0.0000  0.0000
  0.3780  0.0000  0.0000  0.0000  0.0000  0.0000  0.0000  0.0000  0.9258  0.0000  0.0000  0.0000  0.0000  0.0000
  0.0000  0.5345  0.0000  0.0000  0.0000  0.0000  0.0000  0.0000  0.0000  0.8452  0.0000  0.0000  0.0000  0.0000
  0.0000  0.0000  0.6547  0.0000  0.0000  0.0000  0.0000  0.0000  0.0000  0.0000  0.7559  0.0000  0.0000  0.0000
  0.0000  0.0000  0.0000  0.7559  0.0000  0.0000  0.0000  0.0000  0.0000  0.0000  0.0000  0.6547  0.0000  0.0000
  0.0000  0.0000  0.0000  0.0000  0.8452  0.0000  0.0000  0.0000  0.0000  0.0000  0.0000  0.0000  0.5345  0.0000
  0.0000  0.0000  0.0000  0.0000  0.0000  0.9258  0.0000  0.0000  0.0000  0.0000  0.0000  0.0000  0.0000  0.3780
  0.0000  0.0000  0.0000  0.0000  0.0000  0.0000  1.0000  0.0000  0.0000  0.0000  0.0000  0.0000  0.0000  0.0000
  Imaginary part of unitary matrix=
  0.0000  0.0000  0.0000  0.0000  0.0000  0.0000  0.0000  0.0000  0.0000  0.0000  0.0000  0.0000  0.0000  0.0000
  0.0000  0.0000  0.0000  0.0000  0.0000  0.0000  0.0000  0.0000  0.0000  0.0000  0.0000  0.0000  0.0000  0.0000
  0.0000  0.0000  0.0000  0.0000  0.0000  0.0000  0.0000  0.0000  0.0000  0.0000  0.0000  0.0000  0.0000  0.0000
  0.0000  0.0000  0.0000  0.0000  0.0000  0.0000  0.0000  0.0000  0.0000  0.0000  0.0000  0.0000  0.0000  0.0000
  0.0000  0.0000  0.0000  0.0000  0.0000  0.0000  0.0000  0.0000  0.0000  0.0000  0.0000  0.0000  0.0000  0.0000
  0.0000  0.0000  0.0000  0.0000  0.0000  0.0000  0.0000  0.0000  0.0000  0.0000  0.0000  0.0000  0.0000  0.0000
  0.0000  0.0000  0.0000  0.0000  0.0000  0.0000  0.0000  0.0000  0.0000  0.0000  0.0000  0.0000  0.0000  0.0000
  0.0000  0.0000  0.0000  0.0000  0.0000  0.0000  0.0000  0.0000  0.0000  0.0000  0.0000  0.0000  0.0000  0.0000
  0.0000  0.0000  0.0000  0.0000  0.0000  0.0000  0.0000  0.0000  0.0000  0.0000  0.0000  0.0000  0.0000  0.0000
  0.0000  0.0000  0.0000  0.0000  0.0000  0.0000  0.0000  0.0000  0.0000  0.0000  0.0000  0.0000  0.0000  0.0000
  0.0000  0.0000  0.0000  0.0000  0.0000  0.0000  0.0000  0.0000  0.0000  0.0000  0.0000  0.0000  0.0000  0.0000
  0.0000  0.0000  0.0000  0.0000  0.0000  0.0000  0.0000  0.0000  0.0000  0.0000  0.0000  0.0000  0.0000  0.0000
  0.0000  0.0000  0.0000  0.0000  0.0000  0.0000  0.0000  0.0000  0.0000  0.0000  0.0000  0.0000  0.0000  0.0000
  0.0000  0.0000  0.0000  0.0000  0.0000  0.0000  0.0000  0.0000  0.0000  0.0000  0.0000  0.0000  0.0000  0.0000
  At least one transformation matrix is not Identity
 Magnetic system with s-o coupling; M theta, phi:  0.0000  0.0000
 Inside ROTDEF
Operation  1 transforms atom   1 from first atom   1
Actual position of atom  1 is:  0.000000    0.000000    0.000000
 
Combined transformation (acting on k-point) for correlated atoms
including users rotation and internal local rotation
catom  1 atom   1
   0.96424   0.00000   0.00000
   0.00000  -0.96424   0.00000
   0.00000   0.00000  -0.96424
 
 
 SPIN COORD SYSTEM:
    1.000000    0.000000    0.000000
    0.000000    1.000000    0.000000
    0.000000    0.000000    1.000000
 
 in global cartezian coordinates:
    1.000000    0.000000    0.000000
    0.000000   -1.000000    0.000000
    0.000000    0.000000   -1.000000
 ____________________________
 in spin coordinates:
    1.000000    0.000000    0.000000
    0.000000   -1.000000    0.000000
    0.000000    0.000000   -1.000000
           1   3.14159268339212       -1.00000000000000     
 
 in global cartezian coordinates:
    0.000000    1.000000    0.000000
   -1.000000    0.000000    0.000000
    0.000000    0.000000   -1.000000
 ____________________________
 in spin coordinates:
    0.000000    1.000000    0.000000
   -1.000000    0.000000    0.000000
    0.000000    0.000000   -1.000000
           2   1.57079632679490        1.00000000000000     
 
 in global cartezian coordinates:
    1.000000    0.000000    0.000000
    0.000000    0.000000   -1.000000
    0.000000   -1.000000    0.000000
 ____________________________
 in spin coordinates:
    1.000000    0.000000    0.000000
    0.000000    0.000000   -1.000000
    0.000000   -1.000000    0.000000
           3   1.57079632679490       0.000000000000000E+000
 
 symm. operation            3  removed !!!! so-det=  0.000000000000000E+000
 in global cartezian coordinates:
    0.000000    0.000000    1.000000
   -1.000000    0.000000    0.000000
    0.000000   -1.000000    0.000000
 ____________________________
 in spin coordinates:
    0.000000    0.000000    1.000000
   -1.000000    0.000000    0.000000
    0.000000   -1.000000    0.000000
           4   1.57079632679490       0.000000000000000E+000
 
 symm. operation            4  removed !!!! so-det=  0.000000000000000E+000
 in global cartezian coordinates:
    0.000000    1.000000    0.000000
    0.000000    0.000000   -1.000000
   -1.000000    0.000000    0.000000
 ____________________________
 in spin coordinates:
    0.000000    1.000000    0.000000
    0.000000    0.000000   -1.000000
   -1.000000    0.000000    0.000000
           5 NaN                      0.000000000000000E+000
 
 symm. operation            5  removed !!!! so-det=  0.000000000000000E+000
 in global cartezian coordinates:
    0.000000    0.000000    1.000000
    0.000000   -1.000000    0.000000
   -1.000000    0.000000    0.000000
 ____________________________
 in spin coordinates:
    0.000000    0.000000    1.000000
    0.000000   -1.000000    0.000000
   -1.000000    0.000000    0.000000
           6   1.57079632679490       0.000000000000000E+000
 
 symm. operation            6  removed !!!! so-det=  0.000000000000000E+000
 in global cartezian coordinates:
   -1.000000    0.000000    0.000000
    0.000000   -1.000000    0.000000
    0.000000    0.000000   -1.000000
 ____________________________
 in spin coordinates:
   -1.000000    0.000000    0.000000
    0.000000   -1.000000    0.000000
    0.000000    0.000000   -1.000000
           7  2.980232238769531E-008   1.00000000000000     
 
 in global cartezian coordinates:
    0.000000    1.000000    0.000000
    1.000000    0.000000    0.000000
    0.000000    0.000000   -1.000000
 ____________________________
 in spin coordinates:
    0.000000    1.000000    0.000000
    1.000000    0.000000    0.000000
    0.000000    0.000000   -1.000000
           8   1.57079632679490       -1.00000000000000     
 
 in global cartezian coordinates:
   -1.000000    0.000000    0.000000
    0.000000    0.000000   -1.000000
    0.000000   -1.000000    0.000000
 ____________________________
 in spin coordinates:
   -1.000000    0.000000    0.000000
    0.000000    0.000000   -1.000000
    0.000000   -1.000000    0.000000
           9   1.57079632679490       0.000000000000000E+000
 
 symm. operation            9  removed !!!! so-det=  0.000000000000000E+000
 in global cartezian coordinates:
    0.000000    0.000000    1.000000
    1.000000    0.000000    0.000000
    0.000000   -1.000000    0.000000
 ____________________________
 in spin coordinates:
    0.000000    0.000000    1.000000
    1.000000    0.000000    0.000000
    0.000000   -1.000000    0.000000
          10   1.57079632679490       0.000000000000000E+000
 
 symm. operation           10  removed !!!! so-det=  0.000000000000000E+000
 in global cartezian coordinates:
    0.000000    1.000000    0.000000
    0.000000    0.000000   -1.000000
    1.000000    0.000000    0.000000
 ____________________________
 in spin coordinates:
    0.000000    1.000000    0.000000
    0.000000    0.000000   -1.000000
    1.000000    0.000000    0.000000
          11 NaN                      0.000000000000000E+000
 
 symm. operation           11  removed !!!! so-det=  0.000000000000000E+000
 in global cartezian coordinates:
    0.000000    0.000000    1.000000
    0.000000   -1.000000    0.000000
    1.000000    0.000000    0.000000
 ____________________________
 in spin coordinates:
    0.000000    0.000000    1.000000
    0.000000   -1.000000    0.000000
    1.000000    0.000000    0.000000
          12   1.57079632679490       0.000000000000000E+000
 
 symm. operation           12  removed !!!! so-det=  0.000000000000000E+000
 in global cartezian coordinates:
    0.000000   -1.000000    0.000000
   -1.000000    0.000000    0.000000
    0.000000    0.000000   -1.000000
 ____________________________
 in spin coordinates:
    0.000000   -1.000000    0.000000
   -1.000000    0.000000    0.000000
    0.000000    0.000000   -1.000000
          13   4.71238898038469       -1.00000000000000     
 
 in global cartezian coordinates:
    1.000000    0.000000    0.000000
    0.000000    1.000000    0.000000
    0.000000    0.000000   -1.000000
 ____________________________
 in spin coordinates:
    1.000000    0.000000    0.000000
    0.000000    1.000000    0.000000
    0.000000    0.000000   -1.000000
          14   3.14159262378747        1.00000000000000     
 
 in global cartezian coordinates:
    0.000000   -1.000000    0.000000
    0.000000    0.000000   -1.000000
   -1.000000    0.000000    0.000000
 ____________________________
 in spin coordinates:
    0.000000   -1.000000    0.000000
    0.000000    0.000000   -1.000000
   -1.000000    0.000000    0.000000
          15 NaN                      0.000000000000000E+000
 
 symm. operation           15  removed !!!! so-det=  0.000000000000000E+000
 in global cartezian coordinates:
    0.000000    0.000000    1.000000
    0.000000    1.000000    0.000000
   -1.000000    0.000000    0.000000
 ____________________________
 in spin coordinates:
    0.000000    0.000000    1.000000
    0.000000    1.000000    0.000000
   -1.000000    0.000000    0.000000
          16   1.57079632679490       0.000000000000000E+000
 
 symm. operation           16  removed !!!! so-det=  0.000000000000000E+000
 in global cartezian coordinates:
    1.000000    0.000000    0.000000
    0.000000    0.000000   -1.000000
    0.000000    1.000000    0.000000
 ____________________________
 in spin coordinates:
    1.000000    0.000000    0.000000
    0.000000    0.000000   -1.000000
    0.000000    1.000000    0.000000
          17   1.57079632679490       0.000000000000000E+000
 
 symm. operation           17  removed !!!! so-det=  0.000000000000000E+000
 in global cartezian coordinates:
    0.000000    0.000000    1.000000
   -1.000000    0.000000    0.000000
    0.000000    1.000000    0.000000
 ____________________________
 in spin coordinates:
    0.000000    0.000000    1.000000
   -1.000000    0.000000    0.000000
    0.000000    1.000000    0.000000
          18   1.57079632679490       0.000000000000000E+000
 
 symm. operation           18  removed !!!! so-det=  0.000000000000000E+000
 in global cartezian coordinates:
    0.000000    0.000000   -1.000000
   -1.000000    0.000000    0.000000
    0.000000   -1.000000    0.000000
 ____________________________
 in spin coordinates:
    0.000000    0.000000   -1.000000
   -1.000000    0.000000    0.000000
    0.000000   -1.000000    0.000000
          19   1.57079632679490       0.000000000000000E+000
 
 symm. operation           19  removed !!!! so-det=  0.000000000000000E+000
 in global cartezian coordinates:
    1.000000    0.000000    0.000000
    0.000000    0.000000    1.000000
    0.000000   -1.000000    0.000000
 ____________________________
 in spin coordinates:
    1.000000    0.000000    0.000000
    0.000000    0.000000    1.000000
    0.000000   -1.000000    0.000000
          20   1.57079632679490       0.000000000000000E+000
 
 symm. operation           20  removed !!!! so-det=  0.000000000000000E+000
 in global cartezian coordinates:
    0.000000    0.000000   -1.000000
    0.000000   -1.000000    0.000000
   -1.000000    0.000000    0.000000
 ____________________________
 in spin coordinates:
    0.000000    0.000000   -1.000000
    0.000000   -1.000000    0.000000
   -1.000000    0.000000    0.000000
          21   1.57079632679490       0.000000000000000E+000
 
 symm. operation           21  removed !!!! so-det=  0.000000000000000E+000
 in global cartezian coordinates:
    0.000000    1.000000    0.000000
    0.000000    0.000000    1.000000
   -1.000000    0.000000    0.000000
 ____________________________
 in spin coordinates:
    0.000000    1.000000    0.000000
    0.000000    0.000000    1.000000
   -1.000000    0.000000    0.000000
          22 NaN                      0.000000000000000E+000
 
 symm. operation           22  removed !!!! so-det=  0.000000000000000E+000
 in global cartezian coordinates:
    1.000000    0.000000    0.000000
    0.000000   -1.000000    0.000000
    0.000000    0.000000    1.000000
 ____________________________
 in spin coordinates:
    1.000000    0.000000    0.000000
    0.000000   -1.000000    0.000000
    0.000000    0.000000    1.000000
          23   6.28318527737726       -1.00000000000000     
 
 in global cartezian coordinates:
    0.000000    1.000000    0.000000
   -1.000000    0.000000    0.000000
    0.000000    0.000000    1.000000
 ____________________________
 in spin coordinates:
    0.000000    1.000000    0.000000
   -1.000000    0.000000    0.000000
    0.000000    0.000000    1.000000
          24  -1.57079632679490        1.00000000000000     
 
 in global cartezian coordinates:
    0.000000   -1.000000    0.000000
    1.000000    0.000000    0.000000
    0.000000    0.000000   -1.000000
 ____________________________
 in spin coordinates:
    0.000000   -1.000000    0.000000
    1.000000    0.000000    0.000000
    0.000000    0.000000   -1.000000
          25  -1.57079632679490        1.00000000000000     
 
 in global cartezian coordinates:
   -1.000000    0.000000    0.000000
    0.000000    1.000000    0.000000
    0.000000    0.000000   -1.000000
 ____________________________
 in spin coordinates:
   -1.000000    0.000000    0.000000
    0.000000    1.000000    0.000000
    0.000000    0.000000   -1.000000
          26   6.28318527737726       -1.00000000000000     
 
 in global cartezian coordinates:
    0.000000   -1.000000    0.000000
    0.000000    0.000000   -1.000000
    1.000000    0.000000    0.000000
 ____________________________
 in spin coordinates:
    0.000000   -1.000000    0.000000
    0.000000    0.000000   -1.000000
    1.000000    0.000000    0.000000
          27 NaN                      0.000000000000000E+000
 
 symm. operation           27  removed !!!! so-det=  0.000000000000000E+000
 in global cartezian coordinates:
    0.000000    0.000000    1.000000
    0.000000    1.000000    0.000000
    1.000000    0.000000    0.000000
 ____________________________
 in spin coordinates:
    0.000000    0.000000    1.000000
    0.000000    1.000000    0.000000
    1.000000    0.000000    0.000000
          28   1.57079632679490       0.000000000000000E+000
 
 symm. operation           28  removed !!!! so-det=  0.000000000000000E+000
 in global cartezian coordinates:
   -1.000000    0.000000    0.000000
    0.000000    0.000000   -1.000000
    0.000000    1.000000    0.000000
 ____________________________
 in spin coordinates:
   -1.000000    0.000000    0.000000
    0.000000    0.000000   -1.000000
    0.000000    1.000000    0.000000
          29   1.57079632679490       0.000000000000000E+000
 
 symm. operation           29  removed !!!! so-det=  0.000000000000000E+000
 in global cartezian coordinates:
    0.000000    0.000000    1.000000
    1.000000    0.000000    0.000000
    0.000000    1.000000    0.000000
 ____________________________
 in spin coordinates:
    0.000000    0.000000    1.000000
    1.000000    0.000000    0.000000
    0.000000    1.000000    0.000000
          30   1.57079632679490       0.000000000000000E+000
 
 symm. operation           30  removed !!!! so-det=  0.000000000000000E+000
 in global cartezian coordinates:
    0.000000    0.000000   -1.000000
    1.000000    0.000000    0.000000
    0.000000   -1.000000    0.000000
 ____________________________
 in spin coordinates:
    0.000000    0.000000   -1.000000
    1.000000    0.000000    0.000000
    0.000000   -1.000000    0.000000
          31   1.57079632679490       0.000000000000000E+000
 
 symm. operation           31  removed !!!! so-det=  0.000000000000000E+000
 in global cartezian coordinates:
   -1.000000    0.000000    0.000000
    0.000000    0.000000    1.000000
    0.000000   -1.000000    0.000000
 ____________________________
 in spin coordinates:
   -1.000000    0.000000    0.000000
    0.000000    0.000000    1.000000
    0.000000   -1.000000    0.000000
          32   1.57079632679490       0.000000000000000E+000
 
 symm. operation           32  removed !!!! so-det=  0.000000000000000E+000
 in global cartezian coordinates:
    0.000000    0.000000   -1.000000
    0.000000   -1.000000    0.000000
    1.000000    0.000000    0.000000
 ____________________________
 in spin coordinates:
    0.000000    0.000000   -1.000000
    0.000000   -1.000000    0.000000
    1.000000    0.000000    0.000000
          33   1.57079632679490       0.000000000000000E+000
 
 symm. operation           33  removed !!!! so-det=  0.000000000000000E+000
 in global cartezian coordinates:
    0.000000    1.000000    0.000000
    0.000000    0.000000    1.000000
    1.000000    0.000000    0.000000
 ____________________________
 in spin coordinates:
    0.000000    1.000000    0.000000
    0.000000    0.000000    1.000000
    1.000000    0.000000    0.000000
          34 NaN                      0.000000000000000E+000
 
 symm. operation           34  removed !!!! so-det=  0.000000000000000E+000
 in global cartezian coordinates:
   -1.000000    0.000000    0.000000
    0.000000   -1.000000    0.000000
    0.000000    0.000000    1.000000
 ____________________________
 in spin coordinates:
   -1.000000    0.000000    0.000000
    0.000000   -1.000000    0.000000
    0.000000    0.000000    1.000000
          35   3.14159262378747        1.00000000000000     
 
 in global cartezian coordinates:
    0.000000    1.000000    0.000000
    1.000000    0.000000    0.000000
    0.000000    0.000000    1.000000
 ____________________________
 in spin coordinates:
    0.000000    1.000000    0.000000
    1.000000    0.000000    0.000000
    0.000000    0.000000    1.000000
          36   4.71238898038469       -1.00000000000000     
 
 in global cartezian coordinates:
    0.000000    0.000000   -1.000000
    0.000000    1.000000    0.000000
   -1.000000    0.000000    0.000000
 ____________________________
 in spin coordinates:
    0.000000    0.000000   -1.000000
    0.000000    1.000000    0.000000
   -1.000000    0.000000    0.000000
          37   1.57079632679490       0.000000000000000E+000
 
 symm. operation           37  removed !!!! so-det=  0.000000000000000E+000
 in global cartezian coordinates:
    0.000000   -1.000000    0.000000
    0.000000    0.000000    1.000000
   -1.000000    0.000000    0.000000
 ____________________________
 in spin coordinates:
    0.000000   -1.000000    0.000000
    0.000000    0.000000    1.000000
   -1.000000    0.000000    0.000000
          38 NaN                      0.000000000000000E+000
 
 symm. operation           38  removed !!!! so-det=  0.000000000000000E+000
 in global cartezian coordinates:
    0.000000    0.000000   -1.000000
   -1.000000    0.000000    0.000000
    0.000000    1.000000    0.000000
 ____________________________
 in spin coordinates:
    0.000000    0.000000   -1.000000
   -1.000000    0.000000    0.000000
    0.000000    1.000000    0.000000
          39   1.57079632679490       0.000000000000000E+000
 
 symm. operation           39  removed !!!! so-det=  0.000000000000000E+000
 in global cartezian coordinates:
    1.000000    0.000000    0.000000
    0.000000    0.000000    1.000000
    0.000000    1.000000    0.000000
 ____________________________
 in spin coordinates:
    1.000000    0.000000    0.000000
    0.000000    0.000000    1.000000
    0.000000    1.000000    0.000000
          40   1.57079632679490       0.000000000000000E+000
 
 symm. operation           40  removed !!!! so-det=  0.000000000000000E+000
 in global cartezian coordinates:
    0.000000   -1.000000    0.000000
   -1.000000    0.000000    0.000000
    0.000000    0.000000    1.000000
 ____________________________
 in spin coordinates:
    0.000000   -1.000000    0.000000
   -1.000000    0.000000    0.000000
    0.000000    0.000000    1.000000
          41   1.57079632679490       -1.00000000000000     
 
 in global cartezian coordinates:
    1.000000    0.000000    0.000000
    0.000000    1.000000    0.000000
    0.000000    0.000000    1.000000
 ____________________________
 in spin coordinates:
    1.000000    0.000000    0.000000
    0.000000    1.000000    0.000000
    0.000000    0.000000    1.000000
          42  2.980232238769531E-008   1.00000000000000     
 
 in global cartezian coordinates:
    0.000000    0.000000   -1.000000
    0.000000    1.000000    0.000000
    1.000000    0.000000    0.000000
 ____________________________
 in spin coordinates:
    0.000000    0.000000   -1.000000
    0.000000    1.000000    0.000000
    1.000000    0.000000    0.000000
          43   1.57079632679490       0.000000000000000E+000
 
 symm. operation           43  removed !!!! so-det=  0.000000000000000E+000
 in global cartezian coordinates:
    0.000000   -1.000000    0.000000
    0.000000    0.000000    1.000000
    1.000000    0.000000    0.000000
 ____________________________
 in spin coordinates:
    0.000000   -1.000000    0.000000
    0.000000    0.000000    1.000000
    1.000000    0.000000    0.000000
          44 NaN                      0.000000000000000E+000
 
 symm. operation           44  removed !!!! so-det=  0.000000000000000E+000
 in global cartezian coordinates:
    0.000000    0.000000   -1.000000
    1.000000    0.000000    0.000000
    0.000000    1.000000    0.000000
 ____________________________
 in spin coordinates:
    0.000000    0.000000   -1.000000
    1.000000    0.000000    0.000000
    0.000000    1.000000    0.000000
          45   1.57079632679490       0.000000000000000E+000
 
 symm. operation           45  removed !!!! so-det=  0.000000000000000E+000
 in global cartezian coordinates:
   -1.000000    0.000000    0.000000
    0.000000    0.000000    1.000000
    0.000000    1.000000    0.000000
 ____________________________
 in spin coordinates:
   -1.000000    0.000000    0.000000
    0.000000    0.000000    1.000000
    0.000000    1.000000    0.000000
          46   1.57079632679490       0.000000000000000E+000
 
 symm. operation           46  removed !!!! so-det=  0.000000000000000E+000
 in global cartezian coordinates:
    0.000000   -1.000000    0.000000
    1.000000    0.000000    0.000000
    0.000000    0.000000    1.000000
 ____________________________
 in spin coordinates:
    0.000000   -1.000000    0.000000
    1.000000    0.000000    0.000000
    0.000000    0.000000    1.000000
          47   1.57079632679490        1.00000000000000     
 
 in global cartezian coordinates:
   -1.000000    0.000000    0.000000
    0.000000    1.000000    0.000000
    0.000000    0.000000    1.000000
 ____________________________
 in spin coordinates:
   -1.000000    0.000000    0.000000
    0.000000    1.000000    0.000000
    0.000000    0.000000    1.000000
          48   3.14159268339212       -1.00000000000000     
 
 Original and SO-compatible symops changed:          48          16
 FNAME=
 epsilon_Pu_6.energyso_1                                                        
                                                                                
                                                     60
 FNAME=
 epsilon_Pu_6.energysodn_1                                                      
                                                                                
                                                     59
 BZ-integration with TETRA-program.   icor=: 1
 Equal occupancy of degenerate states, tol=: 0.1E-05
 call eord...
 call dos...
 ILOOP            1
 ILOOP            2
   FERMI ENERGY AT    1.41110045540096     
 RESULT OF INTEGRATION:      15.999999999331; SHOULD BE:      15.999999999900
   SUM RULE OF TETRAHEDRON INTEGRATION CHECKED 
 call eweigh...
   number of occupied bands:          18
   highest energy:   1.42891254943370     
 FERMI-LDA=   1.411 Ryd,  19.199 eV.
 ABSOLUTE EMIN=   0.970 Ryd.  13.199 eV.
 ABSOLUTE EMAX=   1.852 Ryd.  25.199 eV.


:NLDA  : NUMBER OF ELECTRONS          =  16.000

:FLDA  : F E R M I - ENERGY           =   1.41110
 
 ********** Information about the atomic index arrays ************
 iatom=           1
 isort=           1
 csort=           1
 maxucase=           1
icase, iucase, jatom, latom=     1     1     1     1
 
 *****  Arrays for correlated blocks ******
 norbitals=           1
 maxdim2=          14
iorbital( 1, 1)=   1
cix( 1, 1)=   1
icase,lcase,icix,iorb,nind1,ip1,iSx=    1    1    1    1   14    1    1
icase,lcase,icix,iorb,nind1,ip1,iSx=    1    1    1    1   14    2    2
icase,lcase,icix,iorb,nind1,ip1,iSx=    1    1    1    1   14    3    3
icase,lcase,icix,iorb,nind1,ip1,iSx=    1    1    1    1   14    4    4
icase,lcase,icix,iorb,nind1,ip1,iSx=    1    1    1    1   14    5    5
icase,lcase,icix,iorb,nind1,ip1,iSx=    1    1    1    1   14    6    6
icase,lcase,icix,iorb,nind1,ip1,iSx=    1    1    1    1   14    7    7
icase,lcase,icix,iorb,nind1,ip1,iSx=    1    1    1    1   14    8    8
icase,lcase,icix,iorb,nind1,ip1,iSx=    1    1    1    1   14    9    9
icase,lcase,icix,iorb,nind1,ip1,iSx=    1    1    1    1   14   10   10
icase,lcase,icix,iorb,nind1,ip1,iSx=    1    1    1    1   14   11   11
icase,lcase,icix,iorb,nind1,ip1,iSx=    1    1    1    1   14   12   12
icase,lcase,icix,iorb,nind1,ip1,iSx=    1    1    1    1   14   13   13
icase,lcase,icix,iorb,nind1,ip1,iSx=    1    1    1    1   14   14   14
cixdim( 1)=14
noccur( 1, 1)=   6
noccur( 2, 1)=   8
iSx( 1, 1)=  1
iSx( 2, 1)=  2
iSx( 3, 1)=  3
iSx( 4, 1)=  4
iSx( 5, 1)=  5
iSx( 6, 1)=  6
iSx( 7, 1)=  7
iSx( 8, 1)=  8
iSx( 9, 1)=  9
iSx(10, 1)= 10
iSx(11, 1)= 11
iSx(12, 1)= 12
iSx(13, 1)= 13
iSx(14, 1)= 14
nindo( 1)= 14
CF for iorb1= 1 iorb2= 1
    0.92582010     0.00000000       0.00000000     0.00000000       0.00000000     0.00000000       0.00000000     0.00000000       0.00000000     0.00000000       0.00000000     0.00000000       0.00000000     0.00000000       0.00000000     0.00000000      -0.37796447     0.00000000       0.00000000     0.00000000       0.00000000     0.00000000       0.00000000     0.00000000       0.00000000     0.00000000       0.00000000     0.00000000   
    0.00000000     0.00000000       0.84515425     0.00000000       0.00000000     0.00000000       0.00000000     0.00000000       0.00000000     0.00000000       0.00000000     0.00000000       0.00000000     0.00000000       0.00000000     0.00000000       0.00000000     0.00000000      -0.53452248     0.00000000       0.00000000     0.00000000       0.00000000     0.00000000       0.00000000     0.00000000       0.00000000     0.00000000   
    0.00000000     0.00000000       0.00000000     0.00000000       0.75592895     0.00000000       0.00000000     0.00000000       0.00000000     0.00000000       0.00000000     0.00000000       0.00000000     0.00000000       0.00000000     0.00000000       0.00000000     0.00000000       0.00000000     0.00000000      -0.65465367     0.00000000       0.00000000     0.00000000       0.00000000     0.00000000       0.00000000     0.00000000   
    0.00000000     0.00000000       0.00000000     0.00000000       0.00000000     0.00000000       0.65465367     0.00000000       0.00000000     0.00000000       0.00000000     0.00000000       0.00000000     0.00000000       0.00000000     0.00000000       0.00000000     0.00000000       0.00000000     0.00000000       0.00000000     0.00000000      -0.75592895     0.00000000       0.00000000     0.00000000       0.00000000     0.00000000   
    0.00000000     0.00000000       0.00000000     0.00000000       0.00000000     0.00000000       0.00000000     0.00000000       0.53452248     0.00000000       0.00000000     0.00000000       0.00000000     0.00000000       0.00000000     0.00000000       0.00000000     0.00000000       0.00000000     0.00000000       0.00000000     0.00000000       0.00000000     0.00000000      -0.84515425     0.00000000       0.00000000     0.00000000   
    0.00000000     0.00000000       0.00000000     0.00000000       0.00000000     0.00000000       0.00000000     0.00000000       0.00000000     0.00000000       0.37796447     0.00000000       0.00000000     0.00000000       0.00000000     0.00000000       0.00000000     0.00000000       0.00000000     0.00000000       0.00000000     0.00000000       0.00000000     0.00000000       0.00000000     0.00000000      -0.92582010     0.00000000   
    0.00000000     0.00000000       0.00000000     0.00000000       0.00000000     0.00000000       0.00000000     0.00000000       0.00000000     0.00000000       0.00000000     0.00000000       0.00000000     0.00000000       1.00000000     0.00000000       0.00000000     0.00000000       0.00000000     0.00000000       0.00000000     0.00000000       0.00000000     0.00000000       0.00000000     0.00000000       0.00000000     0.00000000   
    0.37796447     0.00000000       0.00000000     0.00000000       0.00000000     0.00000000       0.00000000     0.00000000       0.00000000     0.00000000       0.00000000     0.00000000       0.00000000     0.00000000       0.00000000     0.00000000       0.92582010     0.00000000       0.00000000     0.00000000       0.00000000     0.00000000       0.00000000     0.00000000       0.00000000     0.00000000       0.00000000     0.00000000   
    0.00000000     0.00000000       0.53452248     0.00000000       0.00000000     0.00000000       0.00000000     0.00000000       0.00000000     0.00000000       0.00000000     0.00000000       0.00000000     0.00000000       0.00000000     0.00000000       0.00000000     0.00000000       0.84515425     0.00000000       0.00000000     0.00000000       0.00000000     0.00000000       0.00000000     0.00000000       0.00000000     0.00000000   
    0.00000000     0.00000000       0.00000000     0.00000000       0.65465367     0.00000000       0.00000000     0.00000000       0.00000000     0.00000000       0.00000000     0.00000000       0.00000000     0.00000000       0.00000000     0.00000000       0.00000000     0.00000000       0.00000000     0.00000000       0.75592895     0.00000000       0.00000000     0.00000000       0.00000000     0.00000000       0.00000000     0.00000000   
    0.00000000     0.00000000       0.00000000     0.00000000       0.00000000     0.00000000       0.75592895     0.00000000       0.00000000     0.00000000       0.00000000     0.00000000       0.00000000     0.00000000       0.00000000     0.00000000       0.00000000     0.00000000       0.00000000     0.00000000       0.00000000     0.00000000       0.65465367     0.00000000       0.00000000     0.00000000       0.00000000     0.00000000   
    0.00000000     0.00000000       0.00000000     0.00000000       0.00000000     0.00000000       0.00000000     0.00000000       0.84515425     0.00000000       0.00000000     0.00000000       0.00000000     0.00000000       0.00000000     0.00000000       0.00000000     0.00000000       0.00000000     0.00000000       0.00000000     0.00000000       0.00000000     0.00000000       0.53452248     0.00000000       0.00000000     0.00000000   
    0.00000000     0.00000000       0.00000000     0.00000000       0.00000000     0.00000000       0.00000000     0.00000000       0.00000000     0.00000000       0.92582010     0.00000000       0.00000000     0.00000000       0.00000000     0.00000000       0.00000000     0.00000000       0.00000000     0.00000000       0.00000000     0.00000000       0.00000000     0.00000000       0.00000000     0.00000000       0.37796447     0.00000000   
    0.00000000     0.00000000       0.00000000     0.00000000       0.00000000     0.00000000       0.00000000     0.00000000       0.00000000     0.00000000       0.00000000     0.00000000       1.00000000     0.00000000       0.00000000     0.00000000       0.00000000     0.00000000       0.00000000     0.00000000       0.00000000     0.00000000       0.00000000     0.00000000       0.00000000     0.00000000       0.00000000     0.00000000   
Rspin for iorb=  1
 angles=  0.000000000000000E+000   3.14159265358979       0.000000000000000E+000
  0.000000000000000E+000  0.000000000000000E+000  0.000000000000000E+000
 Rspin=
    0.000000    0.000000      0.000000    1.000000
    0.000000    1.000000      0.000000    0.000000
 Calculation for atom  1 which has iucase=  1
 ATPAR for spin up

          ATOMIC PARAMETERS FOR Pu  0+    

           ENERGY PARAMETERS ARE   1.18  -1.09   1.18   1.18

           L     U(R)          U'(R)         DU/DE        DU'/DE      NORM-U'
           0  0.551692E+00  0.813620E+00  0.112364E+00 -0.226412E+00
           1  0.537144E+00 -0.519584E-03 -0.144273E+00 -0.402624E+00
           2 -0.618153E+00  0.232003E-01  0.984794E-01  0.346317E+00
           3 -0.315467E+00  0.127282E+00  0.365271E+00  0.538577E+00
LO COEFFICIENT: l,A,B,C   0          0.65343    -3.20824     0.00000     0.00000
 
LO COEFFICIENT: l,A,B,C   0          0.32130     0.00000     0.78028     0.00000
 
LO COEFFICIENT: l,A,B,C   1          0.87944     3.27425     0.00000     0.00000
 
LO COEFFICIENT: l,A,B,C   1          0.27090     0.00000    -1.24049     0.00000
 
LO COEFFICIENT: l,A,B,C   2          0.85282     5.35315     0.00000     0.00000
 
LO COEFFICIENT: l,A,B,C   3          0.94073     0.81246     0.00000     0.00000
 
 ATPAR for spin down

          ATOMIC PARAMETERS FOR Pu  0+    

           ENERGY PARAMETERS ARE   1.18  -1.09   1.18   1.18

           L     U(R)          U'(R)         DU/DE        DU'/DE      NORM-U'
           0  0.551692E+00  0.813620E+00  0.112364E+00 -0.226412E+00
           1  0.537144E+00 -0.519584E-03 -0.144273E+00 -0.402624E+00
           2 -0.618153E+00  0.232003E-01  0.984794E-01  0.346317E+00
           3 -0.315467E+00  0.127282E+00  0.365271E+00  0.538577E+00
LO COEFFICIENT: l,A,B,C   0          0.65343    -3.20824     0.00000     0.00000
 
LO COEFFICIENT: l,A,B,C   0          0.32130     0.00000     0.78028     0.00000
 
LO COEFFICIENT: l,A,B,C   1          0.87944     3.27425     0.00000     0.00000
 
LO COEFFICIENT: l,A,B,C   1          0.27090     0.00000    -1.24049     0.00000
 
LO COEFFICIENT: l,A,B,C   2          0.85282     5.35315     0.00000     0.00000
 
LO COEFFICIENT: l,A,B,C   3          0.94073     0.81246     0.00000     0.00000
 
 L1=           0  L2=           0
 RADIAL INTEGRALS:
           1           1                 1           1  0.999999999999999     
           1           3                 1           1  0.574238550358315     
           1           1                 1           2  0.999999999999999     
           1           3                 1           2  0.574238550358315     
           1           1                 2           1  0.999999999999999     
           1           3                 2           1  0.574238550358315     
           1           1                 2           2  0.999999999999999     
           1           3                 2           2  0.574238550358315     
           2           2                 1           1  5.567288728135247E-002
           2           3                 1           1 -0.190898782494623     
           2           2                 1           2  5.567288728135247E-002
           2           3                 1           2 -0.190898782494623     
           2           2                 2           1  5.567288728135247E-002
           2           3                 2           1 -0.190898782494623     
           2           2                 2           2  5.567288728135247E-002
           2           3                 2           2 -0.190898782494623     
           3           1                 1           1  0.574238550358315     
           3           2                 1           1 -0.190898782494623     
           3           3                 1           1   1.00000000000000     
           3           1                 1           2  0.574238550358315     
           3           2                 1           2 -0.190898782494623     
           3           3                 1           2   1.00000000000000     
           3           1                 2           1  0.574238550358315     
           3           2                 2           1 -0.190898782494623     
           3           3                 2           1   1.00000000000000     
           3           1                 2           2  0.574238550358315     
           3           2                 2           2 -0.190898782494623     
           3           3                 2           2   1.00000000000000     
 L1=           1  L2=           1
 RADIAL INTEGRALS:
           1           1                 1           1   1.00000000000000     
           1           3                 1           1  0.910884996991541     
           1           1                 1           2   1.00000000000000     
           1           3                 1           2  0.910884996991541     
           1           1                 2           1   1.00000000000000     
           1           3                 2           1  0.910884996991541     
           1           1                 2           2   1.00000000000000     
           1           3                 2           2  0.910884996991541     
           2           2                 1           1  2.113535344262152E-002
           2           3                 1           1  5.982768878356486E-002
           2           2                 1           2  2.113535344262152E-002
           2           3                 1           2  5.982768878356486E-002
           2           2                 2           1  2.113535344262152E-002
           2           3                 2           1  5.982768878356486E-002
           2           2                 2           2  2.113535344262152E-002
           2           3                 2           2  5.982768878356486E-002
           3           1                 1           1  0.910884996991541     
           3           2                 1           1  5.982768878356486E-002
           3           3                 1           1   1.00000000000000     
           3           1                 1           2  0.910884996991541     
           3           2                 1           2  5.982768878356486E-002
           3           3                 1           2   1.00000000000000     
           3           1                 2           1  0.910884996991541     
           3           2                 2           1  5.982768878356486E-002
           3           3                 2           1   1.00000000000000     
           3           1                 2           2  0.910884996991541     
           3           2                 2           2  5.982768878356486E-002
           3           3                 2           2   1.00000000000000     
 L1=           2  L2=           2
 RADIAL INTEGRALS:
           1           1                 1           1   1.00000000000000     
           1           1                 1           2   1.00000000000000     
           1           1                 2           1   1.00000000000000     
           1           1                 2           2   1.00000000000000     
           2           2                 1           1  9.516126009150855E-003
           2           2                 1           2  9.516126009150855E-003
           2           2                 2           1  9.516126009150855E-003
           2           2                 2           2  9.516126009150855E-003
 L1=           3  L2=           3
 RADIAL INTEGRALS:
           1           1                 1           1   1.00000000000000     
           1           1                 1           2   1.00000000000000     
           1           1                 2           1   1.00000000000000     
           1           1                 2           2   1.00000000000000     
           2           2                 1           1  0.174264627009571     
           2           2                 1           2  0.174264627009571     
           2           2                 2           1  0.174264627009571     
           2           2                 2           2  0.174264627009571     
Saving potential parameters for atom 1 into  1
pr_proc=143  tot-k=286
 ------------------------------------------------------------------------------


   =====>>> CPU TIME SUMMARY

            TOTAL       :      1.0
 OMP_NUM_THREADS= 2
 GUTZ_SOLVER VO.1.5 BUILT ON Jan 19 2014 AT22:25:59
 NT=  1 SEC_N%DIM=   10 WITH ID:
           1       2      16     107     471    1472    3474    6477    9909   12912
       14914
 MEAN U/J:  0.2940  0.0265
 NEL_FIX_VDC1=      5.20
 ATOM DEPENDENT NELF1:
      5.2036
 DCMIX_A=  0.200000
 SYMMETRICALLY NON-EQUIVALENT ATOMS:
          1
 VARIATIONAL-SETUP-NON-EQUIVALENT ATOMS:
          1
 COMPLEMENTARY VARIATIONAL-SETUP-EQUIVALENT ATOMS:

 GYZ%SYM%IDSUM:
  1
 DIM(X_Gutz)=  4
 CALC SET: GAPJ-SHFT FULL       -JH-PROJ SLATER    VAR-FIXDC    Ryd.   
 NT= 1
 LOCAL INTERACTION PART   :
 U              :   0.2940
 J              :   0.0265
 FOCK SPACE PART:
 NA             :  7
 FS%OCC(1) L.B. :  0
 FS%OCC(2) U.B. :  9
 FS%DIM         :     14913
 HL%OCC(1) L.B. :  0
 HL%OCC(2) U.B. :  9
 ISO= 2 ISPIN_IN= 1 ISPIN= 1 ISPO= 2
 BND%NMAX=  62
 BZ INTEGRATION WITH TETRA METHOD, ICOR= 1
 EQUAL OCCUPANCY OF DEGENERATE STATES, TOL= 0.1E-05
 VALENCE ELECTRONS: TOTAL=    16.0
                    CORRELATED PART=     8.0
 SYM%IDI/IDF=  1 16
 BND%NMAXIN=   24
      GUTZ5_INI_CORR_UVEK takes  0 hours  0 minutes and    0.04 seconds (CPU).
                          takes  0 hours  0 minutes and    0.04 seconds (WALL).
                 SETUP_TB takes  0 hours  0 minutes and    1.12 seconds (CPU).
                          takes  0 hours  0 minutes and    0.56 seconds (WALL).
************  EL-  ************
 NI=  1 NI_GLOBAL=  1
   1.4138   1.4168   1.4099   1.4099   1.4168   1.4138   1.4933   1.4979   1.4956   1.4859   1.4859   1.4956   1.4979   1.4933
************  EL=  ************
 NI=  1 NI_GLOBAL=  1
   1.4138   0.0000   0.0000   0.0000   0.0022   0.0000   0.0000  -0.0016   0.0000   0.0000   0.0000  -0.0016   0.0000   0.0000
   0.0000   1.4168   0.0000   0.0000   0.0000   0.0022   0.0000   0.0000   0.0005   0.0000   0.0000   0.0000   0.0057   0.0000
   0.0000   0.0000   1.4099   0.0000   0.0000   0.0000   0.0000   0.0000   0.0000   0.0069   0.0000   0.0000   0.0000   0.0003
   0.0000   0.0000   0.0000   1.4099   0.0000   0.0000  -0.0003   0.0000   0.0000   0.0000  -0.0069   0.0000   0.0000   0.0000
   0.0022   0.0000   0.0000   0.0000   1.4168   0.0000   0.0000  -0.0057   0.0000   0.0000   0.0000  -0.0005   0.0000   0.0000
   0.0000   0.0022   0.0000   0.0000   0.0000   1.4138   0.0000   0.0000   0.0016   0.0000   0.0000   0.0000   0.0016   0.0000
   0.0000   0.0000   0.0000  -0.0003   0.0000   0.0000   1.4933   0.0000   0.0000   0.0000   0.0002   0.0000   0.0000   0.0000
  -0.0016   0.0000   0.0000   0.0000  -0.0057   0.0000   0.0000   1.4979   0.0000   0.0000   0.0000   0.0044   0.0000   0.0000
   0.0000   0.0005   0.0000   0.0000   0.0000   0.0016   0.0000   0.0000   1.4956   0.0000   0.0000   0.0000   0.0044   0.0000
   0.0000   0.0000   0.0069   0.0000   0.0000   0.0000   0.0000   0.0000   0.0000   1.4859   0.0000   0.0000   0.0000   0.0002
   0.0000   0.0000   0.0000  -0.0069   0.0000   0.0000   0.0002   0.0000   0.0000   0.0000   1.4859   0.0000   0.0000   0.0000
  -0.0016   0.0000   0.0000   0.0000  -0.0005   0.0000   0.0000   0.0044   0.0000   0.0000   0.0000   1.4956   0.0000   0.0000
   0.0000   0.0057   0.0000   0.0000   0.0000   0.0016   0.0000   0.0000   0.0044   0.0000   0.0000   0.0000   1.4979   0.0000
   0.0000   0.0000   0.0003   0.0000   0.0000   0.0000   0.0000   0.0000   0.0000   0.0002   0.0000   0.0000   0.0000   1.4933
 NI=  1 LOCAL ORBITAL LEVEL CENTER(ELC)=   1.459
************  EL0  ************
 NI=  1 NI_GLOBAL=  1
   1.4135   1.4135   1.4135   1.4135   1.4135   1.4135   1.4932   1.4932   1.4932   1.4932   1.4932   1.4932   1.4932   1.4932
************  ELL  ************
 NI=  1 NI_GLOBAL=  1
   1.4135   0.0000   0.0000   0.0000   0.0000   0.0000   0.0000   0.0000   0.0000   0.0000   0.0000   0.0000   0.0000   0.0000
   0.0000   1.4135   0.0000   0.0000   0.0000   0.0000   0.0000   0.0000   0.0000   0.0000   0.0000   0.0000   0.0000   0.0000
   0.0000   0.0000   1.4135   0.0000   0.0000   0.0000   0.0000   0.0000   0.0000   0.0000   0.0000   0.0000   0.0000   0.0000
   0.0000   0.0000   0.0000   1.4135   0.0000   0.0000   0.0000   0.0000   0.0000   0.0000   0.0000   0.0000   0.0000   0.0000
   0.0000   0.0000   0.0000   0.0000   1.4135   0.0000   0.0000   0.0000   0.0000   0.0000   0.0000   0.0000   0.0000   0.0000
   0.0000   0.0000   0.0000   0.0000   0.0000   1.4135   0.0000   0.0000   0.0000   0.0000   0.0000   0.0000   0.0000   0.0000
   0.0000   0.0000   0.0000   0.0000   0.0000   0.0000   1.4932   0.0000   0.0000   0.0000   0.0000   0.0000   0.0000   0.0000
   0.0000   0.0000   0.0000   0.0000   0.0000   0.0000   0.0000   1.4932   0.0000   0.0000   0.0000   0.0000   0.0000   0.0000
   0.0000   0.0000   0.0000   0.0000   0.0000   0.0000   0.0000   0.0000   1.4932   0.0000   0.0000   0.0000   0.0000   0.0000
   0.0000   0.0000   0.0000   0.0000   0.0000   0.0000   0.0000   0.0000   0.0000   1.4932   0.0000   0.0000   0.0000   0.0000
   0.0000   0.0000   0.0000   0.0000   0.0000   0.0000   0.0000   0.0000   0.0000   0.0000   1.4932   0.0000   0.0000   0.0000
   0.0000   0.0000   0.0000   0.0000   0.0000   0.0000   0.0000   0.0000   0.0000   0.0000   0.0000   1.4932   0.0000   0.0000
   0.0000   0.0000   0.0000   0.0000   0.0000   0.0000   0.0000   0.0000   0.0000   0.0000   0.0000   0.0000   1.4932   0.0000
   0.0000   0.0000   0.0000   0.0000   0.0000   0.0000   0.0000   0.0000   0.0000   0.0000   0.0000   0.0000   0.0000   1.4932
                  GET_EL0 takes  0 hours  0 minutes and    0.01 seconds (CPU).
                          takes  0 hours  0 minutes and    0.00 seconds (WALL).
 There are  4 blocks of bands, with band energy windows:
  -2.017  -1.945 |   -0.474  -0.330 |    0.050   0.369 |    1.032   4.498 | 
 Band window indices:
         1      2 |          3      4 |          5      8 |          9     63 | 
 Band width
       0.072   |         0.145   |         0.318   |         3.466   |  
 Band gap
       1.471   |         0.380   |         0.664   |  
 CORRELATED BLOCK: EMIN/EMIX=    1.0322    1.8519
 CORRELATED BAND WIDTH=   0.820
         GUTZ_RED_PRJ_NEQ takes  0 hours  1 minutes and    0.36 seconds (CPU).
                          takes  0 hours  1 minutes and    0.33 seconds (WALL).
 NI=  1 DIM_PHIK=   41227 HL%DIM=  14913
       ID_PHIK_N=
      1      2      4     33    264   1639   6153  15546  27321  36714
  41228
       ID_PHIK_J=
      1      2      3      4      8      9     18     19     28     29
     33     37     73    122    171    220    245    254    263    264
    300    349    638    807   1168   1364   1533   1582   1631   1635
   1639   1739   2180   2964   3864   4705   5381   5781   6037   6118
   6143   6152   6153   6349   6710   8079   9448  11564  12933  14377
  14953  15353  15474  15538  15542  15546  15835  16796  18560  21060
  23176  24940  26165  26841  27165  27286  27311  27320  27321  27517
  27878  29247  30616  32732  34101  35545  36121  36521  36642  36706
  36710  36714  36814  37255  38039  38939  39780  40456  40856  41112
  41193  41218  41227  41228
          GUTZ_SET_PRJ_EQ takes  0 hours  0 minutes and    0.00 seconds (CPU).
                          takes  0 hours  0 minutes and    0.00 seconds (WALL).
************   WH%X  ************
    0.90289229    0.91636594
    1.37609921    1.52301977
************  RIN  ************
 NI=  1 NI_GLOBAL=  1
   0.9029   0.9029   0.9029   0.9029   0.9029   0.9029   0.9164   0.9164   0.9164   0.9164   0.9164   0.9164   0.9164   0.9164
************  LA1  ************
 NI=  1 NI_GLOBAL=  1
   1.3761   1.3761   1.3761   1.3761   1.3761   1.3761   1.5230   1.5230   1.5230   1.5230   1.5230   1.5230   1.5230   1.5230
             CALC_BAND_AL takes  0 hours  0 minutes and    0.48 seconds (CPU).
                          takes  0 hours  0 minutes and    0.24 seconds (WALL).
 ILOOP            1
 ILOOP            2
   FERMI ENERGY AT    1.38978169698941     
   SUM RULE OF TETRAHEDRON INTEGRATION CHECKED 
   number of occupied bands:          18
   highest energy:   1.44662716712414     
************  NK-  ************
 NI=  1 NI_GLOBAL=  1
   0.7843   0.7305   0.7873   0.7873   0.7305   0.7843   0.0648   0.1020   0.0697   0.0635   0.0635   0.0697   0.1020   0.0648
************  NNK  ************
 NI=  1 NI_GLOBAL=  1
   0.7843   0.0000   0.0000   0.0000  -0.0421   0.0000   0.0000  -0.0261   0.0000   0.0000   0.0000  -0.0007   0.0000   0.0000
   0.0000   0.7305   0.0000   0.0000   0.0000  -0.0421   0.0000   0.0000   0.0284   0.0000   0.0000   0.0000  -0.0154   0.0000
   0.0000   0.0000   0.7873   0.0000   0.0000   0.0000   0.0000   0.0000   0.0000  -0.0221   0.0000   0.0000   0.0000  -0.0258
   0.0000   0.0000   0.0000   0.7873   0.0000   0.0000   0.0258   0.0000   0.0000   0.0000   0.0221   0.0000   0.0000   0.0000
  -0.0421   0.0000   0.0000   0.0000   0.7305   0.0000   0.0000   0.0154   0.0000   0.0000   0.0000  -0.0284   0.0000   0.0000
   0.0000  -0.0421   0.0000   0.0000   0.0000   0.7843   0.0000   0.0000   0.0007   0.0000   0.0000   0.0000   0.0261   0.0000
   0.0000   0.0000   0.0000   0.0258   0.0000   0.0000   0.0648   0.0000   0.0000   0.0000   0.0004   0.0000   0.0000   0.0000
  -0.0261   0.0000   0.0000   0.0000   0.0154   0.0000   0.0000   0.1020   0.0000   0.0000   0.0000   0.0008   0.0000   0.0000
   0.0000   0.0284   0.0000   0.0000   0.0000   0.0007   0.0000   0.0000   0.0697   0.0000   0.0000   0.0000   0.0008   0.0000
   0.0000   0.0000  -0.0221   0.0000   0.0000   0.0000   0.0000   0.0000   0.0000   0.0635   0.0000   0.0000   0.0000   0.0004
   0.0000   0.0000   0.0000   0.0221   0.0000   0.0000   0.0004   0.0000   0.0000   0.0000   0.0635   0.0000   0.0000   0.0000
  -0.0007   0.0000   0.0000   0.0000  -0.0284   0.0000   0.0000   0.0008   0.0000   0.0000   0.0000   0.0697   0.0000   0.0000
   0.0000  -0.0154   0.0000   0.0000   0.0000   0.0261   0.0000   0.0000   0.0008   0.0000   0.0000   0.0000   0.1020   0.0000
   0.0000   0.0000  -0.0258   0.0000   0.0000   0.0000   0.0000   0.0000   0.0000   0.0004   0.0000   0.0000   0.0000   0.0648
************  NKS  ************
 NI=  1 NI_GLOBAL=  1
   0.7674   0.7674   0.7674   0.7674   0.7674   0.7674   0.0750   0.0750   0.0750   0.0750   0.0750   0.0750   0.0750   0.0750
 NELE_LOC TOTAL:
           5.2044948930535710
              CALC_DA_BND takes  0 hours  0 minutes and    0.08 seconds (CPU).
                          takes  0 hours  0 minutes and    0.08 seconds (WALL).
************  DA-  ************
 NI=  1 NI_GLOBAL=  1
  -0.0268  -0.0273  -0.0245  -0.0245  -0.0273  -0.0268  -0.0133  -0.0209  -0.0143  -0.0132  -0.0132  -0.0143  -0.0209  -0.0133
************  DAA  ************
 NI=  1 NI_GLOBAL=  1
  -0.0262  -0.0262  -0.0262  -0.0262  -0.0262  -0.0262  -0.0154  -0.0154  -0.0154  -0.0154  -0.0154  -0.0154  -0.0154  -0.0154
 NI=  1 VDC=    1.3272
************  LA2  ************
 NI=  1 NI_GLOBAL=  1
  -2.7743  -2.7743  -2.7743  -2.7743  -2.7743  -2.7743  -2.6770  -2.6770  -2.6770  -2.6770  -2.6770  -2.6770  -2.6770  -2.6770
 NI=  1 PHI-step gap=  0.14E+00
************  RAA  ************
 NI=  1 NI_GLOBAL=  1
   0.9029   0.9029   0.9029   0.9029   0.9029   0.9029   0.9164   0.9164   0.9164   0.9164   0.9164   0.9164   0.9164   0.9164
************  NC0  ************
 NI=  1 NI_GLOBAL=  1
   0.7674   0.7674   0.7674   0.7674   0.7674   0.7674   0.0750   0.0750   0.0750   0.0750   0.0750   0.0750   0.0750   0.0750
                  CALC_LC takes  0 hours  5 minutes and    9.06 seconds (CPU).
                          takes  0 hours  5 minutes and    9.08 seconds (WALL).
                GUTZ_FCN1 takes  0 hours  5 minutes and    9.87 seconds (CPU).
                          takes  0 hours  5 minutes and    9.58 seconds (WALL).
************  DIF_X  ************
   -0.000038534574    0.000027504419
    0.000032855988    0.000005029485
 ITER1=  1 MAXERR=    0.00003853
************   WH%X  ************
    0.90290566    0.91637032
    1.37607725    1.52301078
************  RIN  ************
 NI=  1 NI_GLOBAL=  1
   0.9029   0.9029   0.9029   0.9029   0.9029   0.9029   0.9164   0.9164   0.9164   0.9164   0.9164   0.9164   0.9164   0.9164
************  LA1  ************
 NI=  1 NI_GLOBAL=  1
   1.3761   1.3761   1.3761   1.3761   1.3761   1.3761   1.5230   1.5230   1.5230   1.5230   1.5230   1.5230   1.5230   1.5230
             CALC_BAND_AL takes  0 hours  0 minutes and    0.48 seconds (CPU).
                          takes  0 hours  0 minutes and    0.24 seconds (WALL).
 ILOOP            1
 ILOOP            2
   FERMI ENERGY AT    1.38976686755905     
   SUM RULE OF TETRAHEDRON INTEGRATION CHECKED 
   number of occupied bands:          18
   highest energy:   1.44662196437816     
************  NK-  ************
 NI=  1 NI_GLOBAL=  1
   0.7844   0.7306   0.7874   0.7874   0.7306   0.7844   0.0648   0.1020   0.0697   0.0635   0.0635   0.0697   0.1020   0.0648
************  NNK  ************
 NI=  1 NI_GLOBAL=  1
   0.7844   0.0000   0.0000   0.0000  -0.0420   0.0000   0.0000  -0.0261   0.0000   0.0000   0.0000  -0.0007   0.0000   0.0000
   0.0000   0.7306   0.0000   0.0000   0.0000  -0.0420   0.0000   0.0000   0.0284   0.0000   0.0000   0.0000  -0.0154   0.0000
   0.0000   0.0000   0.7874   0.0000   0.0000   0.0000   0.0000   0.0000   0.0000  -0.0221   0.0000   0.0000   0.0000  -0.0258
   0.0000   0.0000   0.0000   0.7874   0.0000   0.0000   0.0258   0.0000   0.0000   0.0000   0.0221   0.0000   0.0000   0.0000
  -0.0420   0.0000   0.0000   0.0000   0.7306   0.0000   0.0000   0.0154   0.0000   0.0000   0.0000  -0.0284   0.0000   0.0000
   0.0000  -0.0420   0.0000   0.0000   0.0000   0.7844   0.0000   0.0000   0.0007   0.0000   0.0000   0.0000   0.0261   0.0000
   0.0000   0.0000   0.0000   0.0258   0.0000   0.0000   0.0648   0.0000   0.0000   0.0000   0.0004   0.0000   0.0000   0.0000
  -0.0261   0.0000   0.0000   0.0000   0.0154   0.0000   0.0000   0.1020   0.0000   0.0000   0.0000   0.0008   0.0000   0.0000
   0.0000   0.0284   0.0000   0.0000   0.0000   0.0007   0.0000   0.0000   0.0697   0.0000   0.0000   0.0000   0.0008   0.0000
   0.0000   0.0000  -0.0221   0.0000   0.0000   0.0000   0.0000   0.0000   0.0000   0.0635   0.0000   0.0000   0.0000   0.0004
   0.0000   0.0000   0.0000   0.0221   0.0000   0.0000   0.0004   0.0000   0.0000   0.0000   0.0635   0.0000   0.0000   0.0000
  -0.0007   0.0000   0.0000   0.0000  -0.0284   0.0000   0.0000   0.0008   0.0000   0.0000   0.0000   0.0697   0.0000   0.0000
   0.0000  -0.0154   0.0000   0.0000   0.0000   0.0261   0.0000   0.0000   0.0008   0.0000   0.0000   0.0000   0.1020   0.0000
   0.0000   0.0000  -0.0258   0.0000   0.0000   0.0000   0.0000   0.0000   0.0000   0.0004   0.0000   0.0000   0.0000   0.0648
************  NKS  ************
 NI=  1 NI_GLOBAL=  1
   0.7675   0.7675   0.7675   0.7675   0.7675   0.7675   0.0750   0.0750   0.0750   0.0750   0.0750   0.0750   0.0750   0.0750
 NELE_LOC TOTAL:
           5.2047115156288388
              CALC_DA_BND takes  0 hours  0 minutes and    0.07 seconds (CPU).
                          takes  0 hours  0 minutes and    0.08 seconds (WALL).
************  DA-  ************
 NI=  1 NI_GLOBAL=  1
  -0.0268  -0.0273  -0.0245  -0.0245  -0.0273  -0.0268  -0.0133  -0.0209  -0.0143  -0.0132  -0.0132  -0.0143  -0.0209  -0.0133
************  DAA  ************
 NI=  1 NI_GLOBAL=  1
  -0.0262  -0.0262  -0.0262  -0.0262  -0.0262  -0.0262  -0.0154  -0.0154  -0.0154  -0.0154  -0.0154  -0.0154  -0.0154  -0.0154
 NI=  1 VDC=    1.3272
************  LA2  ************
 NI=  1 NI_GLOBAL=  1
  -2.7743  -2.7743  -2.7743  -2.7743  -2.7743  -2.7743  -2.6769  -2.6769  -2.6769  -2.6769  -2.6769  -2.6769  -2.6769  -2.6769
 NI=  1 PHI-step gap=  0.14E+00
************  RAA  ************
 NI=  1 NI_GLOBAL=  1
   0.9029   0.9029   0.9029   0.9029   0.9029   0.9029   0.9164   0.9164   0.9164   0.9164   0.9164   0.9164   0.9164   0.9164
************  NC0  ************
 NI=  1 NI_GLOBAL=  1
   0.7675   0.7675   0.7675   0.7675   0.7675   0.7675   0.0750   0.0750   0.0750   0.0750   0.0750   0.0750   0.0750   0.0750
                  CALC_LC takes  0 hours  5 minutes and    9.51 seconds (CPU).
                          takes  0 hours  5 minutes and    9.43 seconds (WALL).
                GUTZ_FCN1 takes  0 hours  5 minutes and   10.42 seconds (CPU).
                          takes  0 hours  5 minutes and    9.93 seconds (WALL).
************  DIF_X  ************
   -0.000001874151    0.000000563331
   -0.000000154508    0.000000228217
 ITER1=  2 MAXERR=    0.00000187
************   WH%X  ************
    0.90290348    0.91636937
    1.37607733    1.52300999
************  RIN  ************
 NI=  1 NI_GLOBAL=  1
   0.9029   0.9029   0.9029   0.9029   0.9029   0.9029   0.9164   0.9164   0.9164   0.9164   0.9164   0.9164   0.9164   0.9164
************  LA1  ************
 NI=  1 NI_GLOBAL=  1
   1.3761   1.3761   1.3761   1.3761   1.3761   1.3761   1.5230   1.5230   1.5230   1.5230   1.5230   1.5230   1.5230   1.5230
             CALC_BAND_AL takes  0 hours  0 minutes and    0.48 seconds (CPU).
                          takes  0 hours  0 minutes and    0.24 seconds (WALL).
 ILOOP            1
 ILOOP            2
   FERMI ENERGY AT    1.38976684178461     
   SUM RULE OF TETRAHEDRON INTEGRATION CHECKED 
   number of occupied bands:          18
   highest energy:   1.44662184495346     
************  NK-  ************
 NI=  1 NI_GLOBAL=  1
   0.7844   0.7306   0.7874   0.7874   0.7306   0.7844   0.0648   0.1020   0.0697   0.0635   0.0635   0.0697   0.1020   0.0648
************  NNK  ************
 NI=  1 NI_GLOBAL=  1
   0.7844   0.0000   0.0000   0.0000  -0.0420   0.0000   0.0000  -0.0261   0.0000   0.0000   0.0000  -0.0007   0.0000   0.0000
   0.0000   0.7306   0.0000   0.0000   0.0000  -0.0420   0.0000   0.0000   0.0284   0.0000   0.0000   0.0000  -0.0154   0.0000
   0.0000   0.0000   0.7874   0.0000   0.0000   0.0000   0.0000   0.0000   0.0000  -0.0221   0.0000   0.0000   0.0000  -0.0258
   0.0000   0.0000   0.0000   0.7874   0.0000   0.0000   0.0258   0.0000   0.0000   0.0000   0.0221   0.0000   0.0000   0.0000
  -0.0420   0.0000   0.0000   0.0000   0.7306   0.0000   0.0000   0.0154   0.0000   0.0000   0.0000  -0.0284   0.0000   0.0000
   0.0000  -0.0420   0.0000   0.0000   0.0000   0.7844   0.0000   0.0000   0.0007   0.0000   0.0000   0.0000   0.0261   0.0000
   0.0000   0.0000   0.0000   0.0258   0.0000   0.0000   0.0648   0.0000   0.0000   0.0000   0.0004   0.0000   0.0000   0.0000
  -0.0261   0.0000   0.0000   0.0000   0.0154   0.0000   0.0000   0.1020   0.0000   0.0000   0.0000   0.0008   0.0000   0.0000
   0.0000   0.0284   0.0000   0.0000   0.0000   0.0007   0.0000   0.0000   0.0697   0.0000   0.0000   0.0000   0.0008   0.0000
   0.0000   0.0000  -0.0221   0.0000   0.0000   0.0000   0.0000   0.0000   0.0000   0.0635   0.0000   0.0000   0.0000   0.0004
   0.0000   0.0000   0.0000   0.0221   0.0000   0.0000   0.0004   0.0000   0.0000   0.0000   0.0635   0.0000   0.0000   0.0000
  -0.0007   0.0000   0.0000   0.0000  -0.0284   0.0000   0.0000   0.0008   0.0000   0.0000   0.0000   0.0697   0.0000   0.0000
   0.0000  -0.0154   0.0000   0.0000   0.0000   0.0261   0.0000   0.0000   0.0008   0.0000   0.0000   0.0000   0.1020   0.0000
   0.0000   0.0000  -0.0258   0.0000   0.0000   0.0000   0.0000   0.0000   0.0000   0.0004   0.0000   0.0000   0.0000   0.0648
************  NKS  ************
 NI=  1 NI_GLOBAL=  1
   0.7675   0.7675   0.7675   0.7675   0.7675   0.7675   0.0750   0.0750   0.0750   0.0750   0.0750   0.0750   0.0750   0.0750
 NELE_LOC TOTAL:
           5.2047116585927125
              CALC_DA_BND takes  0 hours  0 minutes and    0.08 seconds (CPU).
                          takes  0 hours  0 minutes and    0.08 seconds (WALL).
************  DA-  ************
 NI=  1 NI_GLOBAL=  1
  -0.0268  -0.0273  -0.0245  -0.0245  -0.0273  -0.0268  -0.0133  -0.0209  -0.0143  -0.0132  -0.0132  -0.0143  -0.0209  -0.0133
************  DAA  ************
 NI=  1 NI_GLOBAL=  1
  -0.0262  -0.0262  -0.0262  -0.0262  -0.0262  -0.0262  -0.0154  -0.0154  -0.0154  -0.0154  -0.0154  -0.0154  -0.0154  -0.0154
 NI=  1 VDC=    1.3272
************  LA2  ************
 NI=  1 NI_GLOBAL=  1
  -2.7743  -2.7743  -2.7743  -2.7743  -2.7743  -2.7743  -2.6769  -2.6769  -2.6769  -2.6769  -2.6769  -2.6769  -2.6769  -2.6769
 NI=  1 PHI-step gap=  0.14E+00
************  RAA  ************
 NI=  1 NI_GLOBAL=  1
   0.9029   0.9029   0.9029   0.9029   0.9029   0.9029   0.9164   0.9164   0.9164   0.9164   0.9164   0.9164   0.9164   0.9164
************  NC0  ************
 NI=  1 NI_GLOBAL=  1
   0.7675   0.7675   0.7675   0.7675   0.7675   0.7675   0.0750   0.0750   0.0750   0.0750   0.0750   0.0750   0.0750   0.0750
                  CALC_LC takes  0 hours  6 minutes and   35.83 seconds (CPU).
                          takes  0 hours  6 minutes and   35.79 seconds (WALL).
                GUTZ_FCN1 takes  0 hours  6 minutes and   36.71 seconds (CPU).
                          takes  0 hours  6 minutes and   36.29 seconds (WALL).
************  DIF_X  ************
   -0.000000077700    0.000000042015
    0.000000012421   -0.000000008295
 ITER1=  3 MAXERR=    0.00000008
************   WH%X  ************
    0.90290342    0.91636946
    1.37607733    1.52301002
************  RIN  ************
 NI=  1 NI_GLOBAL=  1
   0.9029   0.9029   0.9029   0.9029   0.9029   0.9029   0.9164   0.9164   0.9164   0.9164   0.9164   0.9164   0.9164   0.9164
************  LA1  ************
 NI=  1 NI_GLOBAL=  1
   1.3761   1.3761   1.3761   1.3761   1.3761   1.3761   1.5230   1.5230   1.5230   1.5230   1.5230   1.5230   1.5230   1.5230
             CALC_BAND_AL takes  0 hours  0 minutes and    0.49 seconds (CPU).
                          takes  0 hours  0 minutes and    0.24 seconds (WALL).
 ILOOP            1
 ILOOP            2
   FERMI ENERGY AT    1.38976684018935     
   SUM RULE OF TETRAHEDRON INTEGRATION CHECKED 
   number of occupied bands:          18
   highest energy:   1.44662184452465     
************  NK-  ************
 NI=  1 NI_GLOBAL=  1
   0.7844   0.7306   0.7874   0.7874   0.7306   0.7844   0.0648   0.1020   0.0697   0.0635   0.0635   0.0697   0.1020   0.0648
************  NNK  ************
 NI=  1 NI_GLOBAL=  1
   0.7844   0.0000   0.0000   0.0000  -0.0420   0.0000   0.0000  -0.0261   0.0000   0.0000   0.0000  -0.0007   0.0000   0.0000
   0.0000   0.7306   0.0000   0.0000   0.0000  -0.0420   0.0000   0.0000   0.0284   0.0000   0.0000   0.0000  -0.0154   0.0000
   0.0000   0.0000   0.7874   0.0000   0.0000   0.0000   0.0000   0.0000   0.0000  -0.0221   0.0000   0.0000   0.0000  -0.0258
   0.0000   0.0000   0.0000   0.7874   0.0000   0.0000   0.0258   0.0000   0.0000   0.0000   0.0221   0.0000   0.0000   0.0000
  -0.0420   0.0000   0.0000   0.0000   0.7306   0.0000   0.0000   0.0154   0.0000   0.0000   0.0000  -0.0284   0.0000   0.0000
   0.0000  -0.0420   0.0000   0.0000   0.0000   0.7844   0.0000   0.0000   0.0007   0.0000   0.0000   0.0000   0.0261   0.0000
   0.0000   0.0000   0.0000   0.0258   0.0000   0.0000   0.0648   0.0000   0.0000   0.0000   0.0004   0.0000   0.0000   0.0000
  -0.0261   0.0000   0.0000   0.0000   0.0154   0.0000   0.0000   0.1020   0.0000   0.0000   0.0000   0.0008   0.0000   0.0000
   0.0000   0.0284   0.0000   0.0000   0.0000   0.0007   0.0000   0.0000   0.0697   0.0000   0.0000   0.0000   0.0008   0.0000
   0.0000   0.0000  -0.0221   0.0000   0.0000   0.0000   0.0000   0.0000   0.0000   0.0635   0.0000   0.0000   0.0000   0.0004
   0.0000   0.0000   0.0000   0.0221   0.0000   0.0000   0.0004   0.0000   0.0000   0.0000   0.0635   0.0000   0.0000   0.0000
  -0.0007   0.0000   0.0000   0.0000  -0.0284   0.0000   0.0000   0.0008   0.0000   0.0000   0.0000   0.0697   0.0000   0.0000
   0.0000  -0.0154   0.0000   0.0000   0.0000   0.0261   0.0000   0.0000   0.0008   0.0000   0.0000   0.0000   0.1020   0.0000
   0.0000   0.0000  -0.0258   0.0000   0.0000   0.0000   0.0000   0.0000   0.0000   0.0004   0.0000   0.0000   0.0000   0.0648
************  NKS  ************
 NI=  1 NI_GLOBAL=  1
   0.7675   0.7675   0.7675   0.7675   0.7675   0.7675   0.0750   0.0750   0.0750   0.0750   0.0750   0.0750   0.0750   0.0750
 NELE_LOC TOTAL:
           5.2047116647396745
              CALC_DA_BND takes  0 hours  0 minutes and    0.08 seconds (CPU).
                          takes  0 hours  0 minutes and    0.07 seconds (WALL).
************  DA-  ************
 NI=  1 NI_GLOBAL=  1
  -0.0268  -0.0273  -0.0245  -0.0245  -0.0273  -0.0268  -0.0133  -0.0209  -0.0143  -0.0132  -0.0132  -0.0143  -0.0209  -0.0133
************  DAA  ************
 NI=  1 NI_GLOBAL=  1
  -0.0262  -0.0262  -0.0262  -0.0262  -0.0262  -0.0262  -0.0154  -0.0154  -0.0154  -0.0154  -0.0154  -0.0154  -0.0154  -0.0154
 NI=  1 VDC=    1.3272
************  LA2  ************
 NI=  1 NI_GLOBAL=  1
  -2.7743  -2.7743  -2.7743  -2.7743  -2.7743  -2.7743  -2.6769  -2.6769  -2.6769  -2.6769  -2.6769  -2.6769  -2.6769  -2.6769
 NI=  1 PHI-step gap=  0.14E+00
************  RAA  ************
 NI=  1 NI_GLOBAL=  1
   0.9029   0.9029   0.9029   0.9029   0.9029   0.9029   0.9164   0.9164   0.9164   0.9164   0.9164   0.9164   0.9164   0.9164
************  NC0  ************
 NI=  1 NI_GLOBAL=  1
   0.7675   0.7675   0.7675   0.7675   0.7675   0.7675   0.0750   0.0750   0.0750   0.0750   0.0750   0.0750   0.0750   0.0750
                  CALC_LC takes  0 hours  7 minutes and    1.78 seconds (CPU).
                          takes  0 hours  7 minutes and    1.70 seconds (WALL).
                GUTZ_FCN1 takes  0 hours  7 minutes and    2.69 seconds (CPU).
                          takes  0 hours  7 minutes and    2.20 seconds (WALL).
************  DIF_X  ************
   -0.000000001461   -0.000000000069
   -0.000000000583    0.000000000847
 ITER1=  4 MAXERR=    0.00000000
 NFJAC=   0
 SOLVE1 FINISHED WITH       4 ITERATIONS.
               GUTZ_SOLVE takes  0 hours 23 minutes and   59.69 seconds (CPU).
                          takes  0 hours 23 minutes and   58.00 seconds (WALL).
 MAX. NELF1 DIFF=    0.00110970
               CALC_PJRHO takes  0 hours  0 minutes and    0.53 seconds (CPU).
                          takes  0 hours  0 minutes and    0.36 seconds (WALL).
 NI=  1 SUM_PHY-SUM_KS=      0.00000000 WOULD BE RENORMALIZED
************  NC1  ************
 NI=  1 NI_GLOBAL=  1
   0.7575   0.7575   0.7575   0.7575   0.7575   0.7575   0.0825   0.0825   0.0825   0.0825   0.0825   0.0825   0.0825   0.0825
               CALC_NCPHY takes  0 hours  0 minutes and   49.49 seconds (CPU).
                          takes  0 hours  0 minutes and   49.50 seconds (WALL).
 GYZ%PJ%EGAMM:
    10.50790
 ENG%GAMM:    10.50790
 ENG%POT2:     3.09838
 EDCLA1(NI) ARRAY:
    -7.250
 EDCUJ(NI) ARRAY:
    -3.107
 EDCUJV(NI) ARRAY:
    -6.908
 EDC(NI) ARRAY:
   -10.357
 ENG%DBLC:   -10.35685
 ENG%DC1 :    -7.25025
 ENG%DC2 :    -3.10660
 ENG%DC2V:    -6.90780
 DC_E_STD_TO_E_V:    -3.80120
 ENG%BAND:     6.43154
 ENG%DL(DEEP LEVEL):    -4.11306
 ENG%TB=     6.58259
 ENG%TB-DC2=     9.68919
 NI=  1 OCC_CONFIG_WEIGHT:
        OCC= 0 WEIGHT=   0.00000
        OCC= 1 WEIGHT=   0.00000
        OCC= 2 WEIGHT=   0.00023
        OCC= 3 WEIGHT=   0.01083
        OCC= 4 WEIGHT=   0.15187
        OCC= 5 WEIGHT=   0.49883
        OCC= 6 WEIGHT=   0.29911
        OCC= 7 WEIGHT=   0.03762
        OCC= 8 WEIGHT=   0.00149
        OCC= 9 WEIGHT=   0.00002
                 CALC_RCW takes  0 hours  0 minutes and    0.00 seconds (CPU).
                          takes  0 hours  0 minutes and    0.00 seconds (WALL).
 NI=  1 J2=   19.0486
                 CALC_SLJ takes  0 hours  0 minutes and    0.00 seconds (CPU).
                          takes  0 hours  0 minutes and    0.00 seconds (WALL).
 NI=  1 ENTANGLEMENT ENTROPY=      5.1692
           CALC_ENTANGLES takes  0 hours  0 minutes and    0.99 seconds (CPU).
                          takes  0 hours  0 minutes and    0.91 seconds (WALL).
 CORRELATED SUBSPACE, SUM_FERWT=      8.0000000 SUM_KSWT=      8.0000000
 MAX OFF DIAGONAL KS.WT=    0.001699
 MAX/MIN R=    0.916369    0.902903
                CALC_KSWT takes  0 hours  0 minutes and    0.02 seconds (CPU).
                          takes  0 hours  0 minutes and    0.01 seconds (WALL).
                    TOTAL takes  0 hours 25 minutes and   52.65 seconds (CPU).
                          takes  0 hours 25 minutes and   50.08 seconds (WALL).
