******Program DMFT: Computes Gloc and Delta for Dynamical Mean Field Theory calculation ******
 CALCULATION WITH COMPLEX VECTORS
 CALCULATION WITH SOC VECTORS REQUIRED
 Running DMFT in mpi mode
  
 numkpt=         286
   0.00000   0.00000   0.00000   1.00000
   0.04762   0.04762   0.00000  12.00000
   0.09524   0.09524   0.00000  12.00000
   0.14286   0.14286   0.00000  12.00000
   0.19048   0.19048   0.00000  12.00000
   0.23810   0.23810   0.00000  12.00000
   0.28571   0.28571   0.00000  12.00000
   0.33333   0.33333   0.00000  12.00000
   0.38095   0.38095   0.00000  12.00000
   0.42857   0.42857   0.00000  12.00000
   0.47619   0.47619   0.00000  12.00000
   0.09524   0.04762   0.04762  24.00000
   0.14286   0.09524   0.04762  48.00000
   0.19048   0.14286   0.04762  48.00000
   0.23810   0.19048   0.04762  48.00000
   0.28571   0.23810   0.04762  48.00000
   0.33333   0.28571   0.04762  48.00000
   0.38095   0.33333   0.04762  48.00000
   0.42857   0.38095   0.04762  48.00000
   0.47619   0.42857   0.04762  48.00000
   0.52381   0.47619   0.04762  24.00000
   0.19048   0.09524   0.09524  24.00000
   0.23810   0.14286   0.09524  48.00000
   0.28571   0.19048   0.09524  48.00000
   0.33333   0.23810   0.09524  48.00000
   0.38095   0.28571   0.09524  48.00000
   0.42857   0.33333   0.09524  48.00000
   0.47619   0.38095   0.09524  48.00000
   0.52381   0.42857   0.09524  48.00000
   0.28571   0.14286   0.14286  24.00000
   0.33333   0.19048   0.14286  48.00000
   0.38095   0.23810   0.14286  48.00000
   0.42857   0.28571   0.14286  48.00000
   0.47619   0.33333   0.14286  48.00000
   0.52381   0.38095   0.14286  48.00000
   0.57143   0.42857   0.14286  24.00000
   0.38095   0.19048   0.19048  24.00000
   0.42857   0.23810   0.19048  48.00000
   0.47619   0.28571   0.19048  48.00000
   0.52381   0.33333   0.19048  48.00000
   0.57143   0.38095   0.19048  48.00000
   0.47619   0.23810   0.23810  24.00000
   0.52381   0.28571   0.23810  48.00000
   0.57143   0.33333   0.23810  48.00000
   0.61905   0.38095   0.23810  24.00000
   0.57143   0.28571   0.28571  24.00000
   0.61905   0.33333   0.28571  48.00000
   0.66667   0.33333   0.33333   8.00000
   0.09524   0.09524   0.09524   8.00000
   0.14286   0.14286   0.09524  24.00000
   0.19048   0.19048   0.09524  24.00000
   0.23810   0.23810   0.09524  24.00000
   0.28571   0.28571   0.09524  24.00000
   0.33333   0.33333   0.09524  24.00000
   0.38095   0.38095   0.09524  24.00000
   0.42857   0.42857   0.09524  24.00000
   0.47619   0.47619   0.09524  24.00000
   1.00000   1.00000   0.09524   6.00000
   0.19048   0.14286   0.14286  24.00000
   0.23810   0.19048   0.14286  48.00000
   0.28571   0.23810   0.14286  48.00000
   0.33333   0.28571   0.14286  48.00000
   0.38095   0.33333   0.14286  48.00000
   0.42857   0.38095   0.14286  48.00000
   0.47619   0.42857   0.14286  48.00000
   0.52381   0.47619   0.14286  24.00000
   1.00000   0.95238   0.14286  24.00000
   0.28571   0.19048   0.19048  24.00000
   0.33333   0.23810   0.19048  48.00000
   0.38095   0.28571   0.19048  48.00000
   0.42857   0.33333   0.19048  48.00000
   0.47619   0.38095   0.19048  48.00000
   0.52381   0.42857   0.19048  48.00000
   1.00000   0.90476   0.19048  24.00000
   1.04762   0.95238   0.19048  24.00000
   0.38095   0.23810   0.23810  24.00000
   0.42857   0.28571   0.23810  48.00000
   0.47619   0.33333   0.23810  48.00000
   0.52381   0.38095   0.23810  48.00000
   0.57143   0.42857   0.23810  24.00000
   1.00000   0.85714   0.23810  24.00000
   1.04762   0.90476   0.23810  48.00000
   0.47619   0.28571   0.28571  24.00000
   0.52381   0.33333   0.28571  48.00000
   0.57143   0.38095   0.28571  48.00000
   1.00000   0.80952   0.28571  24.00000
   1.04762   0.85714   0.28571  48.00000
   1.09524   0.90476   0.28571  24.00000
   0.57143   0.33333   0.33333  24.00000
   0.61905   0.38095   0.33333  24.00000
   1.00000   0.76190   0.33333  24.00000
   1.04762   0.80952   0.33333  48.00000
   1.09524   0.85714   0.33333  48.00000
   1.00000   0.71429   0.38095  24.00000
   1.04762   0.76190   0.38095  48.00000
   1.09524   0.80952   0.38095  48.00000
   1.14286   0.85714   0.38095  24.00000
   1.00000   0.66667   0.42857  24.00000
   1.04762   0.71429   0.42857  48.00000
   1.09524   0.76190   0.42857  48.00000
   1.14286   0.80952   0.42857  48.00000
   1.00000   0.61905   0.47619  24.00000
   1.04762   0.66667   0.47619  48.00000
   1.09524   0.71429   0.47619  48.00000
   1.14286   0.76190   0.47619  48.00000
   1.19048   0.80952   0.47619  24.00000
   1.00000   0.57143   0.52381  24.00000
   1.04762   0.61905   0.52381  48.00000
   1.09524   0.66667   0.52381  48.00000
   1.14286   0.71429   0.52381  48.00000
   1.19048   0.76190   0.52381  48.00000
   1.04762   0.57143   0.57143  24.00000
   1.09524   0.61905   0.57143  48.00000
   1.14286   0.66667   0.57143  48.00000
   1.19048   0.71429   0.57143  48.00000
   1.23810   0.76190   0.57143  24.00000
   1.14286   0.61905   0.61905  24.00000
   1.19048   0.66667   0.61905  48.00000
   1.23810   0.71429   0.61905  48.00000
   1.23810   0.66667   0.66667  24.00000
   1.28571   0.71429   0.66667  24.00000
   0.19048   0.19048   0.19048   8.00000
   0.23810   0.23810   0.19048  24.00000
   0.28571   0.28571   0.19048  24.00000
   0.33333   0.33333   0.19048  24.00000
   0.38095   0.38095   0.19048  24.00000
   0.42857   0.42857   0.19048  24.00000
   0.47619   0.47619   0.19048  24.00000
   1.00000   1.00000   0.19048   6.00000
   0.28571   0.23810   0.23810  24.00000
   0.33333   0.28571   0.23810  48.00000
   0.38095   0.33333   0.23810  48.00000
   0.42857   0.38095   0.23810  48.00000
   0.47619   0.42857   0.23810  48.00000
   0.52381   0.47619   0.23810  24.00000
   1.00000   0.95238   0.23810  24.00000
   0.38095   0.28571   0.28571  24.00000
   0.42857   0.33333   0.28571  48.00000
   0.47619   0.38095   0.28571  48.00000
   0.52381   0.42857   0.28571  48.00000
   1.00000   0.90476   0.28571  24.00000
   1.04762   0.95238   0.28571  24.00000
   0.47619   0.33333   0.33333  24.00000
   0.52381   0.38095   0.33333  48.00000
   0.57143   0.42857   0.33333  24.00000
   1.00000   0.85714   0.33333  24.00000
   1.04762   0.90476   0.33333  48.00000
   0.57143   0.38095   0.38095  24.00000
   1.00000   0.80952   0.38095  24.00000
   1.04762   0.85714   0.38095  48.00000
   1.09524   0.90476   0.38095  24.00000
   1.00000   0.76190   0.42857  24.00000
   1.04762   0.80952   0.42857  48.00000
   1.09524   0.85714   0.42857  48.00000
   1.00000   0.71429   0.47619  24.00000
   1.04762   0.76190   0.47619  48.00000
   1.09524   0.80952   0.47619  48.00000
   1.14286   0.85714   0.47619  24.00000
   1.00000   0.66667   0.52381  24.00000
   1.04762   0.71429   0.52381  48.00000
   1.09524   0.76190   0.52381  48.00000
   1.14286   0.80952   0.52381  48.00000
   1.00000   0.61905   0.57143  24.00000
   1.04762   0.66667   0.57143  48.00000
   1.09524   0.71429   0.57143  48.00000
   1.14286   0.76190   0.57143  48.00000
   1.19048   0.80952   0.57143  24.00000
   1.04762   0.61905   0.61905  24.00000
   1.09524   0.66667   0.61905  48.00000
   1.14286   0.71429   0.61905  48.00000
   1.19048   0.76190   0.61905  48.00000
   1.14286   0.66667   0.66667  24.00000
   1.19048   0.71429   0.66667  48.00000
   1.23810   0.76190   0.66667  24.00000
   1.23810   0.71429   0.71429  24.00000
   0.28571   0.28571   0.28571   8.00000
   0.33333   0.33333   0.28571  24.00000
   0.38095   0.38095   0.28571  24.00000
   0.42857   0.42857   0.28571  24.00000
   0.47619   0.47619   0.28571  24.00000
   1.00000   1.00000   0.28571   6.00000
   0.38095   0.33333   0.33333  24.00000
   0.42857   0.38095   0.33333  48.00000
   0.47619   0.42857   0.33333  48.00000
   0.52381   0.47619   0.33333  24.00000
   1.00000   0.95238   0.33333  24.00000
   0.47619   0.38095   0.38095  24.00000
   0.52381   0.42857   0.38095  48.00000
   1.00000   0.90476   0.38095  24.00000
   1.04762   0.95238   0.38095  24.00000
   0.57143   0.42857   0.42857   8.00000
   1.00000   0.85714   0.42857  24.00000
   1.04762   0.90476   0.42857  48.00000
   1.00000   0.80952   0.47619  24.00000
   1.04762   0.85714   0.47619  48.00000
   1.09524   0.90476   0.47619  24.00000
   1.00000   0.76190   0.52381  24.00000
   1.04762   0.80952   0.52381  48.00000
   1.09524   0.85714   0.52381  48.00000
   1.00000   0.71429   0.57143  24.00000
   1.04762   0.76190   0.57143  48.00000
   1.09524   0.80952   0.57143  48.00000
   1.14286   0.85714   0.57143  24.00000
   1.00000   0.66667   0.61905  24.00000
   1.04762   0.71429   0.61905  48.00000
   1.09524   0.76190   0.61905  48.00000
   1.14286   0.80952   0.61905  48.00000
   1.04762   0.66667   0.66667  24.00000
   1.09524   0.71429   0.66667  48.00000
   1.14286   0.76190   0.66667  48.00000
   1.19048   0.80952   0.66667  24.00000
   1.14286   0.71429   0.71429  24.00000
   1.19048   0.76190   0.71429  48.00000
   1.23810   0.76190   0.76190   8.00000
   0.38095   0.38095   0.38095   8.00000
   0.42857   0.42857   0.38095  24.00000
   0.47619   0.47619   0.38095  24.00000
   1.00000   1.00000   0.38095   6.00000
   0.47619   0.42857   0.42857  24.00000
   0.52381   0.47619   0.42857  24.00000
   1.00000   0.95238   0.42857  24.00000
   1.00000   0.90476   0.47619  24.00000
   1.04762   0.95238   0.47619  24.00000
   1.00000   0.85714   0.52381  24.00000
   1.04762   0.90476   0.52381  48.00000
   1.00000   0.80952   0.57143  24.00000
   1.04762   0.85714   0.57143  48.00000
   1.09524   0.90476   0.57143  24.00000
   1.00000   0.76190   0.61905  24.00000
   1.04762   0.80952   0.61905  48.00000
   1.09524   0.85714   0.61905  48.00000
   1.00000   0.71429   0.66667  24.00000
   1.04762   0.76190   0.66667  48.00000
   1.09524   0.80952   0.66667  48.00000
   1.14286   0.85714   0.66667  24.00000
   1.04762   0.71429   0.71429  24.00000
   1.09524   0.76190   0.71429  48.00000
   1.14286   0.80952   0.71429  48.00000
   1.14286   0.76190   0.76190  24.00000
   1.19048   0.80952   0.76190  24.00000
   0.47619   0.47619   0.47619   8.00000
   1.00000   1.00000   0.47619   6.00000
   1.00000   0.95238   0.52381  24.00000
   1.00000   0.90476   0.57143  24.00000
   1.04762   0.95238   0.57143  24.00000
   1.00000   0.85714   0.61905  24.00000
   1.04762   0.90476   0.61905  48.00000
   1.00000   0.80952   0.66667  24.00000
   1.04762   0.85714   0.66667  48.00000
   1.09524   0.90476   0.66667  24.00000
   1.00000   0.76190   0.71429  24.00000
   1.04762   0.80952   0.71429  48.00000
   1.09524   0.85714   0.71429  48.00000
   1.04762   0.76190   0.76190  24.00000
   1.09524   0.80952   0.76190  48.00000
   1.14286   0.85714   0.76190  24.00000
   1.14286   0.80952   0.80952  24.00000
   1.00000   1.00000   0.57143   6.00000
   1.00000   0.95238   0.61905  24.00000
   1.00000   0.90476   0.66667  24.00000
   1.04762   0.95238   0.66667  24.00000
   1.00000   0.85714   0.71429  24.00000
   1.04762   0.90476   0.71429  48.00000
   1.00000   0.80952   0.76190  24.00000
   1.04762   0.85714   0.76190  48.00000
   1.09524   0.90476   0.76190  24.00000
   1.04762   0.80952   0.80952  24.00000
   1.09524   0.85714   0.80952  48.00000
   1.14286   0.85714   0.85714   8.00000
   1.00000   1.00000   0.66667   6.00000
   1.00000   0.95238   0.71429  24.00000
   1.00000   0.90476   0.76190  24.00000
   1.04762   0.95238   0.76190  24.00000
   1.00000   0.85714   0.80952  24.00000
   1.04762   0.90476   0.80952  48.00000
   1.04762   0.85714   0.85714  24.00000
   1.09524   0.90476   0.85714  24.00000
   1.00000   1.00000   0.76190   6.00000
   1.00000   0.95238   0.80952  24.00000
   1.00000   0.90476   0.85714  24.00000
   1.04762   0.95238   0.85714  24.00000
   1.04762   0.90476   0.90476  24.00000
   1.00000   1.00000   0.85714   6.00000
   1.00000   0.95238   0.90476  24.00000
   1.04762   0.95238   0.95238   8.00000
   1.00000   1.00000   0.95238   6.00000




                              --------------------------------------------------
                                 S T R U C T U R A L   I N F O R M A T I O N
                              --------------------------------------------------


   SUBSTANCE                    = cubic body-centered  (epsilon Pu)                                               

   LATTICE                      = B   
   LATTICE CONSTANTS ARE        =    6.7215550   6.7215550   6.7215550
   NUMBER OF ATOMS IN UNITCELL  =   1
   MODE OF CALCULATION IS       = RELA
 IORD=          48
 FNAMES=
 ./epsilon_Pu_8.vectorso_1                                                      
                                                                                
                                           
 ./epsilon_Pu_8.vectorsodn_1                                                    
                                                                                
                                           
 epsilon_Pu_8.energyso_1                                                        
                                                                                
                                           
 epsilon_Pu_8.energysodn_1                                                      
                                                                                
                                           
  BR1,  BR2
   0.93478   0.00000   0.00000      0.00000   0.93478   0.93478
   0.00000   0.93478   0.00000      0.93478   0.00000   0.93478
   0.00000   0.00000   0.93478      0.93478   0.93478   0.00000
 projector corrected--must be 1,2, or 3! Now projector= 2
 Energy window:   -0.4410 < E <      0.441
 Projected density of states calculation for  1 atoms
--------- atom  1 -------------
l=  3  qsplit=  4
 Symmetrization over eq. k-points is performed
 ********** Start Reading Cix file *************
  Correlated block number           1
  Correlated index=
  1  0  0  0  0  0  0  0  0  0  0  0  0  0
  0  1  0  0  0  0  0  0  0  0  0  0  0  0
  0  0  1  0  0  0  0  0  0  0  0  0  0  0
  0  0  0  1  0  0  0  0  0  0  0  0  0  0
  0  0  0  0  1  0  0  0  0  0  0  0  0  0
  0  0  0  0  0  1  0  0  0  0  0  0  0  0
  0  0  0  0  0  0  2  0  0  0  0  0  0  0
  0  0  0  0  0  0  0  2  0  0  0  0  0  0
  0  0  0  0  0  0  0  0  2  0  0  0  0  0
  0  0  0  0  0  0  0  0  0  2  0  0  0  0
  0  0  0  0  0  0  0  0  0  0  2  0  0  0
  0  0  0  0  0  0  0  0  0  0  0  2  0  0
  0  0  0  0  0  0  0  0  0  0  0  0  2  0
  0  0  0  0  0  0  0  0  0  0  0  0  0  2
  Real part of unitary matrix=
  0.9258  0.0000  0.0000  0.0000  0.0000  0.0000  0.0000  0.0000 -0.3780  0.0000  0.0000  0.0000  0.0000  0.0000
  0.0000  0.8452  0.0000  0.0000  0.0000  0.0000  0.0000  0.0000  0.0000 -0.5345  0.0000  0.0000  0.0000  0.0000
  0.0000  0.0000  0.7559  0.0000  0.0000  0.0000  0.0000  0.0000  0.0000  0.0000 -0.6547  0.0000  0.0000  0.0000
  0.0000  0.0000  0.0000  0.6547  0.0000  0.0000  0.0000  0.0000  0.0000  0.0000  0.0000 -0.7559  0.0000  0.0000
  0.0000  0.0000  0.0000  0.0000  0.5345  0.0000  0.0000  0.0000  0.0000  0.0000  0.0000  0.0000 -0.8452  0.0000
  0.0000  0.0000  0.0000  0.0000  0.0000  0.3780  0.0000  0.0000  0.0000  0.0000  0.0000  0.0000  0.0000 -0.9258
  0.0000  0.0000  0.0000  0.0000  0.0000  0.0000  0.0000  1.0000  0.0000  0.0000  0.0000  0.0000  0.0000  0.0000
  0.3780  0.0000  0.0000  0.0000  0.0000  0.0000  0.0000  0.0000  0.9258  0.0000  0.0000  0.0000  0.0000  0.0000
  0.0000  0.5345  0.0000  0.0000  0.0000  0.0000  0.0000  0.0000  0.0000  0.8452  0.0000  0.0000  0.0000  0.0000
  0.0000  0.0000  0.6547  0.0000  0.0000  0.0000  0.0000  0.0000  0.0000  0.0000  0.7559  0.0000  0.0000  0.0000
  0.0000  0.0000  0.0000  0.7559  0.0000  0.0000  0.0000  0.0000  0.0000  0.0000  0.0000  0.6547  0.0000  0.0000
  0.0000  0.0000  0.0000  0.0000  0.8452  0.0000  0.0000  0.0000  0.0000  0.0000  0.0000  0.0000  0.5345  0.0000
  0.0000  0.0000  0.0000  0.0000  0.0000  0.9258  0.0000  0.0000  0.0000  0.0000  0.0000  0.0000  0.0000  0.3780
  0.0000  0.0000  0.0000  0.0000  0.0000  0.0000  1.0000  0.0000  0.0000  0.0000  0.0000  0.0000  0.0000  0.0000
  Imaginary part of unitary matrix=
  0.0000  0.0000  0.0000  0.0000  0.0000  0.0000  0.0000  0.0000  0.0000  0.0000  0.0000  0.0000  0.0000  0.0000
  0.0000  0.0000  0.0000  0.0000  0.0000  0.0000  0.0000  0.0000  0.0000  0.0000  0.0000  0.0000  0.0000  0.0000
  0.0000  0.0000  0.0000  0.0000  0.0000  0.0000  0.0000  0.0000  0.0000  0.0000  0.0000  0.0000  0.0000  0.0000
  0.0000  0.0000  0.0000  0.0000  0.0000  0.0000  0.0000  0.0000  0.0000  0.0000  0.0000  0.0000  0.0000  0.0000
  0.0000  0.0000  0.0000  0.0000  0.0000  0.0000  0.0000  0.0000  0.0000  0.0000  0.0000  0.0000  0.0000  0.0000
  0.0000  0.0000  0.0000  0.0000  0.0000  0.0000  0.0000  0.0000  0.0000  0.0000  0.0000  0.0000  0.0000  0.0000
  0.0000  0.0000  0.0000  0.0000  0.0000  0.0000  0.0000  0.0000  0.0000  0.0000  0.0000  0.0000  0.0000  0.0000
  0.0000  0.0000  0.0000  0.0000  0.0000  0.0000  0.0000  0.0000  0.0000  0.0000  0.0000  0.0000  0.0000  0.0000
  0.0000  0.0000  0.0000  0.0000  0.0000  0.0000  0.0000  0.0000  0.0000  0.0000  0.0000  0.0000  0.0000  0.0000
  0.0000  0.0000  0.0000  0.0000  0.0000  0.0000  0.0000  0.0000  0.0000  0.0000  0.0000  0.0000  0.0000  0.0000
  0.0000  0.0000  0.0000  0.0000  0.0000  0.0000  0.0000  0.0000  0.0000  0.0000  0.0000  0.0000  0.0000  0.0000
  0.0000  0.0000  0.0000  0.0000  0.0000  0.0000  0.0000  0.0000  0.0000  0.0000  0.0000  0.0000  0.0000  0.0000
  0.0000  0.0000  0.0000  0.0000  0.0000  0.0000  0.0000  0.0000  0.0000  0.0000  0.0000  0.0000  0.0000  0.0000
  0.0000  0.0000  0.0000  0.0000  0.0000  0.0000  0.0000  0.0000  0.0000  0.0000  0.0000  0.0000  0.0000  0.0000
  At least one transformation matrix is not Identity
 Magnetic system with s-o coupling; M theta, phi:  0.0000  0.0000
 Inside ROTDEF
Operation  1 transforms atom   1 from first atom   1
Actual position of atom  1 is:  0.000000    0.000000    0.000000
 
Combined transformation (acting on k-point) for correlated atoms
including users rotation and internal local rotation
catom  1 atom   1
   0.93478   0.00000   0.00000
   0.00000  -0.93478   0.00000
   0.00000   0.00000  -0.93478
 
 
 SPIN COORD SYSTEM:
    1.000000    0.000000    0.000000
    0.000000    1.000000    0.000000
    0.000000    0.000000    1.000000
 
 in global cartezian coordinates:
    1.000000    0.000000    0.000000
    0.000000   -1.000000    0.000000
    0.000000    0.000000   -1.000000
 ____________________________
 in spin coordinates:
    1.000000    0.000000    0.000000
    0.000000   -1.000000    0.000000
    0.000000    0.000000   -1.000000
           1   3.14159265358979       -1.00000000000000     
 
 in global cartezian coordinates:
    0.000000    1.000000    0.000000
   -1.000000    0.000000    0.000000
    0.000000    0.000000   -1.000000
 ____________________________
 in spin coordinates:
    0.000000    1.000000    0.000000
   -1.000000    0.000000    0.000000
    0.000000    0.000000   -1.000000
           2   1.57079632679490        1.00000000000000     
 
 in global cartezian coordinates:
    1.000000    0.000000    0.000000
    0.000000    0.000000   -1.000000
    0.000000   -1.000000    0.000000
 ____________________________
 in spin coordinates:
    1.000000    0.000000    0.000000
    0.000000    0.000000   -1.000000
    0.000000   -1.000000    0.000000
           3   1.57079632679490       0.000000000000000E+000
 
 symm. operation            3  removed !!!! so-det=  0.000000000000000E+000
 in global cartezian coordinates:
    0.000000    0.000000    1.000000
   -1.000000    0.000000    0.000000
    0.000000   -1.000000    0.000000
 ____________________________
 in spin coordinates:
    0.000000    0.000000    1.000000
   -1.000000    0.000000    0.000000
    0.000000   -1.000000    0.000000
           4   1.57079632679490       0.000000000000000E+000
 
 symm. operation            4  removed !!!! so-det=  0.000000000000000E+000
 in global cartezian coordinates:
    0.000000    1.000000    0.000000
    0.000000    0.000000   -1.000000
   -1.000000    0.000000    0.000000
 ____________________________
 in spin coordinates:
    0.000000    1.000000    0.000000
    0.000000    0.000000   -1.000000
   -1.000000    0.000000    0.000000
           5 NaN                      0.000000000000000E+000
 
 symm. operation            5  removed !!!! so-det=  0.000000000000000E+000
 in global cartezian coordinates:
    0.000000    0.000000    1.000000
    0.000000   -1.000000    0.000000
   -1.000000    0.000000    0.000000
 ____________________________
 in spin coordinates:
    0.000000    0.000000    1.000000
    0.000000   -1.000000    0.000000
   -1.000000    0.000000    0.000000
           6   1.57079632679490       0.000000000000000E+000
 
 symm. operation            6  removed !!!! so-det=  0.000000000000000E+000
 in global cartezian coordinates:
   -1.000000    0.000000    0.000000
    0.000000   -1.000000    0.000000
    0.000000    0.000000   -1.000000
 ____________________________
 in spin coordinates:
   -1.000000    0.000000    0.000000
    0.000000   -1.000000    0.000000
    0.000000    0.000000   -1.000000
           7  0.000000000000000E+000   1.00000000000000     
 
 in global cartezian coordinates:
    0.000000    1.000000    0.000000
    1.000000    0.000000    0.000000
    0.000000    0.000000   -1.000000
 ____________________________
 in spin coordinates:
    0.000000    1.000000    0.000000
    1.000000    0.000000    0.000000
    0.000000    0.000000   -1.000000
           8   1.57079632679490       -1.00000000000000     
 
 in global cartezian coordinates:
   -1.000000    0.000000    0.000000
    0.000000    0.000000   -1.000000
    0.000000   -1.000000    0.000000
 ____________________________
 in spin coordinates:
   -1.000000    0.000000    0.000000
    0.000000    0.000000   -1.000000
    0.000000   -1.000000    0.000000
           9   1.57079632679490       0.000000000000000E+000
 
 symm. operation            9  removed !!!! so-det=  0.000000000000000E+000
 in global cartezian coordinates:
    0.000000    0.000000    1.000000
    1.000000    0.000000    0.000000
    0.000000   -1.000000    0.000000
 ____________________________
 in spin coordinates:
    0.000000    0.000000    1.000000
    1.000000    0.000000    0.000000
    0.000000   -1.000000    0.000000
          10   1.57079632679490       0.000000000000000E+000
 
 symm. operation           10  removed !!!! so-det=  0.000000000000000E+000
 in global cartezian coordinates:
    0.000000    1.000000    0.000000
    0.000000    0.000000   -1.000000
    1.000000    0.000000    0.000000
 ____________________________
 in spin coordinates:
    0.000000    1.000000    0.000000
    0.000000    0.000000   -1.000000
    1.000000    0.000000    0.000000
          11 NaN                      0.000000000000000E+000
 
 symm. operation           11  removed !!!! so-det=  0.000000000000000E+000
 in global cartezian coordinates:
    0.000000    0.000000    1.000000
    0.000000   -1.000000    0.000000
    1.000000    0.000000    0.000000
 ____________________________
 in spin coordinates:
    0.000000    0.000000    1.000000
    0.000000   -1.000000    0.000000
    1.000000    0.000000    0.000000
          12   1.57079632679490       0.000000000000000E+000
 
 symm. operation           12  removed !!!! so-det=  0.000000000000000E+000
 in global cartezian coordinates:
    0.000000   -1.000000    0.000000
   -1.000000    0.000000    0.000000
    0.000000    0.000000   -1.000000
 ____________________________
 in spin coordinates:
    0.000000   -1.000000    0.000000
   -1.000000    0.000000    0.000000
    0.000000    0.000000   -1.000000
          13   4.71238898038469       -1.00000000000000     
 
 in global cartezian coordinates:
    1.000000    0.000000    0.000000
    0.000000    1.000000    0.000000
    0.000000    0.000000   -1.000000
 ____________________________
 in spin coordinates:
    1.000000    0.000000    0.000000
    0.000000    1.000000    0.000000
    0.000000    0.000000   -1.000000
          14   3.14159274101257        1.00000000000000     
 
 in global cartezian coordinates:
    0.000000   -1.000000    0.000000
    0.000000    0.000000   -1.000000
   -1.000000    0.000000    0.000000
 ____________________________
 in spin coordinates:
    0.000000   -1.000000    0.000000
    0.000000    0.000000   -1.000000
   -1.000000    0.000000    0.000000
          15 NaN                      0.000000000000000E+000
 
 symm. operation           15  removed !!!! so-det=  0.000000000000000E+000
 in global cartezian coordinates:
    0.000000    0.000000    1.000000
    0.000000    1.000000    0.000000
   -1.000000    0.000000    0.000000
 ____________________________
 in spin coordinates:
    0.000000    0.000000    1.000000
    0.000000    1.000000    0.000000
   -1.000000    0.000000    0.000000
          16   1.57079632679490       0.000000000000000E+000
 
 symm. operation           16  removed !!!! so-det=  0.000000000000000E+000
 in global cartezian coordinates:
    1.000000    0.000000    0.000000
    0.000000    0.000000   -1.000000
    0.000000    1.000000    0.000000
 ____________________________
 in spin coordinates:
    1.000000    0.000000    0.000000
    0.000000    0.000000   -1.000000
    0.000000    1.000000    0.000000
          17   1.57079632679490       0.000000000000000E+000
 
 symm. operation           17  removed !!!! so-det=  0.000000000000000E+000
 in global cartezian coordinates:
    0.000000    0.000000    1.000000
   -1.000000    0.000000    0.000000
    0.000000    1.000000    0.000000
 ____________________________
 in spin coordinates:
    0.000000    0.000000    1.000000
   -1.000000    0.000000    0.000000
    0.000000    1.000000    0.000000
          18   1.57079632679490       0.000000000000000E+000
 
 symm. operation           18  removed !!!! so-det=  0.000000000000000E+000
 in global cartezian coordinates:
    0.000000    0.000000   -1.000000
   -1.000000    0.000000    0.000000
    0.000000   -1.000000    0.000000
 ____________________________
 in spin coordinates:
    0.000000    0.000000   -1.000000
   -1.000000    0.000000    0.000000
    0.000000   -1.000000    0.000000
          19   1.57079632679490       0.000000000000000E+000
 
 symm. operation           19  removed !!!! so-det=  0.000000000000000E+000
 in global cartezian coordinates:
    1.000000    0.000000    0.000000
    0.000000    0.000000    1.000000
    0.000000   -1.000000    0.000000
 ____________________________
 in spin coordinates:
    1.000000    0.000000    0.000000
    0.000000    0.000000    1.000000
    0.000000   -1.000000    0.000000
          20   1.57079632679490       0.000000000000000E+000
 
 symm. operation           20  removed !!!! so-det=  0.000000000000000E+000
 in global cartezian coordinates:
    0.000000    0.000000   -1.000000
    0.000000   -1.000000    0.000000
   -1.000000    0.000000    0.000000
 ____________________________
 in spin coordinates:
    0.000000    0.000000   -1.000000
    0.000000   -1.000000    0.000000
   -1.000000    0.000000    0.000000
          21   1.57079632679490       0.000000000000000E+000
 
 symm. operation           21  removed !!!! so-det=  0.000000000000000E+000
 in global cartezian coordinates:
    0.000000    1.000000    0.000000
    0.000000    0.000000    1.000000
   -1.000000    0.000000    0.000000
 ____________________________
 in spin coordinates:
    0.000000    1.000000    0.000000
    0.000000    0.000000    1.000000
   -1.000000    0.000000    0.000000
          22 NaN                      0.000000000000000E+000
 
 symm. operation           22  removed !!!! so-det=  0.000000000000000E+000
 in global cartezian coordinates:
    1.000000    0.000000    0.000000
    0.000000   -1.000000    0.000000
    0.000000    0.000000    1.000000
 ____________________________
 in spin coordinates:
    1.000000    0.000000    0.000000
    0.000000   -1.000000    0.000000
    0.000000    0.000000    1.000000
          23   6.28318539460237       -1.00000000000000     
 
 in global cartezian coordinates:
    0.000000    1.000000    0.000000
   -1.000000    0.000000    0.000000
    0.000000    0.000000    1.000000
 ____________________________
 in spin coordinates:
    0.000000    1.000000    0.000000
   -1.000000    0.000000    0.000000
    0.000000    0.000000    1.000000
          24  -1.57079632679490        1.00000000000000     
 
 in global cartezian coordinates:
    0.000000   -1.000000    0.000000
    1.000000    0.000000    0.000000
    0.000000    0.000000   -1.000000
 ____________________________
 in spin coordinates:
    0.000000   -1.000000    0.000000
    1.000000    0.000000    0.000000
    0.000000    0.000000   -1.000000
          25  -1.57079632679490        1.00000000000000     
 
 in global cartezian coordinates:
   -1.000000    0.000000    0.000000
    0.000000    1.000000    0.000000
    0.000000    0.000000   -1.000000
 ____________________________
 in spin coordinates:
   -1.000000    0.000000    0.000000
    0.000000    1.000000    0.000000
    0.000000    0.000000   -1.000000
          26   6.28318539460237       -1.00000000000000     
 
 in global cartezian coordinates:
    0.000000   -1.000000    0.000000
    0.000000    0.000000   -1.000000
    1.000000    0.000000    0.000000
 ____________________________
 in spin coordinates:
    0.000000   -1.000000    0.000000
    0.000000    0.000000   -1.000000
    1.000000    0.000000    0.000000
          27 NaN                      0.000000000000000E+000
 
 symm. operation           27  removed !!!! so-det=  0.000000000000000E+000
 in global cartezian coordinates:
    0.000000    0.000000    1.000000
    0.000000    1.000000    0.000000
    1.000000    0.000000    0.000000
 ____________________________
 in spin coordinates:
    0.000000    0.000000    1.000000
    0.000000    1.000000    0.000000
    1.000000    0.000000    0.000000
          28   1.57079632679490       0.000000000000000E+000
 
 symm. operation           28  removed !!!! so-det=  0.000000000000000E+000
 in global cartezian coordinates:
   -1.000000    0.000000    0.000000
    0.000000    0.000000   -1.000000
    0.000000    1.000000    0.000000
 ____________________________
 in spin coordinates:
   -1.000000    0.000000    0.000000
    0.000000    0.000000   -1.000000
    0.000000    1.000000    0.000000
          29   1.57079632679490       0.000000000000000E+000
 
 symm. operation           29  removed !!!! so-det=  0.000000000000000E+000
 in global cartezian coordinates:
    0.000000    0.000000    1.000000
    1.000000    0.000000    0.000000
    0.000000    1.000000    0.000000
 ____________________________
 in spin coordinates:
    0.000000    0.000000    1.000000
    1.000000    0.000000    0.000000
    0.000000    1.000000    0.000000
          30   1.57079632679490       0.000000000000000E+000
 
 symm. operation           30  removed !!!! so-det=  0.000000000000000E+000
 in global cartezian coordinates:
    0.000000    0.000000   -1.000000
    1.000000    0.000000    0.000000
    0.000000   -1.000000    0.000000
 ____________________________
 in spin coordinates:
    0.000000    0.000000   -1.000000
    1.000000    0.000000    0.000000
    0.000000   -1.000000    0.000000
          31   1.57079632679490       0.000000000000000E+000
 
 symm. operation           31  removed !!!! so-det=  0.000000000000000E+000
 in global cartezian coordinates:
   -1.000000    0.000000    0.000000
    0.000000    0.000000    1.000000
    0.000000   -1.000000    0.000000
 ____________________________
 in spin coordinates:
   -1.000000    0.000000    0.000000
    0.000000    0.000000    1.000000
    0.000000   -1.000000    0.000000
          32   1.57079632679490       0.000000000000000E+000
 
 symm. operation           32  removed !!!! so-det=  0.000000000000000E+000
 in global cartezian coordinates:
    0.000000    0.000000   -1.000000
    0.000000   -1.000000    0.000000
    1.000000    0.000000    0.000000
 ____________________________
 in spin coordinates:
    0.000000    0.000000   -1.000000
    0.000000   -1.000000    0.000000
    1.000000    0.000000    0.000000
          33   1.57079632679490       0.000000000000000E+000
 
 symm. operation           33  removed !!!! so-det=  0.000000000000000E+000
 in global cartezian coordinates:
    0.000000    1.000000    0.000000
    0.000000    0.000000    1.000000
    1.000000    0.000000    0.000000
 ____________________________
 in spin coordinates:
    0.000000    1.000000    0.000000
    0.000000    0.000000    1.000000
    1.000000    0.000000    0.000000
          34 NaN                      0.000000000000000E+000
 
 symm. operation           34  removed !!!! so-det=  0.000000000000000E+000
 in global cartezian coordinates:
   -1.000000    0.000000    0.000000
    0.000000   -1.000000    0.000000
    0.000000    0.000000    1.000000
 ____________________________
 in spin coordinates:
   -1.000000    0.000000    0.000000
    0.000000   -1.000000    0.000000
    0.000000    0.000000    1.000000
          35   3.14159274101257        1.00000000000000     
 
 in global cartezian coordinates:
    0.000000    1.000000    0.000000
    1.000000    0.000000    0.000000
    0.000000    0.000000    1.000000
 ____________________________
 in spin coordinates:
    0.000000    1.000000    0.000000
    1.000000    0.000000    0.000000
    0.000000    0.000000    1.000000
          36   4.71238898038469       -1.00000000000000     
 
 in global cartezian coordinates:
    0.000000    0.000000   -1.000000
    0.000000    1.000000    0.000000
   -1.000000    0.000000    0.000000
 ____________________________
 in spin coordinates:
    0.000000    0.000000   -1.000000
    0.000000    1.000000    0.000000
   -1.000000    0.000000    0.000000
          37   1.57079632679490       0.000000000000000E+000
 
 symm. operation           37  removed !!!! so-det=  0.000000000000000E+000
 in global cartezian coordinates:
    0.000000   -1.000000    0.000000
    0.000000    0.000000    1.000000
   -1.000000    0.000000    0.000000
 ____________________________
 in spin coordinates:
    0.000000   -1.000000    0.000000
    0.000000    0.000000    1.000000
   -1.000000    0.000000    0.000000
          38 NaN                      0.000000000000000E+000
 
 symm. operation           38  removed !!!! so-det=  0.000000000000000E+000
 in global cartezian coordinates:
    0.000000    0.000000   -1.000000
   -1.000000    0.000000    0.000000
    0.000000    1.000000    0.000000
 ____________________________
 in spin coordinates:
    0.000000    0.000000   -1.000000
   -1.000000    0.000000    0.000000
    0.000000    1.000000    0.000000
          39   1.57079632679490       0.000000000000000E+000
 
 symm. operation           39  removed !!!! so-det=  0.000000000000000E+000
 in global cartezian coordinates:
    1.000000    0.000000    0.000000
    0.000000    0.000000    1.000000
    0.000000    1.000000    0.000000
 ____________________________
 in spin coordinates:
    1.000000    0.000000    0.000000
    0.000000    0.000000    1.000000
    0.000000    1.000000    0.000000
          40   1.57079632679490       0.000000000000000E+000
 
 symm. operation           40  removed !!!! so-det=  0.000000000000000E+000
 in global cartezian coordinates:
    0.000000   -1.000000    0.000000
   -1.000000    0.000000    0.000000
    0.000000    0.000000    1.000000
 ____________________________
 in spin coordinates:
    0.000000   -1.000000    0.000000
   -1.000000    0.000000    0.000000
    0.000000    0.000000    1.000000
          41   1.57079632679490       -1.00000000000000     
 
 in global cartezian coordinates:
    1.000000    0.000000    0.000000
    0.000000    1.000000    0.000000
    0.000000    0.000000    1.000000
 ____________________________
 in spin coordinates:
    1.000000    0.000000    0.000000
    0.000000    1.000000    0.000000
    0.000000    0.000000    1.000000
          42  0.000000000000000E+000   1.00000000000000     
 
 in global cartezian coordinates:
    0.000000    0.000000   -1.000000
    0.000000    1.000000    0.000000
    1.000000    0.000000    0.000000
 ____________________________
 in spin coordinates:
    0.000000    0.000000   -1.000000
    0.000000    1.000000    0.000000
    1.000000    0.000000    0.000000
          43   1.57079632679490       0.000000000000000E+000
 
 symm. operation           43  removed !!!! so-det=  0.000000000000000E+000
 in global cartezian coordinates:
    0.000000   -1.000000    0.000000
    0.000000    0.000000    1.000000
    1.000000    0.000000    0.000000
 ____________________________
 in spin coordinates:
    0.000000   -1.000000    0.000000
    0.000000    0.000000    1.000000
    1.000000    0.000000    0.000000
          44 NaN                      0.000000000000000E+000
 
 symm. operation           44  removed !!!! so-det=  0.000000000000000E+000
 in global cartezian coordinates:
    0.000000    0.000000   -1.000000
    1.000000    0.000000    0.000000
    0.000000    1.000000    0.000000
 ____________________________
 in spin coordinates:
    0.000000    0.000000   -1.000000
    1.000000    0.000000    0.000000
    0.000000    1.000000    0.000000
          45   1.57079632679490       0.000000000000000E+000
 
 symm. operation           45  removed !!!! so-det=  0.000000000000000E+000
 in global cartezian coordinates:
   -1.000000    0.000000    0.000000
    0.000000    0.000000    1.000000
    0.000000    1.000000    0.000000
 ____________________________
 in spin coordinates:
   -1.000000    0.000000    0.000000
    0.000000    0.000000    1.000000
    0.000000    1.000000    0.000000
          46   1.57079632679490       0.000000000000000E+000
 
 symm. operation           46  removed !!!! so-det=  0.000000000000000E+000
 in global cartezian coordinates:
    0.000000   -1.000000    0.000000
    1.000000    0.000000    0.000000
    0.000000    0.000000    1.000000
 ____________________________
 in spin coordinates:
    0.000000   -1.000000    0.000000
    1.000000    0.000000    0.000000
    0.000000    0.000000    1.000000
          47   1.57079632679490        1.00000000000000     
 
 in global cartezian coordinates:
   -1.000000    0.000000    0.000000
    0.000000    1.000000    0.000000
    0.000000    0.000000    1.000000
 ____________________________
 in spin coordinates:
   -1.000000    0.000000    0.000000
    0.000000    1.000000    0.000000
    0.000000    0.000000    1.000000
          48   3.14159265358979       -1.00000000000000     
 
 Original and SO-compatible symops changed:          48          16
 FNAME=
 epsilon_Pu_8.energyso_1                                                        
                                                                                
                                                     60
 FNAME=
 epsilon_Pu_8.energysodn_1                                                      
                                                                                
                                                     59
 BZ-integration with TETRA-program.   icor=: 1
 Equal occupancy of degenerate states, tol=: 0.1E-05
 call eord...
 call dos...
 ILOOP            1
 ILOOP            2
   FERMI ENERGY AT    1.28419287903735     
 RESULT OF INTEGRATION:      15.999999999494; SHOULD BE:      15.999999999900
   SUM RULE OF TETRAHEDRON INTEGRATION CHECKED 
 call eweigh...
   number of occupied bands:          18
   highest energy:   1.29711167173665     
 FERMI-LDA=   1.284 Ryd,  17.472 eV.
 ABSOLUTE EMIN=   0.843 Ryd.  11.472 eV.
 ABSOLUTE EMAX=   1.725 Ryd.  23.472 eV.


:NLDA  : NUMBER OF ELECTRONS          =  16.000

:FLDA  : F E R M I - ENERGY           =   1.28419
 
 ********** Information about the atomic index arrays ************
 iatom=           1
 isort=           1
 csort=           1
 maxucase=           1
icase, iucase, jatom, latom=     1     1     1     1
 
 *****  Arrays for correlated blocks ******
 norbitals=           1
 maxdim2=          14
iorbital( 1, 1)=   1
cix( 1, 1)=   1
icase,lcase,icix,iorb,nind1,ip1,iSx=    1    1    1    1   14    1    1
icase,lcase,icix,iorb,nind1,ip1,iSx=    1    1    1    1   14    2    2
icase,lcase,icix,iorb,nind1,ip1,iSx=    1    1    1    1   14    3    3
icase,lcase,icix,iorb,nind1,ip1,iSx=    1    1    1    1   14    4    4
icase,lcase,icix,iorb,nind1,ip1,iSx=    1    1    1    1   14    5    5
icase,lcase,icix,iorb,nind1,ip1,iSx=    1    1    1    1   14    6    6
icase,lcase,icix,iorb,nind1,ip1,iSx=    1    1    1    1   14    7    7
icase,lcase,icix,iorb,nind1,ip1,iSx=    1    1    1    1   14    8    8
icase,lcase,icix,iorb,nind1,ip1,iSx=    1    1    1    1   14    9    9
icase,lcase,icix,iorb,nind1,ip1,iSx=    1    1    1    1   14   10   10
icase,lcase,icix,iorb,nind1,ip1,iSx=    1    1    1    1   14   11   11
icase,lcase,icix,iorb,nind1,ip1,iSx=    1    1    1    1   14   12   12
icase,lcase,icix,iorb,nind1,ip1,iSx=    1    1    1    1   14   13   13
icase,lcase,icix,iorb,nind1,ip1,iSx=    1    1    1    1   14   14   14
cixdim( 1)=14
noccur( 1, 1)=   6
noccur( 2, 1)=   8
iSx( 1, 1)=  1
iSx( 2, 1)=  2
iSx( 3, 1)=  3
iSx( 4, 1)=  4
iSx( 5, 1)=  5
iSx( 6, 1)=  6
iSx( 7, 1)=  7
iSx( 8, 1)=  8
iSx( 9, 1)=  9
iSx(10, 1)= 10
iSx(11, 1)= 11
iSx(12, 1)= 12
iSx(13, 1)= 13
iSx(14, 1)= 14
nindo( 1)= 14
CF for iorb1= 1 iorb2= 1
    0.92582010     0.00000000       0.00000000     0.00000000       0.00000000     0.00000000       0.00000000     0.00000000       0.00000000     0.00000000       0.00000000     0.00000000       0.00000000     0.00000000       0.00000000     0.00000000      -0.37796447     0.00000000       0.00000000     0.00000000       0.00000000     0.00000000       0.00000000     0.00000000       0.00000000     0.00000000       0.00000000     0.00000000   
    0.00000000     0.00000000       0.84515425     0.00000000       0.00000000     0.00000000       0.00000000     0.00000000       0.00000000     0.00000000       0.00000000     0.00000000       0.00000000     0.00000000       0.00000000     0.00000000       0.00000000     0.00000000      -0.53452248     0.00000000       0.00000000     0.00000000       0.00000000     0.00000000       0.00000000     0.00000000       0.00000000     0.00000000   
    0.00000000     0.00000000       0.00000000     0.00000000       0.75592895     0.00000000       0.00000000     0.00000000       0.00000000     0.00000000       0.00000000     0.00000000       0.00000000     0.00000000       0.00000000     0.00000000       0.00000000     0.00000000       0.00000000     0.00000000      -0.65465367     0.00000000       0.00000000     0.00000000       0.00000000     0.00000000       0.00000000     0.00000000   
    0.00000000     0.00000000       0.00000000     0.00000000       0.00000000     0.00000000       0.65465367     0.00000000       0.00000000     0.00000000       0.00000000     0.00000000       0.00000000     0.00000000       0.00000000     0.00000000       0.00000000     0.00000000       0.00000000     0.00000000       0.00000000     0.00000000      -0.75592895     0.00000000       0.00000000     0.00000000       0.00000000     0.00000000   
    0.00000000     0.00000000       0.00000000     0.00000000       0.00000000     0.00000000       0.00000000     0.00000000       0.53452248     0.00000000       0.00000000     0.00000000       0.00000000     0.00000000       0.00000000     0.00000000       0.00000000     0.00000000       0.00000000     0.00000000       0.00000000     0.00000000       0.00000000     0.00000000      -0.84515425     0.00000000       0.00000000     0.00000000   
    0.00000000     0.00000000       0.00000000     0.00000000       0.00000000     0.00000000       0.00000000     0.00000000       0.00000000     0.00000000       0.37796447     0.00000000       0.00000000     0.00000000       0.00000000     0.00000000       0.00000000     0.00000000       0.00000000     0.00000000       0.00000000     0.00000000       0.00000000     0.00000000       0.00000000     0.00000000      -0.92582010     0.00000000   
    0.00000000     0.00000000       0.00000000     0.00000000       0.00000000     0.00000000       0.00000000     0.00000000       0.00000000     0.00000000       0.00000000     0.00000000       0.00000000     0.00000000       1.00000000     0.00000000       0.00000000     0.00000000       0.00000000     0.00000000       0.00000000     0.00000000       0.00000000     0.00000000       0.00000000     0.00000000       0.00000000     0.00000000   
    0.37796447     0.00000000       0.00000000     0.00000000       0.00000000     0.00000000       0.00000000     0.00000000       0.00000000     0.00000000       0.00000000     0.00000000       0.00000000     0.00000000       0.00000000     0.00000000       0.92582010     0.00000000       0.00000000     0.00000000       0.00000000     0.00000000       0.00000000     0.00000000       0.00000000     0.00000000       0.00000000     0.00000000   
    0.00000000     0.00000000       0.53452248     0.00000000       0.00000000     0.00000000       0.00000000     0.00000000       0.00000000     0.00000000       0.00000000     0.00000000       0.00000000     0.00000000       0.00000000     0.00000000       0.00000000     0.00000000       0.84515425     0.00000000       0.00000000     0.00000000       0.00000000     0.00000000       0.00000000     0.00000000       0.00000000     0.00000000   
    0.00000000     0.00000000       0.00000000     0.00000000       0.65465367     0.00000000       0.00000000     0.00000000       0.00000000     0.00000000       0.00000000     0.00000000       0.00000000     0.00000000       0.00000000     0.00000000       0.00000000     0.00000000       0.00000000     0.00000000       0.75592895     0.00000000       0.00000000     0.00000000       0.00000000     0.00000000       0.00000000     0.00000000   
    0.00000000     0.00000000       0.00000000     0.00000000       0.00000000     0.00000000       0.75592895     0.00000000       0.00000000     0.00000000       0.00000000     0.00000000       0.00000000     0.00000000       0.00000000     0.00000000       0.00000000     0.00000000       0.00000000     0.00000000       0.00000000     0.00000000       0.65465367     0.00000000       0.00000000     0.00000000       0.00000000     0.00000000   
    0.00000000     0.00000000       0.00000000     0.00000000       0.00000000     0.00000000       0.00000000     0.00000000       0.84515425     0.00000000       0.00000000     0.00000000       0.00000000     0.00000000       0.00000000     0.00000000       0.00000000     0.00000000       0.00000000     0.00000000       0.00000000     0.00000000       0.00000000     0.00000000       0.53452248     0.00000000       0.00000000     0.00000000   
    0.00000000     0.00000000       0.00000000     0.00000000       0.00000000     0.00000000       0.00000000     0.00000000       0.00000000     0.00000000       0.92582010     0.00000000       0.00000000     0.00000000       0.00000000     0.00000000       0.00000000     0.00000000       0.00000000     0.00000000       0.00000000     0.00000000       0.00000000     0.00000000       0.00000000     0.00000000       0.37796447     0.00000000   
    0.00000000     0.00000000       0.00000000     0.00000000       0.00000000     0.00000000       0.00000000     0.00000000       0.00000000     0.00000000       0.00000000     0.00000000       1.00000000     0.00000000       0.00000000     0.00000000       0.00000000     0.00000000       0.00000000     0.00000000       0.00000000     0.00000000       0.00000000     0.00000000       0.00000000     0.00000000       0.00000000     0.00000000   
Rspin for iorb=  1
 angles=  0.000000000000000E+000   3.14159265358979       0.000000000000000E+000
  0.000000000000000E+000  0.000000000000000E+000  0.000000000000000E+000
 Rspin=
    0.000000    0.000000      0.000000    1.000000
    0.000000    1.000000      0.000000    0.000000
 Calculation for atom  1 which has iucase=  1
 ATPAR for spin up

          ATOMIC PARAMETERS FOR Pu  0+    

           ENERGY PARAMETERS ARE   1.05  -1.22   1.05   1.05

           L     U(R)          U'(R)         DU/DE        DU'/DE      NORM-U'
           0  0.551153E+00  0.814600E+00  0.112661E+00 -0.225994E+00
           1  0.537292E+00 -0.215185E-03 -0.144183E+00 -0.402595E+00
           2 -0.618176E+00  0.230066E-01  0.984492E-01  0.346336E+00
           3 -0.317284E+00  0.125464E+00  0.363898E+00  0.538128E+00
LO COEFFICIENT: l,A,B,C   0          0.65452    -3.20198     0.00000     0.00000
 
LO COEFFICIENT: l,A,B,C   0          0.32157     0.00000     0.77988     0.00000
 
LO COEFFICIENT: l,A,B,C   1          0.87941     3.27707     0.00000     0.00000
 
LO COEFFICIENT: l,A,B,C   1          0.27175     0.00000    -1.24126     0.00000
 
LO COEFFICIENT: l,A,B,C   2          0.85279     5.35481     0.00000     0.00000
 
LO COEFFICIENT: l,A,B,C   3          0.94008     0.81966     0.00000     0.00000
 
 ATPAR for spin down

          ATOMIC PARAMETERS FOR Pu  0+    

           ENERGY PARAMETERS ARE   1.05  -1.22   1.05   1.05

           L     U(R)          U'(R)         DU/DE        DU'/DE      NORM-U'
           0  0.551153E+00  0.814600E+00  0.112661E+00 -0.225994E+00
           1  0.537292E+00 -0.215185E-03 -0.144183E+00 -0.402595E+00
           2 -0.618176E+00  0.230066E-01  0.984492E-01  0.346336E+00
           3 -0.317284E+00  0.125464E+00  0.363898E+00  0.538128E+00
LO COEFFICIENT: l,A,B,C   0          0.65452    -3.20198     0.00000     0.00000
 
LO COEFFICIENT: l,A,B,C   0          0.32157     0.00000     0.77988     0.00000
 
LO COEFFICIENT: l,A,B,C   1          0.87941     3.27707     0.00000     0.00000
 
LO COEFFICIENT: l,A,B,C   1          0.27175     0.00000    -1.24126     0.00000
 
LO COEFFICIENT: l,A,B,C   2          0.85279     5.35481     0.00000     0.00000
 
LO COEFFICIENT: l,A,B,C   3          0.94008     0.81966     0.00000     0.00000
 
 L1=           0  L2=           0
 RADIAL INTEGRALS:
           1           1                 1           1   1.00000000000000     
           1           3                 1           1  0.574955268786456     
           1           1                 1           2   1.00000000000000     
           1           3                 1           2  0.574955268786456     
           1           1                 2           1   1.00000000000000     
           1           3                 2           1  0.574955268786456     
           1           1                 2           2   1.00000000000000     
           1           3                 2           2  0.574955268786456     
           2           2                 1           1  5.575220188095256E-002
           2           3                 1           1 -0.190924361750266     
           2           2                 1           2  5.575220188095256E-002
           2           3                 1           2 -0.190924361750266     
           2           2                 2           1  5.575220188095256E-002
           2           3                 2           1 -0.190924361750266     
           2           2                 2           2  5.575220188095256E-002
           2           3                 2           2 -0.190924361750266     
           3           1                 1           1  0.574955268786456     
           3           2                 1           1 -0.190924361750266     
           3           3                 1           1   1.00000000000000     
           3           1                 1           2  0.574955268786456     
           3           2                 1           2 -0.190924361750266     
           3           3                 1           2   1.00000000000000     
           3           1                 2           1  0.574955268786456     
           3           2                 2           1 -0.190924361750266     
           3           3                 2           1   1.00000000000000     
           3           1                 2           2  0.574955268786456     
           3           2                 2           2 -0.190924361750266     
           3           3                 2           2   1.00000000000000     
 L1=           1  L2=           1
 RADIAL INTEGRALS:
           1           1                 1           1   1.00000000000000     
           1           3                 1           1  0.910979847629113     
           1           1                 1           2   1.00000000000000     
           1           3                 1           2  0.910979847629113     
           1           1                 2           1   1.00000000000000     
           1           3                 2           1  0.910979847629113     
           1           1                 2           2   1.00000000000000     
           1           3                 2           2  0.910979847629113     
           2           2                 1           1  2.110427149713923E-002
           2           3                 1           1  5.975332753749291E-002
           2           2                 1           2  2.110427149713923E-002
           2           3                 1           2  5.975332753749291E-002
           2           2                 2           1  2.110427149713923E-002
           2           3                 2           1  5.975332753749291E-002
           2           2                 2           2  2.110427149713923E-002
           2           3                 2           2  5.975332753749291E-002
           3           1                 1           1  0.910979847629113     
           3           2                 1           1  5.975332753749291E-002
           3           3                 1           1   1.00000000000000     
           3           1                 1           2  0.910979847629113     
           3           2                 1           2  5.975332753749291E-002
           3           3                 1           2   1.00000000000000     
           3           1                 2           1  0.910979847629113     
           3           2                 2           1  5.975332753749291E-002
           3           3                 2           1   1.00000000000000     
           3           1                 2           2  0.910979847629113     
           3           2                 2           2  5.975332753749291E-002
           3           3                 2           2   1.00000000000000     
 L1=           2  L2=           2
 RADIAL INTEGRALS:
           1           1                 1           1   1.00000000000000     
           1           1                 1           2   1.00000000000000     
           1           1                 2           1   1.00000000000000     
           1           1                 2           2   1.00000000000000     
           2           2                 1           1  9.511829286868898E-003
           2           2                 1           2  9.511829286868898E-003
           2           2                 2           1  9.511829286868898E-003
           2           2                 2           2  9.511829286868898E-003
 L1=           3  L2=           3
 RADIAL INTEGRALS:
           1           1                 1           1   1.00000000000000     
           1           1                 1           2   1.00000000000000     
           1           1                 2           1   1.00000000000000     
           1           1                 2           2   1.00000000000000     
           2           2                 1           1  0.173040701286052     
           2           2                 1           2  0.173040701286052     
           2           2                 2           1  0.173040701286052     
           2           2                 2           2  0.173040701286052     
Saving potential parameters for atom 1 into  1
pr_proc=143  tot-k=286
 ------------------------------------------------------------------------------


   =====>>> CPU TIME SUMMARY

            TOTAL       :      1.2
 OMP_NUM_THREADS= 2
 GUTZ_SOLVER VO.1.5 BUILT ON Jan 19 2014 AT22:25:59
 NT=  1 SEC_N%DIM=   10 WITH ID:
           1       2      16     107     471    1472    3474    6477    9909   12912
       14914
 MEAN U/J:  0.2940  0.0265
 NEL_FIX_VDC1=      5.19
 ATOM DEPENDENT NELF1:
      5.1898
 DCMIX_A=  0.200000
 SYMMETRICALLY NON-EQUIVALENT ATOMS:
          1
 VARIATIONAL-SETUP-NON-EQUIVALENT ATOMS:
          1
 COMPLEMENTARY VARIATIONAL-SETUP-EQUIVALENT ATOMS:

 GYZ%SYM%IDSUM:
  1
 DIM(X_Gutz)=  4
 CALC SET: GAPJ-SHFT FULL       -JH-PROJ SLATER    VAR-FIXDC    Ryd.   
 NT= 1
 LOCAL INTERACTION PART   :
 U              :   0.2940
 J              :   0.0265
 FOCK SPACE PART:
 NA             :  7
 FS%OCC(1) L.B. :  0
 FS%OCC(2) U.B. :  9
 FS%DIM         :     14913
 HL%OCC(1) L.B. :  0
 HL%OCC(2) U.B. :  9
 ISO= 2 ISPIN_IN= 1 ISPIN= 1 ISPO= 2
 BND%NMAX=  70
 BZ INTEGRATION WITH TETRA METHOD, ICOR= 1
 EQUAL OCCUPANCY OF DEGENERATE STATES, TOL= 0.1E-05
 VALENCE ELECTRONS: TOTAL=    16.0
                    CORRELATED PART=     8.0
 SYM%IDI/IDF=  1 16
 BND%NMAXIN=   26
      GUTZ5_INI_CORR_UVEK takes  0 hours  0 minutes and    0.04 seconds (CPU).
                          takes  0 hours  0 minutes and    0.04 seconds (WALL).
                 SETUP_TB takes  0 hours  0 minutes and    1.29 seconds (CPU).
                          takes  0 hours  0 minutes and    1.53 seconds (WALL).
************  EL-  ************
 NI=  1 NI_GLOBAL=  1
   1.2917   1.2896   1.2850   1.2850   1.2896   1.2917   1.3718   1.3705   1.3685   1.3618   1.3618   1.3685   1.3705   1.3718
************  EL=  ************
 NI=  1 NI_GLOBAL=  1
   1.2917   0.0000   0.0000   0.0000   0.0025   0.0000   0.0000   0.0007   0.0000   0.0000   0.0000  -0.0018   0.0000   0.0000
   0.0000   1.2896   0.0000   0.0000   0.0000   0.0025   0.0000   0.0000   0.0006   0.0000   0.0000   0.0000   0.0061   0.0000
   0.0000   0.0000   1.2850   0.0000   0.0000   0.0000   0.0000   0.0000   0.0000   0.0044   0.0000   0.0000   0.0000   0.0000
   0.0000   0.0000   0.0000   1.2850   0.0000   0.0000   0.0000   0.0000   0.0000   0.0000  -0.0044   0.0000   0.0000   0.0000
   0.0025   0.0000   0.0000   0.0000   1.2896   0.0000   0.0000  -0.0061   0.0000   0.0000   0.0000  -0.0006   0.0000   0.0000
   0.0000   0.0025   0.0000   0.0000   0.0000   1.2917   0.0000   0.0000   0.0018   0.0000   0.0000   0.0000  -0.0007   0.0000
   0.0000   0.0000   0.0000   0.0000   0.0000   0.0000   1.3718   0.0000   0.0000   0.0000   0.0002   0.0000   0.0000   0.0000
   0.0007   0.0000   0.0000   0.0000  -0.0061   0.0000   0.0000   1.3705   0.0000   0.0000   0.0000   0.0044   0.0000   0.0000
   0.0000   0.0006   0.0000   0.0000   0.0000   0.0018   0.0000   0.0000   1.3685   0.0000   0.0000   0.0000   0.0044   0.0000
   0.0000   0.0000   0.0044   0.0000   0.0000   0.0000   0.0000   0.0000   0.0000   1.3618   0.0000   0.0000   0.0000   0.0002
   0.0000   0.0000   0.0000  -0.0044   0.0000   0.0000   0.0002   0.0000   0.0000   0.0000   1.3618   0.0000   0.0000   0.0000
  -0.0018   0.0000   0.0000   0.0000  -0.0006   0.0000   0.0000   0.0044   0.0000   0.0000   0.0000   1.3685   0.0000   0.0000
   0.0000   0.0061   0.0000   0.0000   0.0000  -0.0007   0.0000   0.0000   0.0044   0.0000   0.0000   0.0000   1.3705   0.0000
   0.0000   0.0000   0.0000   0.0000   0.0000   0.0000   0.0000   0.0000   0.0000   0.0002   0.0000   0.0000   0.0000   1.3718
 NI=  1 LOCAL ORBITAL LEVEL CENTER(ELC)=   1.334
************  EL0  ************
 NI=  1 NI_GLOBAL=  1
   1.2888   1.2888   1.2888   1.2888   1.2888   1.2888   1.3682   1.3682   1.3682   1.3682   1.3682   1.3682   1.3682   1.3682
************  ELL  ************
 NI=  1 NI_GLOBAL=  1
   1.2888   0.0000   0.0000   0.0000   0.0000   0.0000   0.0000   0.0000   0.0000   0.0000   0.0000   0.0000   0.0000   0.0000
   0.0000   1.2888   0.0000   0.0000   0.0000   0.0000   0.0000   0.0000   0.0000   0.0000   0.0000   0.0000   0.0000   0.0000
   0.0000   0.0000   1.2888   0.0000   0.0000   0.0000   0.0000   0.0000   0.0000   0.0000   0.0000   0.0000   0.0000   0.0000
   0.0000   0.0000   0.0000   1.2888   0.0000   0.0000   0.0000   0.0000   0.0000   0.0000   0.0000   0.0000   0.0000   0.0000
   0.0000   0.0000   0.0000   0.0000   1.2888   0.0000   0.0000   0.0000   0.0000   0.0000   0.0000   0.0000   0.0000   0.0000
   0.0000   0.0000   0.0000   0.0000   0.0000   1.2888   0.0000   0.0000   0.0000   0.0000   0.0000   0.0000   0.0000   0.0000
   0.0000   0.0000   0.0000   0.0000   0.0000   0.0000   1.3682   0.0000   0.0000   0.0000   0.0000   0.0000   0.0000   0.0000
   0.0000   0.0000   0.0000   0.0000   0.0000   0.0000   0.0000   1.3682   0.0000   0.0000   0.0000   0.0000   0.0000   0.0000
   0.0000   0.0000   0.0000   0.0000   0.0000   0.0000   0.0000   0.0000   1.3682   0.0000   0.0000   0.0000   0.0000   0.0000
   0.0000   0.0000   0.0000   0.0000   0.0000   0.0000   0.0000   0.0000   0.0000   1.3682   0.0000   0.0000   0.0000   0.0000
   0.0000   0.0000   0.0000   0.0000   0.0000   0.0000   0.0000   0.0000   0.0000   0.0000   1.3682   0.0000   0.0000   0.0000
   0.0000   0.0000   0.0000   0.0000   0.0000   0.0000   0.0000   0.0000   0.0000   0.0000   0.0000   1.3682   0.0000   0.0000
   0.0000   0.0000   0.0000   0.0000   0.0000   0.0000   0.0000   0.0000   0.0000   0.0000   0.0000   0.0000   1.3682   0.0000
   0.0000   0.0000   0.0000   0.0000   0.0000   0.0000   0.0000   0.0000   0.0000   0.0000   0.0000   0.0000   0.0000   1.3682
                  GET_EL0 takes  0 hours  0 minutes and    0.02 seconds (CPU).
                          takes  0 hours  0 minutes and    0.00 seconds (WALL).
 There are  4 blocks of bands, with band energy windows:
  -2.134  -2.082 |   -0.589  -0.482 |   -0.053   0.205 |    0.887   4.500 | 
 Band window indices:
         1      2 |          3      4 |          5      8 |          9     71 | 
 Band width
       0.052   |         0.108   |         0.259   |         3.612   |  
 Band gap
       1.492   |         0.428   |         0.682   |  
 CORRELATED BLOCK: EMIN/EMIX=    0.8875    1.7248
 CORRELATED BAND WIDTH=   0.837
         GUTZ_RED_PRJ_NEQ takes  0 hours  1 minutes and    2.97 seconds (CPU).
                          takes  0 hours  1 minutes and    2.91 seconds (WALL).
 NI=  1 DIM_PHIK=   41227 HL%DIM=  14913
       ID_PHIK_N=
      1      2      4     33    264   1639   6153  15546  27321  36714
  41228
       ID_PHIK_J=
      1      2      3      4      8      9     18     19     28     29
     33     37     73    122    171    220    245    254    263    264
    300    349    638    807   1168   1364   1533   1582   1631   1635
   1639   1739   2180   2964   3864   4705   5381   5781   6037   6118
   6143   6152   6153   6349   6710   8079   9448  11564  12933  14377
  14953  15353  15474  15538  15542  15546  15835  16796  18560  21060
  23176  24940  26165  26841  27165  27286  27311  27320  27321  27517
  27878  29247  30616  32732  34101  35545  36121  36521  36642  36706
  36710  36714  36814  37255  38039  38939  39780  40456  40856  41112
  41193  41218  41227  41228
          GUTZ_SET_PRJ_EQ takes  0 hours  0 minutes and    0.00 seconds (CPU).
                          takes  0 hours  0 minutes and    0.00 seconds (WALL).
************   WH%X  ************
    0.89967893    0.91343698
    1.24626901    1.40170884
************  RIN  ************
 NI=  1 NI_GLOBAL=  1
   0.8997   0.8997   0.8997   0.8997   0.8997   0.8997   0.9134   0.9134   0.9134   0.9134   0.9134   0.9134   0.9134   0.9134
************  LA1  ************
 NI=  1 NI_GLOBAL=  1
   1.2463   1.2463   1.2463   1.2463   1.2463   1.2463   1.4017   1.4017   1.4017   1.4017   1.4017   1.4017   1.4017   1.4017
             CALC_BAND_AL takes  0 hours  0 minutes and    0.52 seconds (CPU).
                          takes  0 hours  0 minutes and    0.25 seconds (WALL).
 ILOOP            1
   FERMI ENERGY AT    1.25707854476786     
   SUM RULE OF TETRAHEDRON INTEGRATION CHECKED 
   number of occupied bands:          18
   highest energy:   1.30436869025510     
************  NK-  ************
 NI=  1 NI_GLOBAL=  1
   0.8076   0.7603   0.8192   0.8192   0.7603   0.8076   0.0422   0.0717   0.0499   0.0444   0.0444   0.0499   0.0717   0.0422
************  NNK  ************
 NI=  1 NI_GLOBAL=  1
   0.8076   0.0000   0.0000   0.0000  -0.0441   0.0000   0.0000  -0.0278   0.0000   0.0000   0.0000  -0.0045   0.0000   0.0000
   0.0000   0.7603   0.0000   0.0000   0.0000  -0.0441   0.0000   0.0000   0.0258   0.0000   0.0000   0.0000  -0.0063   0.0000
   0.0000   0.0000   0.8192   0.0000   0.0000   0.0000   0.0000   0.0000   0.0000  -0.0164   0.0000   0.0000   0.0000  -0.0225
   0.0000   0.0000   0.0000   0.8192   0.0000   0.0000   0.0225   0.0000   0.0000   0.0000   0.0164   0.0000   0.0000   0.0000
  -0.0441   0.0000   0.0000   0.0000   0.7603   0.0000   0.0000   0.0063   0.0000   0.0000   0.0000  -0.0258   0.0000   0.0000
   0.0000  -0.0441   0.0000   0.0000   0.0000   0.8076   0.0000   0.0000   0.0045   0.0000   0.0000   0.0000   0.0278   0.0000
   0.0000   0.0000   0.0000   0.0225   0.0000   0.0000   0.0422   0.0000   0.0000   0.0000   0.0012   0.0000   0.0000   0.0000
  -0.0278   0.0000   0.0000   0.0000   0.0063   0.0000   0.0000   0.0717   0.0000   0.0000   0.0000   0.0016   0.0000   0.0000
   0.0000   0.0258   0.0000   0.0000   0.0000   0.0045   0.0000   0.0000   0.0499   0.0000   0.0000   0.0000   0.0016   0.0000
   0.0000   0.0000  -0.0164   0.0000   0.0000   0.0000   0.0000   0.0000   0.0000   0.0444   0.0000   0.0000   0.0000   0.0012
   0.0000   0.0000   0.0000   0.0164   0.0000   0.0000   0.0012   0.0000   0.0000   0.0000   0.0444   0.0000   0.0000   0.0000
  -0.0045   0.0000   0.0000   0.0000  -0.0258   0.0000   0.0000   0.0016   0.0000   0.0000   0.0000   0.0499   0.0000   0.0000
   0.0000  -0.0063   0.0000   0.0000   0.0000   0.0278   0.0000   0.0000   0.0016   0.0000   0.0000   0.0000   0.0717   0.0000
   0.0000   0.0000  -0.0225   0.0000   0.0000   0.0000   0.0000   0.0000   0.0000   0.0012   0.0000   0.0000   0.0000   0.0422
************  NKS  ************
 NI=  1 NI_GLOBAL=  1
   0.7957   0.7957   0.7957   0.7957   0.7957   0.7957   0.0521   0.0521   0.0521   0.0521   0.0521   0.0521   0.0521   0.0521
 NELE_LOC TOTAL:
           5.1906214002002002
              CALC_DA_BND takes  0 hours  0 minutes and    0.09 seconds (CPU).
                          takes  0 hours  0 minutes and    0.09 seconds (WALL).
************  DA-  ************
 NI=  1 NI_GLOBAL=  1
  -0.0237  -0.0250  -0.0217  -0.0217  -0.0250  -0.0237  -0.0090  -0.0151  -0.0105  -0.0095  -0.0095  -0.0105  -0.0151  -0.0090
************  DAA  ************
 NI=  1 NI_GLOBAL=  1
  -0.0235  -0.0235  -0.0235  -0.0235  -0.0235  -0.0235  -0.0110  -0.0110  -0.0110  -0.0110  -0.0110  -0.0110  -0.0110  -0.0110
 NI=  1 VDC=    1.3233
************  LA2  ************
 NI=  1 NI_GLOBAL=  1
  -2.6464  -2.6464  -2.6464  -2.6464  -2.6464  -2.6464  -2.5423  -2.5423  -2.5423  -2.5423  -2.5423  -2.5423  -2.5423  -2.5423
 NI=  1 PHI-step gap=  0.14E+00
************  RAA  ************
 NI=  1 NI_GLOBAL=  1
   0.8996   0.8996   0.8996   0.8996   0.8996   0.8996   0.9135   0.9135   0.9135   0.9135   0.9135   0.9135   0.9135   0.9135
************  NC0  ************
 NI=  1 NI_GLOBAL=  1
   0.7957   0.7957   0.7957   0.7957   0.7957   0.7957   0.0521   0.0521   0.0521   0.0521   0.0521   0.0521   0.0521   0.0521
                  CALC_LC takes  0 hours  9 minutes and   47.39 seconds (CPU).
                          takes  0 hours  9 minutes and   47.38 seconds (WALL).
                GUTZ_FCN1 takes  0 hours  9 minutes and   48.32 seconds (CPU).
                          takes  0 hours  9 minutes and   47.91 seconds (WALL).
************  DIF_X  ************
   -0.000029034464    0.000030736919
    0.000022700216    0.000003722482
 ITER1=  1 MAXERR=    0.00003074
************   WH%X  ************
    0.89969336    0.91344104
    1.24625396    1.40170150
************  RIN  ************
 NI=  1 NI_GLOBAL=  1
   0.8997   0.8997   0.8997   0.8997   0.8997   0.8997   0.9134   0.9134   0.9134   0.9134   0.9134   0.9134   0.9134   0.9134
************  LA1  ************
 NI=  1 NI_GLOBAL=  1
   1.2463   1.2463   1.2463   1.2463   1.2463   1.2463   1.4017   1.4017   1.4017   1.4017   1.4017   1.4017   1.4017   1.4017
             CALC_BAND_AL takes  0 hours  0 minutes and    0.52 seconds (CPU).
                          takes  0 hours  0 minutes and    0.26 seconds (WALL).
 ILOOP            1
 ILOOP            2
   FERMI ENERGY AT    1.25706863553797     
   SUM RULE OF TETRAHEDRON INTEGRATION CHECKED 
   number of occupied bands:          18
   highest energy:   1.30436556202705     
************  NK-  ************
 NI=  1 NI_GLOBAL=  1
   0.8076   0.7603   0.8192   0.8192   0.7603   0.8076   0.0422   0.0717   0.0499   0.0444   0.0444   0.0499   0.0717   0.0422
************  NNK  ************
 NI=  1 NI_GLOBAL=  1
   0.8076   0.0000   0.0000   0.0000  -0.0441   0.0000   0.0000  -0.0278   0.0000   0.0000   0.0000  -0.0045   0.0000   0.0000
   0.0000   0.7603   0.0000   0.0000   0.0000  -0.0441   0.0000   0.0000   0.0258   0.0000   0.0000   0.0000  -0.0063   0.0000
   0.0000   0.0000   0.8192   0.0000   0.0000   0.0000   0.0000   0.0000   0.0000  -0.0164   0.0000   0.0000   0.0000  -0.0225
   0.0000   0.0000   0.0000   0.8192   0.0000   0.0000   0.0225   0.0000   0.0000   0.0000   0.0164   0.0000   0.0000   0.0000
  -0.0441   0.0000   0.0000   0.0000   0.7603   0.0000   0.0000   0.0063   0.0000   0.0000   0.0000  -0.0258   0.0000   0.0000
   0.0000  -0.0441   0.0000   0.0000   0.0000   0.8076   0.0000   0.0000   0.0045   0.0000   0.0000   0.0000   0.0278   0.0000
   0.0000   0.0000   0.0000   0.0225   0.0000   0.0000   0.0422   0.0000   0.0000   0.0000   0.0012   0.0000   0.0000   0.0000
  -0.0278   0.0000   0.0000   0.0000   0.0063   0.0000   0.0000   0.0717   0.0000   0.0000   0.0000   0.0016   0.0000   0.0000
   0.0000   0.0258   0.0000   0.0000   0.0000   0.0045   0.0000   0.0000   0.0499   0.0000   0.0000   0.0000   0.0016   0.0000
   0.0000   0.0000  -0.0164   0.0000   0.0000   0.0000   0.0000   0.0000   0.0000   0.0444   0.0000   0.0000   0.0000   0.0012
   0.0000   0.0000   0.0000   0.0164   0.0000   0.0000   0.0012   0.0000   0.0000   0.0000   0.0444   0.0000   0.0000   0.0000
  -0.0045   0.0000   0.0000   0.0000  -0.0258   0.0000   0.0000   0.0016   0.0000   0.0000   0.0000   0.0499   0.0000   0.0000
   0.0000  -0.0063   0.0000   0.0000   0.0000   0.0278   0.0000   0.0000   0.0016   0.0000   0.0000   0.0000   0.0717   0.0000
   0.0000   0.0000  -0.0225   0.0000   0.0000   0.0000   0.0000   0.0000   0.0000   0.0012   0.0000   0.0000   0.0000   0.0422
************  NKS  ************
 NI=  1 NI_GLOBAL=  1
   0.7957   0.7957   0.7957   0.7957   0.7957   0.7957   0.0521   0.0521   0.0521   0.0521   0.0521   0.0521   0.0521   0.0521
 NELE_LOC TOTAL:
           5.1907817624814099
              CALC_DA_BND takes  0 hours  0 minutes and    0.09 seconds (CPU).
                          takes  0 hours  0 minutes and    0.09 seconds (WALL).
************  DA-  ************
 NI=  1 NI_GLOBAL=  1
  -0.0237  -0.0250  -0.0217  -0.0217  -0.0250  -0.0237  -0.0090  -0.0151  -0.0105  -0.0095  -0.0095  -0.0105  -0.0151  -0.0090
************  DAA  ************
 NI=  1 NI_GLOBAL=  1
  -0.0235  -0.0235  -0.0235  -0.0235  -0.0235  -0.0235  -0.0110  -0.0110  -0.0110  -0.0110  -0.0110  -0.0110  -0.0110  -0.0110
 NI=  1 VDC=    1.3233
************  LA2  ************
 NI=  1 NI_GLOBAL=  1
  -2.6464  -2.6464  -2.6464  -2.6464  -2.6464  -2.6464  -2.5423  -2.5423  -2.5423  -2.5423  -2.5423  -2.5423  -2.5423  -2.5423
 NI=  1 PHI-step gap=  0.14E+00
************  RAA  ************
 NI=  1 NI_GLOBAL=  1
   0.8997   0.8997   0.8997   0.8997   0.8997   0.8997   0.9134   0.9134   0.9134   0.9134   0.9134   0.9134   0.9134   0.9134
************  NC0  ************
 NI=  1 NI_GLOBAL=  1
   0.7957   0.7957   0.7957   0.7957   0.7957   0.7957   0.0521   0.0521   0.0521   0.0521   0.0521   0.0521   0.0521   0.0521
                  CALC_LC takes  0 hours  8 minutes and   55.93 seconds (CPU).
                          takes  0 hours  8 minutes and   55.80 seconds (WALL).
                GUTZ_FCN1 takes  0 hours  8 minutes and   56.82 seconds (CPU).
                          takes  0 hours  8 minutes and   56.34 seconds (WALL).
************  DIF_X  ************
   -0.000000587642   -0.000000332733
   -0.000000401442   -0.000000036972
 ITER1=  2 MAXERR=    0.00000059
************   WH%X  ************
    0.89969200    0.91344086
    1.24625426    1.40170145
************  RIN  ************
 NI=  1 NI_GLOBAL=  1
   0.8997   0.8997   0.8997   0.8997   0.8997   0.8997   0.9134   0.9134   0.9134   0.9134   0.9134   0.9134   0.9134   0.9134
************  LA1  ************
 NI=  1 NI_GLOBAL=  1
   1.2463   1.2463   1.2463   1.2463   1.2463   1.2463   1.4017   1.4017   1.4017   1.4017   1.4017   1.4017   1.4017   1.4017
             CALC_BAND_AL takes  0 hours  0 minutes and    0.51 seconds (CPU).
                          takes  0 hours  0 minutes and    0.26 seconds (WALL).
 ILOOP            1
 ILOOP            2
   FERMI ENERGY AT    1.25706880254379     
   SUM RULE OF TETRAHEDRON INTEGRATION CHECKED 
   number of occupied bands:          18
   highest energy:   1.30436558525666     
************  NK-  ************
 NI=  1 NI_GLOBAL=  1
   0.8076   0.7603   0.8192   0.8192   0.7603   0.8076   0.0422   0.0717   0.0499   0.0444   0.0444   0.0499   0.0717   0.0422
************  NNK  ************
 NI=  1 NI_GLOBAL=  1
   0.8076   0.0000   0.0000   0.0000  -0.0441   0.0000   0.0000  -0.0278   0.0000   0.0000   0.0000  -0.0045   0.0000   0.0000
   0.0000   0.7603   0.0000   0.0000   0.0000  -0.0441   0.0000   0.0000   0.0258   0.0000   0.0000   0.0000  -0.0063   0.0000
   0.0000   0.0000   0.8192   0.0000   0.0000   0.0000   0.0000   0.0000   0.0000  -0.0164   0.0000   0.0000   0.0000  -0.0225
   0.0000   0.0000   0.0000   0.8192   0.0000   0.0000   0.0225   0.0000   0.0000   0.0000   0.0164   0.0000   0.0000   0.0000
  -0.0441   0.0000   0.0000   0.0000   0.7603   0.0000   0.0000   0.0063   0.0000   0.0000   0.0000  -0.0258   0.0000   0.0000
   0.0000  -0.0441   0.0000   0.0000   0.0000   0.8076   0.0000   0.0000   0.0045   0.0000   0.0000   0.0000   0.0278   0.0000
   0.0000   0.0000   0.0000   0.0225   0.0000   0.0000   0.0422   0.0000   0.0000   0.0000   0.0012   0.0000   0.0000   0.0000
  -0.0278   0.0000   0.0000   0.0000   0.0063   0.0000   0.0000   0.0717   0.0000   0.0000   0.0000   0.0016   0.0000   0.0000
   0.0000   0.0258   0.0000   0.0000   0.0000   0.0045   0.0000   0.0000   0.0499   0.0000   0.0000   0.0000   0.0016   0.0000
   0.0000   0.0000  -0.0164   0.0000   0.0000   0.0000   0.0000   0.0000   0.0000   0.0444   0.0000   0.0000   0.0000   0.0012
   0.0000   0.0000   0.0000   0.0164   0.0000   0.0000   0.0012   0.0000   0.0000   0.0000   0.0444   0.0000   0.0000   0.0000
  -0.0045   0.0000   0.0000   0.0000  -0.0258   0.0000   0.0000   0.0016   0.0000   0.0000   0.0000   0.0499   0.0000   0.0000
   0.0000  -0.0063   0.0000   0.0000   0.0000   0.0278   0.0000   0.0000   0.0016   0.0000   0.0000   0.0000   0.0717   0.0000
   0.0000   0.0000  -0.0225   0.0000   0.0000   0.0000   0.0000   0.0000   0.0000   0.0012   0.0000   0.0000   0.0000   0.0422
************  NKS  ************
 NI=  1 NI_GLOBAL=  1
   0.7957   0.7957   0.7957   0.7957   0.7957   0.7957   0.0521   0.0521   0.0521   0.0521   0.0521   0.0521   0.0521   0.0521
 NELE_LOC TOTAL:
           5.1907789375367273
              CALC_DA_BND takes  0 hours  0 minutes and    0.08 seconds (CPU).
                          takes  0 hours  0 minutes and    0.08 seconds (WALL).
************  DA-  ************
 NI=  1 NI_GLOBAL=  1
  -0.0237  -0.0250  -0.0217  -0.0217  -0.0250  -0.0237  -0.0090  -0.0151  -0.0105  -0.0095  -0.0095  -0.0105  -0.0151  -0.0090
************  DAA  ************
 NI=  1 NI_GLOBAL=  1
  -0.0235  -0.0235  -0.0235  -0.0235  -0.0235  -0.0235  -0.0110  -0.0110  -0.0110  -0.0110  -0.0110  -0.0110  -0.0110  -0.0110
 NI=  1 VDC=    1.3233
************  LA2  ************
 NI=  1 NI_GLOBAL=  1
  -2.6464  -2.6464  -2.6464  -2.6464  -2.6464  -2.6464  -2.5423  -2.5423  -2.5423  -2.5423  -2.5423  -2.5423  -2.5423  -2.5423
 NI=  1 PHI-step gap=  0.14E+00
************  RAA  ************
 NI=  1 NI_GLOBAL=  1
   0.8997   0.8997   0.8997   0.8997   0.8997   0.8997   0.9134   0.9134   0.9134   0.9134   0.9134   0.9134   0.9134   0.9134
************  NC0  ************
 NI=  1 NI_GLOBAL=  1
   0.7957   0.7957   0.7957   0.7957   0.7957   0.7957   0.0521   0.0521   0.0521   0.0521   0.0521   0.0521   0.0521   0.0521
                  CALC_LC takes  0 hours  7 minutes and   19.04 seconds (CPU).
                          takes  0 hours  7 minutes and   18.88 seconds (WALL).
                GUTZ_FCN1 takes  0 hours  7 minutes and   19.92 seconds (CPU).
                          takes  0 hours  7 minutes and   19.41 seconds (WALL).
************  DIF_X  ************
   -0.000000038602    0.000000011329
   -0.000000000471   -0.000000001561
 ITER1=  3 MAXERR=    0.00000004
************   WH%X  ************
    0.89969196    0.91344088
    1.24625426    1.40170146
************  RIN  ************
 NI=  1 NI_GLOBAL=  1
   0.8997   0.8997   0.8997   0.8997   0.8997   0.8997   0.9134   0.9134   0.9134   0.9134   0.9134   0.9134   0.9134   0.9134
************  LA1  ************
 NI=  1 NI_GLOBAL=  1
   1.2463   1.2463   1.2463   1.2463   1.2463   1.2463   1.4017   1.4017   1.4017   1.4017   1.4017   1.4017   1.4017   1.4017
             CALC_BAND_AL takes  0 hours  0 minutes and    0.53 seconds (CPU).
                          takes  0 hours  0 minutes and    0.27 seconds (WALL).
 ILOOP            1
 ILOOP            2
   FERMI ENERGY AT    1.25706880352934     
   SUM RULE OF TETRAHEDRON INTEGRATION CHECKED 
   number of occupied bands:          18
   highest energy:   1.30436558480526     
************  NK-  ************
 NI=  1 NI_GLOBAL=  1
   0.8076   0.7603   0.8192   0.8192   0.7603   0.8076   0.0422   0.0717   0.0499   0.0444   0.0444   0.0499   0.0717   0.0422
************  NNK  ************
 NI=  1 NI_GLOBAL=  1
   0.8076   0.0000   0.0000   0.0000  -0.0441   0.0000   0.0000  -0.0278   0.0000   0.0000   0.0000  -0.0045   0.0000   0.0000
   0.0000   0.7603   0.0000   0.0000   0.0000  -0.0441   0.0000   0.0000   0.0258   0.0000   0.0000   0.0000  -0.0063   0.0000
   0.0000   0.0000   0.8192   0.0000   0.0000   0.0000   0.0000   0.0000   0.0000  -0.0164   0.0000   0.0000   0.0000  -0.0225
   0.0000   0.0000   0.0000   0.8192   0.0000   0.0000   0.0225   0.0000   0.0000   0.0000   0.0164   0.0000   0.0000   0.0000
  -0.0441   0.0000   0.0000   0.0000   0.7603   0.0000   0.0000   0.0063   0.0000   0.0000   0.0000  -0.0258   0.0000   0.0000
   0.0000  -0.0441   0.0000   0.0000   0.0000   0.8076   0.0000   0.0000   0.0045   0.0000   0.0000   0.0000   0.0278   0.0000
   0.0000   0.0000   0.0000   0.0225   0.0000   0.0000   0.0422   0.0000   0.0000   0.0000   0.0012   0.0000   0.0000   0.0000
  -0.0278   0.0000   0.0000   0.0000   0.0063   0.0000   0.0000   0.0717   0.0000   0.0000   0.0000   0.0016   0.0000   0.0000
   0.0000   0.0258   0.0000   0.0000   0.0000   0.0045   0.0000   0.0000   0.0499   0.0000   0.0000   0.0000   0.0016   0.0000
   0.0000   0.0000  -0.0164   0.0000   0.0000   0.0000   0.0000   0.0000   0.0000   0.0444   0.0000   0.0000   0.0000   0.0012
   0.0000   0.0000   0.0000   0.0164   0.0000   0.0000   0.0012   0.0000   0.0000   0.0000   0.0444   0.0000   0.0000   0.0000
  -0.0045   0.0000   0.0000   0.0000  -0.0258   0.0000   0.0000   0.0016   0.0000   0.0000   0.0000   0.0499   0.0000   0.0000
   0.0000  -0.0063   0.0000   0.0000   0.0000   0.0278   0.0000   0.0000   0.0016   0.0000   0.0000   0.0000   0.0717   0.0000
   0.0000   0.0000  -0.0225   0.0000   0.0000   0.0000   0.0000   0.0000   0.0000   0.0012   0.0000   0.0000   0.0000   0.0422
************  NKS  ************
 NI=  1 NI_GLOBAL=  1
   0.7957   0.7957   0.7957   0.7957   0.7957   0.7957   0.0521   0.0521   0.0521   0.0521   0.0521   0.0521   0.0521   0.0521
 NELE_LOC TOTAL:
           5.1907789183053934
              CALC_DA_BND takes  0 hours  0 minutes and    0.09 seconds (CPU).
                          takes  0 hours  0 minutes and    0.09 seconds (WALL).
************  DA-  ************
 NI=  1 NI_GLOBAL=  1
  -0.0237  -0.0250  -0.0217  -0.0217  -0.0250  -0.0237  -0.0090  -0.0151  -0.0105  -0.0095  -0.0095  -0.0105  -0.0151  -0.0090
************  DAA  ************
 NI=  1 NI_GLOBAL=  1
  -0.0235  -0.0235  -0.0235  -0.0235  -0.0235  -0.0235  -0.0110  -0.0110  -0.0110  -0.0110  -0.0110  -0.0110  -0.0110  -0.0110
 NI=  1 VDC=    1.3233
************  LA2  ************
 NI=  1 NI_GLOBAL=  1
  -2.6464  -2.6464  -2.6464  -2.6464  -2.6464  -2.6464  -2.5423  -2.5423  -2.5423  -2.5423  -2.5423  -2.5423  -2.5423  -2.5423
 NI=  1 PHI-step gap=  0.14E+00
************  RAA  ************
 NI=  1 NI_GLOBAL=  1
   0.8997   0.8997   0.8997   0.8997   0.8997   0.8997   0.9134   0.9134   0.9134   0.9134   0.9134   0.9134   0.9134   0.9134
************  NC0  ************
 NI=  1 NI_GLOBAL=  1
   0.7957   0.7957   0.7957   0.7957   0.7957   0.7957   0.0521   0.0521   0.0521   0.0521   0.0521   0.0521   0.0521   0.0521
                  CALC_LC takes  0 hours  8 minutes and   27.55 seconds (CPU).
                          takes  0 hours  8 minutes and   27.45 seconds (WALL).
                GUTZ_FCN1 takes  0 hours  8 minutes and   28.42 seconds (CPU).
                          takes  0 hours  8 minutes and   28.02 seconds (WALL).
************  DIF_X  ************
    0.000000000231   -0.000000000452
   -0.000000000333    0.000000000109
 ITER1=  4 MAXERR=    0.00000000
 NFJAC=   0
 SOLVE1 FINISHED WITH       4 ITERATIONS.
               GUTZ_SOLVE takes  0 hours 34 minutes and   33.48 seconds (CPU).
                          takes  0 hours 34 minutes and   31.69 seconds (WALL).
 MAX. NELF1 DIFF=    0.00098296
               CALC_PJRHO takes  0 hours  0 minutes and    0.56 seconds (CPU).
                          takes  0 hours  0 minutes and    0.40 seconds (WALL).
 NI=  1 SUM_PHY-SUM_KS=      0.00000000 WOULD BE RENORMALIZED
************  NC1  ************
 NI=  1 NI_GLOBAL=  1
   0.7837   0.7837   0.7837   0.7837   0.7837   0.7837   0.0611   0.0611   0.0611   0.0611   0.0611   0.0611   0.0611   0.0611
               CALC_NCPHY takes  0 hours  0 minutes and   49.86 seconds (CPU).
                          takes  0 hours  0 minutes and   49.68 seconds (WALL).
 GYZ%PJ%EGAMM:
     9.79324
 ENG%GAMM:     9.79324
 ENG%POT2:     3.06474
 EDCLA1(NI) ARRAY:
    -6.534
 EDCUJ(NI) ARRAY:
    -3.088
 EDCUJV(NI) ARRAY:
    -6.869
 EDC(NI) ARRAY:
    -9.622
 ENG%DBLC:    -9.62189
 ENG%DC1 :    -6.53376
 ENG%DC2 :    -3.08813
 ENG%DC2V:    -6.86919
 DC_E_STD_TO_E_V:    -3.78106
 ENG%BAND:     4.41362
 ENG%DL(DEEP LEVEL):    -5.12800
 ENG%TB=     4.58496
 ENG%TB-DC2=     7.67309
 NI=  1 OCC_CONFIG_WEIGHT:
        OCC= 0 WEIGHT=   0.00000
        OCC= 1 WEIGHT=   0.00000
        OCC= 2 WEIGHT=   0.00015
        OCC= 3 WEIGHT=   0.00858
        OCC= 4 WEIGHT=   0.14318
        OCC= 5 WEIGHT=   0.52573
        OCC= 6 WEIGHT=   0.29397
        OCC= 7 WEIGHT=   0.02761
        OCC= 8 WEIGHT=   0.00078
        OCC= 9 WEIGHT=   0.00001
                 CALC_RCW takes  0 hours  0 minutes and    0.00 seconds (CPU).
                          takes  0 hours  0 minutes and    0.00 seconds (WALL).
 NI=  1 J2=   15.5476
                 CALC_SLJ takes  0 hours  0 minutes and    0.00 seconds (CPU).
                          takes  0 hours  0 minutes and    0.00 seconds (WALL).
 NI=  1 ENTANGLEMENT ENTROPY=      4.4845
           CALC_ENTANGLES takes  0 hours  0 minutes and    1.00 seconds (CPU).
                          takes  0 hours  0 minutes and    0.91 seconds (WALL).
 CORRELATED SUBSPACE, SUM_FERWT=      8.0000000 SUM_KSWT=      8.0000000
 MAX OFF DIAGONAL KS.WT=    0.001815
 MAX/MIN R=    0.913441    0.899692
                CALC_KSWT takes  0 hours  0 minutes and    0.02 seconds (CPU).
                          takes  0 hours  0 minutes and    0.02 seconds (WALL).
                    TOTAL takes  0 hours 36 minutes and   29.59 seconds (CPU).
                          takes  0 hours 36 minutes and   27.50 seconds (WALL).
