******Program DMFT: Computes Gloc and Delta for Dynamical Mean Field Theory calculation ******
 CALCULATION WITH COMPLEX VECTORS
 CALCULATION WITH SOC VECTORS REQUIRED
 Running DMFT in mpi mode
  
 numkpt=         286
   0.00000   0.00000   0.00000   1.00000
   0.04762   0.04762  -0.04762   8.00000
   0.09524   0.09524  -0.09524   8.00000
   0.14286   0.14286  -0.14286   8.00000
   0.19048   0.19048  -0.19048   8.00000
   0.23810   0.23810  -0.23810   8.00000
   0.28571   0.28571  -0.28571   8.00000
   0.33333   0.33333  -0.33333   8.00000
   0.38095   0.38095  -0.38095   8.00000
   0.42857   0.42857  -0.42857   8.00000
   0.47619   0.47619  -0.47619   8.00000
   0.09524   0.00000   0.00000   6.00000
   0.14286   0.04762  -0.04762  24.00000
   0.19048   0.09524  -0.09524  24.00000
   0.23810   0.14286  -0.14286  24.00000
   0.28571   0.19048  -0.19048  24.00000
   0.33333   0.23810  -0.23810  24.00000
   0.38095   0.28571  -0.28571  24.00000
   0.42857   0.33333  -0.33333  24.00000
   0.47619   0.38095  -0.38095  24.00000
   0.52381   0.42857  -0.42857  24.00000
   0.57143   0.47619  -0.47619  24.00000
   0.61905   0.52381  -0.52381  24.00000
   0.66667   0.57143  -0.57143  24.00000
   0.71429   0.61905  -0.61905  24.00000
   0.76190   0.66667  -0.66667  24.00000
   0.80952   0.71429  -0.71429  24.00000
   0.85714   0.76190  -0.76190  24.00000
   0.90476   0.80952  -0.80952  24.00000
   0.95238   0.85714  -0.85714  24.00000
   1.00000   0.90476  -0.90476  12.00000
   0.19048   0.00000   0.00000   6.00000
   0.23810   0.04762  -0.04762  24.00000
   0.28571   0.09524  -0.09524  24.00000
   0.33333   0.14286  -0.14286  24.00000
   0.38095   0.19048  -0.19048  24.00000
   0.42857   0.23810  -0.23810  24.00000
   0.47619   0.28571  -0.28571  24.00000
   0.52381   0.33333  -0.33333  24.00000
   0.57143   0.38095  -0.38095  24.00000
   0.61905   0.42857  -0.42857  24.00000
   0.66667   0.47619  -0.47619  24.00000
   0.71429   0.52381  -0.52381  24.00000
   0.76190   0.57143  -0.57143  24.00000
   0.80952   0.61905  -0.61905  24.00000
   0.85714   0.66667  -0.66667  24.00000
   0.90476   0.71429  -0.71429  24.00000
   0.95238   0.76190  -0.76190  24.00000
   1.00000   0.80952  -0.80952  12.00000
   0.28571   0.00000   0.00000   6.00000
   0.33333   0.04762  -0.04762  24.00000
   0.38095   0.09524  -0.09524  24.00000
   0.42857   0.14286  -0.14286  24.00000
   0.47619   0.19048  -0.19048  24.00000
   0.52381   0.23810  -0.23810  24.00000
   0.57143   0.28571  -0.28571  24.00000
   0.61905   0.33333  -0.33333  24.00000
   0.66667   0.38095  -0.38095  24.00000
   0.71429   0.42857  -0.42857  24.00000
   0.76190   0.47619  -0.47619  24.00000
   0.80952   0.52381  -0.52381  24.00000
   0.85714   0.57143  -0.57143  24.00000
   0.90476   0.61905  -0.61905  24.00000
   0.95238   0.66667  -0.66667  24.00000
   1.00000   0.71429  -0.71429  12.00000
   0.38095   0.00000   0.00000   6.00000
   0.42857   0.04762  -0.04762  24.00000
   0.47619   0.09524  -0.09524  24.00000
   0.52381   0.14286  -0.14286  24.00000
   0.57143   0.19048  -0.19048  24.00000
   0.61905   0.23810  -0.23810  24.00000
   0.66667   0.28571  -0.28571  24.00000
   0.71429   0.33333  -0.33333  24.00000
   0.76190   0.38095  -0.38095  24.00000
   0.80952   0.42857  -0.42857  24.00000
   0.85714   0.47619  -0.47619  24.00000
   0.90476   0.52381  -0.52381  24.00000
   0.95238   0.57143  -0.57143  24.00000
   1.00000   0.61905  -0.61905  12.00000
   0.47619   0.00000   0.00000   6.00000
   0.52381   0.04762  -0.04762  24.00000
   0.57143   0.09524  -0.09524  24.00000
   0.61905   0.14286  -0.14286  24.00000
   0.66667   0.19048  -0.19048  24.00000
   0.71429   0.23810  -0.23810  24.00000
   0.76190   0.28571  -0.28571  24.00000
   0.80952   0.33333  -0.33333  24.00000
   0.85714   0.38095  -0.38095  24.00000
   0.90476   0.42857  -0.42857  24.00000
   0.95238   0.47619  -0.47619  24.00000
   1.00000   0.52381  -0.52381  12.00000
   0.57143   0.00000   0.00000   6.00000
   0.61905   0.04762  -0.04762  24.00000
   0.66667   0.09524  -0.09524  24.00000
   0.71429   0.14286  -0.14286  24.00000
   0.76190   0.19048  -0.19048  24.00000
   0.80952   0.23810  -0.23810  24.00000
   0.85714   0.28571  -0.28571  24.00000
   0.90476   0.33333  -0.33333  24.00000
   0.95238   0.38095  -0.38095  24.00000
   1.00000   0.42857  -0.42857  12.00000
   0.66667   0.00000   0.00000   6.00000
   0.71429   0.04762  -0.04762  24.00000
   0.76190   0.09524  -0.09524  24.00000
   0.80952   0.14286  -0.14286  24.00000
   0.85714   0.19048  -0.19048  24.00000
   0.90476   0.23810  -0.23810  24.00000
   0.95238   0.28571  -0.28571  24.00000
   1.00000   0.33333  -0.33333  12.00000
   0.76190   0.00000   0.00000   6.00000
   0.80952   0.04762  -0.04762  24.00000
   0.85714   0.09524  -0.09524  24.00000
   0.90476   0.14286  -0.14286  24.00000
   0.95238   0.19048  -0.19048  24.00000
   1.00000   0.23810  -0.23810  12.00000
   0.85714   0.00000   0.00000   6.00000
   0.90476   0.04762  -0.04762  24.00000
   0.95238   0.09524  -0.09524  24.00000
   1.00000   0.14286  -0.14286  12.00000
   0.95238   0.00000   0.00000   6.00000
   1.00000   0.04762  -0.04762  12.00000
   0.19048   0.09524   0.00000  24.00000
   0.23810   0.14286  -0.04762  48.00000
   0.28571   0.19048  -0.09524  48.00000
   0.33333   0.23810  -0.14286  48.00000
   0.38095   0.28571  -0.19048  48.00000
   0.42857   0.33333  -0.23810  48.00000
   0.47619   0.38095  -0.28571  48.00000
   0.52381   0.42857  -0.33333  48.00000
   0.57143   0.47619  -0.38095  48.00000
   0.28571   0.09524   0.00000  24.00000
   0.33333   0.14286  -0.04762  48.00000
   0.38095   0.19048  -0.09524  48.00000
   0.42857   0.23810  -0.14286  48.00000
   0.47619   0.28571  -0.19048  48.00000
   0.52381   0.33333  -0.23810  48.00000
   0.57143   0.38095  -0.28571  48.00000
   0.61905   0.42857  -0.33333  48.00000
   0.66667   0.47619  -0.38095  48.00000
   0.71429   0.52381  -0.42857  48.00000
   0.76190   0.57143  -0.47619  48.00000
   0.80952   0.61905  -0.52381  48.00000
   0.85714   0.66667  -0.57143  48.00000
   0.90476   0.71429  -0.61905  48.00000
   0.95238   0.76190  -0.66667  48.00000
   1.00000   0.80952  -0.71429  24.00000
   0.38095   0.09524   0.00000  24.00000
   0.42857   0.14286  -0.04762  48.00000
   0.47619   0.19048  -0.09524  48.00000
   0.52381   0.23810  -0.14286  48.00000
   0.57143   0.28571  -0.19048  48.00000
   0.61905   0.33333  -0.23810  48.00000
   0.66667   0.38095  -0.28571  48.00000
   0.71429   0.42857  -0.33333  48.00000
   0.76190   0.47619  -0.38095  48.00000
   0.80952   0.52381  -0.42857  48.00000
   0.85714   0.57143  -0.47619  48.00000
   0.90476   0.61905  -0.52381  48.00000
   0.95238   0.66667  -0.57143  48.00000
   1.00000   0.71429  -0.61905  24.00000
   0.47619   0.09524   0.00000  24.00000
   0.52381   0.14286  -0.04762  48.00000
   0.57143   0.19048  -0.09524  48.00000
   0.61905   0.23810  -0.14286  48.00000
   0.66667   0.28571  -0.19048  48.00000
   0.71429   0.33333  -0.23810  48.00000
   0.76190   0.38095  -0.28571  48.00000
   0.80952   0.42857  -0.33333  48.00000
   0.85714   0.47619  -0.38095  48.00000
   0.90476   0.52381  -0.42857  48.00000
   0.95238   0.57143  -0.47619  48.00000
   1.00000   0.61905  -0.52381  24.00000
   0.57143   0.09524   0.00000  24.00000
   0.61905   0.14286  -0.04762  48.00000
   0.66667   0.19048  -0.09524  48.00000
   0.71429   0.23810  -0.14286  48.00000
   0.76190   0.28571  -0.19048  48.00000
   0.80952   0.33333  -0.23810  48.00000
   0.85714   0.38095  -0.28571  48.00000
   0.90476   0.42857  -0.33333  48.00000
   0.95238   0.47619  -0.38095  48.00000
   1.00000   0.52381  -0.42857  24.00000
   0.66667   0.09524   0.00000  24.00000
   0.71429   0.14286  -0.04762  48.00000
   0.76190   0.19048  -0.09524  48.00000
   0.80952   0.23810  -0.14286  48.00000
   0.85714   0.28571  -0.19048  48.00000
   0.90476   0.33333  -0.23810  48.00000
   0.95238   0.38095  -0.28571  48.00000
   1.00000   0.42857  -0.33333  24.00000
   0.76190   0.09524   0.00000  24.00000
   0.80952   0.14286  -0.04762  48.00000
   0.85714   0.19048  -0.09524  48.00000
   0.90476   0.23810  -0.14286  48.00000
   0.95238   0.28571  -0.19048  48.00000
   1.00000   0.33333  -0.23810  24.00000
   0.85714   0.09524   0.00000  24.00000
   0.90476   0.14286  -0.04762  48.00000
   0.95238   0.19048  -0.09524  48.00000
   1.00000   0.23810  -0.14286  24.00000
   0.95238   0.09524   0.00000  24.00000
   1.00000   0.14286  -0.04762  24.00000
   0.38095   0.19048   0.00000  24.00000
   0.42857   0.23810  -0.04762  48.00000
   0.47619   0.28571  -0.09524  48.00000
   0.52381   0.33333  -0.14286  48.00000
   0.57143   0.38095  -0.19048  48.00000
   0.61905   0.42857  -0.23810  48.00000
   0.66667   0.47619  -0.28571  48.00000
   0.47619   0.19048   0.00000  24.00000
   0.52381   0.23810  -0.04762  48.00000
   0.57143   0.28571  -0.09524  48.00000
   0.61905   0.33333  -0.14286  48.00000
   0.66667   0.38095  -0.19048  48.00000
   0.71429   0.42857  -0.23810  48.00000
   0.76190   0.47619  -0.28571  48.00000
   0.80952   0.52381  -0.33333  48.00000
   0.85714   0.57143  -0.38095  48.00000
   0.90476   0.61905  -0.42857  48.00000
   0.95238   0.66667  -0.47619  48.00000
   1.00000   0.71429  -0.52381  24.00000
   0.57143   0.19048   0.00000  24.00000
   0.61905   0.23810  -0.04762  48.00000
   0.66667   0.28571  -0.09524  48.00000
   0.71429   0.33333  -0.14286  48.00000
   0.76190   0.38095  -0.19048  48.00000
   0.80952   0.42857  -0.23810  48.00000
   0.85714   0.47619  -0.28571  48.00000
   0.90476   0.52381  -0.33333  48.00000
   0.95238   0.57143  -0.38095  48.00000
   1.00000   0.61905  -0.42857  24.00000
   0.66667   0.19048   0.00000  24.00000
   0.71429   0.23810  -0.04762  48.00000
   0.76190   0.28571  -0.09524  48.00000
   0.80952   0.33333  -0.14286  48.00000
   0.85714   0.38095  -0.19048  48.00000
   0.90476   0.42857  -0.23810  48.00000
   0.95238   0.47619  -0.28571  48.00000
   1.00000   0.52381  -0.33333  24.00000
   0.76190   0.19048   0.00000  24.00000
   0.80952   0.23810  -0.04762  48.00000
   0.85714   0.28571  -0.09524  48.00000
   0.90476   0.33333  -0.14286  48.00000
   0.95238   0.38095  -0.19048  48.00000
   1.00000   0.42857  -0.23810  24.00000
   0.85714   0.19048   0.00000  24.00000
   0.90476   0.23810  -0.04762  48.00000
   0.95238   0.28571  -0.09524  48.00000
   1.00000   0.33333  -0.14286  24.00000
   0.95238   0.19048   0.00000  24.00000
   1.00000   0.23810  -0.04762  24.00000
   0.57143   0.28571   0.00000  24.00000
   0.61905   0.33333  -0.04762  48.00000
   0.66667   0.38095  -0.09524  48.00000
   0.71429   0.42857  -0.14286  48.00000
   0.76190   0.47619  -0.19048  48.00000
   0.66667   0.28571   0.00000  24.00000
   0.71429   0.33333  -0.04762  48.00000
   0.76190   0.38095  -0.09524  48.00000
   0.80952   0.42857  -0.14286  48.00000
   0.85714   0.47619  -0.19048  48.00000
   0.90476   0.52381  -0.23810  48.00000
   0.95238   0.57143  -0.28571  48.00000
   1.00000   0.61905  -0.33333  24.00000
   0.76190   0.28571   0.00000  24.00000
   0.80952   0.33333  -0.04762  48.00000
   0.85714   0.38095  -0.09524  48.00000
   0.90476   0.42857  -0.14286  48.00000
   0.95238   0.47619  -0.19048  48.00000
   1.00000   0.52381  -0.23810  24.00000
   0.85714   0.28571   0.00000  24.00000
   0.90476   0.33333  -0.04762  48.00000
   0.95238   0.38095  -0.09524  48.00000
   1.00000   0.42857  -0.14286  24.00000
   0.95238   0.28571   0.00000  24.00000
   1.00000   0.33333  -0.04762  24.00000
   0.76190   0.38095   0.00000  24.00000
   0.80952   0.42857  -0.04762  48.00000
   0.85714   0.47619  -0.09524  48.00000
   0.85714   0.38095   0.00000  24.00000
   0.90476   0.42857  -0.04762  48.00000
   0.95238   0.47619  -0.09524  48.00000
   1.00000   0.52381  -0.14286  24.00000
   0.95238   0.38095   0.00000  24.00000
   1.00000   0.42857  -0.04762  24.00000
   0.95238   0.47619   0.00000  24.00000




                              --------------------------------------------------
                                 S T R U C T U R A L   I N F O R M A T I O N
                              --------------------------------------------------


   SUBSTANCE                    = cubic fcc  (delta)                                                              

   LATTICE                      = F   
   LATTICE CONSTANTS ARE        =    8.0741540   8.0741540   8.0741540
   NUMBER OF ATOMS IN UNITCELL  =   1
   MODE OF CALCULATION IS       = RELA
 IORD=          48
 FNAMES=
 ./delta_Pu_5.vectorso_1                                                        
                                                                                
                                           
 ./delta_Pu_5.vectorsodn_1                                                      
                                                                                
                                           
 delta_Pu_5.energyso_1                                                          
                                                                                
                                           
 delta_Pu_5.energysodn_1                                                        
                                                                                
                                           
  BR1,  BR2
   0.77818   0.00000   0.00000     -0.77818   0.77818   0.77818
   0.00000   0.77818   0.00000      0.77818  -0.77818   0.77818
   0.00000   0.00000   0.77818      0.77818   0.77818  -0.77818
 projector corrected--must be 1,2, or 3! Now projector= 2
 Energy window:   -0.4410 < E <      0.441
 Projected density of states calculation for  1 atoms
--------- atom  1 -------------
l=  3  qsplit=  4
 Symmetrization over eq. k-points is performed
 ********** Start Reading Cix file *************
  Correlated block number           1
  Correlated index=
  1  0  0  0  0  0  0  0  0  0  0  0  0  0
  0  1  0  0  0  0  0  0  0  0  0  0  0  0
  0  0  1  0  0  0  0  0  0  0  0  0  0  0
  0  0  0  1  0  0  0  0  0  0  0  0  0  0
  0  0  0  0  1  0  0  0  0  0  0  0  0  0
  0  0  0  0  0  1  0  0  0  0  0  0  0  0
  0  0  0  0  0  0  2  0  0  0  0  0  0  0
  0  0  0  0  0  0  0  2  0  0  0  0  0  0
  0  0  0  0  0  0  0  0  2  0  0  0  0  0
  0  0  0  0  0  0  0  0  0  2  0  0  0  0
  0  0  0  0  0  0  0  0  0  0  2  0  0  0
  0  0  0  0  0  0  0  0  0  0  0  2  0  0
  0  0  0  0  0  0  0  0  0  0  0  0  2  0
  0  0  0  0  0  0  0  0  0  0  0  0  0  2
  Real part of unitary matrix=
  0.9258  0.0000  0.0000  0.0000  0.0000  0.0000  0.0000  0.0000 -0.3780  0.0000  0.0000  0.0000  0.0000  0.0000
  0.0000  0.8452  0.0000  0.0000  0.0000  0.0000  0.0000  0.0000  0.0000 -0.5345  0.0000  0.0000  0.0000  0.0000
  0.0000  0.0000  0.7559  0.0000  0.0000  0.0000  0.0000  0.0000  0.0000  0.0000 -0.6547  0.0000  0.0000  0.0000
  0.0000  0.0000  0.0000  0.6547  0.0000  0.0000  0.0000  0.0000  0.0000  0.0000  0.0000 -0.7559  0.0000  0.0000
  0.0000  0.0000  0.0000  0.0000  0.5345  0.0000  0.0000  0.0000  0.0000  0.0000  0.0000  0.0000 -0.8452  0.0000
  0.0000  0.0000  0.0000  0.0000  0.0000  0.3780  0.0000  0.0000  0.0000  0.0000  0.0000  0.0000  0.0000 -0.9258
  0.0000  0.0000  0.0000  0.0000  0.0000  0.0000  0.0000  1.0000  0.0000  0.0000  0.0000  0.0000  0.0000  0.0000
  0.3780  0.0000  0.0000  0.0000  0.0000  0.0000  0.0000  0.0000  0.9258  0.0000  0.0000  0.0000  0.0000  0.0000
  0.0000  0.5345  0.0000  0.0000  0.0000  0.0000  0.0000  0.0000  0.0000  0.8452  0.0000  0.0000  0.0000  0.0000
  0.0000  0.0000  0.6547  0.0000  0.0000  0.0000  0.0000  0.0000  0.0000  0.0000  0.7559  0.0000  0.0000  0.0000
  0.0000  0.0000  0.0000  0.7559  0.0000  0.0000  0.0000  0.0000  0.0000  0.0000  0.0000  0.6547  0.0000  0.0000
  0.0000  0.0000  0.0000  0.0000  0.8452  0.0000  0.0000  0.0000  0.0000  0.0000  0.0000  0.0000  0.5345  0.0000
  0.0000  0.0000  0.0000  0.0000  0.0000  0.9258  0.0000  0.0000  0.0000  0.0000  0.0000  0.0000  0.0000  0.3780
  0.0000  0.0000  0.0000  0.0000  0.0000  0.0000  1.0000  0.0000  0.0000  0.0000  0.0000  0.0000  0.0000  0.0000
  Imaginary part of unitary matrix=
  0.0000  0.0000  0.0000  0.0000  0.0000  0.0000  0.0000  0.0000  0.0000  0.0000  0.0000  0.0000  0.0000  0.0000
  0.0000  0.0000  0.0000  0.0000  0.0000  0.0000  0.0000  0.0000  0.0000  0.0000  0.0000  0.0000  0.0000  0.0000
  0.0000  0.0000  0.0000  0.0000  0.0000  0.0000  0.0000  0.0000  0.0000  0.0000  0.0000  0.0000  0.0000  0.0000
  0.0000  0.0000  0.0000  0.0000  0.0000  0.0000  0.0000  0.0000  0.0000  0.0000  0.0000  0.0000  0.0000  0.0000
  0.0000  0.0000  0.0000  0.0000  0.0000  0.0000  0.0000  0.0000  0.0000  0.0000  0.0000  0.0000  0.0000  0.0000
  0.0000  0.0000  0.0000  0.0000  0.0000  0.0000  0.0000  0.0000  0.0000  0.0000  0.0000  0.0000  0.0000  0.0000
  0.0000  0.0000  0.0000  0.0000  0.0000  0.0000  0.0000  0.0000  0.0000  0.0000  0.0000  0.0000  0.0000  0.0000
  0.0000  0.0000  0.0000  0.0000  0.0000  0.0000  0.0000  0.0000  0.0000  0.0000  0.0000  0.0000  0.0000  0.0000
  0.0000  0.0000  0.0000  0.0000  0.0000  0.0000  0.0000  0.0000  0.0000  0.0000  0.0000  0.0000  0.0000  0.0000
  0.0000  0.0000  0.0000  0.0000  0.0000  0.0000  0.0000  0.0000  0.0000  0.0000  0.0000  0.0000  0.0000  0.0000
  0.0000  0.0000  0.0000  0.0000  0.0000  0.0000  0.0000  0.0000  0.0000  0.0000  0.0000  0.0000  0.0000  0.0000
  0.0000  0.0000  0.0000  0.0000  0.0000  0.0000  0.0000  0.0000  0.0000  0.0000  0.0000  0.0000  0.0000  0.0000
  0.0000  0.0000  0.0000  0.0000  0.0000  0.0000  0.0000  0.0000  0.0000  0.0000  0.0000  0.0000  0.0000  0.0000
  0.0000  0.0000  0.0000  0.0000  0.0000  0.0000  0.0000  0.0000  0.0000  0.0000  0.0000  0.0000  0.0000  0.0000
  At least one transformation matrix is not Identity
 Magnetic system with s-o coupling; M theta, phi:  0.0000  0.0000
 Inside ROTDEF
Operation  1 transforms atom   1 from first atom   1
Actual position of atom  1 is:  0.000000    0.000000    0.000000
 
Combined transformation (acting on k-point) for correlated atoms
including users rotation and internal local rotation
catom  1 atom   1
   0.77818   0.00000   0.00000
   0.00000  -0.77818   0.00000
   0.00000   0.00000  -0.77818
 
 
 SPIN COORD SYSTEM:
    1.000000    0.000000    0.000000
    0.000000    1.000000    0.000000
    0.000000    0.000000    1.000000
 
 in global cartezian coordinates:
    1.000000    0.000000    0.000000
    0.000000   -1.000000    0.000000
    0.000000    0.000000   -1.000000
 ____________________________
 in spin coordinates:
    1.000000    0.000000    0.000000
    0.000000   -1.000000    0.000000
    0.000000    0.000000   -1.000000
           1   3.14159268339212       -1.00000000000000     
 
 in global cartezian coordinates:
    1.000000    0.000000    0.000000
    0.000000    0.000000   -1.000000
    0.000000   -1.000000    0.000000
 ____________________________
 in spin coordinates:
    1.000000    0.000000    0.000000
    0.000000    0.000000   -1.000000
    0.000000   -1.000000    0.000000
           2   1.57079632679490       0.000000000000000E+000
 
 symm. operation            2  removed !!!! so-det=  0.000000000000000E+000
 in global cartezian coordinates:
   -1.000000    0.000000    0.000000
    0.000000   -1.000000    0.000000
    0.000000    0.000000   -1.000000
 ____________________________
 in spin coordinates:
   -1.000000    0.000000    0.000000
    0.000000   -1.000000    0.000000
    0.000000    0.000000   -1.000000
           3  2.980232238769531E-008   1.00000000000000     
 
 in global cartezian coordinates:
   -1.000000    0.000000    0.000000
    0.000000    0.000000   -1.000000
    0.000000   -1.000000    0.000000
 ____________________________
 in spin coordinates:
   -1.000000    0.000000    0.000000
    0.000000    0.000000   -1.000000
    0.000000   -1.000000    0.000000
           4   1.57079632679490       0.000000000000000E+000
 
 symm. operation            4  removed !!!! so-det=  0.000000000000000E+000
 in global cartezian coordinates:
    0.000000   -1.000000    0.000000
    1.000000    0.000000    0.000000
    0.000000    0.000000   -1.000000
 ____________________________
 in spin coordinates:
    0.000000   -1.000000    0.000000
    1.000000    0.000000    0.000000
    0.000000    0.000000   -1.000000
           5  -1.57079632679490        1.00000000000000     
 
 in global cartezian coordinates:
    0.000000   -1.000000    0.000000
    0.000000    0.000000   -1.000000
    1.000000    0.000000    0.000000
 ____________________________
 in spin coordinates:
    0.000000   -1.000000    0.000000
    0.000000    0.000000   -1.000000
    1.000000    0.000000    0.000000
           6 NaN                      0.000000000000000E+000
 
 symm. operation            6  removed !!!! so-det=  0.000000000000000E+000
 in global cartezian coordinates:
    0.000000    1.000000    0.000000
    1.000000    0.000000    0.000000
    0.000000    0.000000   -1.000000
 ____________________________
 in spin coordinates:
    0.000000    1.000000    0.000000
    1.000000    0.000000    0.000000
    0.000000    0.000000   -1.000000
           7   1.57079632679490       -1.00000000000000     
 
 in global cartezian coordinates:
    0.000000    1.000000    0.000000
    0.000000    0.000000   -1.000000
    1.000000    0.000000    0.000000
 ____________________________
 in spin coordinates:
    0.000000    1.000000    0.000000
    0.000000    0.000000   -1.000000
    1.000000    0.000000    0.000000
           8 NaN                      0.000000000000000E+000
 
 symm. operation            8  removed !!!! so-det=  0.000000000000000E+000
 in global cartezian coordinates:
    0.000000    0.000000   -1.000000
    1.000000    0.000000    0.000000
    0.000000   -1.000000    0.000000
 ____________________________
 in spin coordinates:
    0.000000    0.000000   -1.000000
    1.000000    0.000000    0.000000
    0.000000   -1.000000    0.000000
           9   1.57079632679490       0.000000000000000E+000
 
 symm. operation            9  removed !!!! so-det=  0.000000000000000E+000
 in global cartezian coordinates:
    0.000000    0.000000   -1.000000
    0.000000   -1.000000    0.000000
    1.000000    0.000000    0.000000
 ____________________________
 in spin coordinates:
    0.000000    0.000000   -1.000000
    0.000000   -1.000000    0.000000
    1.000000    0.000000    0.000000
          10   1.57079632679490       0.000000000000000E+000
 
 symm. operation           10  removed !!!! so-det=  0.000000000000000E+000
 in global cartezian coordinates:
    0.000000    0.000000    1.000000
    1.000000    0.000000    0.000000
    0.000000   -1.000000    0.000000
 ____________________________
 in spin coordinates:
    0.000000    0.000000    1.000000
    1.000000    0.000000    0.000000
    0.000000   -1.000000    0.000000
          11   1.57079632679490       0.000000000000000E+000
 
 symm. operation           11  removed !!!! so-det=  0.000000000000000E+000
 in global cartezian coordinates:
    0.000000    0.000000    1.000000
    0.000000   -1.000000    0.000000
    1.000000    0.000000    0.000000
 ____________________________
 in spin coordinates:
    0.000000    0.000000    1.000000
    0.000000   -1.000000    0.000000
    1.000000    0.000000    0.000000
          12   1.57079632679490       0.000000000000000E+000
 
 symm. operation           12  removed !!!! so-det=  0.000000000000000E+000
 in global cartezian coordinates:
    0.000000   -1.000000    0.000000
   -1.000000    0.000000    0.000000
    0.000000    0.000000   -1.000000
 ____________________________
 in spin coordinates:
    0.000000   -1.000000    0.000000
   -1.000000    0.000000    0.000000
    0.000000    0.000000   -1.000000
          13   4.71238898038469       -1.00000000000000     
 
 in global cartezian coordinates:
    0.000000    1.000000    0.000000
   -1.000000    0.000000    0.000000
    0.000000    0.000000   -1.000000
 ____________________________
 in spin coordinates:
    0.000000    1.000000    0.000000
   -1.000000    0.000000    0.000000
    0.000000    0.000000   -1.000000
          14   1.57079632679490        1.00000000000000     
 
 in global cartezian coordinates:
    0.000000   -1.000000    0.000000
    0.000000    0.000000   -1.000000
   -1.000000    0.000000    0.000000
 ____________________________
 in spin coordinates:
    0.000000   -1.000000    0.000000
    0.000000    0.000000   -1.000000
   -1.000000    0.000000    0.000000
          15 NaN                      0.000000000000000E+000
 
 symm. operation           15  removed !!!! so-det=  0.000000000000000E+000
 in global cartezian coordinates:
    0.000000    1.000000    0.000000
    0.000000    0.000000   -1.000000
   -1.000000    0.000000    0.000000
 ____________________________
 in spin coordinates:
    0.000000    1.000000    0.000000
    0.000000    0.000000   -1.000000
   -1.000000    0.000000    0.000000
          16 NaN                      0.000000000000000E+000
 
 symm. operation           16  removed !!!! so-det=  0.000000000000000E+000
 in global cartezian coordinates:
    1.000000    0.000000    0.000000
    0.000000    1.000000    0.000000
    0.000000    0.000000   -1.000000
 ____________________________
 in spin coordinates:
    1.000000    0.000000    0.000000
    0.000000    1.000000    0.000000
    0.000000    0.000000   -1.000000
          17   3.14159262378747        1.00000000000000     
 
 in global cartezian coordinates:
   -1.000000    0.000000    0.000000
    0.000000    1.000000    0.000000
    0.000000    0.000000   -1.000000
 ____________________________
 in spin coordinates:
   -1.000000    0.000000    0.000000
    0.000000    1.000000    0.000000
    0.000000    0.000000   -1.000000
          18   6.28318527737726       -1.00000000000000     
 
 in global cartezian coordinates:
    1.000000    0.000000    0.000000
    0.000000    0.000000   -1.000000
    0.000000    1.000000    0.000000
 ____________________________
 in spin coordinates:
    1.000000    0.000000    0.000000
    0.000000    0.000000   -1.000000
    0.000000    1.000000    0.000000
          19   1.57079632679490       0.000000000000000E+000
 
 symm. operation           19  removed !!!! so-det=  0.000000000000000E+000
 in global cartezian coordinates:
   -1.000000    0.000000    0.000000
    0.000000    0.000000   -1.000000
    0.000000    1.000000    0.000000
 ____________________________
 in spin coordinates:
   -1.000000    0.000000    0.000000
    0.000000    0.000000   -1.000000
    0.000000    1.000000    0.000000
          20   1.57079632679490       0.000000000000000E+000
 
 symm. operation           20  removed !!!! so-det=  0.000000000000000E+000
 in global cartezian coordinates:
    0.000000    0.000000   -1.000000
   -1.000000    0.000000    0.000000
    0.000000   -1.000000    0.000000
 ____________________________
 in spin coordinates:
    0.000000    0.000000   -1.000000
   -1.000000    0.000000    0.000000
    0.000000   -1.000000    0.000000
          21   1.57079632679490       0.000000000000000E+000
 
 symm. operation           21  removed !!!! so-det=  0.000000000000000E+000
 in global cartezian coordinates:
    0.000000    0.000000   -1.000000
    0.000000   -1.000000    0.000000
   -1.000000    0.000000    0.000000
 ____________________________
 in spin coordinates:
    0.000000    0.000000   -1.000000
    0.000000   -1.000000    0.000000
   -1.000000    0.000000    0.000000
          22   1.57079632679490       0.000000000000000E+000
 
 symm. operation           22  removed !!!! so-det=  0.000000000000000E+000
 in global cartezian coordinates:
    0.000000    0.000000    1.000000
   -1.000000    0.000000    0.000000
    0.000000   -1.000000    0.000000
 ____________________________
 in spin coordinates:
    0.000000    0.000000    1.000000
   -1.000000    0.000000    0.000000
    0.000000   -1.000000    0.000000
          23   1.57079632679490       0.000000000000000E+000
 
 symm. operation           23  removed !!!! so-det=  0.000000000000000E+000
 in global cartezian coordinates:
    0.000000    0.000000    1.000000
    0.000000   -1.000000    0.000000
   -1.000000    0.000000    0.000000
 ____________________________
 in spin coordinates:
    0.000000    0.000000    1.000000
    0.000000   -1.000000    0.000000
   -1.000000    0.000000    0.000000
          24   1.57079632679490       0.000000000000000E+000
 
 symm. operation           24  removed !!!! so-det=  0.000000000000000E+000
 in global cartezian coordinates:
    0.000000    0.000000   -1.000000
    0.000000    1.000000    0.000000
    1.000000    0.000000    0.000000
 ____________________________
 in spin coordinates:
    0.000000    0.000000   -1.000000
    0.000000    1.000000    0.000000
    1.000000    0.000000    0.000000
          25   1.57079632679490       0.000000000000000E+000
 
 symm. operation           25  removed !!!! so-det=  0.000000000000000E+000
 in global cartezian coordinates:
    0.000000    0.000000   -1.000000
    1.000000    0.000000    0.000000
    0.000000    1.000000    0.000000
 ____________________________
 in spin coordinates:
    0.000000    0.000000   -1.000000
    1.000000    0.000000    0.000000
    0.000000    1.000000    0.000000
          26   1.57079632679490       0.000000000000000E+000
 
 symm. operation           26  removed !!!! so-det=  0.000000000000000E+000
 in global cartezian coordinates:
    0.000000    0.000000    1.000000
    0.000000    1.000000    0.000000
    1.000000    0.000000    0.000000
 ____________________________
 in spin coordinates:
    0.000000    0.000000    1.000000
    0.000000    1.000000    0.000000
    1.000000    0.000000    0.000000
          27   1.57079632679490       0.000000000000000E+000
 
 symm. operation           27  removed !!!! so-det=  0.000000000000000E+000
 in global cartezian coordinates:
    0.000000    0.000000    1.000000
    1.000000    0.000000    0.000000
    0.000000    1.000000    0.000000
 ____________________________
 in spin coordinates:
    0.000000    0.000000    1.000000
    1.000000    0.000000    0.000000
    0.000000    1.000000    0.000000
          28   1.57079632679490       0.000000000000000E+000
 
 symm. operation           28  removed !!!! so-det=  0.000000000000000E+000
 in global cartezian coordinates:
    1.000000    0.000000    0.000000
    0.000000    0.000000    1.000000
    0.000000   -1.000000    0.000000
 ____________________________
 in spin coordinates:
    1.000000    0.000000    0.000000
    0.000000    0.000000    1.000000
    0.000000   -1.000000    0.000000
          29   1.57079632679490       0.000000000000000E+000
 
 symm. operation           29  removed !!!! so-det=  0.000000000000000E+000
 in global cartezian coordinates:
   -1.000000    0.000000    0.000000
    0.000000    0.000000    1.000000
    0.000000   -1.000000    0.000000
 ____________________________
 in spin coordinates:
   -1.000000    0.000000    0.000000
    0.000000    0.000000    1.000000
    0.000000   -1.000000    0.000000
          30   1.57079632679490       0.000000000000000E+000
 
 symm. operation           30  removed !!!! so-det=  0.000000000000000E+000
 in global cartezian coordinates:
    1.000000    0.000000    0.000000
    0.000000   -1.000000    0.000000
    0.000000    0.000000    1.000000
 ____________________________
 in spin coordinates:
    1.000000    0.000000    0.000000
    0.000000   -1.000000    0.000000
    0.000000    0.000000    1.000000
          31   6.28318527737726       -1.00000000000000     
 
 in global cartezian coordinates:
   -1.000000    0.000000    0.000000
    0.000000   -1.000000    0.000000
    0.000000    0.000000    1.000000
 ____________________________
 in spin coordinates:
   -1.000000    0.000000    0.000000
    0.000000   -1.000000    0.000000
    0.000000    0.000000    1.000000
          32   3.14159262378747        1.00000000000000     
 
 in global cartezian coordinates:
    0.000000   -1.000000    0.000000
    0.000000    0.000000    1.000000
    1.000000    0.000000    0.000000
 ____________________________
 in spin coordinates:
    0.000000   -1.000000    0.000000
    0.000000    0.000000    1.000000
    1.000000    0.000000    0.000000
          33 NaN                      0.000000000000000E+000
 
 symm. operation           33  removed !!!! so-det=  0.000000000000000E+000
 in global cartezian coordinates:
    0.000000    1.000000    0.000000
    0.000000    0.000000    1.000000
    1.000000    0.000000    0.000000
 ____________________________
 in spin coordinates:
    0.000000    1.000000    0.000000
    0.000000    0.000000    1.000000
    1.000000    0.000000    0.000000
          34 NaN                      0.000000000000000E+000
 
 symm. operation           34  removed !!!! so-det=  0.000000000000000E+000
 in global cartezian coordinates:
    0.000000   -1.000000    0.000000
    1.000000    0.000000    0.000000
    0.000000    0.000000    1.000000
 ____________________________
 in spin coordinates:
    0.000000   -1.000000    0.000000
    1.000000    0.000000    0.000000
    0.000000    0.000000    1.000000
          35   1.57079632679490        1.00000000000000     
 
 in global cartezian coordinates:
    0.000000    1.000000    0.000000
    1.000000    0.000000    0.000000
    0.000000    0.000000    1.000000
 ____________________________
 in spin coordinates:
    0.000000    1.000000    0.000000
    1.000000    0.000000    0.000000
    0.000000    0.000000    1.000000
          36   4.71238898038469       -1.00000000000000     
 
 in global cartezian coordinates:
    0.000000    0.000000   -1.000000
    0.000000    1.000000    0.000000
   -1.000000    0.000000    0.000000
 ____________________________
 in spin coordinates:
    0.000000    0.000000   -1.000000
    0.000000    1.000000    0.000000
   -1.000000    0.000000    0.000000
          37   1.57079632679490       0.000000000000000E+000
 
 symm. operation           37  removed !!!! so-det=  0.000000000000000E+000
 in global cartezian coordinates:
    0.000000    0.000000   -1.000000
   -1.000000    0.000000    0.000000
    0.000000    1.000000    0.000000
 ____________________________
 in spin coordinates:
    0.000000    0.000000   -1.000000
   -1.000000    0.000000    0.000000
    0.000000    1.000000    0.000000
          38   1.57079632679490       0.000000000000000E+000
 
 symm. operation           38  removed !!!! so-det=  0.000000000000000E+000
 in global cartezian coordinates:
    0.000000    0.000000    1.000000
    0.000000    1.000000    0.000000
   -1.000000    0.000000    0.000000
 ____________________________
 in spin coordinates:
    0.000000    0.000000    1.000000
    0.000000    1.000000    0.000000
   -1.000000    0.000000    0.000000
          39   1.57079632679490       0.000000000000000E+000
 
 symm. operation           39  removed !!!! so-det=  0.000000000000000E+000
 in global cartezian coordinates:
    0.000000    0.000000    1.000000
   -1.000000    0.000000    0.000000
    0.000000    1.000000    0.000000
 ____________________________
 in spin coordinates:
    0.000000    0.000000    1.000000
   -1.000000    0.000000    0.000000
    0.000000    1.000000    0.000000
          40   1.57079632679490       0.000000000000000E+000
 
 symm. operation           40  removed !!!! so-det=  0.000000000000000E+000
 in global cartezian coordinates:
    0.000000   -1.000000    0.000000
    0.000000    0.000000    1.000000
   -1.000000    0.000000    0.000000
 ____________________________
 in spin coordinates:
    0.000000   -1.000000    0.000000
    0.000000    0.000000    1.000000
   -1.000000    0.000000    0.000000
          41 NaN                      0.000000000000000E+000
 
 symm. operation           41  removed !!!! so-det=  0.000000000000000E+000
 in global cartezian coordinates:
    0.000000   -1.000000    0.000000
   -1.000000    0.000000    0.000000
    0.000000    0.000000    1.000000
 ____________________________
 in spin coordinates:
    0.000000   -1.000000    0.000000
   -1.000000    0.000000    0.000000
    0.000000    0.000000    1.000000
          42   1.57079632679490       -1.00000000000000     
 
 in global cartezian coordinates:
    0.000000    1.000000    0.000000
    0.000000    0.000000    1.000000
   -1.000000    0.000000    0.000000
 ____________________________
 in spin coordinates:
    0.000000    1.000000    0.000000
    0.000000    0.000000    1.000000
   -1.000000    0.000000    0.000000
          43 NaN                      0.000000000000000E+000
 
 symm. operation           43  removed !!!! so-det=  0.000000000000000E+000
 in global cartezian coordinates:
    0.000000    1.000000    0.000000
   -1.000000    0.000000    0.000000
    0.000000    0.000000    1.000000
 ____________________________
 in spin coordinates:
    0.000000    1.000000    0.000000
   -1.000000    0.000000    0.000000
    0.000000    0.000000    1.000000
          44  -1.57079632679490        1.00000000000000     
 
 in global cartezian coordinates:
    1.000000    0.000000    0.000000
    0.000000    0.000000    1.000000
    0.000000    1.000000    0.000000
 ____________________________
 in spin coordinates:
    1.000000    0.000000    0.000000
    0.000000    0.000000    1.000000
    0.000000    1.000000    0.000000
          45   1.57079632679490       0.000000000000000E+000
 
 symm. operation           45  removed !!!! so-det=  0.000000000000000E+000
 in global cartezian coordinates:
    1.000000    0.000000    0.000000
    0.000000    1.000000    0.000000
    0.000000    0.000000    1.000000
 ____________________________
 in spin coordinates:
    1.000000    0.000000    0.000000
    0.000000    1.000000    0.000000
    0.000000    0.000000    1.000000
          46  2.980232238769531E-008   1.00000000000000     
 
 in global cartezian coordinates:
   -1.000000    0.000000    0.000000
    0.000000    0.000000    1.000000
    0.000000    1.000000    0.000000
 ____________________________
 in spin coordinates:
   -1.000000    0.000000    0.000000
    0.000000    0.000000    1.000000
    0.000000    1.000000    0.000000
          47   1.57079632679490       0.000000000000000E+000
 
 symm. operation           47  removed !!!! so-det=  0.000000000000000E+000
 in global cartezian coordinates:
   -1.000000    0.000000    0.000000
    0.000000    1.000000    0.000000
    0.000000    0.000000    1.000000
 ____________________________
 in spin coordinates:
   -1.000000    0.000000    0.000000
    0.000000    1.000000    0.000000
    0.000000    0.000000    1.000000
          48   3.14159268339212       -1.00000000000000     
 
 Original and SO-compatible symops changed:          48          16
 FNAME=
 delta_Pu_5.energyso_1                                                          
                                                                                
                                                     60
 FNAME=
 delta_Pu_5.energysodn_1                                                        
                                                                                
                                                     59
 BZ-integration with TETRA-program.   icor=: 1
 Equal occupancy of degenerate states, tol=: 0.1E-05
 call eord...
 call dos...
 ILOOP            1
 ILOOP            2
   FERMI ENERGY AT    1.50727658137157     
 RESULT OF INTEGRATION:      15.999999999890; SHOULD BE:      15.999999999900
   SUM RULE OF TETRAHEDRON INTEGRATION CHECKED 
 call eweigh...
   number of occupied bands:          18
   highest energy:   1.51329288968308     
 FERMI-LDA=   1.507 Ryd,  20.508 eV.
 ABSOLUTE EMIN=   1.066 Ryd.  14.508 eV.
 ABSOLUTE EMAX=   1.948 Ryd.  26.508 eV.


:NLDA  : NUMBER OF ELECTRONS          =  16.000

:FLDA  : F E R M I - ENERGY           =   1.50728
 
 ********** Information about the atomic index arrays ************
 iatom=           1
 isort=           1
 csort=           1
 maxucase=           1
icase, iucase, jatom, latom=     1     1     1     1
 
 *****  Arrays for correlated blocks ******
 norbitals=           1
 maxdim2=          14
iorbital( 1, 1)=   1
cix( 1, 1)=   1
icase,lcase,icix,iorb,nind1,ip1,iSx=    1    1    1    1   14    1    1
icase,lcase,icix,iorb,nind1,ip1,iSx=    1    1    1    1   14    2    2
icase,lcase,icix,iorb,nind1,ip1,iSx=    1    1    1    1   14    3    3
icase,lcase,icix,iorb,nind1,ip1,iSx=    1    1    1    1   14    4    4
icase,lcase,icix,iorb,nind1,ip1,iSx=    1    1    1    1   14    5    5
icase,lcase,icix,iorb,nind1,ip1,iSx=    1    1    1    1   14    6    6
icase,lcase,icix,iorb,nind1,ip1,iSx=    1    1    1    1   14    7    7
icase,lcase,icix,iorb,nind1,ip1,iSx=    1    1    1    1   14    8    8
icase,lcase,icix,iorb,nind1,ip1,iSx=    1    1    1    1   14    9    9
icase,lcase,icix,iorb,nind1,ip1,iSx=    1    1    1    1   14   10   10
icase,lcase,icix,iorb,nind1,ip1,iSx=    1    1    1    1   14   11   11
icase,lcase,icix,iorb,nind1,ip1,iSx=    1    1    1    1   14   12   12
icase,lcase,icix,iorb,nind1,ip1,iSx=    1    1    1    1   14   13   13
icase,lcase,icix,iorb,nind1,ip1,iSx=    1    1    1    1   14   14   14
cixdim( 1)=14
noccur( 1, 1)=   6
noccur( 2, 1)=   8
iSx( 1, 1)=  1
iSx( 2, 1)=  2
iSx( 3, 1)=  3
iSx( 4, 1)=  4
iSx( 5, 1)=  5
iSx( 6, 1)=  6
iSx( 7, 1)=  7
iSx( 8, 1)=  8
iSx( 9, 1)=  9
iSx(10, 1)= 10
iSx(11, 1)= 11
iSx(12, 1)= 12
iSx(13, 1)= 13
iSx(14, 1)= 14
nindo( 1)= 14
CF for iorb1= 1 iorb2= 1
    0.92582010     0.00000000       0.00000000     0.00000000       0.00000000     0.00000000       0.00000000     0.00000000       0.00000000     0.00000000       0.00000000     0.00000000       0.00000000     0.00000000       0.00000000     0.00000000      -0.37796447     0.00000000       0.00000000     0.00000000       0.00000000     0.00000000       0.00000000     0.00000000       0.00000000     0.00000000       0.00000000     0.00000000   
    0.00000000     0.00000000       0.84515425     0.00000000       0.00000000     0.00000000       0.00000000     0.00000000       0.00000000     0.00000000       0.00000000     0.00000000       0.00000000     0.00000000       0.00000000     0.00000000       0.00000000     0.00000000      -0.53452248     0.00000000       0.00000000     0.00000000       0.00000000     0.00000000       0.00000000     0.00000000       0.00000000     0.00000000   
    0.00000000     0.00000000       0.00000000     0.00000000       0.75592895     0.00000000       0.00000000     0.00000000       0.00000000     0.00000000       0.00000000     0.00000000       0.00000000     0.00000000       0.00000000     0.00000000       0.00000000     0.00000000       0.00000000     0.00000000      -0.65465367     0.00000000       0.00000000     0.00000000       0.00000000     0.00000000       0.00000000     0.00000000   
    0.00000000     0.00000000       0.00000000     0.00000000       0.00000000     0.00000000       0.65465367     0.00000000       0.00000000     0.00000000       0.00000000     0.00000000       0.00000000     0.00000000       0.00000000     0.00000000       0.00000000     0.00000000       0.00000000     0.00000000       0.00000000     0.00000000      -0.75592895     0.00000000       0.00000000     0.00000000       0.00000000     0.00000000   
    0.00000000     0.00000000       0.00000000     0.00000000       0.00000000     0.00000000       0.00000000     0.00000000       0.53452248     0.00000000       0.00000000     0.00000000       0.00000000     0.00000000       0.00000000     0.00000000       0.00000000     0.00000000       0.00000000     0.00000000       0.00000000     0.00000000       0.00000000     0.00000000      -0.84515425     0.00000000       0.00000000     0.00000000   
    0.00000000     0.00000000       0.00000000     0.00000000       0.00000000     0.00000000       0.00000000     0.00000000       0.00000000     0.00000000       0.37796447     0.00000000       0.00000000     0.00000000       0.00000000     0.00000000       0.00000000     0.00000000       0.00000000     0.00000000       0.00000000     0.00000000       0.00000000     0.00000000       0.00000000     0.00000000      -0.92582010     0.00000000   
    0.00000000     0.00000000       0.00000000     0.00000000       0.00000000     0.00000000       0.00000000     0.00000000       0.00000000     0.00000000       0.00000000     0.00000000       0.00000000     0.00000000       1.00000000     0.00000000       0.00000000     0.00000000       0.00000000     0.00000000       0.00000000     0.00000000       0.00000000     0.00000000       0.00000000     0.00000000       0.00000000     0.00000000   
    0.37796447     0.00000000       0.00000000     0.00000000       0.00000000     0.00000000       0.00000000     0.00000000       0.00000000     0.00000000       0.00000000     0.00000000       0.00000000     0.00000000       0.00000000     0.00000000       0.92582010     0.00000000       0.00000000     0.00000000       0.00000000     0.00000000       0.00000000     0.00000000       0.00000000     0.00000000       0.00000000     0.00000000   
    0.00000000     0.00000000       0.53452248     0.00000000       0.00000000     0.00000000       0.00000000     0.00000000       0.00000000     0.00000000       0.00000000     0.00000000       0.00000000     0.00000000       0.00000000     0.00000000       0.00000000     0.00000000       0.84515425     0.00000000       0.00000000     0.00000000       0.00000000     0.00000000       0.00000000     0.00000000       0.00000000     0.00000000   
    0.00000000     0.00000000       0.00000000     0.00000000       0.65465367     0.00000000       0.00000000     0.00000000       0.00000000     0.00000000       0.00000000     0.00000000       0.00000000     0.00000000       0.00000000     0.00000000       0.00000000     0.00000000       0.00000000     0.00000000       0.75592895     0.00000000       0.00000000     0.00000000       0.00000000     0.00000000       0.00000000     0.00000000   
    0.00000000     0.00000000       0.00000000     0.00000000       0.00000000     0.00000000       0.75592895     0.00000000       0.00000000     0.00000000       0.00000000     0.00000000       0.00000000     0.00000000       0.00000000     0.00000000       0.00000000     0.00000000       0.00000000     0.00000000       0.00000000     0.00000000       0.65465367     0.00000000       0.00000000     0.00000000       0.00000000     0.00000000   
    0.00000000     0.00000000       0.00000000     0.00000000       0.00000000     0.00000000       0.00000000     0.00000000       0.84515425     0.00000000       0.00000000     0.00000000       0.00000000     0.00000000       0.00000000     0.00000000       0.00000000     0.00000000       0.00000000     0.00000000       0.00000000     0.00000000       0.00000000     0.00000000       0.53452248     0.00000000       0.00000000     0.00000000   
    0.00000000     0.00000000       0.00000000     0.00000000       0.00000000     0.00000000       0.00000000     0.00000000       0.00000000     0.00000000       0.92582010     0.00000000       0.00000000     0.00000000       0.00000000     0.00000000       0.00000000     0.00000000       0.00000000     0.00000000       0.00000000     0.00000000       0.00000000     0.00000000       0.00000000     0.00000000       0.37796447     0.00000000   
    0.00000000     0.00000000       0.00000000     0.00000000       0.00000000     0.00000000       0.00000000     0.00000000       0.00000000     0.00000000       0.00000000     0.00000000       1.00000000     0.00000000       0.00000000     0.00000000       0.00000000     0.00000000       0.00000000     0.00000000       0.00000000     0.00000000       0.00000000     0.00000000       0.00000000     0.00000000       0.00000000     0.00000000   
Rspin for iorb=  1
 angles=  0.000000000000000E+000   3.14159265358979       0.000000000000000E+000
  0.000000000000000E+000  0.000000000000000E+000  0.000000000000000E+000
 Rspin=
    0.000000    0.000000      0.000000    1.000000
    0.000000    1.000000      0.000000    0.000000
 Calculation for atom  1 which has iucase=  1
 ATPAR for spin up

          ATOMIC PARAMETERS FOR Pu  0+    

           ENERGY PARAMETERS ARE   1.28  -1.01   1.28   1.28

           L     U(R)          U'(R)         DU/DE        DU'/DE      NORM-U'
           0  0.552829E+00  0.809924E+00  0.111218E+00 -0.228377E+00
           1  0.537523E+00 -0.452204E-03 -0.144101E+00 -0.402359E+00
           2 -0.616619E+00  0.294550E-01  0.987051E-01  0.346169E+00
           3 -0.311134E+00  0.134713E+00  0.366850E+00  0.536672E+00
LO COEFFICIENT: l,A,B,C   0          0.65008    -3.23133     0.00000     0.00000
 
LO COEFFICIENT: l,A,B,C   0          0.32125     0.00000     0.78096     0.00000
 
LO COEFFICIENT: l,A,B,C   1          0.87929     3.27993     0.00000     0.00000
 
LO COEFFICIENT: l,A,B,C   1          0.26226     0.00000    -1.23255     0.00000
 
LO COEFFICIENT: l,A,B,C   2          0.85343     5.33143     0.00000     0.00000
 
LO COEFFICIENT: l,A,B,C   3          0.94222     0.79912     0.00000     0.00000
 
 ATPAR for spin down

          ATOMIC PARAMETERS FOR Pu  0+    

           ENERGY PARAMETERS ARE   1.28  -1.01   1.28   1.28

           L     U(R)          U'(R)         DU/DE        DU'/DE      NORM-U'
           0  0.552829E+00  0.809924E+00  0.111218E+00 -0.228377E+00
           1  0.537523E+00 -0.452204E-03 -0.144101E+00 -0.402359E+00
           2 -0.616619E+00  0.294550E-01  0.987051E-01  0.346169E+00
           3 -0.311134E+00  0.134713E+00  0.366850E+00  0.536672E+00
LO COEFFICIENT: l,A,B,C   0          0.65008    -3.23133     0.00000     0.00000
 
LO COEFFICIENT: l,A,B,C   0          0.32125     0.00000     0.78096     0.00000
 
LO COEFFICIENT: l,A,B,C   1          0.87929     3.27993     0.00000     0.00000
 
LO COEFFICIENT: l,A,B,C   1          0.26226     0.00000    -1.23255     0.00000
 
LO COEFFICIENT: l,A,B,C   2          0.85343     5.33143     0.00000     0.00000
 
LO COEFFICIENT: l,A,B,C   3          0.94222     0.79912     0.00000     0.00000
 
 L1=           0  L2=           0
 RADIAL INTEGRALS:
           1           1                 1           1   1.00000000000000     
           1           3                 1           1  0.571793627896346     
           1           1                 1           2   1.00000000000000     
           1           3                 1           2  0.571793627896346     
           1           1                 2           1   1.00000000000000     
           1           3                 2           1  0.571793627896346     
           1           1                 2           2   1.00000000000000     
           1           3                 2           2  0.571793627896346     
           2           2                 1           1  5.529868754442827E-002
           2           3                 1           1 -0.190621497243242     
           2           2                 1           2  5.529868754442827E-002
           2           3                 1           2 -0.190621497243242     
           2           2                 2           1  5.529868754442827E-002
           2           3                 2           1 -0.190621497243242     
           2           2                 2           2  5.529868754442827E-002
           2           3                 2           2 -0.190621497243242     
           3           1                 1           1  0.571793627896346     
           3           2                 1           1 -0.190621497243242     
           3           3                 1           1   1.00000000000000     
           3           1                 1           2  0.571793627896346     
           3           2                 1           2 -0.190621497243242     
           3           3                 1           2   1.00000000000000     
           3           1                 2           1  0.571793627896346     
           3           2                 2           1 -0.190621497243242     
           3           3                 2           1   1.00000000000000     
           3           1                 2           2  0.571793627896346     
           3           2                 2           2 -0.190621497243242     
           3           3                 2           2   1.00000000000000     
 L1=           1  L2=           1
 RADIAL INTEGRALS:
           1           1                 1           1   1.00000000000000     
           1           3                 1           1  0.909455565456398     
           1           1                 1           2   1.00000000000000     
           1           3                 1           2  0.909455565456398     
           1           1                 2           1   1.00000000000000     
           1           3                 2           1  0.909455565456398     
           1           1                 2           2   1.00000000000000     
           1           3                 2           2  0.909455565456398     
           2           2                 1           1  2.108624179832506E-002
           2           3                 1           1  6.021020229958135E-002
           2           2                 1           2  2.108624179832506E-002
           2           3                 1           2  6.021020229958135E-002
           2           2                 2           1  2.108624179832506E-002
           2           3                 2           1  6.021020229958135E-002
           2           2                 2           2  2.108624179832506E-002
           2           3                 2           2  6.021020229958135E-002
           3           1                 1           1  0.909455565456398     
           3           2                 1           1  6.021020229958135E-002
           3           3                 1           1   1.00000000000000     
           3           1                 1           2  0.909455565456398     
           3           2                 1           2  6.021020229958135E-002
           3           3                 1           2   1.00000000000000     
           3           1                 2           1  0.909455565456398     
           3           2                 2           1  6.021020229958135E-002
           3           3                 2           1   1.00000000000000     
           3           1                 2           2  0.909455565456398     
           3           2                 2           2  6.021020229958135E-002
           3           3                 2           2   1.00000000000000     
 L1=           2  L2=           2
 RADIAL INTEGRALS:
           1           1                 1           1   1.00000000000000     
           1           1                 1           2   1.00000000000000     
           1           1                 2           1   1.00000000000000     
           1           1                 2           2   1.00000000000000     
           2           2                 1           1  9.557493962497297E-003
           2           2                 1           2  9.557493962497297E-003
           2           2                 2           1  9.557493962497297E-003
           2           2                 2           2  9.557493962497297E-003
 L1=           3  L2=           3
 RADIAL INTEGRALS:
           1           1                 1           1   1.00000000000000     
           1           1                 1           2   1.00000000000000     
           1           1                 2           1   1.00000000000000     
           1           1                 2           2   1.00000000000000     
           2           2                 1           1  0.175734511287167     
           2           2                 1           2  0.175734511287167     
           2           2                 2           1  0.175734511287167     
           2           2                 2           2  0.175734511287167     
Saving potential parameters for atom 1 into  1
pr_proc=143  tot-k=286
 ------------------------------------------------------------------------------


   =====>>> CPU TIME SUMMARY

            TOTAL       :      0.9
 OMP_NUM_THREADS= 2
 GUTZ_SOLVER VO.1.5 BUILT ON Jan 19 2014 AT22:25:59
 NT=  1 SEC_N%DIM=   10 WITH ID:
           1       2      16     107     471    1472    3474    6477    9909   12912
       14914
 MEAN U/J:  0.2940  0.0265
 NEL_FIX_VDC1=      5.20
 ATOM DEPENDENT NELF1:
      5.2041
 DCMIX_A=  0.200000
 SYMMETRICALLY NON-EQUIVALENT ATOMS:
          1
 VARIATIONAL-SETUP-NON-EQUIVALENT ATOMS:
          1
 COMPLEMENTARY VARIATIONAL-SETUP-EQUIVALENT ATOMS:

 GYZ%SYM%IDSUM:
  1
 DIM(X_Gutz)=  4
 CALC SET: GAPJ-SHFT FULL       -JH-PROJ SLATER    VAR-FIXDC    Ryd.   
 NT= 1
 LOCAL INTERACTION PART   :
 U              :   0.2940
 J              :   0.0265
 FOCK SPACE PART:
 NA             :  7
 FS%OCC(1) L.B. :  0
 FS%OCC(2) U.B. :  9
 FS%DIM         :     14913
 HL%OCC(1) L.B. :  0
 HL%OCC(2) U.B. :  9
 ISO= 2 ISPIN_IN= 1 ISPIN= 1 ISPO= 2
 BND%NMAX=  60
 BZ INTEGRATION WITH TETRA METHOD, ICOR= 1
 EQUAL OCCUPANCY OF DEGENERATE STATES, TOL= 0.1E-05
 VALENCE ELECTRONS: TOTAL=    16.0
                    CORRELATED PART=     8.0
 SYM%IDI/IDF=  1 16
 BND%NMAXIN=   24
      GUTZ5_INI_CORR_UVEK takes  0 hours  0 minutes and    0.04 seconds (CPU).
                          takes  0 hours  0 minutes and    0.05 seconds (WALL).
                 SETUP_TB takes  0 hours  0 minutes and    1.18 seconds (CPU).
                          takes  0 hours  0 minutes and    0.59 seconds (WALL).
************  EL-  ************
 NI=  1 NI_GLOBAL=  1
   1.5011   1.5003   1.4988   1.4988   1.5003   1.5011   1.5820   1.5825   1.5754   1.5791   1.5791   1.5754   1.5825   1.5820
************  EL=  ************
 NI=  1 NI_GLOBAL=  1
   1.5011   0.0000   0.0000   0.0000   0.0012   0.0000   0.0000   0.0003   0.0000   0.0000   0.0000   0.0058   0.0000   0.0000
   0.0000   1.5003   0.0000   0.0000   0.0000   0.0012   0.0000   0.0000   0.0032   0.0000   0.0000   0.0000  -0.0039   0.0000
   0.0000   0.0000   1.4988   0.0000   0.0000   0.0000   0.0000   0.0000   0.0000  -0.0045   0.0000   0.0000   0.0000   0.0029
   0.0000   0.0000   0.0000   1.4988   0.0000   0.0000  -0.0029   0.0000   0.0000   0.0000   0.0045   0.0000   0.0000   0.0000
   0.0012   0.0000   0.0000   0.0000   1.5003   0.0000   0.0000   0.0039   0.0000   0.0000   0.0000  -0.0032   0.0000   0.0000
   0.0000   0.0012   0.0000   0.0000   0.0000   1.5011   0.0000   0.0000  -0.0058   0.0000   0.0000   0.0000  -0.0003   0.0000
   0.0000   0.0000   0.0000  -0.0029   0.0000   0.0000   1.5820   0.0000   0.0000   0.0000   0.0025   0.0000   0.0000   0.0000
   0.0003   0.0000   0.0000   0.0000   0.0039   0.0000   0.0000   1.5825   0.0000   0.0000   0.0000  -0.0012   0.0000   0.0000
   0.0000   0.0032   0.0000   0.0000   0.0000  -0.0058   0.0000   0.0000   1.5754   0.0000   0.0000   0.0000  -0.0012   0.0000
   0.0000   0.0000  -0.0045   0.0000   0.0000   0.0000   0.0000   0.0000   0.0000   1.5791   0.0000   0.0000   0.0000   0.0025
   0.0000   0.0000   0.0000   0.0045   0.0000   0.0000   0.0025   0.0000   0.0000   0.0000   1.5791   0.0000   0.0000   0.0000
   0.0058   0.0000   0.0000   0.0000  -0.0032   0.0000   0.0000  -0.0012   0.0000   0.0000   0.0000   1.5754   0.0000   0.0000
   0.0000  -0.0039   0.0000   0.0000   0.0000  -0.0003   0.0000   0.0000  -0.0012   0.0000   0.0000   0.0000   1.5825   0.0000
   0.0000   0.0000   0.0029   0.0000   0.0000   0.0000   0.0000   0.0000   0.0000   0.0025   0.0000   0.0000   0.0000   1.5820
 NI=  1 LOCAL ORBITAL LEVEL CENTER(ELC)=   1.546
************  EL0  ************
 NI=  1 NI_GLOBAL=  1
   1.5001   1.5001   1.5001   1.5001   1.5001   1.5001   1.5798   1.5798   1.5798   1.5798   1.5798   1.5798   1.5798   1.5798
************  ELL  ************
 NI=  1 NI_GLOBAL=  1
   1.5001   0.0000   0.0000   0.0000   0.0000   0.0000   0.0000   0.0000   0.0000   0.0000   0.0000   0.0000   0.0000   0.0000
   0.0000   1.5001   0.0000   0.0000   0.0000   0.0000   0.0000   0.0000   0.0000   0.0000   0.0000   0.0000   0.0000   0.0000
   0.0000   0.0000   1.5001   0.0000   0.0000   0.0000   0.0000   0.0000   0.0000   0.0000   0.0000   0.0000   0.0000   0.0000
   0.0000   0.0000   0.0000   1.5001   0.0000   0.0000   0.0000   0.0000   0.0000   0.0000   0.0000   0.0000   0.0000   0.0000
   0.0000   0.0000   0.0000   0.0000   1.5001   0.0000   0.0000   0.0000   0.0000   0.0000   0.0000   0.0000   0.0000   0.0000
   0.0000   0.0000   0.0000   0.0000   0.0000   1.5001   0.0000   0.0000   0.0000   0.0000   0.0000   0.0000   0.0000   0.0000
   0.0000   0.0000   0.0000   0.0000   0.0000   0.0000   1.5798   0.0000   0.0000   0.0000   0.0000   0.0000   0.0000   0.0000
   0.0000   0.0000   0.0000   0.0000   0.0000   0.0000   0.0000   1.5798   0.0000   0.0000   0.0000   0.0000   0.0000   0.0000
   0.0000   0.0000   0.0000   0.0000   0.0000   0.0000   0.0000   0.0000   1.5798   0.0000   0.0000   0.0000   0.0000   0.0000
   0.0000   0.0000   0.0000   0.0000   0.0000   0.0000   0.0000   0.0000   0.0000   1.5798   0.0000   0.0000   0.0000   0.0000
   0.0000   0.0000   0.0000   0.0000   0.0000   0.0000   0.0000   0.0000   0.0000   0.0000   1.5798   0.0000   0.0000   0.0000
   0.0000   0.0000   0.0000   0.0000   0.0000   0.0000   0.0000   0.0000   0.0000   0.0000   0.0000   1.5798   0.0000   0.0000
   0.0000   0.0000   0.0000   0.0000   0.0000   0.0000   0.0000   0.0000   0.0000   0.0000   0.0000   0.0000   1.5798   0.0000
   0.0000   0.0000   0.0000   0.0000   0.0000   0.0000   0.0000   0.0000   0.0000   0.0000   0.0000   0.0000   0.0000   1.5798
                  GET_EL0 takes  0 hours  0 minutes and    0.01 seconds (CPU).
                          takes  0 hours  0 minutes and    0.02 seconds (WALL).
 There are  4 blocks of bands, with band energy windows:
  -1.940  -1.876 |   -0.388  -0.243 |    0.123   0.470 |    1.120   4.470 | 
 Band window indices:
         1      2 |          3      4 |          5      8 |          9     61 | 
 Band width
       0.065   |         0.145   |         0.346   |         3.351   |  
 Band gap
       1.487   |         0.367   |         0.650   |  
 CORRELATED BLOCK: EMIN/EMIX=    1.1197    1.9472
 CORRELATED BAND WIDTH=   0.827
         GUTZ_RED_PRJ_NEQ takes  0 hours  1 minutes and    2.13 seconds (CPU).
                          takes  0 hours  1 minutes and    2.14 seconds (WALL).
 NI=  1 DIM_PHIK=   41227 HL%DIM=  14913
       ID_PHIK_N=
      1      2      4     33    264   1639   6153  15546  27321  36714
  41228
       ID_PHIK_J=
      1      2      3      4      8      9     18     19     28     29
     33     37     73    122    171    220    245    254    263    264
    300    349    638    807   1168   1364   1533   1582   1631   1635
   1639   1739   2180   2964   3864   4705   5381   5781   6037   6118
   6143   6152   6153   6349   6710   8079   9448  11564  12933  14377
  14953  15353  15474  15538  15542  15546  15835  16796  18560  21060
  23176  24940  26165  26841  27165  27286  27311  27320  27321  27517
  27878  29247  30616  32732  34101  35545  36121  36521  36642  36706
  36710  36714  36814  37255  38039  38939  39780  40456  40856  41112
  41193  41218  41227  41228
          GUTZ_SET_PRJ_EQ takes  0 hours  0 minutes and    0.00 seconds (CPU).
                          takes  0 hours  0 minutes and    0.00 seconds (WALL).
************   WH%X  ************
    0.90510273    0.92122748
    1.46307052    1.61072774
************  RIN  ************
 NI=  1 NI_GLOBAL=  1
   0.9051   0.9051   0.9051   0.9051   0.9051   0.9051   0.9212   0.9212   0.9212   0.9212   0.9212   0.9212   0.9212   0.9212
************  LA1  ************
 NI=  1 NI_GLOBAL=  1
   1.4631   1.4631   1.4631   1.4631   1.4631   1.4631   1.6107   1.6107   1.6107   1.6107   1.6107   1.6107   1.6107   1.6107
             CALC_BAND_AL takes  0 hours  0 minutes and    0.52 seconds (CPU).
                          takes  0 hours  0 minutes and    0.27 seconds (WALL).
 ILOOP            1
   FERMI ENERGY AT    1.47906351490412     
   SUM RULE OF TETRAHEDRON INTEGRATION CHECKED 
   number of occupied bands:          18
   highest energy:   1.49195558314807     
************  NK-  ************
 NI=  1 NI_GLOBAL=  1
   0.7455   0.7374   0.8075   0.8075   0.7374   0.7455   0.0876   0.0779   0.0783   0.0683   0.0683   0.0783   0.0779   0.0876
************  NNK  ************
 NI=  1 NI_GLOBAL=  1
   0.7455   0.0000   0.0000   0.0000  -0.0352   0.0000   0.0000   0.0208   0.0000   0.0000   0.0000  -0.0238   0.0000   0.0000
   0.0000   0.7374   0.0000   0.0000   0.0000  -0.0352   0.0000   0.0000  -0.0299   0.0000   0.0000   0.0000   0.0274   0.0000
   0.0000   0.0000   0.8075   0.0000   0.0000   0.0000   0.0000   0.0000   0.0000   0.0496   0.0000   0.0000   0.0000  -0.0304
   0.0000   0.0000   0.0000   0.8075   0.0000   0.0000   0.0304   0.0000   0.0000   0.0000  -0.0496   0.0000   0.0000   0.0000
  -0.0352   0.0000   0.0000   0.0000   0.7374   0.0000   0.0000  -0.0274   0.0000   0.0000   0.0000   0.0299   0.0000   0.0000
   0.0000  -0.0352   0.0000   0.0000   0.0000   0.7455   0.0000   0.0000   0.0238   0.0000   0.0000   0.0000  -0.0208   0.0000
   0.0000   0.0000   0.0000   0.0304   0.0000   0.0000   0.0876   0.0000   0.0000   0.0000  -0.0113   0.0000   0.0000   0.0000
   0.0208   0.0000   0.0000   0.0000  -0.0274   0.0000   0.0000   0.0779   0.0000   0.0000   0.0000  -0.0079   0.0000   0.0000
   0.0000  -0.0299   0.0000   0.0000   0.0000   0.0238   0.0000   0.0000   0.0783   0.0000   0.0000   0.0000  -0.0079   0.0000
   0.0000   0.0000   0.0496   0.0000   0.0000   0.0000   0.0000   0.0000   0.0000   0.0683   0.0000   0.0000   0.0000  -0.0113
   0.0000   0.0000   0.0000  -0.0496   0.0000   0.0000  -0.0113   0.0000   0.0000   0.0000   0.0683   0.0000   0.0000   0.0000
  -0.0238   0.0000   0.0000   0.0000   0.0299   0.0000   0.0000  -0.0079   0.0000   0.0000   0.0000   0.0783   0.0000   0.0000
   0.0000   0.0274   0.0000   0.0000   0.0000  -0.0208   0.0000   0.0000  -0.0079   0.0000   0.0000   0.0000   0.0779   0.0000
   0.0000   0.0000  -0.0304   0.0000   0.0000   0.0000   0.0000   0.0000   0.0000  -0.0113   0.0000   0.0000   0.0000   0.0876
************  NKS  ************
 NI=  1 NI_GLOBAL=  1
   0.7635   0.7635   0.7635   0.7635   0.7635   0.7635   0.0780   0.0780   0.0780   0.0780   0.0780   0.0780   0.0780   0.0780
 NELE_LOC TOTAL:
           5.2049541351904240
              CALC_DA_BND takes  0 hours  0 minutes and    0.08 seconds (CPU).
                          takes  0 hours  0 minutes and    0.09 seconds (WALL).
************  DA-  ************
 NI=  1 NI_GLOBAL=  1
  -0.0277  -0.0269  -0.0257  -0.0257  -0.0269  -0.0277  -0.0191  -0.0177  -0.0160  -0.0153  -0.0153  -0.0160  -0.0177  -0.0191
************  DAA  ************
 NI=  1 NI_GLOBAL=  1
  -0.0268  -0.0268  -0.0268  -0.0268  -0.0268  -0.0268  -0.0170  -0.0170  -0.0170  -0.0170  -0.0170  -0.0170  -0.0170  -0.0170
 NI=  1 VDC=    1.3274
************  LA2  ************
 NI=  1 NI_GLOBAL=  1
  -2.8611  -2.8611  -2.8611  -2.8611  -2.8611  -2.8611  -2.7539  -2.7539  -2.7539  -2.7539  -2.7539  -2.7539  -2.7539  -2.7539
 NI=  1 PHI-step gap=  0.15E+00
************  RAA  ************
 NI=  1 NI_GLOBAL=  1
   0.9051   0.9051   0.9051   0.9051   0.9051   0.9051   0.9213   0.9213   0.9213   0.9213   0.9213   0.9213   0.9213   0.9213
************  NC0  ************
 NI=  1 NI_GLOBAL=  1
   0.7635   0.7635   0.7635   0.7635   0.7635   0.7635   0.0780   0.0780   0.0780   0.0780   0.0780   0.0780   0.0780   0.0780
                  CALC_LC takes  0 hours  8 minutes and   55.36 seconds (CPU).
                          takes  0 hours  8 minutes and   55.34 seconds (WALL).
                GUTZ_FCN1 takes  0 hours  8 minutes and   56.05 seconds (CPU).
                          takes  0 hours  8 minutes and   55.75 seconds (WALL).
************  DIF_X  ************
   -0.000022754024    0.000060346998
    0.000025249965    0.000011202518
 ITER1=  1 MAXERR=    0.00006035
************   WH%X  ************
    0.90511573    0.92122468
    1.46304377    1.61069328
************  RIN  ************
 NI=  1 NI_GLOBAL=  1
   0.9051   0.9051   0.9051   0.9051   0.9051   0.9051   0.9212   0.9212   0.9212   0.9212   0.9212   0.9212   0.9212   0.9212
************  LA1  ************
 NI=  1 NI_GLOBAL=  1
   1.4630   1.4630   1.4630   1.4630   1.4630   1.4630   1.6107   1.6107   1.6107   1.6107   1.6107   1.6107   1.6107   1.6107
             CALC_BAND_AL takes  0 hours  0 minutes and    0.52 seconds (CPU).
                          takes  0 hours  0 minutes and    0.27 seconds (WALL).
 ILOOP            1
 ILOOP            2
   FERMI ENERGY AT    1.47904011959729     
   SUM RULE OF TETRAHEDRON INTEGRATION CHECKED 
   number of occupied bands:          18
   highest energy:   1.49193487520591     
************  NK-  ************
 NI=  1 NI_GLOBAL=  1
   0.7455   0.7374   0.8075   0.8075   0.7374   0.7455   0.0876   0.0779   0.0783   0.0683   0.0683   0.0783   0.0779   0.0876
************  NNK  ************
 NI=  1 NI_GLOBAL=  1
   0.7455   0.0000   0.0000   0.0000  -0.0351   0.0000   0.0000   0.0208   0.0000   0.0000   0.0000  -0.0238   0.0000   0.0000
   0.0000   0.7374   0.0000   0.0000   0.0000  -0.0351   0.0000   0.0000  -0.0299   0.0000   0.0000   0.0000   0.0274   0.0000
   0.0000   0.0000   0.8075   0.0000   0.0000   0.0000   0.0000   0.0000   0.0000   0.0496   0.0000   0.0000   0.0000  -0.0304
   0.0000   0.0000   0.0000   0.8075   0.0000   0.0000   0.0304   0.0000   0.0000   0.0000  -0.0496   0.0000   0.0000   0.0000
  -0.0351   0.0000   0.0000   0.0000   0.7374   0.0000   0.0000  -0.0274   0.0000   0.0000   0.0000   0.0299   0.0000   0.0000
   0.0000  -0.0351   0.0000   0.0000   0.0000   0.7455   0.0000   0.0000   0.0238   0.0000   0.0000   0.0000  -0.0208   0.0000
   0.0000   0.0000   0.0000   0.0304   0.0000   0.0000   0.0876   0.0000   0.0000   0.0000  -0.0113   0.0000   0.0000   0.0000
   0.0208   0.0000   0.0000   0.0000  -0.0274   0.0000   0.0000   0.0779   0.0000   0.0000   0.0000  -0.0079   0.0000   0.0000
   0.0000  -0.0299   0.0000   0.0000   0.0000   0.0238   0.0000   0.0000   0.0783   0.0000   0.0000   0.0000  -0.0079   0.0000
   0.0000   0.0000   0.0496   0.0000   0.0000   0.0000   0.0000   0.0000   0.0000   0.0683   0.0000   0.0000   0.0000  -0.0113
   0.0000   0.0000   0.0000  -0.0496   0.0000   0.0000  -0.0113   0.0000   0.0000   0.0000   0.0683   0.0000   0.0000   0.0000
  -0.0238   0.0000   0.0000   0.0000   0.0299   0.0000   0.0000  -0.0079   0.0000   0.0000   0.0000   0.0783   0.0000   0.0000
   0.0000   0.0274   0.0000   0.0000   0.0000  -0.0208   0.0000   0.0000  -0.0079   0.0000   0.0000   0.0000   0.0779   0.0000
   0.0000   0.0000  -0.0304   0.0000   0.0000   0.0000   0.0000   0.0000   0.0000  -0.0113   0.0000   0.0000   0.0000   0.0876
************  NKS  ************
 NI=  1 NI_GLOBAL=  1
   0.7635   0.7635   0.7635   0.7635   0.7635   0.7635   0.0780   0.0780   0.0780   0.0780   0.0780   0.0780   0.0780   0.0780
 NELE_LOC TOTAL:
           5.2051379522612162
              CALC_DA_BND takes  0 hours  0 minutes and    0.09 seconds (CPU).
                          takes  0 hours  0 minutes and    0.08 seconds (WALL).
************  DA-  ************
 NI=  1 NI_GLOBAL=  1
  -0.0277  -0.0269  -0.0257  -0.0257  -0.0269  -0.0277  -0.0191  -0.0178  -0.0160  -0.0153  -0.0153  -0.0160  -0.0178  -0.0191
************  DAA  ************
 NI=  1 NI_GLOBAL=  1
  -0.0268  -0.0268  -0.0268  -0.0268  -0.0268  -0.0268  -0.0170  -0.0170  -0.0170  -0.0170  -0.0170  -0.0170  -0.0170  -0.0170
 NI=  1 VDC=    1.3274
************  LA2  ************
 NI=  1 NI_GLOBAL=  1
  -2.8611  -2.8611  -2.8611  -2.8611  -2.8611  -2.8611  -2.7539  -2.7539  -2.7539  -2.7539  -2.7539  -2.7539  -2.7539  -2.7539
 NI=  1 PHI-step gap=  0.15E+00
************  RAA  ************
 NI=  1 NI_GLOBAL=  1
   0.9051   0.9051   0.9051   0.9051   0.9051   0.9051   0.9212   0.9212   0.9212   0.9212   0.9212   0.9212   0.9212   0.9212
************  NC0  ************
 NI=  1 NI_GLOBAL=  1
   0.7635   0.7635   0.7635   0.7635   0.7635   0.7635   0.0780   0.0780   0.0780   0.0780   0.0780   0.0780   0.0780   0.0780
                  CALC_LC takes  0 hours 10 minutes and   25.05 seconds (CPU).
                          takes  0 hours 10 minutes and   25.03 seconds (WALL).
                GUTZ_FCN1 takes  0 hours 10 minutes and   25.75 seconds (CPU).
                          takes  0 hours 10 minutes and   25.44 seconds (WALL).
************  DIF_X  ************
   -0.000001437216    0.000001591457
    0.000000198132   -0.000000317944
 ITER1=  2 MAXERR=    0.00000159
************   WH%X  ************
    0.90511469    0.92122809
    1.46304380    1.61069458
************  RIN  ************
 NI=  1 NI_GLOBAL=  1
   0.9051   0.9051   0.9051   0.9051   0.9051   0.9051   0.9212   0.9212   0.9212   0.9212   0.9212   0.9212   0.9212   0.9212
************  LA1  ************
 NI=  1 NI_GLOBAL=  1
   1.4630   1.4630   1.4630   1.4630   1.4630   1.4630   1.6107   1.6107   1.6107   1.6107   1.6107   1.6107   1.6107   1.6107
             CALC_BAND_AL takes  0 hours  0 minutes and    0.53 seconds (CPU).
                          takes  0 hours  0 minutes and    0.25 seconds (WALL).
 ILOOP            1
 ILOOP            2
   FERMI ENERGY AT    1.47904015318162     
   SUM RULE OF TETRAHEDRON INTEGRATION CHECKED 
   number of occupied bands:          18
   highest energy:   1.49193498310789     
************  NK-  ************
 NI=  1 NI_GLOBAL=  1
   0.7455   0.7374   0.8075   0.8075   0.7374   0.7455   0.0876   0.0779   0.0783   0.0683   0.0683   0.0783   0.0779   0.0876
************  NNK  ************
 NI=  1 NI_GLOBAL=  1
   0.7455   0.0000   0.0000   0.0000  -0.0351   0.0000   0.0000   0.0208   0.0000   0.0000   0.0000  -0.0238   0.0000   0.0000
   0.0000   0.7374   0.0000   0.0000   0.0000  -0.0351   0.0000   0.0000  -0.0299   0.0000   0.0000   0.0000   0.0274   0.0000
   0.0000   0.0000   0.8075   0.0000   0.0000   0.0000   0.0000   0.0000   0.0000   0.0496   0.0000   0.0000   0.0000  -0.0304
   0.0000   0.0000   0.0000   0.8075   0.0000   0.0000   0.0304   0.0000   0.0000   0.0000  -0.0496   0.0000   0.0000   0.0000
  -0.0351   0.0000   0.0000   0.0000   0.7374   0.0000   0.0000  -0.0274   0.0000   0.0000   0.0000   0.0299   0.0000   0.0000
   0.0000  -0.0351   0.0000   0.0000   0.0000   0.7455   0.0000   0.0000   0.0238   0.0000   0.0000   0.0000  -0.0208   0.0000
   0.0000   0.0000   0.0000   0.0304   0.0000   0.0000   0.0876   0.0000   0.0000   0.0000  -0.0113   0.0000   0.0000   0.0000
   0.0208   0.0000   0.0000   0.0000  -0.0274   0.0000   0.0000   0.0779   0.0000   0.0000   0.0000  -0.0079   0.0000   0.0000
   0.0000  -0.0299   0.0000   0.0000   0.0000   0.0238   0.0000   0.0000   0.0783   0.0000   0.0000   0.0000  -0.0079   0.0000
   0.0000   0.0000   0.0496   0.0000   0.0000   0.0000   0.0000   0.0000   0.0000   0.0683   0.0000   0.0000   0.0000  -0.0113
   0.0000   0.0000   0.0000  -0.0496   0.0000   0.0000  -0.0113   0.0000   0.0000   0.0000   0.0683   0.0000   0.0000   0.0000
  -0.0238   0.0000   0.0000   0.0000   0.0299   0.0000   0.0000  -0.0079   0.0000   0.0000   0.0000   0.0783   0.0000   0.0000
   0.0000   0.0274   0.0000   0.0000   0.0000  -0.0208   0.0000   0.0000  -0.0079   0.0000   0.0000   0.0000   0.0779   0.0000
   0.0000   0.0000  -0.0304   0.0000   0.0000   0.0000   0.0000   0.0000   0.0000  -0.0113   0.0000   0.0000   0.0000   0.0876
************  NKS  ************
 NI=  1 NI_GLOBAL=  1
   0.7635   0.7635   0.7635   0.7635   0.7635   0.7635   0.0780   0.0780   0.0780   0.0780   0.0780   0.0780   0.0780   0.0780
 NELE_LOC TOTAL:
           5.2051368067962152
              CALC_DA_BND takes  0 hours  0 minutes and    0.09 seconds (CPU).
                          takes  0 hours  0 minutes and    0.09 seconds (WALL).
************  DA-  ************
 NI=  1 NI_GLOBAL=  1
  -0.0277  -0.0269  -0.0257  -0.0257  -0.0269  -0.0277  -0.0191  -0.0178  -0.0160  -0.0153  -0.0153  -0.0160  -0.0178  -0.0191
************  DAA  ************
 NI=  1 NI_GLOBAL=  1
  -0.0268  -0.0268  -0.0268  -0.0268  -0.0268  -0.0268  -0.0170  -0.0170  -0.0170  -0.0170  -0.0170  -0.0170  -0.0170  -0.0170
 NI=  1 VDC=    1.3274
************  LA2  ************
 NI=  1 NI_GLOBAL=  1
  -2.8611  -2.8611  -2.8611  -2.8611  -2.8611  -2.8611  -2.7539  -2.7539  -2.7539  -2.7539  -2.7539  -2.7539  -2.7539  -2.7539
 NI=  1 PHI-step gap=  0.15E+00
************  RAA  ************
 NI=  1 NI_GLOBAL=  1
   0.9051   0.9051   0.9051   0.9051   0.9051   0.9051   0.9212   0.9212   0.9212   0.9212   0.9212   0.9212   0.9212   0.9212
************  NC0  ************
 NI=  1 NI_GLOBAL=  1
   0.7635   0.7635   0.7635   0.7635   0.7635   0.7635   0.0780   0.0780   0.0780   0.0780   0.0780   0.0780   0.0780   0.0780
                  CALC_LC takes  0 hours 10 minutes and   23.09 seconds (CPU).
                          takes  0 hours 10 minutes and   23.06 seconds (WALL).
                GUTZ_FCN1 takes  0 hours 10 minutes and   23.79 seconds (CPU).
                          takes  0 hours 10 minutes and   23.47 seconds (WALL).
************  DIF_X  ************
   -0.000000036690    0.000000045703
   -0.000000009305    0.000000012649
 ITER1=  3 MAXERR=    0.00000005
************   WH%X  ************
    0.90511463    0.92122805
    1.46304381    1.61069454
************  RIN  ************
 NI=  1 NI_GLOBAL=  1
   0.9051   0.9051   0.9051   0.9051   0.9051   0.9051   0.9212   0.9212   0.9212   0.9212   0.9212   0.9212   0.9212   0.9212
************  LA1  ************
 NI=  1 NI_GLOBAL=  1
   1.4630   1.4630   1.4630   1.4630   1.4630   1.4630   1.6107   1.6107   1.6107   1.6107   1.6107   1.6107   1.6107   1.6107
             CALC_BAND_AL takes  0 hours  0 minutes and    0.52 seconds (CPU).
                          takes  0 hours  0 minutes and    0.27 seconds (WALL).
 ILOOP            1
 ILOOP            2
   FERMI ENERGY AT    1.47904015078805     
   SUM RULE OF TETRAHEDRON INTEGRATION CHECKED 
   number of occupied bands:          18
   highest energy:   1.49193497427626     
************  NK-  ************
 NI=  1 NI_GLOBAL=  1
   0.7455   0.7374   0.8075   0.8075   0.7374   0.7455   0.0876   0.0779   0.0783   0.0683   0.0683   0.0783   0.0779   0.0876
************  NNK  ************
 NI=  1 NI_GLOBAL=  1
   0.7455   0.0000   0.0000   0.0000  -0.0351   0.0000   0.0000   0.0208   0.0000   0.0000   0.0000  -0.0238   0.0000   0.0000
   0.0000   0.7374   0.0000   0.0000   0.0000  -0.0351   0.0000   0.0000  -0.0299   0.0000   0.0000   0.0000   0.0274   0.0000
   0.0000   0.0000   0.8075   0.0000   0.0000   0.0000   0.0000   0.0000   0.0000   0.0496   0.0000   0.0000   0.0000  -0.0304
   0.0000   0.0000   0.0000   0.8075   0.0000   0.0000   0.0304   0.0000   0.0000   0.0000  -0.0496   0.0000   0.0000   0.0000
  -0.0351   0.0000   0.0000   0.0000   0.7374   0.0000   0.0000  -0.0274   0.0000   0.0000   0.0000   0.0299   0.0000   0.0000
   0.0000  -0.0351   0.0000   0.0000   0.0000   0.7455   0.0000   0.0000   0.0238   0.0000   0.0000   0.0000  -0.0208   0.0000
   0.0000   0.0000   0.0000   0.0304   0.0000   0.0000   0.0876   0.0000   0.0000   0.0000  -0.0113   0.0000   0.0000   0.0000
   0.0208   0.0000   0.0000   0.0000  -0.0274   0.0000   0.0000   0.0779   0.0000   0.0000   0.0000  -0.0079   0.0000   0.0000
   0.0000  -0.0299   0.0000   0.0000   0.0000   0.0238   0.0000   0.0000   0.0783   0.0000   0.0000   0.0000  -0.0079   0.0000
   0.0000   0.0000   0.0496   0.0000   0.0000   0.0000   0.0000   0.0000   0.0000   0.0683   0.0000   0.0000   0.0000  -0.0113
   0.0000   0.0000   0.0000  -0.0496   0.0000   0.0000  -0.0113   0.0000   0.0000   0.0000   0.0683   0.0000   0.0000   0.0000
  -0.0238   0.0000   0.0000   0.0000   0.0299   0.0000   0.0000  -0.0079   0.0000   0.0000   0.0000   0.0783   0.0000   0.0000
   0.0000   0.0274   0.0000   0.0000   0.0000  -0.0208   0.0000   0.0000  -0.0079   0.0000   0.0000   0.0000   0.0779   0.0000
   0.0000   0.0000  -0.0304   0.0000   0.0000   0.0000   0.0000   0.0000   0.0000  -0.0113   0.0000   0.0000   0.0000   0.0876
************  NKS  ************
 NI=  1 NI_GLOBAL=  1
   0.7635   0.7635   0.7635   0.7635   0.7635   0.7635   0.0780   0.0780   0.0780   0.0780   0.0780   0.0780   0.0780   0.0780
 NELE_LOC TOTAL:
           5.2051368250640966
              CALC_DA_BND takes  0 hours  0 minutes and    0.18 seconds (CPU).
                          takes  0 hours  0 minutes and    0.08 seconds (WALL).
************  DA-  ************
 NI=  1 NI_GLOBAL=  1
  -0.0277  -0.0269  -0.0257  -0.0257  -0.0269  -0.0277  -0.0191  -0.0178  -0.0160  -0.0153  -0.0153  -0.0160  -0.0178  -0.0191
************  DAA  ************
 NI=  1 NI_GLOBAL=  1
  -0.0268  -0.0268  -0.0268  -0.0268  -0.0268  -0.0268  -0.0170  -0.0170  -0.0170  -0.0170  -0.0170  -0.0170  -0.0170  -0.0170
 NI=  1 VDC=    1.3274
************  LA2  ************
 NI=  1 NI_GLOBAL=  1
  -2.8611  -2.8611  -2.8611  -2.8611  -2.8611  -2.8611  -2.7539  -2.7539  -2.7539  -2.7539  -2.7539  -2.7539  -2.7539  -2.7539
 NI=  1 PHI-step gap=  0.15E+00
************  RAA  ************
 NI=  1 NI_GLOBAL=  1
   0.9051   0.9051   0.9051   0.9051   0.9051   0.9051   0.9212   0.9212   0.9212   0.9212   0.9212   0.9212   0.9212   0.9212
************  NC0  ************
 NI=  1 NI_GLOBAL=  1
   0.7635   0.7635   0.7635   0.7635   0.7635   0.7635   0.0780   0.0780   0.0780   0.0780   0.0780   0.0780   0.0780   0.0780
                  CALC_LC takes  0 hours 10 minutes and   23.06 seconds (CPU).
                          takes  0 hours 10 minutes and   23.08 seconds (WALL).
                GUTZ_FCN1 takes  0 hours 10 minutes and   23.87 seconds (CPU).
                          takes  0 hours 10 minutes and   23.48 seconds (WALL).
************  DIF_X  ************
    0.000000000061    0.000000001444
    0.000000000576   -0.000000000666
 ITER1=  4 MAXERR=    0.00000000
 NFJAC=   0
 SOLVE1 FINISHED WITH       4 ITERATIONS.
               GUTZ_SOLVE takes  0 hours 40 minutes and    9.46 seconds (CPU).
                          takes  0 hours 40 minutes and    8.14 seconds (WALL).
 MAX. NELF1 DIFF=    0.00106341
               CALC_PJRHO takes  0 hours  0 minutes and    0.40 seconds (CPU).
                          takes  0 hours  0 minutes and    0.41 seconds (WALL).
 NI=  1 SUM_PHY-SUM_KS=      0.00000000 WOULD BE RENORMALIZED
************  NC1  ************
 NI=  1 NI_GLOBAL=  1
   0.7541   0.7541   0.7541   0.7541   0.7541   0.7541   0.0851   0.0851   0.0851   0.0851   0.0851   0.0851   0.0851   0.0851
               CALC_NCPHY takes  0 hours  0 minutes and   50.08 seconds (CPU).
                          takes  0 hours  0 minutes and   50.08 seconds (WALL).
 GYZ%PJ%EGAMM:
    10.96511
 ENG%GAMM:    10.96511
 ENG%POT2:     3.10277
 EDCLA1(NI) ARRAY:
    -7.708
 EDCUJ(NI) ARRAY:
    -3.107
 EDCUJV(NI) ARRAY:
    -6.909
 EDC(NI) ARRAY:
   -10.815
 ENG%DBLC:   -10.81467
 ENG%DC1 :    -7.70750
 ENG%DC2 :    -3.10717
 ENG%DC2V:    -6.90906
 DC_E_STD_TO_E_V:    -3.80189
 ENG%BAND:     7.70212
 ENG%DL(DEEP LEVEL):    -3.47721
 ENG%TB=     7.85256
 ENG%TB-DC2=    10.95973
 NI=  1 OCC_CONFIG_WEIGHT:
        OCC= 0 WEIGHT=   0.00000
        OCC= 1 WEIGHT=   0.00000
        OCC= 2 WEIGHT=   0.00025
        OCC= 3 WEIGHT=   0.01154
        OCC= 4 WEIGHT=   0.15487
        OCC= 5 WEIGHT=   0.49306
        OCC= 6 WEIGHT=   0.29847
        OCC= 7 WEIGHT=   0.04003
        OCC= 8 WEIGHT=   0.00174
        OCC= 9 WEIGHT=   0.00003
                 CALC_RCW takes  0 hours  0 minutes and    0.00 seconds (CPU).
                          takes  0 hours  0 minutes and    0.00 seconds (WALL).
 NI=  1 J2=   19.5462
                 CALC_SLJ takes  0 hours  0 minutes and    0.00 seconds (CPU).
                          takes  0 hours  0 minutes and    0.00 seconds (WALL).
 NI=  1 ENTANGLEMENT ENTROPY=      5.2606
           CALC_ENTANGLES takes  0 hours  0 minutes and    1.04 seconds (CPU).
                          takes  0 hours  0 minutes and    0.92 seconds (WALL).
 CORRELATED SUBSPACE, SUM_FERWT=      8.0000000 SUM_KSWT=      8.0000000
 MAX OFF DIAGONAL KS.WT=    0.001834
 MAX/MIN R=    0.921228    0.905115
                CALC_KSWT takes  0 hours  0 minutes and    0.02 seconds (CPU).
                          takes  0 hours  0 minutes and    0.02 seconds (WALL).
                    TOTAL takes  0 hours 42 minutes and    4.73 seconds (CPU).
                          takes  0 hours 42 minutes and    2.67 seconds (WALL).
