******Program DMFT: Computes Gloc and Delta for Dynamical Mean Field Theory calculation ******
 CALCULATION WITH COMPLEX VECTORS
 CALCULATION WITH SOC VECTORS REQUIRED
 Running DMFT in mpi mode
  
 numkpt=         726
   0.00000   0.00000   0.00000   1.00000
   0.04762   0.04762   0.00000   4.00000
   0.09524   0.09524   0.00000   4.00000
   0.14286   0.14286   0.00000   4.00000
   0.19048   0.19048   0.00000   4.00000
   0.23810   0.23810   0.00000   4.00000
   0.28571   0.28571   0.00000   4.00000
   0.33333   0.33333   0.00000   4.00000
   0.38095   0.38095   0.00000   4.00000
   0.42857   0.42857   0.00000   4.00000
   0.47619   0.47619   0.00000   4.00000
   0.04762   0.00000   0.04762   8.00000
   0.09524   0.04762   0.04762  16.00000
   0.14286   0.09524   0.04762  16.00000
   0.19048   0.14286   0.04762  16.00000
   0.23810   0.19048   0.04762  16.00000
   0.28571   0.23810   0.04762  16.00000
   0.33333   0.28571   0.04762  16.00000
   0.38095   0.33333   0.04762  16.00000
   0.42857   0.38095   0.04762  16.00000
   0.47619   0.42857   0.04762  16.00000
   0.52381   0.47619   0.04762   8.00000
   0.09524   0.00000   0.09524   8.00000
   0.14286   0.04762   0.09524  16.00000
   0.19048   0.09524   0.09524  16.00000
   0.23810   0.14286   0.09524  16.00000
   0.28571   0.19048   0.09524  16.00000
   0.33333   0.23810   0.09524  16.00000
   0.38095   0.28571   0.09524  16.00000
   0.42857   0.33333   0.09524  16.00000
   0.47619   0.38095   0.09524  16.00000
   0.52381   0.42857   0.09524  16.00000
   1.04762   0.95238   0.09524   8.00000
   0.14286   0.00000   0.14286   8.00000
   0.19048   0.04762   0.14286  16.00000
   0.23810   0.09524   0.14286  16.00000
   0.28571   0.14286   0.14286  16.00000
   0.33333   0.19048   0.14286  16.00000
   0.38095   0.23810   0.14286  16.00000
   0.42857   0.28571   0.14286  16.00000
   0.47619   0.33333   0.14286  16.00000
   0.52381   0.38095   0.14286  16.00000
   0.57143   0.42857   0.14286   8.00000
   1.04762   0.90476   0.14286  16.00000
   0.19048   0.00000   0.19048   8.00000
   0.23810   0.04762   0.19048  16.00000
   0.28571   0.09524   0.19048  16.00000
   0.33333   0.14286   0.19048  16.00000
   0.38095   0.19048   0.19048  16.00000
   0.42857   0.23810   0.19048  16.00000
   0.47619   0.28571   0.19048  16.00000
   0.52381   0.33333   0.19048  16.00000
   0.57143   0.38095   0.19048  16.00000
   1.04762   0.85714   0.19048  16.00000
   1.09524   0.90476   0.19048   8.00000
   0.23810   0.00000   0.23810   8.00000
   0.28571   0.04762   0.23810  16.00000
   0.33333   0.09524   0.23810  16.00000
   0.38095   0.14286   0.23810  16.00000
   0.42857   0.19048   0.23810  16.00000
   0.47619   0.23810   0.23810  16.00000
   0.52381   0.28571   0.23810  16.00000
   0.57143   0.33333   0.23810  16.00000
   0.61905   0.38095   0.23810   8.00000
   1.04762   0.80952   0.23810  16.00000
   1.09524   0.85714   0.23810  16.00000
   0.28571   0.00000   0.28571   8.00000
   0.33333   0.04762   0.28571  16.00000
   0.38095   0.09524   0.28571  16.00000
   0.42857   0.14286   0.28571  16.00000
   0.47619   0.19048   0.28571  16.00000
   0.52381   0.23810   0.28571  16.00000
   0.57143   0.28571   0.28571  16.00000
   0.61905   0.33333   0.28571  16.00000
   1.04762   0.76190   0.28571  16.00000
   1.09524   0.80952   0.28571  16.00000
   1.14286   0.85714   0.28571   8.00000
   0.33333   0.00000   0.33333   8.00000
   0.38095   0.04762   0.33333  16.00000
   0.42857   0.09524   0.33333  16.00000
   0.47619   0.14286   0.33333  16.00000
   0.52381   0.19048   0.33333  16.00000
   0.57143   0.23810   0.33333  16.00000
   0.61905   0.28571   0.33333  16.00000
   0.66667   0.33333   0.33333   8.00000
   1.04762   0.71429   0.33333  16.00000
   1.09524   0.76190   0.33333  16.00000
   1.14286   0.80952   0.33333  16.00000
   0.38095   0.00000   0.38095   8.00000
   0.42857   0.04762   0.38095  16.00000
   0.47619   0.09524   0.38095  16.00000
   0.52381   0.14286   0.38095  16.00000
   0.57143   0.19048   0.38095  16.00000
   0.61905   0.23810   0.38095  16.00000
   0.66667   0.28571   0.38095  16.00000
   1.04762   0.66667   0.38095  16.00000
   1.09524   0.71429   0.38095  16.00000
   1.14286   0.76190   0.38095  16.00000
   1.19048   0.80952   0.38095   8.00000
   0.42857   0.00000   0.42857   8.00000
   0.47619   0.04762   0.42857  16.00000
   0.52381   0.09524   0.42857  16.00000
   0.57143   0.14286   0.42857  16.00000
   0.61905   0.19048   0.42857  16.00000
   0.66667   0.23810   0.42857  16.00000
   0.71429   0.28571   0.42857   8.00000
   1.04762   0.61905   0.42857  16.00000
   1.09524   0.66667   0.42857  16.00000
   1.14286   0.71429   0.42857  16.00000
   1.19048   0.76190   0.42857  16.00000
   0.47619   0.00000   0.47619   8.00000
   0.52381   0.04762   0.47619  16.00000
   0.57143   0.09524   0.47619  16.00000
   0.61905   0.14286   0.47619  16.00000
   0.66667   0.19048   0.47619  16.00000
   0.71429   0.23810   0.47619  16.00000
   1.04762   0.57143   0.47619  16.00000
   1.09524   0.61905   0.47619  16.00000
   1.14286   0.66667   0.47619  16.00000
   1.19048   0.71429   0.47619  16.00000
   1.23810   0.76190   0.47619   8.00000
   0.09524   0.09524   0.09524   8.00000
   0.14286   0.14286   0.09524   8.00000
   0.19048   0.19048   0.09524   8.00000
   0.23810   0.23810   0.09524   8.00000
   0.28571   0.28571   0.09524   8.00000
   0.33333   0.33333   0.09524   8.00000
   0.38095   0.38095   0.09524   8.00000
   0.42857   0.42857   0.09524   8.00000
   0.47619   0.47619   0.09524   8.00000
   1.00000   1.00000   0.09524   2.00000
   0.14286   0.09524   0.14286  16.00000
   0.19048   0.14286   0.14286  16.00000
   0.23810   0.19048   0.14286  16.00000
   0.28571   0.23810   0.14286  16.00000
   0.33333   0.28571   0.14286  16.00000
   0.38095   0.33333   0.14286  16.00000
   0.42857   0.38095   0.14286  16.00000
   0.47619   0.42857   0.14286  16.00000
   0.52381   0.47619   0.14286   8.00000
   1.00000   0.95238   0.14286   8.00000
   0.19048   0.09524   0.19048  16.00000
   0.23810   0.14286   0.19048  16.00000
   0.28571   0.19048   0.19048  16.00000
   0.33333   0.23810   0.19048  16.00000
   0.38095   0.28571   0.19048  16.00000
   0.42857   0.33333   0.19048  16.00000
   0.47619   0.38095   0.19048  16.00000
   0.52381   0.42857   0.19048  16.00000
   1.00000   0.90476   0.19048   8.00000
   1.04762   0.95238   0.19048   8.00000
   0.23810   0.09524   0.23810  16.00000
   0.28571   0.14286   0.23810  16.00000
   0.33333   0.19048   0.23810  16.00000
   0.38095   0.23810   0.23810  16.00000
   0.42857   0.28571   0.23810  16.00000
   0.47619   0.33333   0.23810  16.00000
   0.52381   0.38095   0.23810  16.00000
   0.57143   0.42857   0.23810   8.00000
   1.00000   0.85714   0.23810   8.00000
   1.04762   0.90476   0.23810  16.00000
   0.28571   0.09524   0.28571  16.00000
   0.33333   0.14286   0.28571  16.00000
   0.38095   0.19048   0.28571  16.00000
   0.42857   0.23810   0.28571  16.00000
   0.47619   0.28571   0.28571  16.00000
   0.52381   0.33333   0.28571  16.00000
   0.57143   0.38095   0.28571  16.00000
   1.00000   0.80952   0.28571   8.00000
   1.04762   0.85714   0.28571  16.00000
   1.09524   0.90476   0.28571   8.00000
   0.33333   0.09524   0.33333  16.00000
   0.38095   0.14286   0.33333  16.00000
   0.42857   0.19048   0.33333  16.00000
   0.47619   0.23810   0.33333  16.00000
   0.52381   0.28571   0.33333  16.00000
   0.57143   0.33333   0.33333  16.00000
   0.61905   0.38095   0.33333   8.00000
   1.00000   0.76190   0.33333   8.00000
   1.04762   0.80952   0.33333  16.00000
   1.09524   0.85714   0.33333  16.00000
   0.38095   0.09524   0.38095  16.00000
   0.42857   0.14286   0.38095  16.00000
   0.47619   0.19048   0.38095  16.00000
   0.52381   0.23810   0.38095  16.00000
   0.57143   0.28571   0.38095  16.00000
   0.61905   0.33333   0.38095  16.00000
   1.00000   0.71429   0.38095   8.00000
   1.04762   0.76190   0.38095  16.00000
   1.09524   0.80952   0.38095  16.00000
   1.14286   0.85714   0.38095   8.00000
   0.42857   0.09524   0.42857  16.00000
   0.47619   0.14286   0.42857  16.00000
   0.52381   0.19048   0.42857  16.00000
   0.57143   0.23810   0.42857  16.00000
   0.61905   0.28571   0.42857  16.00000
   0.66667   0.33333   0.42857   8.00000
   1.00000   0.66667   0.42857   8.00000
   1.04762   0.71429   0.42857  16.00000
   1.09524   0.76190   0.42857  16.00000
   1.14286   0.80952   0.42857  16.00000
   0.47619   0.09524   0.47619  16.00000
   0.52381   0.14286   0.47619  16.00000
   0.57143   0.19048   0.47619  16.00000
   0.61905   0.23810   0.47619  16.00000
   0.66667   0.28571   0.47619  16.00000
   1.00000   0.61905   0.47619   8.00000
   1.04762   0.66667   0.47619  16.00000
   1.09524   0.71429   0.47619  16.00000
   1.14286   0.76190   0.47619  16.00000
   1.19048   0.80952   0.47619   8.00000
   0.57143   0.14286   0.52381  16.00000
   0.61905   0.19048   0.52381  16.00000
   0.66667   0.23810   0.52381  16.00000
   0.71429   0.28571   0.52381   8.00000
   1.00000   0.57143   0.52381   8.00000
   1.04762   0.61905   0.52381  16.00000
   1.09524   0.66667   0.52381  16.00000
   1.14286   0.71429   0.52381  16.00000
   1.19048   0.76190   0.52381  16.00000
   0.61905   0.14286   0.57143  16.00000
   0.66667   0.19048   0.57143  16.00000
   0.71429   0.23810   0.57143  16.00000
   1.00000   0.52381   0.57143   8.00000
   1.04762   0.57143   0.57143  16.00000
   1.09524   0.61905   0.57143  16.00000
   1.14286   0.66667   0.57143  16.00000
   1.19048   0.71429   0.57143  16.00000
   1.23810   0.76190   0.57143   8.00000
   0.66667   0.14286   0.61905  16.00000
   0.71429   0.19048   0.61905  16.00000
   0.76190   0.23810   0.61905   8.00000
   1.00000   0.47619   0.61905   8.00000
   1.04762   0.52381   0.61905  16.00000
   1.09524   0.57143   0.61905  16.00000
   1.14286   0.61905   0.61905  16.00000
   1.19048   0.66667   0.61905  16.00000
   1.23810   0.71429   0.61905  16.00000
   0.71429   0.14286   0.66667  16.00000
   0.76190   0.19048   0.66667  16.00000
   1.00000   0.42857   0.66667   8.00000
   1.04762   0.47619   0.66667  16.00000
   1.09524   0.52381   0.66667  16.00000
   1.14286   0.57143   0.66667  16.00000
   1.19048   0.61905   0.66667  16.00000
   1.23810   0.66667   0.66667  16.00000
   1.28571   0.71429   0.66667   8.00000
   0.76190   0.14286   0.71429  16.00000
   0.80952   0.19048   0.71429   8.00000
   1.00000   0.38095   0.71429   8.00000
   1.04762   0.42857   0.71429  16.00000
   1.09524   0.47619   0.71429  16.00000
   1.14286   0.52381   0.71429  16.00000
   1.19048   0.57143   0.71429  16.00000
   1.23810   0.61905   0.71429  16.00000
   1.28571   0.66667   0.71429  16.00000
   0.80952   0.14286   0.76190  16.00000
   1.00000   0.33333   0.76190   8.00000
   1.04762   0.38095   0.76190  16.00000
   1.09524   0.42857   0.76190  16.00000
   1.14286   0.47619   0.76190  16.00000
   1.19048   0.52381   0.76190  16.00000
   1.23810   0.57143   0.76190  16.00000
   1.28571   0.61905   0.76190  16.00000
   1.33333   0.66667   0.76190   8.00000
   0.85714   0.14286   0.80952   8.00000
   1.00000   0.28571   0.80952   8.00000
   1.04762   0.33333   0.80952  16.00000
   1.09524   0.38095   0.80952  16.00000
   1.14286   0.42857   0.80952  16.00000
   1.19048   0.47619   0.80952  16.00000
   1.23810   0.52381   0.80952  16.00000
   1.28571   0.57143   0.80952  16.00000
   1.33333   0.61905   0.80952  16.00000
   1.00000   0.23810   0.85714   8.00000
   1.04762   0.28571   0.85714  16.00000
   1.09524   0.33333   0.85714  16.00000
   1.14286   0.38095   0.85714  16.00000
   1.19048   0.42857   0.85714  16.00000
   1.23810   0.47619   0.85714  16.00000
   1.28571   0.52381   0.85714  16.00000
   1.33333   0.57143   0.85714  16.00000
   1.38095   0.61905   0.85714   8.00000
   1.00000   0.19048   0.90476   8.00000
   1.04762   0.23810   0.90476  16.00000
   1.09524   0.28571   0.90476  16.00000
   1.14286   0.33333   0.90476  16.00000
   1.19048   0.38095   0.90476  16.00000
   1.23810   0.42857   0.90476  16.00000
   1.28571   0.47619   0.90476  16.00000
   1.33333   0.52381   0.90476  16.00000
   1.38095   0.57143   0.90476  16.00000
   1.00000   0.14286   0.95238   8.00000
   1.04762   0.19048   0.95238  16.00000
   1.09524   0.23810   0.95238  16.00000
   1.14286   0.28571   0.95238  16.00000
   1.19048   0.33333   0.95238  16.00000
   1.23810   0.38095   0.95238  16.00000
   1.28571   0.42857   0.95238  16.00000
   1.33333   0.47619   0.95238  16.00000
   1.38095   0.52381   0.95238  16.00000
   1.42857   0.57143   0.95238   8.00000
   1.00000   0.09524   1.00000   4.00000
   1.04762   0.14286   1.00000   8.00000
   1.09524   0.19048   1.00000   8.00000
   1.14286   0.23810   1.00000   8.00000
   1.19048   0.28571   1.00000   8.00000
   1.23810   0.33333   1.00000   8.00000
   1.28571   0.38095   1.00000   8.00000
   1.33333   0.42857   1.00000   8.00000
   1.38095   0.47619   1.00000   8.00000
   1.42857   0.52381   1.00000   8.00000
   0.19048   0.19048   0.19048   8.00000
   0.23810   0.23810   0.19048   8.00000
   0.28571   0.28571   0.19048   8.00000
   0.33333   0.33333   0.19048   8.00000
   0.38095   0.38095   0.19048   8.00000
   0.42857   0.42857   0.19048   8.00000
   0.47619   0.47619   0.19048   8.00000
   1.00000   1.00000   0.19048   2.00000
   0.23810   0.19048   0.23810  16.00000
   0.28571   0.23810   0.23810  16.00000
   0.33333   0.28571   0.23810  16.00000
   0.38095   0.33333   0.23810  16.00000
   0.42857   0.38095   0.23810  16.00000
   0.47619   0.42857   0.23810  16.00000
   0.52381   0.47619   0.23810   8.00000
   1.00000   0.95238   0.23810   8.00000
   0.28571   0.19048   0.28571  16.00000
   0.33333   0.23810   0.28571  16.00000
   0.38095   0.28571   0.28571  16.00000
   0.42857   0.33333   0.28571  16.00000
   0.47619   0.38095   0.28571  16.00000
   0.52381   0.42857   0.28571  16.00000
   1.00000   0.90476   0.28571   8.00000
   1.04762   0.95238   0.28571   8.00000
   0.33333   0.19048   0.33333  16.00000
   0.38095   0.23810   0.33333  16.00000
   0.42857   0.28571   0.33333  16.00000
   0.47619   0.33333   0.33333  16.00000
   0.52381   0.38095   0.33333  16.00000
   0.57143   0.42857   0.33333   8.00000
   1.00000   0.85714   0.33333   8.00000
   1.04762   0.90476   0.33333  16.00000
   0.38095   0.19048   0.38095  16.00000
   0.42857   0.23810   0.38095  16.00000
   0.47619   0.28571   0.38095  16.00000
   0.52381   0.33333   0.38095  16.00000
   0.57143   0.38095   0.38095  16.00000
   1.00000   0.80952   0.38095   8.00000
   1.04762   0.85714   0.38095  16.00000
   1.09524   0.90476   0.38095   8.00000
   0.42857   0.19048   0.42857  16.00000
   0.47619   0.23810   0.42857  16.00000
   0.52381   0.28571   0.42857  16.00000
   0.57143   0.33333   0.42857  16.00000
   0.61905   0.38095   0.42857   8.00000
   1.00000   0.76190   0.42857   8.00000
   1.04762   0.80952   0.42857  16.00000
   1.09524   0.85714   0.42857  16.00000
   0.47619   0.19048   0.47619  16.00000
   0.52381   0.23810   0.47619  16.00000
   0.57143   0.28571   0.47619  16.00000
   0.61905   0.33333   0.47619  16.00000
   1.00000   0.71429   0.47619   8.00000
   1.04762   0.76190   0.47619  16.00000
   1.09524   0.80952   0.47619  16.00000
   1.14286   0.85714   0.47619   8.00000
   0.57143   0.23810   0.52381  16.00000
   0.61905   0.28571   0.52381  16.00000
   0.66667   0.33333   0.52381   8.00000
   1.00000   0.66667   0.52381   8.00000
   1.04762   0.71429   0.52381  16.00000
   1.09524   0.76190   0.52381  16.00000
   1.14286   0.80952   0.52381  16.00000
   0.61905   0.23810   0.57143  16.00000
   0.66667   0.28571   0.57143  16.00000
   1.00000   0.61905   0.57143   8.00000
   1.04762   0.66667   0.57143  16.00000
   1.09524   0.71429   0.57143  16.00000
   1.14286   0.76190   0.57143  16.00000
   1.19048   0.80952   0.57143   8.00000
   0.66667   0.23810   0.61905  16.00000
   0.71429   0.28571   0.61905   8.00000
   1.00000   0.57143   0.61905   8.00000
   1.04762   0.61905   0.61905  16.00000
   1.09524   0.66667   0.61905  16.00000
   1.14286   0.71429   0.61905  16.00000
   1.19048   0.76190   0.61905  16.00000
   0.71429   0.23810   0.66667  16.00000
   1.00000   0.52381   0.66667   8.00000
   1.04762   0.57143   0.66667  16.00000
   1.09524   0.61905   0.66667  16.00000
   1.14286   0.66667   0.66667  16.00000
   1.19048   0.71429   0.66667  16.00000
   1.23810   0.76190   0.66667   8.00000
   0.76190   0.23810   0.71429   8.00000
   1.00000   0.47619   0.71429   8.00000
   1.04762   0.52381   0.71429  16.00000
   1.09524   0.57143   0.71429  16.00000
   1.14286   0.61905   0.71429  16.00000
   1.19048   0.66667   0.71429  16.00000
   1.23810   0.71429   0.71429  16.00000
   1.00000   0.42857   0.76190   8.00000
   1.04762   0.47619   0.76190  16.00000
   1.09524   0.52381   0.76190  16.00000
   1.14286   0.57143   0.76190  16.00000
   1.19048   0.61905   0.76190  16.00000
   1.23810   0.66667   0.76190  16.00000
   1.28571   0.71429   0.76190   8.00000
   1.00000   0.38095   0.80952   8.00000
   1.04762   0.42857   0.80952  16.00000
   1.09524   0.47619   0.80952  16.00000
   1.14286   0.52381   0.80952  16.00000
   1.19048   0.57143   0.80952  16.00000
   1.23810   0.61905   0.80952  16.00000
   1.28571   0.66667   0.80952  16.00000
   1.00000   0.33333   0.85714   8.00000
   1.04762   0.38095   0.85714  16.00000
   1.09524   0.42857   0.85714  16.00000
   1.14286   0.47619   0.85714  16.00000
   1.19048   0.52381   0.85714  16.00000
   1.23810   0.57143   0.85714  16.00000
   1.28571   0.61905   0.85714  16.00000
   1.33333   0.66667   0.85714   8.00000
   1.00000   0.28571   0.90476   8.00000
   1.04762   0.33333   0.90476  16.00000
   1.09524   0.38095   0.90476  16.00000
   1.14286   0.42857   0.90476  16.00000
   1.19048   0.47619   0.90476  16.00000
   1.23810   0.52381   0.90476  16.00000
   1.28571   0.57143   0.90476  16.00000
   1.33333   0.61905   0.90476  16.00000
   1.00000   0.23810   0.95238   8.00000
   1.04762   0.28571   0.95238  16.00000
   1.09524   0.33333   0.95238  16.00000
   1.14286   0.38095   0.95238  16.00000
   1.19048   0.42857   0.95238  16.00000
   1.23810   0.47619   0.95238  16.00000
   1.28571   0.52381   0.95238  16.00000
   1.33333   0.57143   0.95238  16.00000
   1.38095   0.61905   0.95238   8.00000
   1.00000   0.19048   1.00000   4.00000
   1.04762   0.23810   1.00000   8.00000
   1.09524   0.28571   1.00000   8.00000
   1.14286   0.33333   1.00000   8.00000
   1.19048   0.38095   1.00000   8.00000
   1.23810   0.42857   1.00000   8.00000
   1.28571   0.47619   1.00000   8.00000
   1.33333   0.52381   1.00000   8.00000
   1.38095   0.57143   1.00000   8.00000
   0.28571   0.28571   0.28571   8.00000
   0.33333   0.33333   0.28571   8.00000
   0.38095   0.38095   0.28571   8.00000
   0.42857   0.42857   0.28571   8.00000
   0.47619   0.47619   0.28571   8.00000
   1.00000   1.00000   0.28571   2.00000
   0.33333   0.28571   0.33333  16.00000
   0.38095   0.33333   0.33333  16.00000
   0.42857   0.38095   0.33333  16.00000
   0.47619   0.42857   0.33333  16.00000
   0.52381   0.47619   0.33333   8.00000
   1.00000   0.95238   0.33333   8.00000
   0.38095   0.28571   0.38095  16.00000
   0.42857   0.33333   0.38095  16.00000
   0.47619   0.38095   0.38095  16.00000
   0.52381   0.42857   0.38095  16.00000
   1.00000   0.90476   0.38095   8.00000
   1.04762   0.95238   0.38095   8.00000
   0.42857   0.28571   0.42857  16.00000
   0.47619   0.33333   0.42857  16.00000
   0.52381   0.38095   0.42857  16.00000
   0.57143   0.42857   0.42857   8.00000
   1.00000   0.85714   0.42857   8.00000
   1.04762   0.90476   0.42857  16.00000
   0.47619   0.28571   0.47619  16.00000
   0.52381   0.33333   0.47619  16.00000
   0.57143   0.38095   0.47619  16.00000
   1.00000   0.80952   0.47619   8.00000
   1.04762   0.85714   0.47619  16.00000
   1.09524   0.90476   0.47619   8.00000
   0.57143   0.33333   0.52381  16.00000
   0.61905   0.38095   0.52381   8.00000
   1.00000   0.76190   0.52381   8.00000
   1.04762   0.80952   0.52381  16.00000
   1.09524   0.85714   0.52381  16.00000
   0.61905   0.33333   0.57143  16.00000
   1.00000   0.71429   0.57143   8.00000
   1.04762   0.76190   0.57143  16.00000
   1.09524   0.80952   0.57143  16.00000
   1.14286   0.85714   0.57143   8.00000
   0.66667   0.33333   0.61905   8.00000
   1.00000   0.66667   0.61905   8.00000
   1.04762   0.71429   0.61905  16.00000
   1.09524   0.76190   0.61905  16.00000
   1.14286   0.80952   0.61905  16.00000
   1.00000   0.61905   0.66667   8.00000
   1.04762   0.66667   0.66667  16.00000
   1.09524   0.71429   0.66667  16.00000
   1.14286   0.76190   0.66667  16.00000
   1.19048   0.80952   0.66667   8.00000
   1.00000   0.57143   0.71429   8.00000
   1.04762   0.61905   0.71429  16.00000
   1.09524   0.66667   0.71429  16.00000
   1.14286   0.71429   0.71429  16.00000
   1.19048   0.76190   0.71429  16.00000
   1.00000   0.52381   0.76190   8.00000
   1.04762   0.57143   0.76190  16.00000
   1.09524   0.61905   0.76190  16.00000
   1.14286   0.66667   0.76190  16.00000
   1.19048   0.71429   0.76190  16.00000
   1.23810   0.76190   0.76190   8.00000
   1.00000   0.47619   0.80952   8.00000
   1.04762   0.52381   0.80952  16.00000
   1.09524   0.57143   0.80952  16.00000
   1.14286   0.61905   0.80952  16.00000
   1.19048   0.66667   0.80952  16.00000
   1.23810   0.71429   0.80952  16.00000
   1.00000   0.42857   0.85714   8.00000
   1.04762   0.47619   0.85714  16.00000
   1.09524   0.52381   0.85714  16.00000
   1.14286   0.57143   0.85714  16.00000
   1.19048   0.61905   0.85714  16.00000
   1.23810   0.66667   0.85714  16.00000
   1.28571   0.71429   0.85714   8.00000
   1.00000   0.38095   0.90476   8.00000
   1.04762   0.42857   0.90476  16.00000
   1.09524   0.47619   0.90476  16.00000
   1.14286   0.52381   0.90476  16.00000
   1.19048   0.57143   0.90476  16.00000
   1.23810   0.61905   0.90476  16.00000
   1.28571   0.66667   0.90476  16.00000
   1.00000   0.33333   0.95238   8.00000
   1.04762   0.38095   0.95238  16.00000
   1.09524   0.42857   0.95238  16.00000
   1.14286   0.47619   0.95238  16.00000
   1.19048   0.52381   0.95238  16.00000
   1.23810   0.57143   0.95238  16.00000
   1.28571   0.61905   0.95238  16.00000
   1.33333   0.66667   0.95238   8.00000
   1.00000   0.28571   1.00000   4.00000
   1.04762   0.33333   1.00000   8.00000
   1.09524   0.38095   1.00000   8.00000
   1.14286   0.42857   1.00000   8.00000
   1.19048   0.47619   1.00000   8.00000
   1.23810   0.52381   1.00000   8.00000
   1.28571   0.57143   1.00000   8.00000
   1.33333   0.61905   1.00000   8.00000
   0.38095   0.38095   0.38095   8.00000
   0.42857   0.42857   0.38095   8.00000
   0.47619   0.47619   0.38095   8.00000
   1.00000   1.00000   0.38095   2.00000
   0.42857   0.38095   0.42857  16.00000
   0.47619   0.42857   0.42857  16.00000
   0.52381   0.47619   0.42857   8.00000
   1.00000   0.95238   0.42857   8.00000
   0.47619   0.38095   0.47619  16.00000
   0.52381   0.42857   0.47619  16.00000
   1.00000   0.90476   0.47619   8.00000
   1.04762   0.95238   0.47619   8.00000
   0.57143   0.42857   0.52381   8.00000
   1.00000   0.85714   0.52381   8.00000
   1.04762   0.90476   0.52381  16.00000
   1.00000   0.80952   0.57143   8.00000
   1.04762   0.85714   0.57143  16.00000
   1.09524   0.90476   0.57143   8.00000
   1.00000   0.76190   0.61905   8.00000
   1.04762   0.80952   0.61905  16.00000
   1.09524   0.85714   0.61905  16.00000
   1.00000   0.71429   0.66667   8.00000
   1.04762   0.76190   0.66667  16.00000
   1.09524   0.80952   0.66667  16.00000
   1.14286   0.85714   0.66667   8.00000
   1.00000   0.66667   0.71429   8.00000
   1.04762   0.71429   0.71429  16.00000
   1.09524   0.76190   0.71429  16.00000
   1.14286   0.80952   0.71429  16.00000
   1.00000   0.61905   0.76190   8.00000
   1.04762   0.66667   0.76190  16.00000
   1.09524   0.71429   0.76190  16.00000
   1.14286   0.76190   0.76190  16.00000
   1.19048   0.80952   0.76190   8.00000
   1.00000   0.57143   0.80952   8.00000
   1.04762   0.61905   0.80952  16.00000
   1.09524   0.66667   0.80952  16.00000
   1.14286   0.71429   0.80952  16.00000
   1.19048   0.76190   0.80952  16.00000
   1.00000   0.52381   0.85714   8.00000
   1.04762   0.57143   0.85714  16.00000
   1.09524   0.61905   0.85714  16.00000
   1.14286   0.66667   0.85714  16.00000
   1.19048   0.71429   0.85714  16.00000
   1.23810   0.76190   0.85714   8.00000
   1.00000   0.47619   0.90476   8.00000
   1.04762   0.52381   0.90476  16.00000
   1.09524   0.57143   0.90476  16.00000
   1.14286   0.61905   0.90476  16.00000
   1.19048   0.66667   0.90476  16.00000
   1.23810   0.71429   0.90476  16.00000
   1.00000   0.42857   0.95238   8.00000
   1.04762   0.47619   0.95238  16.00000
   1.09524   0.52381   0.95238  16.00000
   1.14286   0.57143   0.95238  16.00000
   1.19048   0.61905   0.95238  16.00000
   1.23810   0.66667   0.95238  16.00000
   1.28571   0.71429   0.95238   8.00000
   1.00000   0.38095   1.00000   4.00000
   1.04762   0.42857   1.00000   8.00000
   1.09524   0.47619   1.00000   8.00000
   1.14286   0.52381   1.00000   8.00000
   1.19048   0.57143   1.00000   8.00000
   1.23810   0.61905   1.00000   8.00000
   1.28571   0.66667   1.00000   8.00000
   0.47619   0.47619   0.47619   8.00000
   1.00000   1.00000   0.47619   2.00000
   1.00000   0.95238   0.52381   8.00000
   1.00000   0.90476   0.57143   8.00000
   1.04762   0.95238   0.57143   8.00000
   1.00000   0.85714   0.61905   8.00000
   1.04762   0.90476   0.61905  16.00000
   1.00000   0.80952   0.66667   8.00000
   1.04762   0.85714   0.66667  16.00000
   1.09524   0.90476   0.66667   8.00000
   1.00000   0.76190   0.71429   8.00000
   1.04762   0.80952   0.71429  16.00000
   1.09524   0.85714   0.71429  16.00000
   1.00000   0.71429   0.76190   8.00000
   1.04762   0.76190   0.76190  16.00000
   1.09524   0.80952   0.76190  16.00000
   1.14286   0.85714   0.76190   8.00000
   1.00000   0.66667   0.80952   8.00000
   1.04762   0.71429   0.80952  16.00000
   1.09524   0.76190   0.80952  16.00000
   1.14286   0.80952   0.80952  16.00000
   1.00000   0.61905   0.85714   8.00000
   1.04762   0.66667   0.85714  16.00000
   1.09524   0.71429   0.85714  16.00000
   1.14286   0.76190   0.85714  16.00000
   1.19048   0.80952   0.85714   8.00000
   1.00000   0.57143   0.90476   8.00000
   1.04762   0.61905   0.90476  16.00000
   1.09524   0.66667   0.90476  16.00000
   1.14286   0.71429   0.90476  16.00000
   1.19048   0.76190   0.90476  16.00000
   1.00000   0.52381   0.95238   8.00000
   1.04762   0.57143   0.95238  16.00000
   1.09524   0.61905   0.95238  16.00000
   1.14286   0.66667   0.95238  16.00000
   1.19048   0.71429   0.95238  16.00000
   1.23810   0.76190   0.95238   8.00000
   1.00000   0.47619   1.00000   4.00000
   1.04762   0.52381   1.00000   8.00000
   1.09524   0.57143   1.00000   8.00000
   1.14286   0.61905   1.00000   8.00000
   1.19048   0.66667   1.00000   8.00000
   1.23810   0.71429   1.00000   8.00000
   1.00000   1.00000   0.57143   2.00000
   1.00000   0.95238   0.61905   8.00000
   1.00000   0.90476   0.66667   8.00000
   1.04762   0.95238   0.66667   8.00000
   1.00000   0.85714   0.71429   8.00000
   1.04762   0.90476   0.71429  16.00000
   1.00000   0.80952   0.76190   8.00000
   1.04762   0.85714   0.76190  16.00000
   1.09524   0.90476   0.76190   8.00000
   1.00000   0.76190   0.80952   8.00000
   1.04762   0.80952   0.80952  16.00000
   1.09524   0.85714   0.80952  16.00000
   1.00000   0.71429   0.85714   8.00000
   1.04762   0.76190   0.85714  16.00000
   1.09524   0.80952   0.85714  16.00000
   1.14286   0.85714   0.85714   8.00000
   1.00000   0.66667   0.90476   8.00000
   1.04762   0.71429   0.90476  16.00000
   1.09524   0.76190   0.90476  16.00000
   1.14286   0.80952   0.90476  16.00000
   1.00000   0.61905   0.95238   8.00000
   1.04762   0.66667   0.95238  16.00000
   1.09524   0.71429   0.95238  16.00000
   1.14286   0.76190   0.95238  16.00000
   1.19048   0.80952   0.95238   8.00000
   1.00000   0.57143   1.00000   4.00000
   1.04762   0.61905   1.00000   8.00000
   1.09524   0.66667   1.00000   8.00000
   1.14286   0.71429   1.00000   8.00000
   1.19048   0.76190   1.00000   8.00000
   1.00000   1.00000   0.66667   2.00000
   1.00000   0.95238   0.71429   8.00000
   1.00000   0.90476   0.76190   8.00000
   1.04762   0.95238   0.76190   8.00000
   1.00000   0.85714   0.80952   8.00000
   1.04762   0.90476   0.80952  16.00000
   1.00000   0.80952   0.85714   8.00000
   1.04762   0.85714   0.85714  16.00000
   1.09524   0.90476   0.85714   8.00000
   1.00000   0.76190   0.90476   8.00000
   1.04762   0.80952   0.90476  16.00000
   1.09524   0.85714   0.90476  16.00000
   1.00000   0.71429   0.95238   8.00000
   1.04762   0.76190   0.95238  16.00000
   1.09524   0.80952   0.95238  16.00000
   1.14286   0.85714   0.95238   8.00000
   1.00000   0.66667   1.00000   4.00000
   1.04762   0.71429   1.00000   8.00000
   1.09524   0.76190   1.00000   8.00000
   1.14286   0.80952   1.00000   8.00000
   1.00000   1.00000   0.76190   2.00000
   1.00000   0.95238   0.80952   8.00000
   1.00000   0.90476   0.85714   8.00000
   1.04762   0.95238   0.85714   8.00000
   1.00000   0.85714   0.90476   8.00000
   1.04762   0.90476   0.90476  16.00000
   1.00000   0.80952   0.95238   8.00000
   1.04762   0.85714   0.95238  16.00000
   1.09524   0.90476   0.95238   8.00000
   1.00000   0.76190   1.00000   4.00000
   1.04762   0.80952   1.00000   8.00000
   1.09524   0.85714   1.00000   8.00000
   1.00000   1.00000   0.85714   2.00000
   1.00000   0.95238   0.90476   8.00000
   1.00000   0.90476   0.95238   8.00000
   1.04762   0.95238   0.95238   8.00000
   1.00000   0.85714   1.00000   4.00000
   1.04762   0.90476   1.00000   8.00000
   1.00000   1.00000   0.95238   2.00000
   1.00000   0.95238   1.00000   4.00000




                              --------------------------------------------------
                                 S T R U C T U R A L   I N F O R M A T I O N
                              --------------------------------------------------


   SUBSTANCE                    = tetragonal body-centered  (delta')                                              

   LATTICE                      = B   
   LATTICE CONSTANTS ARE        =    6.5323390   6.5323390   8.6980460
   NUMBER OF ATOMS IN UNITCELL  =   1
   MODE OF CALCULATION IS       = RELA
 IORD=          16
 FNAMES=
 ./deltaprime_Pu_13.vectorso_1                                                  
                                                                                
                                           
 ./deltaprime_Pu_13.vectorsodn_1                                                
                                                                                
                                           
 deltaprime_Pu_13.energyso_1                                                    
                                                                                
                                           
 deltaprime_Pu_13.energysodn_1                                                  
                                                                                
                                           
  BR1,  BR2
   0.96186   0.00000   0.00000      0.00000   0.96186   0.96186
   0.00000   0.96186   0.00000      0.96186   0.00000   0.96186
   0.00000   0.00000   0.72237      0.72237   0.72237   0.00000
 projector corrected--must be 1,2, or 3! Now projector= 2
 Energy window:   -0.4410 < E <      0.441
 Projected density of states calculation for  1 atoms
--------- atom  1 -------------
l=  3  qsplit=  4
 Symmetrization over eq. k-points is performed
 ********** Start Reading Cix file *************
  Correlated block number           1
  Correlated index=
  1  0  0  0  0  0  0  0  0  0  0  0  0  0
  0  1  0  0  0  0  0  0  0  0  0  0  0  0
  0  0  1  0  0  0  0  0  0  0  0  0  0  0
  0  0  0  1  0  0  0  0  0  0  0  0  0  0
  0  0  0  0  1  0  0  0  0  0  0  0  0  0
  0  0  0  0  0  1  0  0  0  0  0  0  0  0
  0  0  0  0  0  0  2  0  0  0  0  0  0  0
  0  0  0  0  0  0  0  2  0  0  0  0  0  0
  0  0  0  0  0  0  0  0  2  0  0  0  0  0
  0  0  0  0  0  0  0  0  0  2  0  0  0  0
  0  0  0  0  0  0  0  0  0  0  2  0  0  0
  0  0  0  0  0  0  0  0  0  0  0  2  0  0
  0  0  0  0  0  0  0  0  0  0  0  0  2  0
  0  0  0  0  0  0  0  0  0  0  0  0  0  2
  Real part of unitary matrix=
  0.9258  0.0000  0.0000  0.0000  0.0000  0.0000  0.0000  0.0000 -0.3780  0.0000  0.0000  0.0000  0.0000  0.0000
  0.0000  0.8452  0.0000  0.0000  0.0000  0.0000  0.0000  0.0000  0.0000 -0.5345  0.0000  0.0000  0.0000  0.0000
  0.0000  0.0000  0.7559  0.0000  0.0000  0.0000  0.0000  0.0000  0.0000  0.0000 -0.6547  0.0000  0.0000  0.0000
  0.0000  0.0000  0.0000  0.6547  0.0000  0.0000  0.0000  0.0000  0.0000  0.0000  0.0000 -0.7559  0.0000  0.0000
  0.0000  0.0000  0.0000  0.0000  0.5345  0.0000  0.0000  0.0000  0.0000  0.0000  0.0000  0.0000 -0.8452  0.0000
  0.0000  0.0000  0.0000  0.0000  0.0000  0.3780  0.0000  0.0000  0.0000  0.0000  0.0000  0.0000  0.0000 -0.9258
  0.0000  0.0000  0.0000  0.0000  0.0000  0.0000  0.0000  1.0000  0.0000  0.0000  0.0000  0.0000  0.0000  0.0000
  0.3780  0.0000  0.0000  0.0000  0.0000  0.0000  0.0000  0.0000  0.9258  0.0000  0.0000  0.0000  0.0000  0.0000
  0.0000  0.5345  0.0000  0.0000  0.0000  0.0000  0.0000  0.0000  0.0000  0.8452  0.0000  0.0000  0.0000  0.0000
  0.0000  0.0000  0.6547  0.0000  0.0000  0.0000  0.0000  0.0000  0.0000  0.0000  0.7559  0.0000  0.0000  0.0000
  0.0000  0.0000  0.0000  0.7559  0.0000  0.0000  0.0000  0.0000  0.0000  0.0000  0.0000  0.6547  0.0000  0.0000
  0.0000  0.0000  0.0000  0.0000  0.8452  0.0000  0.0000  0.0000  0.0000  0.0000  0.0000  0.0000  0.5345  0.0000
  0.0000  0.0000  0.0000  0.0000  0.0000  0.9258  0.0000  0.0000  0.0000  0.0000  0.0000  0.0000  0.0000  0.3780
  0.0000  0.0000  0.0000  0.0000  0.0000  0.0000  1.0000  0.0000  0.0000  0.0000  0.0000  0.0000  0.0000  0.0000
  Imaginary part of unitary matrix=
  0.0000  0.0000  0.0000  0.0000  0.0000  0.0000  0.0000  0.0000  0.0000  0.0000  0.0000  0.0000  0.0000  0.0000
  0.0000  0.0000  0.0000  0.0000  0.0000  0.0000  0.0000  0.0000  0.0000  0.0000  0.0000  0.0000  0.0000  0.0000
  0.0000  0.0000  0.0000  0.0000  0.0000  0.0000  0.0000  0.0000  0.0000  0.0000  0.0000  0.0000  0.0000  0.0000
  0.0000  0.0000  0.0000  0.0000  0.0000  0.0000  0.0000  0.0000  0.0000  0.0000  0.0000  0.0000  0.0000  0.0000
  0.0000  0.0000  0.0000  0.0000  0.0000  0.0000  0.0000  0.0000  0.0000  0.0000  0.0000  0.0000  0.0000  0.0000
  0.0000  0.0000  0.0000  0.0000  0.0000  0.0000  0.0000  0.0000  0.0000  0.0000  0.0000  0.0000  0.0000  0.0000
  0.0000  0.0000  0.0000  0.0000  0.0000  0.0000  0.0000  0.0000  0.0000  0.0000  0.0000  0.0000  0.0000  0.0000
  0.0000  0.0000  0.0000  0.0000  0.0000  0.0000  0.0000  0.0000  0.0000  0.0000  0.0000  0.0000  0.0000  0.0000
  0.0000  0.0000  0.0000  0.0000  0.0000  0.0000  0.0000  0.0000  0.0000  0.0000  0.0000  0.0000  0.0000  0.0000
  0.0000  0.0000  0.0000  0.0000  0.0000  0.0000  0.0000  0.0000  0.0000  0.0000  0.0000  0.0000  0.0000  0.0000
  0.0000  0.0000  0.0000  0.0000  0.0000  0.0000  0.0000  0.0000  0.0000  0.0000  0.0000  0.0000  0.0000  0.0000
  0.0000  0.0000  0.0000  0.0000  0.0000  0.0000  0.0000  0.0000  0.0000  0.0000  0.0000  0.0000  0.0000  0.0000
  0.0000  0.0000  0.0000  0.0000  0.0000  0.0000  0.0000  0.0000  0.0000  0.0000  0.0000  0.0000  0.0000  0.0000
  0.0000  0.0000  0.0000  0.0000  0.0000  0.0000  0.0000  0.0000  0.0000  0.0000  0.0000  0.0000  0.0000  0.0000
  At least one transformation matrix is not Identity
 Magnetic system with s-o coupling; M theta, phi:  0.0000  0.0000
 Inside ROTDEF
Operation  1 transforms atom   1 from first atom   1
Actual position of atom  1 is:  0.000000    0.000000    0.000000
 
Combined transformation (acting on k-point) for correlated atoms
including users rotation and internal local rotation
catom  1 atom   1
   0.96186   0.00000   0.00000
   0.00000  -0.96186   0.00000
   0.00000   0.00000  -0.72237
 
 
 SPIN COORD SYSTEM:
    1.000000    0.000000    0.000000
    0.000000    1.000000    0.000000
    0.000000    0.000000    1.000000
 
 in global cartezian coordinates:
    1.000000    0.000000    0.000000
    0.000000   -1.000000    0.000000
    0.000000    0.000000   -1.000000
 ____________________________
 in spin coordinates:
    1.000000    0.000000    0.000000
    0.000000   -1.000000    0.000000
    0.000000    0.000000   -1.000000
           1   3.14159265358979       -1.00000000000000     
 
 in global cartezian coordinates:
    0.000000    1.000000    0.000000
   -1.000000    0.000000    0.000000
    0.000000    0.000000   -1.000000
 ____________________________
 in spin coordinates:
    0.000000    1.000000    0.000000
   -1.000000    0.000000    0.000000
    0.000000    0.000000   -1.000000
           2   1.57079632679490        1.00000000000000     
 
 in global cartezian coordinates:
   -1.000000    0.000000    0.000000
    0.000000   -1.000000    0.000000
    0.000000    0.000000   -1.000000
 ____________________________
 in spin coordinates:
   -1.000000    0.000000    0.000000
    0.000000   -1.000000    0.000000
    0.000000    0.000000   -1.000000
           3  0.000000000000000E+000   1.00000000000000     
 
 in global cartezian coordinates:
    0.000000    1.000000    0.000000
    1.000000    0.000000    0.000000
    0.000000    0.000000   -1.000000
 ____________________________
 in spin coordinates:
    0.000000    1.000000    0.000000
    1.000000    0.000000    0.000000
    0.000000    0.000000   -1.000000
           4   1.57079632679490       -1.00000000000000     
 
 in global cartezian coordinates:
    0.000000   -1.000000    0.000000
   -1.000000    0.000000    0.000000
    0.000000    0.000000   -1.000000
 ____________________________
 in spin coordinates:
    0.000000   -1.000000    0.000000
   -1.000000    0.000000    0.000000
    0.000000    0.000000   -1.000000
           5   4.71238898038469       -1.00000000000000     
 
 in global cartezian coordinates:
    1.000000    0.000000    0.000000
    0.000000    1.000000    0.000000
    0.000000    0.000000   -1.000000
 ____________________________
 in spin coordinates:
    1.000000    0.000000    0.000000
    0.000000    1.000000    0.000000
    0.000000    0.000000   -1.000000
           6   3.14159274101257        1.00000000000000     
 
 in global cartezian coordinates:
    1.000000    0.000000    0.000000
    0.000000   -1.000000    0.000000
    0.000000    0.000000    1.000000
 ____________________________
 in spin coordinates:
    1.000000    0.000000    0.000000
    0.000000   -1.000000    0.000000
    0.000000    0.000000    1.000000
           7   6.28318539460237       -1.00000000000000     
 
 in global cartezian coordinates:
    0.000000    1.000000    0.000000
   -1.000000    0.000000    0.000000
    0.000000    0.000000    1.000000
 ____________________________
 in spin coordinates:
    0.000000    1.000000    0.000000
   -1.000000    0.000000    0.000000
    0.000000    0.000000    1.000000
           8  -1.57079632679490        1.00000000000000     
 
 in global cartezian coordinates:
    0.000000   -1.000000    0.000000
    1.000000    0.000000    0.000000
    0.000000    0.000000   -1.000000
 ____________________________
 in spin coordinates:
    0.000000   -1.000000    0.000000
    1.000000    0.000000    0.000000
    0.000000    0.000000   -1.000000
           9  -1.57079632679490        1.00000000000000     
 
 in global cartezian coordinates:
   -1.000000    0.000000    0.000000
    0.000000    1.000000    0.000000
    0.000000    0.000000   -1.000000
 ____________________________
 in spin coordinates:
   -1.000000    0.000000    0.000000
    0.000000    1.000000    0.000000
    0.000000    0.000000   -1.000000
          10   6.28318539460237       -1.00000000000000     
 
 in global cartezian coordinates:
   -1.000000    0.000000    0.000000
    0.000000   -1.000000    0.000000
    0.000000    0.000000    1.000000
 ____________________________
 in spin coordinates:
   -1.000000    0.000000    0.000000
    0.000000   -1.000000    0.000000
    0.000000    0.000000    1.000000
          11   3.14159274101257        1.00000000000000     
 
 in global cartezian coordinates:
    0.000000    1.000000    0.000000
    1.000000    0.000000    0.000000
    0.000000    0.000000    1.000000
 ____________________________
 in spin coordinates:
    0.000000    1.000000    0.000000
    1.000000    0.000000    0.000000
    0.000000    0.000000    1.000000
          12   4.71238898038469       -1.00000000000000     
 
 in global cartezian coordinates:
    0.000000   -1.000000    0.000000
   -1.000000    0.000000    0.000000
    0.000000    0.000000    1.000000
 ____________________________
 in spin coordinates:
    0.000000   -1.000000    0.000000
   -1.000000    0.000000    0.000000
    0.000000    0.000000    1.000000
          13   1.57079632679490       -1.00000000000000     
 
 in global cartezian coordinates:
    1.000000    0.000000    0.000000
    0.000000    1.000000    0.000000
    0.000000    0.000000    1.000000
 ____________________________
 in spin coordinates:
    1.000000    0.000000    0.000000
    0.000000    1.000000    0.000000
    0.000000    0.000000    1.000000
          14  0.000000000000000E+000   1.00000000000000     
 
 in global cartezian coordinates:
    0.000000   -1.000000    0.000000
    1.000000    0.000000    0.000000
    0.000000    0.000000    1.000000
 ____________________________
 in spin coordinates:
    0.000000   -1.000000    0.000000
    1.000000    0.000000    0.000000
    0.000000    0.000000    1.000000
          15   1.57079632679490        1.00000000000000     
 
 in global cartezian coordinates:
   -1.000000    0.000000    0.000000
    0.000000    1.000000    0.000000
    0.000000    0.000000    1.000000
 ____________________________
 in spin coordinates:
   -1.000000    0.000000    0.000000
    0.000000    1.000000    0.000000
    0.000000    0.000000    1.000000
          16   3.14159265358979       -1.00000000000000     
 
 FNAME=
 deltaprime_Pu_13.energyso_1                                                    
                                                                                
                                                     60
 FNAME=
 deltaprime_Pu_13.energysodn_1                                                  
                                                                                
                                                     59
 BZ-integration with TETRA-program.   icor=: 1
 Equal occupancy of degenerate states, tol=: 0.1E-05
 call eord...
 call dos...
 ILOOP            1
 ILOOP            2
   FERMI ENERGY AT    1.04352369556658     
 RESULT OF INTEGRATION:      15.999999999695; SHOULD BE:      15.999999999900
   SUM RULE OF TETRAHEDRON INTEGRATION CHECKED 
 call eweigh...
   number of occupied bands:          18
   highest energy:   1.04877977783092     
 FERMI-LDA=   1.044 Ryd,  14.198 eV.
 ABSOLUTE EMIN=   0.603 Ryd.   8.198 eV.
 ABSOLUTE EMAX=   1.485 Ryd.  20.198 eV.


:NLDA  : NUMBER OF ELECTRONS          =  16.000

:FLDA  : F E R M I - ENERGY           =   1.04352
 
 ********** Information about the atomic index arrays ************
 iatom=           1
 isort=           1
 csort=           1
 maxucase=           1
icase, iucase, jatom, latom=     1     1     1     1
 
 *****  Arrays for correlated blocks ******
 norbitals=           1
 maxdim2=          14
iorbital( 1, 1)=   1
cix( 1, 1)=   1
icase,lcase,icix,iorb,nind1,ip1,iSx=    1    1    1    1   14    1    1
icase,lcase,icix,iorb,nind1,ip1,iSx=    1    1    1    1   14    2    2
icase,lcase,icix,iorb,nind1,ip1,iSx=    1    1    1    1   14    3    3
icase,lcase,icix,iorb,nind1,ip1,iSx=    1    1    1    1   14    4    4
icase,lcase,icix,iorb,nind1,ip1,iSx=    1    1    1    1   14    5    5
icase,lcase,icix,iorb,nind1,ip1,iSx=    1    1    1    1   14    6    6
icase,lcase,icix,iorb,nind1,ip1,iSx=    1    1    1    1   14    7    7
icase,lcase,icix,iorb,nind1,ip1,iSx=    1    1    1    1   14    8    8
icase,lcase,icix,iorb,nind1,ip1,iSx=    1    1    1    1   14    9    9
icase,lcase,icix,iorb,nind1,ip1,iSx=    1    1    1    1   14   10   10
icase,lcase,icix,iorb,nind1,ip1,iSx=    1    1    1    1   14   11   11
icase,lcase,icix,iorb,nind1,ip1,iSx=    1    1    1    1   14   12   12
icase,lcase,icix,iorb,nind1,ip1,iSx=    1    1    1    1   14   13   13
icase,lcase,icix,iorb,nind1,ip1,iSx=    1    1    1    1   14   14   14
cixdim( 1)=14
noccur( 1, 1)=   6
noccur( 2, 1)=   8
iSx( 1, 1)=  1
iSx( 2, 1)=  2
iSx( 3, 1)=  3
iSx( 4, 1)=  4
iSx( 5, 1)=  5
iSx( 6, 1)=  6
iSx( 7, 1)=  7
iSx( 8, 1)=  8
iSx( 9, 1)=  9
iSx(10, 1)= 10
iSx(11, 1)= 11
iSx(12, 1)= 12
iSx(13, 1)= 13
iSx(14, 1)= 14
nindo( 1)= 14
CF for iorb1= 1 iorb2= 1
    0.92582010     0.00000000       0.00000000     0.00000000       0.00000000     0.00000000       0.00000000     0.00000000       0.00000000     0.00000000       0.00000000     0.00000000       0.00000000     0.00000000       0.00000000     0.00000000      -0.37796447     0.00000000       0.00000000     0.00000000       0.00000000     0.00000000       0.00000000     0.00000000       0.00000000     0.00000000       0.00000000     0.00000000   
    0.00000000     0.00000000       0.84515425     0.00000000       0.00000000     0.00000000       0.00000000     0.00000000       0.00000000     0.00000000       0.00000000     0.00000000       0.00000000     0.00000000       0.00000000     0.00000000       0.00000000     0.00000000      -0.53452248     0.00000000       0.00000000     0.00000000       0.00000000     0.00000000       0.00000000     0.00000000       0.00000000     0.00000000   
    0.00000000     0.00000000       0.00000000     0.00000000       0.75592895     0.00000000       0.00000000     0.00000000       0.00000000     0.00000000       0.00000000     0.00000000       0.00000000     0.00000000       0.00000000     0.00000000       0.00000000     0.00000000       0.00000000     0.00000000      -0.65465367     0.00000000       0.00000000     0.00000000       0.00000000     0.00000000       0.00000000     0.00000000   
    0.00000000     0.00000000       0.00000000     0.00000000       0.00000000     0.00000000       0.65465367     0.00000000       0.00000000     0.00000000       0.00000000     0.00000000       0.00000000     0.00000000       0.00000000     0.00000000       0.00000000     0.00000000       0.00000000     0.00000000       0.00000000     0.00000000      -0.75592895     0.00000000       0.00000000     0.00000000       0.00000000     0.00000000   
    0.00000000     0.00000000       0.00000000     0.00000000       0.00000000     0.00000000       0.00000000     0.00000000       0.53452248     0.00000000       0.00000000     0.00000000       0.00000000     0.00000000       0.00000000     0.00000000       0.00000000     0.00000000       0.00000000     0.00000000       0.00000000     0.00000000       0.00000000     0.00000000      -0.84515425     0.00000000       0.00000000     0.00000000   
    0.00000000     0.00000000       0.00000000     0.00000000       0.00000000     0.00000000       0.00000000     0.00000000       0.00000000     0.00000000       0.37796447     0.00000000       0.00000000     0.00000000       0.00000000     0.00000000       0.00000000     0.00000000       0.00000000     0.00000000       0.00000000     0.00000000       0.00000000     0.00000000       0.00000000     0.00000000      -0.92582010     0.00000000   
    0.00000000     0.00000000       0.00000000     0.00000000       0.00000000     0.00000000       0.00000000     0.00000000       0.00000000     0.00000000       0.00000000     0.00000000       0.00000000     0.00000000       1.00000000     0.00000000       0.00000000     0.00000000       0.00000000     0.00000000       0.00000000     0.00000000       0.00000000     0.00000000       0.00000000     0.00000000       0.00000000     0.00000000   
    0.37796447     0.00000000       0.00000000     0.00000000       0.00000000     0.00000000       0.00000000     0.00000000       0.00000000     0.00000000       0.00000000     0.00000000       0.00000000     0.00000000       0.00000000     0.00000000       0.92582010     0.00000000       0.00000000     0.00000000       0.00000000     0.00000000       0.00000000     0.00000000       0.00000000     0.00000000       0.00000000     0.00000000   
    0.00000000     0.00000000       0.53452248     0.00000000       0.00000000     0.00000000       0.00000000     0.00000000       0.00000000     0.00000000       0.00000000     0.00000000       0.00000000     0.00000000       0.00000000     0.00000000       0.00000000     0.00000000       0.84515425     0.00000000       0.00000000     0.00000000       0.00000000     0.00000000       0.00000000     0.00000000       0.00000000     0.00000000   
    0.00000000     0.00000000       0.00000000     0.00000000       0.65465367     0.00000000       0.00000000     0.00000000       0.00000000     0.00000000       0.00000000     0.00000000       0.00000000     0.00000000       0.00000000     0.00000000       0.00000000     0.00000000       0.00000000     0.00000000       0.75592895     0.00000000       0.00000000     0.00000000       0.00000000     0.00000000       0.00000000     0.00000000   
    0.00000000     0.00000000       0.00000000     0.00000000       0.00000000     0.00000000       0.75592895     0.00000000       0.00000000     0.00000000       0.00000000     0.00000000       0.00000000     0.00000000       0.00000000     0.00000000       0.00000000     0.00000000       0.00000000     0.00000000       0.00000000     0.00000000       0.65465367     0.00000000       0.00000000     0.00000000       0.00000000     0.00000000   
    0.00000000     0.00000000       0.00000000     0.00000000       0.00000000     0.00000000       0.00000000     0.00000000       0.84515425     0.00000000       0.00000000     0.00000000       0.00000000     0.00000000       0.00000000     0.00000000       0.00000000     0.00000000       0.00000000     0.00000000       0.00000000     0.00000000       0.00000000     0.00000000       0.53452248     0.00000000       0.00000000     0.00000000   
    0.00000000     0.00000000       0.00000000     0.00000000       0.00000000     0.00000000       0.00000000     0.00000000       0.00000000     0.00000000       0.92582010     0.00000000       0.00000000     0.00000000       0.00000000     0.00000000       0.00000000     0.00000000       0.00000000     0.00000000       0.00000000     0.00000000       0.00000000     0.00000000       0.00000000     0.00000000       0.37796447     0.00000000   
    0.00000000     0.00000000       0.00000000     0.00000000       0.00000000     0.00000000       0.00000000     0.00000000       0.00000000     0.00000000       0.00000000     0.00000000       1.00000000     0.00000000       0.00000000     0.00000000       0.00000000     0.00000000       0.00000000     0.00000000       0.00000000     0.00000000       0.00000000     0.00000000       0.00000000     0.00000000       0.00000000     0.00000000   
Rspin for iorb=  1
 angles=  0.000000000000000E+000   3.14159265358979       0.000000000000000E+000
  0.000000000000000E+000  0.000000000000000E+000  0.000000000000000E+000
 Rspin=
    0.000000    0.000000      0.000000    1.000000
    0.000000    1.000000      0.000000    0.000000
 Calculation for atom  1 which has iucase=  1
 ATPAR for spin up

          ATOMIC PARAMETERS FOR Pu  0+    

           ENERGY PARAMETERS ARE   0.81  -1.38   0.81   0.81

           L     U(R)          U'(R)         DU/DE        DU'/DE      NORM-U'
           0  0.550675E+00  0.814960E+00  0.112742E+00 -0.225998E+00
           1  0.523739E+00 -0.381519E-01 -0.147250E+00 -0.402348E+00
           2 -0.617664E+00  0.248779E-01  0.984810E-01  0.346324E+00
           3 -0.318741E+00  0.125104E+00  0.362196E+00  0.536746E+00
LO COEFFICIENT: l,A,B,C   0          0.65512    -3.19987     0.00000     0.00000
 
LO COEFFICIENT: l,A,B,C   0          0.32209     0.00000     0.77940     0.00000
 
LO COEFFICIENT: l,A,B,C   1          0.88453     3.14610     0.00000     0.00000
 
LO COEFFICIENT: l,A,B,C   1          0.27950     0.00000    -1.24983     0.00000
 
LO COEFFICIENT: l,A,B,C   2          0.85297     5.34973     0.00000     0.00000
 
LO COEFFICIENT: l,A,B,C   3          0.93954     0.82681     0.00000     0.00000
 
 ATPAR for spin down

          ATOMIC PARAMETERS FOR Pu  0+    

           ENERGY PARAMETERS ARE   0.81  -1.38   0.81   0.81

           L     U(R)          U'(R)         DU/DE        DU'/DE      NORM-U'
           0  0.550675E+00  0.814960E+00  0.112742E+00 -0.225998E+00
           1  0.523739E+00 -0.381519E-01 -0.147250E+00 -0.402348E+00
           2 -0.617664E+00  0.248779E-01  0.984810E-01  0.346324E+00
           3 -0.318741E+00  0.125104E+00  0.362196E+00  0.536746E+00
LO COEFFICIENT: l,A,B,C   0          0.65512    -3.19987     0.00000     0.00000
 
LO COEFFICIENT: l,A,B,C   0          0.32209     0.00000     0.77940     0.00000
 
LO COEFFICIENT: l,A,B,C   1          0.88453     3.14610     0.00000     0.00000
 
LO COEFFICIENT: l,A,B,C   1          0.27950     0.00000    -1.24983     0.00000
 
LO COEFFICIENT: l,A,B,C   2          0.85297     5.34973     0.00000     0.00000
 
LO COEFFICIENT: l,A,B,C   3          0.93954     0.82681     0.00000     0.00000
 
 L1=           0  L2=           0
 RADIAL INTEGRALS:
           1           1                 1           1   1.00000000000000     
           1           3                 1           1  0.575220014950469     
           1           1                 1           2   1.00000000000000     
           1           3                 1           2  0.575220014950469     
           1           1                 2           1   1.00000000000000     
           1           3                 2           1  0.575220014950469     
           1           1                 2           2   1.00000000000000     
           1           3                 2           2  0.575220014950469     
           2           2                 1           1  5.574848540294453E-002
           2           3                 1           1 -0.190874616625450     
           2           2                 1           2  5.574848540294453E-002
           2           3                 1           2 -0.190874616625450     
           2           2                 2           1  5.574848540294453E-002
           2           3                 2           1 -0.190874616625450     
           2           2                 2           2  5.574848540294453E-002
           2           3                 2           2 -0.190874616625450     
           3           1                 1           1  0.575220014950469     
           3           2                 1           1 -0.190874616625450     
           3           3                 1           1   1.00000000000000     
           3           1                 1           2  0.575220014950469     
           3           2                 1           2 -0.190874616625450     
           3           3                 1           2   1.00000000000000     
           3           1                 2           1  0.575220014950469     
           3           2                 2           1 -0.190874616625450     
           3           3                 2           1   1.00000000000000     
           3           1                 2           2  0.575220014950469     
           3           2                 2           2 -0.190874616625450     
           3           3                 2           2   1.00000000000000     
 L1=           1  L2=           1
 RADIAL INTEGRALS:
           1           1                 1           1   1.00000000000000     
           1           3                 1           1  0.916320432870140     
           1           1                 1           2   1.00000000000000     
           1           3                 1           2  0.916320432870140     
           1           1                 2           1   1.00000000000000     
           1           3                 2           1  0.916320432870140     
           1           1                 2           2   1.00000000000000     
           1           3                 2           2  0.916320432870140     
           2           2                 1           1  2.198510142508271E-002
           2           3                 1           1  5.922601362441705E-002
           2           2                 1           2  2.198510142508271E-002
           2           3                 1           2  5.922601362441705E-002
           2           2                 2           1  2.198510142508271E-002
           2           3                 2           1  5.922601362441705E-002
           2           2                 2           2  2.198510142508271E-002
           2           3                 2           2  5.922601362441705E-002
           3           1                 1           1  0.916320432870140     
           3           2                 1           1  5.922601362441705E-002
           3           3                 1           1   1.00000000000000     
           3           1                 1           2  0.916320432870140     
           3           2                 1           2  5.922601362441705E-002
           3           3                 1           2   1.00000000000000     
           3           1                 2           1  0.916320432870140     
           3           2                 2           1  5.922601362441705E-002
           3           3                 2           1   1.00000000000000     
           3           1                 2           2  0.916320432870140     
           3           2                 2           2  5.922601362441705E-002
           3           3                 2           2   1.00000000000000     
 L1=           2  L2=           2
 RADIAL INTEGRALS:
           1           1                 1           1   1.00000000000000     
           1           1                 1           2   1.00000000000000     
           1           1                 2           1   1.00000000000000     
           1           1                 2           2   1.00000000000000     
           2           2                 1           1  9.519654722568742E-003
           2           2                 1           2  9.519654722568742E-003
           2           2                 2           1  9.519654722568742E-003
           2           2                 2           2  9.519654722568742E-003
 L1=           3  L2=           3
 RADIAL INTEGRALS:
           1           1                 1           1   1.00000000000000     
           1           1                 1           2   1.00000000000000     
           1           1                 2           1   1.00000000000000     
           1           1                 2           2   1.00000000000000     
           2           2                 1           1  0.171544459741105     
           2           2                 1           2  0.171544459741105     
           2           2                 2           1  0.171544459741105     
           2           2                 2           2  0.171544459741105     
Saving potential parameters for atom 1 into  1
pr_proc=363  tot-k=726
 ------------------------------------------------------------------------------


   =====>>> CPU TIME SUMMARY

            TOTAL       :      3.2
 OMP_NUM_THREADS= 2
 GUTZ_SOLVER VO.1.5 BUILT ON Jan 19 2014 AT22:25:59
 NT=  1 SEC_N%DIM=   10 WITH ID:
           1       2      16     107     471    1472    3474    6477    9909   12912
       14914
 MEAN U/J:  0.2940  0.0265
 NEL_FIX_VDC1=      5.23
 ATOM DEPENDENT NELF1:
      5.2287
 DCMIX_A=  0.200000
 SYMMETRICALLY NON-EQUIVALENT ATOMS:
          1
 VARIATIONAL-SETUP-NON-EQUIVALENT ATOMS:
          1
 COMPLEMENTARY VARIATIONAL-SETUP-EQUIVALENT ATOMS:

 GYZ%SYM%IDSUM:
  1
 DIM(X_Gutz)=  4
 CALC SET: GAPJ-SHFT FULL       -JH-PROJ SLATER    VAR-FIXDC    Ryd.   
 NT= 1
 LOCAL INTERACTION PART   :
 U              :   0.2940
 J              :   0.0265
 FOCK SPACE PART:
 NA             :  7
 FS%OCC(1) L.B. :  0
 FS%OCC(2) U.B. :  9
 FS%DIM         :     14913
 HL%OCC(1) L.B. :  0
 HL%OCC(2) U.B. :  9
 ISO= 2 ISPIN_IN= 1 ISPIN= 1 ISPO= 2
 BND%NMAX=  80
 BZ INTEGRATION WITH TETRA METHOD, ICOR= 1
 EQUAL OCCUPANCY OF DEGENERATE STATES, TOL= 0.1E-05
 VALENCE ELECTRONS: TOTAL=    16.0
                    CORRELATED PART=     8.0
 SYM%IDI/IDF=  1 16
 BND%NMAXIN=   26
      GUTZ5_INI_CORR_UVEK takes  0 hours  0 minutes and    0.09 seconds (CPU).
                          takes  0 hours  0 minutes and    0.09 seconds (WALL).
                 SETUP_TB takes  0 hours  0 minutes and    3.36 seconds (CPU).
                          takes  0 hours  0 minutes and    2.23 seconds (WALL).
************  EL-  ************
 NI=  1 NI_GLOBAL=  1
   1.0460   1.0448   1.0459   1.0459   1.0448   1.0460   1.1257   1.1242   1.1246   1.1257   1.1257   1.1246   1.1242   1.1257
************  EL=  ************
 NI=  1 NI_GLOBAL=  1
   1.0460   0.0000   0.0000   0.0000  -0.0001   0.0000   0.0000   0.0006   0.0000   0.0000   0.0000  -0.0019   0.0000   0.0000
   0.0000   1.0448   0.0000   0.0000   0.0000  -0.0001   0.0000   0.0000  -0.0002   0.0000   0.0000   0.0000   0.0023   0.0000
   0.0000   0.0000   1.0459   0.0000   0.0000   0.0000   0.0000   0.0000   0.0000  -0.0008   0.0000   0.0000   0.0000  -0.0015
   0.0000   0.0000   0.0000   1.0459   0.0000   0.0000   0.0015   0.0000   0.0000   0.0000   0.0008   0.0000   0.0000   0.0000
  -0.0001   0.0000   0.0000   0.0000   1.0448   0.0000   0.0000  -0.0023   0.0000   0.0000   0.0000   0.0002   0.0000   0.0000
   0.0000  -0.0001   0.0000   0.0000   0.0000   1.0460   0.0000   0.0000   0.0019   0.0000   0.0000   0.0000  -0.0006   0.0000
   0.0000   0.0000   0.0000   0.0015   0.0000   0.0000   1.1257   0.0000   0.0000   0.0000  -0.0009   0.0000   0.0000   0.0000
   0.0006   0.0000   0.0000   0.0000  -0.0023   0.0000   0.0000   1.1242   0.0000   0.0000   0.0000   0.0003   0.0000   0.0000
   0.0000  -0.0002   0.0000   0.0000   0.0000   0.0019   0.0000   0.0000   1.1246   0.0000   0.0000   0.0000   0.0003   0.0000
   0.0000   0.0000  -0.0008   0.0000   0.0000   0.0000   0.0000   0.0000   0.0000   1.1257   0.0000   0.0000   0.0000  -0.0009
   0.0000   0.0000   0.0000   0.0008   0.0000   0.0000  -0.0009   0.0000   0.0000   0.0000   1.1257   0.0000   0.0000   0.0000
  -0.0019   0.0000   0.0000   0.0000   0.0002   0.0000   0.0000   0.0003   0.0000   0.0000   0.0000   1.1246   0.0000   0.0000
   0.0000   0.0023   0.0000   0.0000   0.0000  -0.0006   0.0000   0.0000   0.0003   0.0000   0.0000   0.0000   1.1242   0.0000
   0.0000   0.0000  -0.0015   0.0000   0.0000   0.0000   0.0000   0.0000   0.0000  -0.0009   0.0000   0.0000   0.0000   1.1257
 NI=  1 LOCAL ORBITAL LEVEL CENTER(ELC)=   1.091
************  EL0  ************
 NI=  1 NI_GLOBAL=  1
   1.0455   1.0455   1.0455   1.0455   1.0455   1.0455   1.1251   1.1251   1.1251   1.1251   1.1251   1.1251   1.1251   1.1251
************  ELL  ************
 NI=  1 NI_GLOBAL=  1
   1.0455   0.0000   0.0000   0.0000   0.0000   0.0000   0.0000   0.0000   0.0000   0.0000   0.0000   0.0000   0.0000   0.0000
   0.0000   1.0455   0.0000   0.0000   0.0000   0.0000   0.0000   0.0000   0.0000   0.0000   0.0000   0.0000   0.0000   0.0000
   0.0000   0.0000   1.0455   0.0000   0.0000   0.0000   0.0000   0.0000   0.0000   0.0000   0.0000   0.0000   0.0000   0.0000
   0.0000   0.0000   0.0000   1.0455   0.0000   0.0000   0.0000   0.0000   0.0000   0.0000   0.0000   0.0000   0.0000   0.0000
   0.0000   0.0000   0.0000   0.0000   1.0455   0.0000   0.0000   0.0000   0.0000   0.0000   0.0000   0.0000   0.0000   0.0000
   0.0000   0.0000   0.0000   0.0000   0.0000   1.0455   0.0000   0.0000   0.0000   0.0000   0.0000   0.0000   0.0000   0.0000
   0.0000   0.0000   0.0000   0.0000   0.0000   0.0000   1.1251   0.0000   0.0000   0.0000   0.0000   0.0000   0.0000   0.0000
   0.0000   0.0000   0.0000   0.0000   0.0000   0.0000   0.0000   1.1251   0.0000   0.0000   0.0000   0.0000   0.0000   0.0000
   0.0000   0.0000   0.0000   0.0000   0.0000   0.0000   0.0000   0.0000   1.1251   0.0000   0.0000   0.0000   0.0000   0.0000
   0.0000   0.0000   0.0000   0.0000   0.0000   0.0000   0.0000   0.0000   0.0000   1.1251   0.0000   0.0000   0.0000   0.0000
   0.0000   0.0000   0.0000   0.0000   0.0000   0.0000   0.0000   0.0000   0.0000   0.0000   1.1251   0.0000   0.0000   0.0000
   0.0000   0.0000   0.0000   0.0000   0.0000   0.0000   0.0000   0.0000   0.0000   0.0000   0.0000   1.1251   0.0000   0.0000
   0.0000   0.0000   0.0000   0.0000   0.0000   0.0000   0.0000   0.0000   0.0000   0.0000   0.0000   0.0000   1.1251   0.0000
   0.0000   0.0000   0.0000   0.0000   0.0000   0.0000   0.0000   0.0000   0.0000   0.0000   0.0000   0.0000   0.0000   1.1251
                  GET_EL0 takes  0 hours  0 minutes and    0.02 seconds (CPU).
                          takes  0 hours  0 minutes and    0.02 seconds (WALL).
 There are  4 blocks of bands, with band energy windows:
  -2.364  -2.344 |   -0.818  -0.756 |   -0.261  -0.095 |    0.632   4.500 | 
 Band window indices:
         1      2 |          3      4 |          5      8 |          9     81 | 
 Band width
       0.020   |         0.063   |         0.166   |         3.867   |  
 Band gap
       1.526   |         0.494   |         0.727   |  
 CORRELATED BLOCK: EMIN/EMIX=    0.6325    1.4839
 CORRELATED BAND WIDTH=   0.851
         GUTZ_RED_PRJ_NEQ takes  0 hours  1 minutes and    0.40 seconds (CPU).
                          takes  0 hours  1 minutes and    0.23 seconds (WALL).
 NI=  1 DIM_PHIK=   41227 HL%DIM=  14913
       ID_PHIK_N=
      1      2      4     33    264   1639   6153  15546  27321  36714
  41228
       ID_PHIK_J=
      1      2      3      4      8      9     18     19     28     29
     33     37     73    122    171    220    245    254    263    264
    300    349    638    807   1168   1364   1533   1582   1631   1635
   1639   1739   2180   2964   3864   4705   5381   5781   6037   6118
   6143   6152   6153   6349   6710   8079   9448  11564  12933  14377
  14953  15353  15474  15538  15542  15546  15835  16796  18560  21060
  23176  24940  26165  26841  27165  27286  27311  27320  27321  27517
  27878  29247  30616  32732  34101  35545  36121  36521  36642  36706
  36710  36714  36814  37255  38039  38939  39780  40456  40856  41112
  41193  41218  41227  41228
          GUTZ_SET_PRJ_EQ takes  0 hours  0 minutes and    0.00 seconds (CPU).
                          takes  0 hours  0 minutes and    0.00 seconds (WALL).
************   WH%X  ************
    0.87838917    0.90558629
    0.99850934    1.16524083
************  RIN  ************
 NI=  1 NI_GLOBAL=  1
   0.8784   0.8784   0.8784   0.8784   0.8784   0.8784   0.9056   0.9056   0.9056   0.9056   0.9056   0.9056   0.9056   0.9056
************  LA1  ************
 NI=  1 NI_GLOBAL=  1
   0.9985   0.9985   0.9985   0.9985   0.9985   0.9985   1.1652   1.1652   1.1652   1.1652   1.1652   1.1652   1.1652   1.1652
             CALC_BAND_AL takes  0 hours  0 minutes and    1.48 seconds (CPU).
                          takes  0 hours  0 minutes and    0.75 seconds (WALL).
 ILOOP            1
   FERMI ENERGY AT    1.00780884596291     
   SUM RULE OF TETRAHEDRON INTEGRATION CHECKED 
   number of occupied bands:          18
   highest energy:   1.05164901116214     
************  NK-  ************
 NI=  1 NI_GLOBAL=  1
   0.8485   0.8250   0.8474   0.8474   0.8250   0.8485   0.0225   0.0262   0.0230   0.0225   0.0225   0.0230   0.0262   0.0225
************  NNK  ************
 NI=  1 NI_GLOBAL=  1
   0.8485   0.0000   0.0000   0.0000  -0.0063   0.0000   0.0000  -0.0059   0.0000   0.0000   0.0000  -0.0039   0.0000   0.0000
   0.0000   0.8250   0.0000   0.0000   0.0000  -0.0063   0.0000   0.0000   0.0076   0.0000   0.0000   0.0000   0.0046   0.0000
   0.0000   0.0000   0.8474   0.0000   0.0000   0.0000   0.0000   0.0000   0.0000   0.0014   0.0000   0.0000   0.0000  -0.0007
   0.0000   0.0000   0.0000   0.8474   0.0000   0.0000   0.0007   0.0000   0.0000   0.0000  -0.0014   0.0000   0.0000   0.0000
  -0.0063   0.0000   0.0000   0.0000   0.8250   0.0000   0.0000  -0.0046   0.0000   0.0000   0.0000  -0.0076   0.0000   0.0000
   0.0000  -0.0063   0.0000   0.0000   0.0000   0.8485   0.0000   0.0000   0.0039   0.0000   0.0000   0.0000   0.0059   0.0000
   0.0000   0.0000   0.0000   0.0007   0.0000   0.0000   0.0225   0.0000   0.0000   0.0000  -0.0005   0.0000   0.0000   0.0000
  -0.0059   0.0000   0.0000   0.0000  -0.0046   0.0000   0.0000   0.0262   0.0000   0.0000   0.0000   0.0010   0.0000   0.0000
   0.0000   0.0076   0.0000   0.0000   0.0000   0.0039   0.0000   0.0000   0.0230   0.0000   0.0000   0.0000   0.0010   0.0000
   0.0000   0.0000   0.0014   0.0000   0.0000   0.0000   0.0000   0.0000   0.0000   0.0225   0.0000   0.0000   0.0000  -0.0005
   0.0000   0.0000   0.0000  -0.0014   0.0000   0.0000  -0.0005   0.0000   0.0000   0.0000   0.0225   0.0000   0.0000   0.0000
  -0.0039   0.0000   0.0000   0.0000  -0.0076   0.0000   0.0000   0.0010   0.0000   0.0000   0.0000   0.0230   0.0000   0.0000
   0.0000   0.0046   0.0000   0.0000   0.0000   0.0059   0.0000   0.0000   0.0010   0.0000   0.0000   0.0000   0.0262   0.0000
   0.0000   0.0000  -0.0007   0.0000   0.0000   0.0000   0.0000   0.0000   0.0000  -0.0005   0.0000   0.0000   0.0000   0.0225
************  NKS  ************
 NI=  1 NI_GLOBAL=  1
   0.8403   0.8403   0.8403   0.8403   0.8403   0.8403   0.0236   0.0236   0.0236   0.0236   0.0236   0.0236   0.0236   0.0236
 NELE_LOC TOTAL:
           5.2306904611781935
              CALC_DA_BND takes  0 hours  0 minutes and    0.24 seconds (CPU).
                          takes  0 hours  0 minutes and    0.23 seconds (WALL).
************  DA-  ************
 NI=  1 NI_GLOBAL=  1
  -0.0154  -0.0176  -0.0159  -0.0159  -0.0176  -0.0154  -0.0049  -0.0058  -0.0051  -0.0050  -0.0050  -0.0051  -0.0058  -0.0049
************  DAA  ************
 NI=  1 NI_GLOBAL=  1
  -0.0163  -0.0163  -0.0163  -0.0163  -0.0163  -0.0163  -0.0052  -0.0052  -0.0052  -0.0052  -0.0052  -0.0052  -0.0052  -0.0052
 NI=  1 VDC=    1.3343
************  LA2  ************
 NI=  1 NI_GLOBAL=  1
  -2.4054  -2.4054  -2.4054  -2.4054  -2.4054  -2.4054  -2.3041  -2.3041  -2.3041  -2.3041  -2.3041  -2.3041  -2.3041  -2.3041
 NI=  1 PHI-step gap=  0.14E+00
************  RAA  ************
 NI=  1 NI_GLOBAL=  1
   0.8783   0.8783   0.8783   0.8783   0.8783   0.8783   0.9056   0.9056   0.9056   0.9056   0.9056   0.9056   0.9056   0.9056
************  NC0  ************
 NI=  1 NI_GLOBAL=  1
   0.8404   0.8404   0.8404   0.8404   0.8404   0.8404   0.0236   0.0236   0.0236   0.0236   0.0236   0.0236   0.0236   0.0236
                  CALC_LC takes  0 hours  5 minutes and   21.11 seconds (CPU).
                          takes  0 hours  5 minutes and   21.05 seconds (WALL).
                GUTZ_FCN1 takes  0 hours  5 minutes and   23.11 seconds (CPU).
                          takes  0 hours  5 minutes and   22.30 seconds (WALL).
************  DIF_X  ************
   -0.000068816826    0.000038841413
    0.000047504853    0.000002232640
 ITER1=  1 MAXERR=    0.00006882
************   WH%X  ************
    0.87844118    0.90559709
    0.99847871    1.16523258
************  RIN  ************
 NI=  1 NI_GLOBAL=  1
   0.8784   0.8784   0.8784   0.8784   0.8784   0.8784   0.9056   0.9056   0.9056   0.9056   0.9056   0.9056   0.9056   0.9056
************  LA1  ************
 NI=  1 NI_GLOBAL=  1
   0.9985   0.9985   0.9985   0.9985   0.9985   0.9985   1.1652   1.1652   1.1652   1.1652   1.1652   1.1652   1.1652   1.1652
             CALC_BAND_AL takes  0 hours  0 minutes and    1.48 seconds (CPU).
                          takes  0 hours  0 minutes and    0.74 seconds (WALL).
 ILOOP            1
 ILOOP            2
   FERMI ENERGY AT    1.00778783109763     
   SUM RULE OF TETRAHEDRON INTEGRATION CHECKED 
   number of occupied bands:          18
   highest energy:   1.05164767328144     
************  NK-  ************
 NI=  1 NI_GLOBAL=  1
   0.8486   0.8251   0.8475   0.8475   0.8251   0.8486   0.0225   0.0262   0.0230   0.0225   0.0225   0.0230   0.0262   0.0225
************  NNK  ************
 NI=  1 NI_GLOBAL=  1
   0.8486   0.0000   0.0000   0.0000  -0.0063   0.0000   0.0000  -0.0059   0.0000   0.0000   0.0000  -0.0039   0.0000   0.0000
   0.0000   0.8251   0.0000   0.0000   0.0000  -0.0063   0.0000   0.0000   0.0076   0.0000   0.0000   0.0000   0.0046   0.0000
   0.0000   0.0000   0.8475   0.0000   0.0000   0.0000   0.0000   0.0000   0.0000   0.0014   0.0000   0.0000   0.0000  -0.0007
   0.0000   0.0000   0.0000   0.8475   0.0000   0.0000   0.0007   0.0000   0.0000   0.0000  -0.0014   0.0000   0.0000   0.0000
  -0.0063   0.0000   0.0000   0.0000   0.8251   0.0000   0.0000  -0.0046   0.0000   0.0000   0.0000  -0.0076   0.0000   0.0000
   0.0000  -0.0063   0.0000   0.0000   0.0000   0.8486   0.0000   0.0000   0.0039   0.0000   0.0000   0.0000   0.0059   0.0000
   0.0000   0.0000   0.0000   0.0007   0.0000   0.0000   0.0225   0.0000   0.0000   0.0000  -0.0005   0.0000   0.0000   0.0000
  -0.0059   0.0000   0.0000   0.0000  -0.0046   0.0000   0.0000   0.0262   0.0000   0.0000   0.0000   0.0010   0.0000   0.0000
   0.0000   0.0076   0.0000   0.0000   0.0000   0.0039   0.0000   0.0000   0.0230   0.0000   0.0000   0.0000   0.0010   0.0000
   0.0000   0.0000   0.0014   0.0000   0.0000   0.0000   0.0000   0.0000   0.0000   0.0225   0.0000   0.0000   0.0000  -0.0005
   0.0000   0.0000   0.0000  -0.0014   0.0000   0.0000  -0.0005   0.0000   0.0000   0.0000   0.0225   0.0000   0.0000   0.0000
  -0.0039   0.0000   0.0000   0.0000  -0.0076   0.0000   0.0000   0.0010   0.0000   0.0000   0.0000   0.0230   0.0000   0.0000
   0.0000   0.0046   0.0000   0.0000   0.0000   0.0059   0.0000   0.0000   0.0010   0.0000   0.0000   0.0000   0.0262   0.0000
   0.0000   0.0000  -0.0007   0.0000   0.0000   0.0000   0.0000   0.0000   0.0000  -0.0005   0.0000   0.0000   0.0000   0.0225
************  NKS  ************
 NI=  1 NI_GLOBAL=  1
   0.8404   0.8404   0.8404   0.8404   0.8404   0.8404   0.0236   0.0236   0.0236   0.0236   0.0236   0.0236   0.0236   0.0236
 NELE_LOC TOTAL:
           5.2309806819572930
              CALC_DA_BND takes  0 hours  0 minutes and    0.24 seconds (CPU).
                          takes  0 hours  0 minutes and    0.24 seconds (WALL).
************  DA-  ************
 NI=  1 NI_GLOBAL=  1
  -0.0154  -0.0176  -0.0159  -0.0159  -0.0176  -0.0154  -0.0049  -0.0058  -0.0051  -0.0050  -0.0050  -0.0051  -0.0058  -0.0049
************  DAA  ************
 NI=  1 NI_GLOBAL=  1
  -0.0163  -0.0163  -0.0163  -0.0163  -0.0163  -0.0163  -0.0052  -0.0052  -0.0052  -0.0052  -0.0052  -0.0052  -0.0052  -0.0052
 NI=  1 VDC=    1.3343
************  LA2  ************
 NI=  1 NI_GLOBAL=  1
  -2.4054  -2.4054  -2.4054  -2.4054  -2.4054  -2.4054  -2.3040  -2.3040  -2.3040  -2.3040  -2.3040  -2.3040  -2.3040  -2.3040
 NI=  1 PHI-step gap=  0.14E+00
************  RAA  ************
 NI=  1 NI_GLOBAL=  1
   0.8784   0.8784   0.8784   0.8784   0.8784   0.8784   0.9056   0.9056   0.9056   0.9056   0.9056   0.9056   0.9056   0.9056
************  NC0  ************
 NI=  1 NI_GLOBAL=  1
   0.8404   0.8404   0.8404   0.8404   0.8404   0.8404   0.0236   0.0236   0.0236   0.0236   0.0236   0.0236   0.0236   0.0236
                  CALC_LC takes  0 hours  5 minutes and   21.17 seconds (CPU).
                          takes  0 hours  5 minutes and   21.04 seconds (WALL).
                GUTZ_FCN1 takes  0 hours  5 minutes and   23.27 seconds (CPU).
                          takes  0 hours  5 minutes and   22.32 seconds (WALL).
************  DIF_X  ************
   -0.000000529040   -0.000001995231
   -0.000000040344    0.000000052467
 ITER1=  2 MAXERR=    0.00000200
************   WH%X  ************
    0.87844044    0.90559399
    0.99847877    1.16523161
************  RIN  ************
 NI=  1 NI_GLOBAL=  1
   0.8784   0.8784   0.8784   0.8784   0.8784   0.8784   0.9056   0.9056   0.9056   0.9056   0.9056   0.9056   0.9056   0.9056
************  LA1  ************
 NI=  1 NI_GLOBAL=  1
   0.9985   0.9985   0.9985   0.9985   0.9985   0.9985   1.1652   1.1652   1.1652   1.1652   1.1652   1.1652   1.1652   1.1652
             CALC_BAND_AL takes  0 hours  0 minutes and    1.49 seconds (CPU).
                          takes  0 hours  0 minutes and    0.74 seconds (WALL).
 ILOOP            1
 ILOOP            2
   FERMI ENERGY AT    1.00778786797231     
   SUM RULE OF TETRAHEDRON INTEGRATION CHECKED 
   number of occupied bands:          18
   highest energy:   1.05164766665616     
************  NK-  ************
 NI=  1 NI_GLOBAL=  1
   0.8486   0.8251   0.8475   0.8475   0.8251   0.8486   0.0225   0.0262   0.0230   0.0225   0.0225   0.0230   0.0262   0.0225
************  NNK  ************
 NI=  1 NI_GLOBAL=  1
   0.8486   0.0000   0.0000   0.0000  -0.0063   0.0000   0.0000  -0.0059   0.0000   0.0000   0.0000  -0.0039   0.0000   0.0000
   0.0000   0.8251   0.0000   0.0000   0.0000  -0.0063   0.0000   0.0000   0.0076   0.0000   0.0000   0.0000   0.0046   0.0000
   0.0000   0.0000   0.8475   0.0000   0.0000   0.0000   0.0000   0.0000   0.0000   0.0014   0.0000   0.0000   0.0000  -0.0007
   0.0000   0.0000   0.0000   0.8475   0.0000   0.0000   0.0007   0.0000   0.0000   0.0000  -0.0014   0.0000   0.0000   0.0000
  -0.0063   0.0000   0.0000   0.0000   0.8251   0.0000   0.0000  -0.0046   0.0000   0.0000   0.0000  -0.0076   0.0000   0.0000
   0.0000  -0.0063   0.0000   0.0000   0.0000   0.8486   0.0000   0.0000   0.0039   0.0000   0.0000   0.0000   0.0059   0.0000
   0.0000   0.0000   0.0000   0.0007   0.0000   0.0000   0.0225   0.0000   0.0000   0.0000  -0.0005   0.0000   0.0000   0.0000
  -0.0059   0.0000   0.0000   0.0000  -0.0046   0.0000   0.0000   0.0262   0.0000   0.0000   0.0000   0.0010   0.0000   0.0000
   0.0000   0.0076   0.0000   0.0000   0.0000   0.0039   0.0000   0.0000   0.0230   0.0000   0.0000   0.0000   0.0010   0.0000
   0.0000   0.0000   0.0014   0.0000   0.0000   0.0000   0.0000   0.0000   0.0000   0.0225   0.0000   0.0000   0.0000  -0.0005
   0.0000   0.0000   0.0000  -0.0014   0.0000   0.0000  -0.0005   0.0000   0.0000   0.0000   0.0225   0.0000   0.0000   0.0000
  -0.0039   0.0000   0.0000   0.0000  -0.0076   0.0000   0.0000   0.0010   0.0000   0.0000   0.0000   0.0230   0.0000   0.0000
   0.0000   0.0046   0.0000   0.0000   0.0000   0.0059   0.0000   0.0000   0.0010   0.0000   0.0000   0.0000   0.0262   0.0000
   0.0000   0.0000  -0.0007   0.0000   0.0000   0.0000   0.0000   0.0000   0.0000  -0.0005   0.0000   0.0000   0.0000   0.0225
************  NKS  ************
 NI=  1 NI_GLOBAL=  1
   0.8404   0.8404   0.8404   0.8404   0.8404   0.8404   0.0236   0.0236   0.0236   0.0236   0.0236   0.0236   0.0236   0.0236
 NELE_LOC TOTAL:
           5.2309807236085364
              CALC_DA_BND takes  0 hours  0 minutes and    0.24 seconds (CPU).
                          takes  0 hours  0 minutes and    0.23 seconds (WALL).
************  DA-  ************
 NI=  1 NI_GLOBAL=  1
  -0.0154  -0.0176  -0.0159  -0.0159  -0.0176  -0.0154  -0.0049  -0.0058  -0.0051  -0.0050  -0.0050  -0.0051  -0.0058  -0.0049
************  DAA  ************
 NI=  1 NI_GLOBAL=  1
  -0.0163  -0.0163  -0.0163  -0.0163  -0.0163  -0.0163  -0.0052  -0.0052  -0.0052  -0.0052  -0.0052  -0.0052  -0.0052  -0.0052
 NI=  1 VDC=    1.3343
************  LA2  ************
 NI=  1 NI_GLOBAL=  1
  -2.4054  -2.4054  -2.4054  -2.4054  -2.4054  -2.4054  -2.3040  -2.3040  -2.3040  -2.3040  -2.3040  -2.3040  -2.3040  -2.3040
 NI=  1 PHI-step gap=  0.14E+00
************  RAA  ************
 NI=  1 NI_GLOBAL=  1
   0.8784   0.8784   0.8784   0.8784   0.8784   0.8784   0.9056   0.9056   0.9056   0.9056   0.9056   0.9056   0.9056   0.9056
************  NC0  ************
 NI=  1 NI_GLOBAL=  1
   0.8404   0.8404   0.8404   0.8404   0.8404   0.8404   0.0236   0.0236   0.0236   0.0236   0.0236   0.0236   0.0236   0.0236
                  CALC_LC takes  0 hours  5 minutes and    4.98 seconds (CPU).
                          takes  0 hours  5 minutes and    4.98 seconds (WALL).
                GUTZ_FCN1 takes  0 hours  5 minutes and    7.16 seconds (CPU).
                          takes  0 hours  5 minutes and    6.27 seconds (WALL).
************  DIF_X  ************
   -0.000000015748   -0.000000058353
    0.000000002718   -0.000000004810
 ITER1=  3 MAXERR=    0.00000006
************   WH%X  ************
    0.87844043    0.90559403
    0.99847878    1.16523164
************  RIN  ************
 NI=  1 NI_GLOBAL=  1
   0.8784   0.8784   0.8784   0.8784   0.8784   0.8784   0.9056   0.9056   0.9056   0.9056   0.9056   0.9056   0.9056   0.9056
************  LA1  ************
 NI=  1 NI_GLOBAL=  1
   0.9985   0.9985   0.9985   0.9985   0.9985   0.9985   1.1652   1.1652   1.1652   1.1652   1.1652   1.1652   1.1652   1.1652
             CALC_BAND_AL takes  0 hours  0 minutes and    1.49 seconds (CPU).
                          takes  0 hours  0 minutes and    0.74 seconds (WALL).
 ILOOP            1
 ILOOP            2
   FERMI ENERGY AT    1.00778786965008     
   SUM RULE OF TETRAHEDRON INTEGRATION CHECKED 
   number of occupied bands:          18
   highest energy:   1.05164766733700     
************  NK-  ************
 NI=  1 NI_GLOBAL=  1
   0.8486   0.8251   0.8475   0.8475   0.8251   0.8486   0.0225   0.0262   0.0230   0.0225   0.0225   0.0230   0.0262   0.0225
************  NNK  ************
 NI=  1 NI_GLOBAL=  1
   0.8486   0.0000   0.0000   0.0000  -0.0063   0.0000   0.0000  -0.0059   0.0000   0.0000   0.0000  -0.0039   0.0000   0.0000
   0.0000   0.8251   0.0000   0.0000   0.0000  -0.0063   0.0000   0.0000   0.0076   0.0000   0.0000   0.0000   0.0046   0.0000
   0.0000   0.0000   0.8475   0.0000   0.0000   0.0000   0.0000   0.0000   0.0000   0.0014   0.0000   0.0000   0.0000  -0.0007
   0.0000   0.0000   0.0000   0.8475   0.0000   0.0000   0.0007   0.0000   0.0000   0.0000  -0.0014   0.0000   0.0000   0.0000
  -0.0063   0.0000   0.0000   0.0000   0.8251   0.0000   0.0000  -0.0046   0.0000   0.0000   0.0000  -0.0076   0.0000   0.0000
   0.0000  -0.0063   0.0000   0.0000   0.0000   0.8486   0.0000   0.0000   0.0039   0.0000   0.0000   0.0000   0.0059   0.0000
   0.0000   0.0000   0.0000   0.0007   0.0000   0.0000   0.0225   0.0000   0.0000   0.0000  -0.0005   0.0000   0.0000   0.0000
  -0.0059   0.0000   0.0000   0.0000  -0.0046   0.0000   0.0000   0.0262   0.0000   0.0000   0.0000   0.0010   0.0000   0.0000
   0.0000   0.0076   0.0000   0.0000   0.0000   0.0039   0.0000   0.0000   0.0230   0.0000   0.0000   0.0000   0.0010   0.0000
   0.0000   0.0000   0.0014   0.0000   0.0000   0.0000   0.0000   0.0000   0.0000   0.0225   0.0000   0.0000   0.0000  -0.0005
   0.0000   0.0000   0.0000  -0.0014   0.0000   0.0000  -0.0005   0.0000   0.0000   0.0000   0.0225   0.0000   0.0000   0.0000
  -0.0039   0.0000   0.0000   0.0000  -0.0076   0.0000   0.0000   0.0010   0.0000   0.0000   0.0000   0.0230   0.0000   0.0000
   0.0000   0.0046   0.0000   0.0000   0.0000   0.0059   0.0000   0.0000   0.0010   0.0000   0.0000   0.0000   0.0262   0.0000
   0.0000   0.0000  -0.0007   0.0000   0.0000   0.0000   0.0000   0.0000   0.0000  -0.0005   0.0000   0.0000   0.0000   0.0225
************  NKS  ************
 NI=  1 NI_GLOBAL=  1
   0.8404   0.8404   0.8404   0.8404   0.8404   0.8404   0.0236   0.0236   0.0236   0.0236   0.0236   0.0236   0.0236   0.0236
 NELE_LOC TOTAL:
           5.2309807106487423
              CALC_DA_BND takes  0 hours  0 minutes and    0.24 seconds (CPU).
                          takes  0 hours  0 minutes and    0.24 seconds (WALL).
************  DA-  ************
 NI=  1 NI_GLOBAL=  1
  -0.0154  -0.0176  -0.0159  -0.0159  -0.0176  -0.0154  -0.0049  -0.0058  -0.0051  -0.0050  -0.0050  -0.0051  -0.0058  -0.0049
************  DAA  ************
 NI=  1 NI_GLOBAL=  1
  -0.0163  -0.0163  -0.0163  -0.0163  -0.0163  -0.0163  -0.0052  -0.0052  -0.0052  -0.0052  -0.0052  -0.0052  -0.0052  -0.0052
 NI=  1 VDC=    1.3343
************  LA2  ************
 NI=  1 NI_GLOBAL=  1
  -2.4054  -2.4054  -2.4054  -2.4054  -2.4054  -2.4054  -2.3040  -2.3040  -2.3040  -2.3040  -2.3040  -2.3040  -2.3040  -2.3040
 NI=  1 PHI-step gap=  0.14E+00
************  RAA  ************
 NI=  1 NI_GLOBAL=  1
   0.8784   0.8784   0.8784   0.8784   0.8784   0.8784   0.9056   0.9056   0.9056   0.9056   0.9056   0.9056   0.9056   0.9056
************  NC0  ************
 NI=  1 NI_GLOBAL=  1
   0.8404   0.8404   0.8404   0.8404   0.8404   0.8404   0.0236   0.0236   0.0236   0.0236   0.0236   0.0236   0.0236   0.0236
                  CALC_LC takes  0 hours  5 minutes and   21.02 seconds (CPU).
                          takes  0 hours  5 minutes and   21.04 seconds (WALL).
                GUTZ_FCN1 takes  0 hours  5 minutes and   23.19 seconds (CPU).
                          takes  0 hours  5 minutes and   22.32 seconds (WALL).
************  DIF_X  ************
    0.000000000404   -0.000000002669
   -0.000000000218    0.000000000250
 ITER1=  4 MAXERR=    0.00000000
 NFJAC=   0
 SOLVE1 FINISHED WITH       4 ITERATIONS.
               GUTZ_SOLVE takes  0 hours 21 minutes and   16.73 seconds (CPU).
                          takes  0 hours 21 minutes and   13.21 seconds (WALL).
 MAX. NELF1 DIFF=    0.00232002
               CALC_PJRHO takes  0 hours  0 minutes and    0.54 seconds (CPU).
                          takes  0 hours  0 minutes and    0.38 seconds (WALL).
 NI=  1 SUM_PHY-SUM_KS=      0.00000000 WOULD BE RENORMALIZED
************  NC1  ************
 NI=  1 NI_GLOBAL=  1
   0.8229   0.8229   0.8229   0.8229   0.8229   0.8229   0.0367   0.0367   0.0367   0.0367   0.0367   0.0367   0.0367   0.0367
               CALC_NCPHY takes  0 hours  0 minutes and   49.48 seconds (CPU).
                          takes  0 hours  0 minutes and   49.28 seconds (WALL).
 GYZ%PJ%EGAMM:
     8.58181
 ENG%GAMM:     8.58181
 ENG%POT2:     3.08920
 EDCLA1(NI) ARRAY:
    -5.254
 EDCUJ(NI) ARRAY:
    -3.142
 EDCUJV(NI) ARRAY:
    -6.979
 EDC(NI) ARRAY:
    -8.396
 ENG%DBLC:    -8.39606
 ENG%DC1 :    -5.25449
 ENG%DC2 :    -3.14157
 ENG%DC2V:    -6.97947
 DC_E_STD_TO_E_V:    -3.83790
 ENG%BAND:     0.55109
 ENG%DL(DEEP LEVEL):    -7.07826
 ENG%TB=     0.73684
 ENG%TB-DC2=     3.87841
 NI=  1 OCC_CONFIG_WEIGHT:
        OCC= 0 WEIGHT=   0.00000
        OCC= 1 WEIGHT=   0.00000
        OCC= 2 WEIGHT=   0.00003
        OCC= 3 WEIGHT=   0.00341
        OCC= 4 WEIGHT=   0.10069
        OCC= 5 WEIGHT=   0.57238
        OCC= 6 WEIGHT=   0.30859
        OCC= 7 WEIGHT=   0.01470
        OCC= 8 WEIGHT=   0.00020
        OCC= 9 WEIGHT=   0.00000
                 CALC_RCW takes  0 hours  0 minutes and    0.00 seconds (CPU).
                          takes  0 hours  0 minutes and    0.00 seconds (WALL).
 NI=  1 J2=   10.5974
                 CALC_SLJ takes  0 hours  0 minutes and    0.00 seconds (CPU).
                          takes  0 hours  0 minutes and    0.00 seconds (WALL).
 NI=  1 ENTANGLEMENT ENTROPY=      3.3644
           CALC_ENTANGLES takes  0 hours  0 minutes and    1.02 seconds (CPU).
                          takes  0 hours  0 minutes and    0.91 seconds (WALL).
 CORRELATED SUBSPACE, SUM_FERWT=      8.0000000 SUM_KSWT=      8.0000000
 MAX OFF DIAGONAL KS.WT=    0.000685
 MAX/MIN R=    0.905594    0.878440
                CALC_KSWT takes  0 hours  0 minutes and    0.07 seconds (CPU).
                          takes  0 hours  0 minutes and    0.04 seconds (WALL).
                    TOTAL takes  0 hours 23 minutes and   12.09 seconds (CPU).
                          takes  0 hours 23 minutes and    6.73 seconds (WALL).
