******Program DMFT: Computes Gloc and Delta for Dynamical Mean Field Theory calculation ******
 CALCULATION WITH COMPLEX VECTORS
 CALCULATION WITH SOC VECTORS REQUIRED
 Running DMFT in mpi mode
  
 numkpt=         286
   0.00000   0.00000   0.00000   1.00000
   0.04762   0.04762  -0.04762   8.00000
   0.09524   0.09524  -0.09524   8.00000
   0.14286   0.14286  -0.14286   8.00000
   0.19048   0.19048  -0.19048   8.00000
   0.23810   0.23810  -0.23810   8.00000
   0.28571   0.28571  -0.28571   8.00000
   0.33333   0.33333  -0.33333   8.00000
   0.38095   0.38095  -0.38095   8.00000
   0.42857   0.42857  -0.42857   8.00000
   0.47619   0.47619  -0.47619   8.00000
   0.09524   0.00000   0.00000   6.00000
   0.14286   0.04762  -0.04762  24.00000
   0.19048   0.09524  -0.09524  24.00000
   0.23810   0.14286  -0.14286  24.00000
   0.28571   0.19048  -0.19048  24.00000
   0.33333   0.23810  -0.23810  24.00000
   0.38095   0.28571  -0.28571  24.00000
   0.42857   0.33333  -0.33333  24.00000
   0.47619   0.38095  -0.38095  24.00000
   0.52381   0.42857  -0.42857  24.00000
   0.57143   0.47619  -0.47619  24.00000
   0.61905   0.52381  -0.52381  24.00000
   0.66667   0.57143  -0.57143  24.00000
   0.71429   0.61905  -0.61905  24.00000
   0.76190   0.66667  -0.66667  24.00000
   0.80952   0.71429  -0.71429  24.00000
   0.85714   0.76190  -0.76190  24.00000
   0.90476   0.80952  -0.80952  24.00000
   0.95238   0.85714  -0.85714  24.00000
   1.00000   0.90476  -0.90476  12.00000
   0.19048   0.00000   0.00000   6.00000
   0.23810   0.04762  -0.04762  24.00000
   0.28571   0.09524  -0.09524  24.00000
   0.33333   0.14286  -0.14286  24.00000
   0.38095   0.19048  -0.19048  24.00000
   0.42857   0.23810  -0.23810  24.00000
   0.47619   0.28571  -0.28571  24.00000
   0.52381   0.33333  -0.33333  24.00000
   0.57143   0.38095  -0.38095  24.00000
   0.61905   0.42857  -0.42857  24.00000
   0.66667   0.47619  -0.47619  24.00000
   0.71429   0.52381  -0.52381  24.00000
   0.76190   0.57143  -0.57143  24.00000
   0.80952   0.61905  -0.61905  24.00000
   0.85714   0.66667  -0.66667  24.00000
   0.90476   0.71429  -0.71429  24.00000
   0.95238   0.76190  -0.76190  24.00000
   1.00000   0.80952  -0.80952  12.00000
   0.28571   0.00000   0.00000   6.00000
   0.33333   0.04762  -0.04762  24.00000
   0.38095   0.09524  -0.09524  24.00000
   0.42857   0.14286  -0.14286  24.00000
   0.47619   0.19048  -0.19048  24.00000
   0.52381   0.23810  -0.23810  24.00000
   0.57143   0.28571  -0.28571  24.00000
   0.61905   0.33333  -0.33333  24.00000
   0.66667   0.38095  -0.38095  24.00000
   0.71429   0.42857  -0.42857  24.00000
   0.76190   0.47619  -0.47619  24.00000
   0.80952   0.52381  -0.52381  24.00000
   0.85714   0.57143  -0.57143  24.00000
   0.90476   0.61905  -0.61905  24.00000
   0.95238   0.66667  -0.66667  24.00000
   1.00000   0.71429  -0.71429  12.00000
   0.38095   0.00000   0.00000   6.00000
   0.42857   0.04762  -0.04762  24.00000
   0.47619   0.09524  -0.09524  24.00000
   0.52381   0.14286  -0.14286  24.00000
   0.57143   0.19048  -0.19048  24.00000
   0.61905   0.23810  -0.23810  24.00000
   0.66667   0.28571  -0.28571  24.00000
   0.71429   0.33333  -0.33333  24.00000
   0.76190   0.38095  -0.38095  24.00000
   0.80952   0.42857  -0.42857  24.00000
   0.85714   0.47619  -0.47619  24.00000
   0.90476   0.52381  -0.52381  24.00000
   0.95238   0.57143  -0.57143  24.00000
   1.00000   0.61905  -0.61905  12.00000
   0.47619   0.00000   0.00000   6.00000
   0.52381   0.04762  -0.04762  24.00000
   0.57143   0.09524  -0.09524  24.00000
   0.61905   0.14286  -0.14286  24.00000
   0.66667   0.19048  -0.19048  24.00000
   0.71429   0.23810  -0.23810  24.00000
   0.76190   0.28571  -0.28571  24.00000
   0.80952   0.33333  -0.33333  24.00000
   0.85714   0.38095  -0.38095  24.00000
   0.90476   0.42857  -0.42857  24.00000
   0.95238   0.47619  -0.47619  24.00000
   1.00000   0.52381  -0.52381  12.00000
   0.57143   0.00000   0.00000   6.00000
   0.61905   0.04762  -0.04762  24.00000
   0.66667   0.09524  -0.09524  24.00000
   0.71429   0.14286  -0.14286  24.00000
   0.76190   0.19048  -0.19048  24.00000
   0.80952   0.23810  -0.23810  24.00000
   0.85714   0.28571  -0.28571  24.00000
   0.90476   0.33333  -0.33333  24.00000
   0.95238   0.38095  -0.38095  24.00000
   1.00000   0.42857  -0.42857  12.00000
   0.66667   0.00000   0.00000   6.00000
   0.71429   0.04762  -0.04762  24.00000
   0.76190   0.09524  -0.09524  24.00000
   0.80952   0.14286  -0.14286  24.00000
   0.85714   0.19048  -0.19048  24.00000
   0.90476   0.23810  -0.23810  24.00000
   0.95238   0.28571  -0.28571  24.00000
   1.00000   0.33333  -0.33333  12.00000
   0.76190   0.00000   0.00000   6.00000
   0.80952   0.04762  -0.04762  24.00000
   0.85714   0.09524  -0.09524  24.00000
   0.90476   0.14286  -0.14286  24.00000
   0.95238   0.19048  -0.19048  24.00000
   1.00000   0.23810  -0.23810  12.00000
   0.85714   0.00000   0.00000   6.00000
   0.90476   0.04762  -0.04762  24.00000
   0.95238   0.09524  -0.09524  24.00000
   1.00000   0.14286  -0.14286  12.00000
   0.95238   0.00000   0.00000   6.00000
   1.00000   0.04762  -0.04762  12.00000
   0.19048   0.09524   0.00000  24.00000
   0.23810   0.14286  -0.04762  48.00000
   0.28571   0.19048  -0.09524  48.00000
   0.33333   0.23810  -0.14286  48.00000
   0.38095   0.28571  -0.19048  48.00000
   0.42857   0.33333  -0.23810  48.00000
   0.47619   0.38095  -0.28571  48.00000
   0.52381   0.42857  -0.33333  48.00000
   0.57143   0.47619  -0.38095  48.00000
   0.28571   0.09524   0.00000  24.00000
   0.33333   0.14286  -0.04762  48.00000
   0.38095   0.19048  -0.09524  48.00000
   0.42857   0.23810  -0.14286  48.00000
   0.47619   0.28571  -0.19048  48.00000
   0.52381   0.33333  -0.23810  48.00000
   0.57143   0.38095  -0.28571  48.00000
   0.61905   0.42857  -0.33333  48.00000
   0.66667   0.47619  -0.38095  48.00000
   0.71429   0.52381  -0.42857  48.00000
   0.76190   0.57143  -0.47619  48.00000
   0.80952   0.61905  -0.52381  48.00000
   0.85714   0.66667  -0.57143  48.00000
   0.90476   0.71429  -0.61905  48.00000
   0.95238   0.76190  -0.66667  48.00000
   1.00000   0.80952  -0.71429  24.00000
   0.38095   0.09524   0.00000  24.00000
   0.42857   0.14286  -0.04762  48.00000
   0.47619   0.19048  -0.09524  48.00000
   0.52381   0.23810  -0.14286  48.00000
   0.57143   0.28571  -0.19048  48.00000
   0.61905   0.33333  -0.23810  48.00000
   0.66667   0.38095  -0.28571  48.00000
   0.71429   0.42857  -0.33333  48.00000
   0.76190   0.47619  -0.38095  48.00000
   0.80952   0.52381  -0.42857  48.00000
   0.85714   0.57143  -0.47619  48.00000
   0.90476   0.61905  -0.52381  48.00000
   0.95238   0.66667  -0.57143  48.00000
   1.00000   0.71429  -0.61905  24.00000
   0.47619   0.09524   0.00000  24.00000
   0.52381   0.14286  -0.04762  48.00000
   0.57143   0.19048  -0.09524  48.00000
   0.61905   0.23810  -0.14286  48.00000
   0.66667   0.28571  -0.19048  48.00000
   0.71429   0.33333  -0.23810  48.00000
   0.76190   0.38095  -0.28571  48.00000
   0.80952   0.42857  -0.33333  48.00000
   0.85714   0.47619  -0.38095  48.00000
   0.90476   0.52381  -0.42857  48.00000
   0.95238   0.57143  -0.47619  48.00000
   1.00000   0.61905  -0.52381  24.00000
   0.57143   0.09524   0.00000  24.00000
   0.61905   0.14286  -0.04762  48.00000
   0.66667   0.19048  -0.09524  48.00000
   0.71429   0.23810  -0.14286  48.00000
   0.76190   0.28571  -0.19048  48.00000
   0.80952   0.33333  -0.23810  48.00000
   0.85714   0.38095  -0.28571  48.00000
   0.90476   0.42857  -0.33333  48.00000
   0.95238   0.47619  -0.38095  48.00000
   1.00000   0.52381  -0.42857  24.00000
   0.66667   0.09524   0.00000  24.00000
   0.71429   0.14286  -0.04762  48.00000
   0.76190   0.19048  -0.09524  48.00000
   0.80952   0.23810  -0.14286  48.00000
   0.85714   0.28571  -0.19048  48.00000
   0.90476   0.33333  -0.23810  48.00000
   0.95238   0.38095  -0.28571  48.00000
   1.00000   0.42857  -0.33333  24.00000
   0.76190   0.09524   0.00000  24.00000
   0.80952   0.14286  -0.04762  48.00000
   0.85714   0.19048  -0.09524  48.00000
   0.90476   0.23810  -0.14286  48.00000
   0.95238   0.28571  -0.19048  48.00000
   1.00000   0.33333  -0.23810  24.00000
   0.85714   0.09524   0.00000  24.00000
   0.90476   0.14286  -0.04762  48.00000
   0.95238   0.19048  -0.09524  48.00000
   1.00000   0.23810  -0.14286  24.00000
   0.95238   0.09524   0.00000  24.00000
   1.00000   0.14286  -0.04762  24.00000
   0.38095   0.19048   0.00000  24.00000
   0.42857   0.23810  -0.04762  48.00000
   0.47619   0.28571  -0.09524  48.00000
   0.52381   0.33333  -0.14286  48.00000
   0.57143   0.38095  -0.19048  48.00000
   0.61905   0.42857  -0.23810  48.00000
   0.66667   0.47619  -0.28571  48.00000
   0.47619   0.19048   0.00000  24.00000
   0.52381   0.23810  -0.04762  48.00000
   0.57143   0.28571  -0.09524  48.00000
   0.61905   0.33333  -0.14286  48.00000
   0.66667   0.38095  -0.19048  48.00000
   0.71429   0.42857  -0.23810  48.00000
   0.76190   0.47619  -0.28571  48.00000
   0.80952   0.52381  -0.33333  48.00000
   0.85714   0.57143  -0.38095  48.00000
   0.90476   0.61905  -0.42857  48.00000
   0.95238   0.66667  -0.47619  48.00000
   1.00000   0.71429  -0.52381  24.00000
   0.57143   0.19048   0.00000  24.00000
   0.61905   0.23810  -0.04762  48.00000
   0.66667   0.28571  -0.09524  48.00000
   0.71429   0.33333  -0.14286  48.00000
   0.76190   0.38095  -0.19048  48.00000
   0.80952   0.42857  -0.23810  48.00000
   0.85714   0.47619  -0.28571  48.00000
   0.90476   0.52381  -0.33333  48.00000
   0.95238   0.57143  -0.38095  48.00000
   1.00000   0.61905  -0.42857  24.00000
   0.66667   0.19048   0.00000  24.00000
   0.71429   0.23810  -0.04762  48.00000
   0.76190   0.28571  -0.09524  48.00000
   0.80952   0.33333  -0.14286  48.00000
   0.85714   0.38095  -0.19048  48.00000
   0.90476   0.42857  -0.23810  48.00000
   0.95238   0.47619  -0.28571  48.00000
   1.00000   0.52381  -0.33333  24.00000
   0.76190   0.19048   0.00000  24.00000
   0.80952   0.23810  -0.04762  48.00000
   0.85714   0.28571  -0.09524  48.00000
   0.90476   0.33333  -0.14286  48.00000
   0.95238   0.38095  -0.19048  48.00000
   1.00000   0.42857  -0.23810  24.00000
   0.85714   0.19048   0.00000  24.00000
   0.90476   0.23810  -0.04762  48.00000
   0.95238   0.28571  -0.09524  48.00000
   1.00000   0.33333  -0.14286  24.00000
   0.95238   0.19048   0.00000  24.00000
   1.00000   0.23810  -0.04762  24.00000
   0.57143   0.28571   0.00000  24.00000
   0.61905   0.33333  -0.04762  48.00000
   0.66667   0.38095  -0.09524  48.00000
   0.71429   0.42857  -0.14286  48.00000
   0.76190   0.47619  -0.19048  48.00000
   0.66667   0.28571   0.00000  24.00000
   0.71429   0.33333  -0.04762  48.00000
   0.76190   0.38095  -0.09524  48.00000
   0.80952   0.42857  -0.14286  48.00000
   0.85714   0.47619  -0.19048  48.00000
   0.90476   0.52381  -0.23810  48.00000
   0.95238   0.57143  -0.28571  48.00000
   1.00000   0.61905  -0.33333  24.00000
   0.76190   0.28571   0.00000  24.00000
   0.80952   0.33333  -0.04762  48.00000
   0.85714   0.38095  -0.09524  48.00000
   0.90476   0.42857  -0.14286  48.00000
   0.95238   0.47619  -0.19048  48.00000
   1.00000   0.52381  -0.23810  24.00000
   0.85714   0.28571   0.00000  24.00000
   0.90476   0.33333  -0.04762  48.00000
   0.95238   0.38095  -0.09524  48.00000
   1.00000   0.42857  -0.14286  24.00000
   0.95238   0.28571   0.00000  24.00000
   1.00000   0.33333  -0.04762  24.00000
   0.76190   0.38095   0.00000  24.00000
   0.80952   0.42857  -0.04762  48.00000
   0.85714   0.47619  -0.09524  48.00000
   0.85714   0.38095   0.00000  24.00000
   0.90476   0.42857  -0.04762  48.00000
   0.95238   0.47619  -0.09524  48.00000
   1.00000   0.52381  -0.14286  24.00000
   0.95238   0.38095   0.00000  24.00000
   1.00000   0.42857  -0.04762  24.00000
   0.95238   0.47619   0.00000  24.00000




                              --------------------------------------------------
                                 S T R U C T U R A L   I N F O R M A T I O N
                              --------------------------------------------------


   SUBSTANCE                    = cubic fcc  (delta)                                                              

   LATTICE                      = F   
   LATTICE CONSTANTS ARE        =    8.7124610   8.7124610   8.7124610
   NUMBER OF ATOMS IN UNITCELL  =   1
   MODE OF CALCULATION IS       = RELA
 IORD=          48
 FNAMES=
 ./delta_Pu_10.vectorso_1                                                       
                                                                                
                                           
 ./delta_Pu_10.vectorsodn_1                                                     
                                                                                
                                           
 delta_Pu_10.energyso_1                                                         
                                                                                
                                           
 delta_Pu_10.energysodn_1                                                       
                                                                                
                                           
  BR1,  BR2
   0.72117   0.00000   0.00000     -0.72117   0.72117   0.72117
   0.00000   0.72117   0.00000      0.72117  -0.72117   0.72117
   0.00000   0.00000   0.72117      0.72117   0.72117  -0.72117
 projector corrected--must be 1,2, or 3! Now projector= 2
 Energy window:   -0.4410 < E <      0.441
 Projected density of states calculation for  1 atoms
--------- atom  1 -------------
l=  3  qsplit=  4
 Symmetrization over eq. k-points is performed
 ********** Start Reading Cix file *************
  Correlated block number           1
  Correlated index=
  1  0  0  0  0  0  0  0  0  0  0  0  0  0
  0  1  0  0  0  0  0  0  0  0  0  0  0  0
  0  0  1  0  0  0  0  0  0  0  0  0  0  0
  0  0  0  1  0  0  0  0  0  0  0  0  0  0
  0  0  0  0  1  0  0  0  0  0  0  0  0  0
  0  0  0  0  0  1  0  0  0  0  0  0  0  0
  0  0  0  0  0  0  2  0  0  0  0  0  0  0
  0  0  0  0  0  0  0  2  0  0  0  0  0  0
  0  0  0  0  0  0  0  0  2  0  0  0  0  0
  0  0  0  0  0  0  0  0  0  2  0  0  0  0
  0  0  0  0  0  0  0  0  0  0  2  0  0  0
  0  0  0  0  0  0  0  0  0  0  0  2  0  0
  0  0  0  0  0  0  0  0  0  0  0  0  2  0
  0  0  0  0  0  0  0  0  0  0  0  0  0  2
  Real part of unitary matrix=
  0.9258  0.0000  0.0000  0.0000  0.0000  0.0000  0.0000  0.0000 -0.3780  0.0000  0.0000  0.0000  0.0000  0.0000
  0.0000  0.8452  0.0000  0.0000  0.0000  0.0000  0.0000  0.0000  0.0000 -0.5345  0.0000  0.0000  0.0000  0.0000
  0.0000  0.0000  0.7559  0.0000  0.0000  0.0000  0.0000  0.0000  0.0000  0.0000 -0.6547  0.0000  0.0000  0.0000
  0.0000  0.0000  0.0000  0.6547  0.0000  0.0000  0.0000  0.0000  0.0000  0.0000  0.0000 -0.7559  0.0000  0.0000
  0.0000  0.0000  0.0000  0.0000  0.5345  0.0000  0.0000  0.0000  0.0000  0.0000  0.0000  0.0000 -0.8452  0.0000
  0.0000  0.0000  0.0000  0.0000  0.0000  0.3780  0.0000  0.0000  0.0000  0.0000  0.0000  0.0000  0.0000 -0.9258
  0.0000  0.0000  0.0000  0.0000  0.0000  0.0000  0.0000  1.0000  0.0000  0.0000  0.0000  0.0000  0.0000  0.0000
  0.3780  0.0000  0.0000  0.0000  0.0000  0.0000  0.0000  0.0000  0.9258  0.0000  0.0000  0.0000  0.0000  0.0000
  0.0000  0.5345  0.0000  0.0000  0.0000  0.0000  0.0000  0.0000  0.0000  0.8452  0.0000  0.0000  0.0000  0.0000
  0.0000  0.0000  0.6547  0.0000  0.0000  0.0000  0.0000  0.0000  0.0000  0.0000  0.7559  0.0000  0.0000  0.0000
  0.0000  0.0000  0.0000  0.7559  0.0000  0.0000  0.0000  0.0000  0.0000  0.0000  0.0000  0.6547  0.0000  0.0000
  0.0000  0.0000  0.0000  0.0000  0.8452  0.0000  0.0000  0.0000  0.0000  0.0000  0.0000  0.0000  0.5345  0.0000
  0.0000  0.0000  0.0000  0.0000  0.0000  0.9258  0.0000  0.0000  0.0000  0.0000  0.0000  0.0000  0.0000  0.3780
  0.0000  0.0000  0.0000  0.0000  0.0000  0.0000  1.0000  0.0000  0.0000  0.0000  0.0000  0.0000  0.0000  0.0000
  Imaginary part of unitary matrix=
  0.0000  0.0000  0.0000  0.0000  0.0000  0.0000  0.0000  0.0000  0.0000  0.0000  0.0000  0.0000  0.0000  0.0000
  0.0000  0.0000  0.0000  0.0000  0.0000  0.0000  0.0000  0.0000  0.0000  0.0000  0.0000  0.0000  0.0000  0.0000
  0.0000  0.0000  0.0000  0.0000  0.0000  0.0000  0.0000  0.0000  0.0000  0.0000  0.0000  0.0000  0.0000  0.0000
  0.0000  0.0000  0.0000  0.0000  0.0000  0.0000  0.0000  0.0000  0.0000  0.0000  0.0000  0.0000  0.0000  0.0000
  0.0000  0.0000  0.0000  0.0000  0.0000  0.0000  0.0000  0.0000  0.0000  0.0000  0.0000  0.0000  0.0000  0.0000
  0.0000  0.0000  0.0000  0.0000  0.0000  0.0000  0.0000  0.0000  0.0000  0.0000  0.0000  0.0000  0.0000  0.0000
  0.0000  0.0000  0.0000  0.0000  0.0000  0.0000  0.0000  0.0000  0.0000  0.0000  0.0000  0.0000  0.0000  0.0000
  0.0000  0.0000  0.0000  0.0000  0.0000  0.0000  0.0000  0.0000  0.0000  0.0000  0.0000  0.0000  0.0000  0.0000
  0.0000  0.0000  0.0000  0.0000  0.0000  0.0000  0.0000  0.0000  0.0000  0.0000  0.0000  0.0000  0.0000  0.0000
  0.0000  0.0000  0.0000  0.0000  0.0000  0.0000  0.0000  0.0000  0.0000  0.0000  0.0000  0.0000  0.0000  0.0000
  0.0000  0.0000  0.0000  0.0000  0.0000  0.0000  0.0000  0.0000  0.0000  0.0000  0.0000  0.0000  0.0000  0.0000
  0.0000  0.0000  0.0000  0.0000  0.0000  0.0000  0.0000  0.0000  0.0000  0.0000  0.0000  0.0000  0.0000  0.0000
  0.0000  0.0000  0.0000  0.0000  0.0000  0.0000  0.0000  0.0000  0.0000  0.0000  0.0000  0.0000  0.0000  0.0000
  0.0000  0.0000  0.0000  0.0000  0.0000  0.0000  0.0000  0.0000  0.0000  0.0000  0.0000  0.0000  0.0000  0.0000
  At least one transformation matrix is not Identity
 Magnetic system with s-o coupling; M theta, phi:  0.0000  0.0000
 Inside ROTDEF
Operation  1 transforms atom   1 from first atom   1
Actual position of atom  1 is:  0.000000    0.000000    0.000000
 
Combined transformation (acting on k-point) for correlated atoms
including users rotation and internal local rotation
catom  1 atom   1
   0.72117   0.00000   0.00000
   0.00000  -0.72117   0.00000
   0.00000   0.00000  -0.72117
 
 
 SPIN COORD SYSTEM:
    1.000000    0.000000    0.000000
    0.000000    1.000000    0.000000
    0.000000    0.000000    1.000000
 
 in global cartezian coordinates:
    1.000000    0.000000    0.000000
    0.000000   -1.000000    0.000000
    0.000000    0.000000   -1.000000
 ____________________________
 in spin coordinates:
    1.000000    0.000000    0.000000
    0.000000   -1.000000    0.000000
    0.000000    0.000000   -1.000000
           1   3.14159265358979       -1.00000000000000     
 
 in global cartezian coordinates:
    1.000000    0.000000    0.000000
    0.000000    0.000000   -1.000000
    0.000000   -1.000000    0.000000
 ____________________________
 in spin coordinates:
    1.000000    0.000000    0.000000
    0.000000    0.000000   -1.000000
    0.000000   -1.000000    0.000000
           2   1.57079632679490       0.000000000000000E+000
 
 symm. operation            2  removed !!!! so-det=  0.000000000000000E+000
 in global cartezian coordinates:
   -1.000000    0.000000    0.000000
    0.000000   -1.000000    0.000000
    0.000000    0.000000   -1.000000
 ____________________________
 in spin coordinates:
   -1.000000    0.000000    0.000000
    0.000000   -1.000000    0.000000
    0.000000    0.000000   -1.000000
           3  0.000000000000000E+000   1.00000000000000     
 
 in global cartezian coordinates:
   -1.000000    0.000000    0.000000
    0.000000    0.000000   -1.000000
    0.000000   -1.000000    0.000000
 ____________________________
 in spin coordinates:
   -1.000000    0.000000    0.000000
    0.000000    0.000000   -1.000000
    0.000000   -1.000000    0.000000
           4   1.57079632679490       0.000000000000000E+000
 
 symm. operation            4  removed !!!! so-det=  0.000000000000000E+000
 in global cartezian coordinates:
    0.000000   -1.000000    0.000000
    1.000000    0.000000    0.000000
    0.000000    0.000000   -1.000000
 ____________________________
 in spin coordinates:
    0.000000   -1.000000    0.000000
    1.000000    0.000000    0.000000
    0.000000    0.000000   -1.000000
           5  -1.57079632679490        1.00000000000000     
 
 in global cartezian coordinates:
    0.000000   -1.000000    0.000000
    0.000000    0.000000   -1.000000
    1.000000    0.000000    0.000000
 ____________________________
 in spin coordinates:
    0.000000   -1.000000    0.000000
    0.000000    0.000000   -1.000000
    1.000000    0.000000    0.000000
           6 NaN                      0.000000000000000E+000
 
 symm. operation            6  removed !!!! so-det=  0.000000000000000E+000
 in global cartezian coordinates:
    0.000000    1.000000    0.000000
    1.000000    0.000000    0.000000
    0.000000    0.000000   -1.000000
 ____________________________
 in spin coordinates:
    0.000000    1.000000    0.000000
    1.000000    0.000000    0.000000
    0.000000    0.000000   -1.000000
           7   1.57079632679490       -1.00000000000000     
 
 in global cartezian coordinates:
    0.000000    1.000000    0.000000
    0.000000    0.000000   -1.000000
    1.000000    0.000000    0.000000
 ____________________________
 in spin coordinates:
    0.000000    1.000000    0.000000
    0.000000    0.000000   -1.000000
    1.000000    0.000000    0.000000
           8 NaN                      0.000000000000000E+000
 
 symm. operation            8  removed !!!! so-det=  0.000000000000000E+000
 in global cartezian coordinates:
    0.000000    0.000000   -1.000000
    1.000000    0.000000    0.000000
    0.000000   -1.000000    0.000000
 ____________________________
 in spin coordinates:
    0.000000    0.000000   -1.000000
    1.000000    0.000000    0.000000
    0.000000   -1.000000    0.000000
           9   1.57079632679490       0.000000000000000E+000
 
 symm. operation            9  removed !!!! so-det=  0.000000000000000E+000
 in global cartezian coordinates:
    0.000000    0.000000   -1.000000
    0.000000   -1.000000    0.000000
    1.000000    0.000000    0.000000
 ____________________________
 in spin coordinates:
    0.000000    0.000000   -1.000000
    0.000000   -1.000000    0.000000
    1.000000    0.000000    0.000000
          10   1.57079632679490       0.000000000000000E+000
 
 symm. operation           10  removed !!!! so-det=  0.000000000000000E+000
 in global cartezian coordinates:
    0.000000    0.000000    1.000000
    1.000000    0.000000    0.000000
    0.000000   -1.000000    0.000000
 ____________________________
 in spin coordinates:
    0.000000    0.000000    1.000000
    1.000000    0.000000    0.000000
    0.000000   -1.000000    0.000000
          11   1.57079632679490       0.000000000000000E+000
 
 symm. operation           11  removed !!!! so-det=  0.000000000000000E+000
 in global cartezian coordinates:
    0.000000    0.000000    1.000000
    0.000000   -1.000000    0.000000
    1.000000    0.000000    0.000000
 ____________________________
 in spin coordinates:
    0.000000    0.000000    1.000000
    0.000000   -1.000000    0.000000
    1.000000    0.000000    0.000000
          12   1.57079632679490       0.000000000000000E+000
 
 symm. operation           12  removed !!!! so-det=  0.000000000000000E+000
 in global cartezian coordinates:
    0.000000   -1.000000    0.000000
   -1.000000    0.000000    0.000000
    0.000000    0.000000   -1.000000
 ____________________________
 in spin coordinates:
    0.000000   -1.000000    0.000000
   -1.000000    0.000000    0.000000
    0.000000    0.000000   -1.000000
          13   4.71238898038469       -1.00000000000000     
 
 in global cartezian coordinates:
    0.000000    1.000000    0.000000
   -1.000000    0.000000    0.000000
    0.000000    0.000000   -1.000000
 ____________________________
 in spin coordinates:
    0.000000    1.000000    0.000000
   -1.000000    0.000000    0.000000
    0.000000    0.000000   -1.000000
          14   1.57079632679490        1.00000000000000     
 
 in global cartezian coordinates:
    0.000000   -1.000000    0.000000
    0.000000    0.000000   -1.000000
   -1.000000    0.000000    0.000000
 ____________________________
 in spin coordinates:
    0.000000   -1.000000    0.000000
    0.000000    0.000000   -1.000000
   -1.000000    0.000000    0.000000
          15 NaN                      0.000000000000000E+000
 
 symm. operation           15  removed !!!! so-det=  0.000000000000000E+000
 in global cartezian coordinates:
    0.000000    1.000000    0.000000
    0.000000    0.000000   -1.000000
   -1.000000    0.000000    0.000000
 ____________________________
 in spin coordinates:
    0.000000    1.000000    0.000000
    0.000000    0.000000   -1.000000
   -1.000000    0.000000    0.000000
          16 NaN                      0.000000000000000E+000
 
 symm. operation           16  removed !!!! so-det=  0.000000000000000E+000
 in global cartezian coordinates:
    1.000000    0.000000    0.000000
    0.000000    1.000000    0.000000
    0.000000    0.000000   -1.000000
 ____________________________
 in spin coordinates:
    1.000000    0.000000    0.000000
    0.000000    1.000000    0.000000
    0.000000    0.000000   -1.000000
          17   3.14159274101257        1.00000000000000     
 
 in global cartezian coordinates:
   -1.000000    0.000000    0.000000
    0.000000    1.000000    0.000000
    0.000000    0.000000   -1.000000
 ____________________________
 in spin coordinates:
   -1.000000    0.000000    0.000000
    0.000000    1.000000    0.000000
    0.000000    0.000000   -1.000000
          18   6.28318539460237       -1.00000000000000     
 
 in global cartezian coordinates:
    1.000000    0.000000    0.000000
    0.000000    0.000000   -1.000000
    0.000000    1.000000    0.000000
 ____________________________
 in spin coordinates:
    1.000000    0.000000    0.000000
    0.000000    0.000000   -1.000000
    0.000000    1.000000    0.000000
          19   1.57079632679490       0.000000000000000E+000
 
 symm. operation           19  removed !!!! so-det=  0.000000000000000E+000
 in global cartezian coordinates:
   -1.000000    0.000000    0.000000
    0.000000    0.000000   -1.000000
    0.000000    1.000000    0.000000
 ____________________________
 in spin coordinates:
   -1.000000    0.000000    0.000000
    0.000000    0.000000   -1.000000
    0.000000    1.000000    0.000000
          20   1.57079632679490       0.000000000000000E+000
 
 symm. operation           20  removed !!!! so-det=  0.000000000000000E+000
 in global cartezian coordinates:
    0.000000    0.000000   -1.000000
   -1.000000    0.000000    0.000000
    0.000000   -1.000000    0.000000
 ____________________________
 in spin coordinates:
    0.000000    0.000000   -1.000000
   -1.000000    0.000000    0.000000
    0.000000   -1.000000    0.000000
          21   1.57079632679490       0.000000000000000E+000
 
 symm. operation           21  removed !!!! so-det=  0.000000000000000E+000
 in global cartezian coordinates:
    0.000000    0.000000   -1.000000
    0.000000   -1.000000    0.000000
   -1.000000    0.000000    0.000000
 ____________________________
 in spin coordinates:
    0.000000    0.000000   -1.000000
    0.000000   -1.000000    0.000000
   -1.000000    0.000000    0.000000
          22   1.57079632679490       0.000000000000000E+000
 
 symm. operation           22  removed !!!! so-det=  0.000000000000000E+000
 in global cartezian coordinates:
    0.000000    0.000000    1.000000
   -1.000000    0.000000    0.000000
    0.000000   -1.000000    0.000000
 ____________________________
 in spin coordinates:
    0.000000    0.000000    1.000000
   -1.000000    0.000000    0.000000
    0.000000   -1.000000    0.000000
          23   1.57079632679490       0.000000000000000E+000
 
 symm. operation           23  removed !!!! so-det=  0.000000000000000E+000
 in global cartezian coordinates:
    0.000000    0.000000    1.000000
    0.000000   -1.000000    0.000000
   -1.000000    0.000000    0.000000
 ____________________________
 in spin coordinates:
    0.000000    0.000000    1.000000
    0.000000   -1.000000    0.000000
   -1.000000    0.000000    0.000000
          24   1.57079632679490       0.000000000000000E+000
 
 symm. operation           24  removed !!!! so-det=  0.000000000000000E+000
 in global cartezian coordinates:
    0.000000    0.000000   -1.000000
    0.000000    1.000000    0.000000
    1.000000    0.000000    0.000000
 ____________________________
 in spin coordinates:
    0.000000    0.000000   -1.000000
    0.000000    1.000000    0.000000
    1.000000    0.000000    0.000000
          25   1.57079632679490       0.000000000000000E+000
 
 symm. operation           25  removed !!!! so-det=  0.000000000000000E+000
 in global cartezian coordinates:
    0.000000    0.000000   -1.000000
    1.000000    0.000000    0.000000
    0.000000    1.000000    0.000000
 ____________________________
 in spin coordinates:
    0.000000    0.000000   -1.000000
    1.000000    0.000000    0.000000
    0.000000    1.000000    0.000000
          26   1.57079632679490       0.000000000000000E+000
 
 symm. operation           26  removed !!!! so-det=  0.000000000000000E+000
 in global cartezian coordinates:
    0.000000    0.000000    1.000000
    0.000000    1.000000    0.000000
    1.000000    0.000000    0.000000
 ____________________________
 in spin coordinates:
    0.000000    0.000000    1.000000
    0.000000    1.000000    0.000000
    1.000000    0.000000    0.000000
          27   1.57079632679490       0.000000000000000E+000
 
 symm. operation           27  removed !!!! so-det=  0.000000000000000E+000
 in global cartezian coordinates:
    0.000000    0.000000    1.000000
    1.000000    0.000000    0.000000
    0.000000    1.000000    0.000000
 ____________________________
 in spin coordinates:
    0.000000    0.000000    1.000000
    1.000000    0.000000    0.000000
    0.000000    1.000000    0.000000
          28   1.57079632679490       0.000000000000000E+000
 
 symm. operation           28  removed !!!! so-det=  0.000000000000000E+000
 in global cartezian coordinates:
    1.000000    0.000000    0.000000
    0.000000    0.000000    1.000000
    0.000000   -1.000000    0.000000
 ____________________________
 in spin coordinates:
    1.000000    0.000000    0.000000
    0.000000    0.000000    1.000000
    0.000000   -1.000000    0.000000
          29   1.57079632679490       0.000000000000000E+000
 
 symm. operation           29  removed !!!! so-det=  0.000000000000000E+000
 in global cartezian coordinates:
   -1.000000    0.000000    0.000000
    0.000000    0.000000    1.000000
    0.000000   -1.000000    0.000000
 ____________________________
 in spin coordinates:
   -1.000000    0.000000    0.000000
    0.000000    0.000000    1.000000
    0.000000   -1.000000    0.000000
          30   1.57079632679490       0.000000000000000E+000
 
 symm. operation           30  removed !!!! so-det=  0.000000000000000E+000
 in global cartezian coordinates:
    1.000000    0.000000    0.000000
    0.000000   -1.000000    0.000000
    0.000000    0.000000    1.000000
 ____________________________
 in spin coordinates:
    1.000000    0.000000    0.000000
    0.000000   -1.000000    0.000000
    0.000000    0.000000    1.000000
          31   6.28318539460237       -1.00000000000000     
 
 in global cartezian coordinates:
   -1.000000    0.000000    0.000000
    0.000000   -1.000000    0.000000
    0.000000    0.000000    1.000000
 ____________________________
 in spin coordinates:
   -1.000000    0.000000    0.000000
    0.000000   -1.000000    0.000000
    0.000000    0.000000    1.000000
          32   3.14159274101257        1.00000000000000     
 
 in global cartezian coordinates:
    0.000000   -1.000000    0.000000
    0.000000    0.000000    1.000000
    1.000000    0.000000    0.000000
 ____________________________
 in spin coordinates:
    0.000000   -1.000000    0.000000
    0.000000    0.000000    1.000000
    1.000000    0.000000    0.000000
          33 NaN                      0.000000000000000E+000
 
 symm. operation           33  removed !!!! so-det=  0.000000000000000E+000
 in global cartezian coordinates:
    0.000000    1.000000    0.000000
    0.000000    0.000000    1.000000
    1.000000    0.000000    0.000000
 ____________________________
 in spin coordinates:
    0.000000    1.000000    0.000000
    0.000000    0.000000    1.000000
    1.000000    0.000000    0.000000
          34 NaN                      0.000000000000000E+000
 
 symm. operation           34  removed !!!! so-det=  0.000000000000000E+000
 in global cartezian coordinates:
    0.000000   -1.000000    0.000000
    1.000000    0.000000    0.000000
    0.000000    0.000000    1.000000
 ____________________________
 in spin coordinates:
    0.000000   -1.000000    0.000000
    1.000000    0.000000    0.000000
    0.000000    0.000000    1.000000
          35   1.57079632679490        1.00000000000000     
 
 in global cartezian coordinates:
    0.000000    1.000000    0.000000
    1.000000    0.000000    0.000000
    0.000000    0.000000    1.000000
 ____________________________
 in spin coordinates:
    0.000000    1.000000    0.000000
    1.000000    0.000000    0.000000
    0.000000    0.000000    1.000000
          36   4.71238898038469       -1.00000000000000     
 
 in global cartezian coordinates:
    0.000000    0.000000   -1.000000
    0.000000    1.000000    0.000000
   -1.000000    0.000000    0.000000
 ____________________________
 in spin coordinates:
    0.000000    0.000000   -1.000000
    0.000000    1.000000    0.000000
   -1.000000    0.000000    0.000000
          37   1.57079632679490       0.000000000000000E+000
 
 symm. operation           37  removed !!!! so-det=  0.000000000000000E+000
 in global cartezian coordinates:
    0.000000    0.000000   -1.000000
   -1.000000    0.000000    0.000000
    0.000000    1.000000    0.000000
 ____________________________
 in spin coordinates:
    0.000000    0.000000   -1.000000
   -1.000000    0.000000    0.000000
    0.000000    1.000000    0.000000
          38   1.57079632679490       0.000000000000000E+000
 
 symm. operation           38  removed !!!! so-det=  0.000000000000000E+000
 in global cartezian coordinates:
    0.000000    0.000000    1.000000
    0.000000    1.000000    0.000000
   -1.000000    0.000000    0.000000
 ____________________________
 in spin coordinates:
    0.000000    0.000000    1.000000
    0.000000    1.000000    0.000000
   -1.000000    0.000000    0.000000
          39   1.57079632679490       0.000000000000000E+000
 
 symm. operation           39  removed !!!! so-det=  0.000000000000000E+000
 in global cartezian coordinates:
    0.000000    0.000000    1.000000
   -1.000000    0.000000    0.000000
    0.000000    1.000000    0.000000
 ____________________________
 in spin coordinates:
    0.000000    0.000000    1.000000
   -1.000000    0.000000    0.000000
    0.000000    1.000000    0.000000
          40   1.57079632679490       0.000000000000000E+000
 
 symm. operation           40  removed !!!! so-det=  0.000000000000000E+000
 in global cartezian coordinates:
    0.000000   -1.000000    0.000000
    0.000000    0.000000    1.000000
   -1.000000    0.000000    0.000000
 ____________________________
 in spin coordinates:
    0.000000   -1.000000    0.000000
    0.000000    0.000000    1.000000
   -1.000000    0.000000    0.000000
          41 NaN                      0.000000000000000E+000
 
 symm. operation           41  removed !!!! so-det=  0.000000000000000E+000
 in global cartezian coordinates:
    0.000000   -1.000000    0.000000
   -1.000000    0.000000    0.000000
    0.000000    0.000000    1.000000
 ____________________________
 in spin coordinates:
    0.000000   -1.000000    0.000000
   -1.000000    0.000000    0.000000
    0.000000    0.000000    1.000000
          42   1.57079632679490       -1.00000000000000     
 
 in global cartezian coordinates:
    0.000000    1.000000    0.000000
    0.000000    0.000000    1.000000
   -1.000000    0.000000    0.000000
 ____________________________
 in spin coordinates:
    0.000000    1.000000    0.000000
    0.000000    0.000000    1.000000
   -1.000000    0.000000    0.000000
          43 NaN                      0.000000000000000E+000
 
 symm. operation           43  removed !!!! so-det=  0.000000000000000E+000
 in global cartezian coordinates:
    0.000000    1.000000    0.000000
   -1.000000    0.000000    0.000000
    0.000000    0.000000    1.000000
 ____________________________
 in spin coordinates:
    0.000000    1.000000    0.000000
   -1.000000    0.000000    0.000000
    0.000000    0.000000    1.000000
          44  -1.57079632679490        1.00000000000000     
 
 in global cartezian coordinates:
    1.000000    0.000000    0.000000
    0.000000    0.000000    1.000000
    0.000000    1.000000    0.000000
 ____________________________
 in spin coordinates:
    1.000000    0.000000    0.000000
    0.000000    0.000000    1.000000
    0.000000    1.000000    0.000000
          45   1.57079632679490       0.000000000000000E+000
 
 symm. operation           45  removed !!!! so-det=  0.000000000000000E+000
 in global cartezian coordinates:
    1.000000    0.000000    0.000000
    0.000000    1.000000    0.000000
    0.000000    0.000000    1.000000
 ____________________________
 in spin coordinates:
    1.000000    0.000000    0.000000
    0.000000    1.000000    0.000000
    0.000000    0.000000    1.000000
          46  0.000000000000000E+000   1.00000000000000     
 
 in global cartezian coordinates:
   -1.000000    0.000000    0.000000
    0.000000    0.000000    1.000000
    0.000000    1.000000    0.000000
 ____________________________
 in spin coordinates:
   -1.000000    0.000000    0.000000
    0.000000    0.000000    1.000000
    0.000000    1.000000    0.000000
          47   1.57079632679490       0.000000000000000E+000
 
 symm. operation           47  removed !!!! so-det=  0.000000000000000E+000
 in global cartezian coordinates:
   -1.000000    0.000000    0.000000
    0.000000    1.000000    0.000000
    0.000000    0.000000    1.000000
 ____________________________
 in spin coordinates:
   -1.000000    0.000000    0.000000
    0.000000    1.000000    0.000000
    0.000000    0.000000    1.000000
          48   3.14159265358979       -1.00000000000000     
 
 Original and SO-compatible symops changed:          48          16
 FNAME=
 delta_Pu_10.energyso_1                                                         
                                                                                
                                                     60
 FNAME=
 delta_Pu_10.energysodn_1                                                       
                                                                                
                                                     59
 BZ-integration with TETRA-program.   icor=: 1
 Equal occupancy of degenerate states, tol=: 0.1E-05
 call eord...
 call dos...
 ILOOP            1
 ILOOP            2
   FERMI ENERGY AT    1.18182536886107     
 RESULT OF INTEGRATION:      15.999999999706; SHOULD BE:      15.999999999900
   SUM RULE OF TETRAHEDRON INTEGRATION CHECKED 
 call eweigh...
   number of occupied bands:          18
   highest energy:   1.18335807605655     
 FERMI-LDA=   1.182 Ryd,  16.080 eV.
 ABSOLUTE EMIN=   0.741 Ryd.  10.080 eV.
 ABSOLUTE EMAX=   1.623 Ryd.  22.080 eV.


:NLDA  : NUMBER OF ELECTRONS          =  16.000

:FLDA  : F E R M I - ENERGY           =   1.18183
 
 ********** Information about the atomic index arrays ************
 iatom=           1
 isort=           1
 csort=           1
 maxucase=           1
icase, iucase, jatom, latom=     1     1     1     1
 
 *****  Arrays for correlated blocks ******
 norbitals=           1
 maxdim2=          14
iorbital( 1, 1)=   1
cix( 1, 1)=   1
icase,lcase,icix,iorb,nind1,ip1,iSx=    1    1    1    1   14    1    1
icase,lcase,icix,iorb,nind1,ip1,iSx=    1    1    1    1   14    2    2
icase,lcase,icix,iorb,nind1,ip1,iSx=    1    1    1    1   14    3    3
icase,lcase,icix,iorb,nind1,ip1,iSx=    1    1    1    1   14    4    4
icase,lcase,icix,iorb,nind1,ip1,iSx=    1    1    1    1   14    5    5
icase,lcase,icix,iorb,nind1,ip1,iSx=    1    1    1    1   14    6    6
icase,lcase,icix,iorb,nind1,ip1,iSx=    1    1    1    1   14    7    7
icase,lcase,icix,iorb,nind1,ip1,iSx=    1    1    1    1   14    8    8
icase,lcase,icix,iorb,nind1,ip1,iSx=    1    1    1    1   14    9    9
icase,lcase,icix,iorb,nind1,ip1,iSx=    1    1    1    1   14   10   10
icase,lcase,icix,iorb,nind1,ip1,iSx=    1    1    1    1   14   11   11
icase,lcase,icix,iorb,nind1,ip1,iSx=    1    1    1    1   14   12   12
icase,lcase,icix,iorb,nind1,ip1,iSx=    1    1    1    1   14   13   13
icase,lcase,icix,iorb,nind1,ip1,iSx=    1    1    1    1   14   14   14
cixdim( 1)=14
noccur( 1, 1)=   6
noccur( 2, 1)=   8
iSx( 1, 1)=  1
iSx( 2, 1)=  2
iSx( 3, 1)=  3
iSx( 4, 1)=  4
iSx( 5, 1)=  5
iSx( 6, 1)=  6
iSx( 7, 1)=  7
iSx( 8, 1)=  8
iSx( 9, 1)=  9
iSx(10, 1)= 10
iSx(11, 1)= 11
iSx(12, 1)= 12
iSx(13, 1)= 13
iSx(14, 1)= 14
nindo( 1)= 14
CF for iorb1= 1 iorb2= 1
    0.92582010     0.00000000       0.00000000     0.00000000       0.00000000     0.00000000       0.00000000     0.00000000       0.00000000     0.00000000       0.00000000     0.00000000       0.00000000     0.00000000       0.00000000     0.00000000      -0.37796447     0.00000000       0.00000000     0.00000000       0.00000000     0.00000000       0.00000000     0.00000000       0.00000000     0.00000000       0.00000000     0.00000000   
    0.00000000     0.00000000       0.84515425     0.00000000       0.00000000     0.00000000       0.00000000     0.00000000       0.00000000     0.00000000       0.00000000     0.00000000       0.00000000     0.00000000       0.00000000     0.00000000       0.00000000     0.00000000      -0.53452248     0.00000000       0.00000000     0.00000000       0.00000000     0.00000000       0.00000000     0.00000000       0.00000000     0.00000000   
    0.00000000     0.00000000       0.00000000     0.00000000       0.75592895     0.00000000       0.00000000     0.00000000       0.00000000     0.00000000       0.00000000     0.00000000       0.00000000     0.00000000       0.00000000     0.00000000       0.00000000     0.00000000       0.00000000     0.00000000      -0.65465367     0.00000000       0.00000000     0.00000000       0.00000000     0.00000000       0.00000000     0.00000000   
    0.00000000     0.00000000       0.00000000     0.00000000       0.00000000     0.00000000       0.65465367     0.00000000       0.00000000     0.00000000       0.00000000     0.00000000       0.00000000     0.00000000       0.00000000     0.00000000       0.00000000     0.00000000       0.00000000     0.00000000       0.00000000     0.00000000      -0.75592895     0.00000000       0.00000000     0.00000000       0.00000000     0.00000000   
    0.00000000     0.00000000       0.00000000     0.00000000       0.00000000     0.00000000       0.00000000     0.00000000       0.53452248     0.00000000       0.00000000     0.00000000       0.00000000     0.00000000       0.00000000     0.00000000       0.00000000     0.00000000       0.00000000     0.00000000       0.00000000     0.00000000       0.00000000     0.00000000      -0.84515425     0.00000000       0.00000000     0.00000000   
    0.00000000     0.00000000       0.00000000     0.00000000       0.00000000     0.00000000       0.00000000     0.00000000       0.00000000     0.00000000       0.37796447     0.00000000       0.00000000     0.00000000       0.00000000     0.00000000       0.00000000     0.00000000       0.00000000     0.00000000       0.00000000     0.00000000       0.00000000     0.00000000       0.00000000     0.00000000      -0.92582010     0.00000000   
    0.00000000     0.00000000       0.00000000     0.00000000       0.00000000     0.00000000       0.00000000     0.00000000       0.00000000     0.00000000       0.00000000     0.00000000       0.00000000     0.00000000       1.00000000     0.00000000       0.00000000     0.00000000       0.00000000     0.00000000       0.00000000     0.00000000       0.00000000     0.00000000       0.00000000     0.00000000       0.00000000     0.00000000   
    0.37796447     0.00000000       0.00000000     0.00000000       0.00000000     0.00000000       0.00000000     0.00000000       0.00000000     0.00000000       0.00000000     0.00000000       0.00000000     0.00000000       0.00000000     0.00000000       0.92582010     0.00000000       0.00000000     0.00000000       0.00000000     0.00000000       0.00000000     0.00000000       0.00000000     0.00000000       0.00000000     0.00000000   
    0.00000000     0.00000000       0.53452248     0.00000000       0.00000000     0.00000000       0.00000000     0.00000000       0.00000000     0.00000000       0.00000000     0.00000000       0.00000000     0.00000000       0.00000000     0.00000000       0.00000000     0.00000000       0.84515425     0.00000000       0.00000000     0.00000000       0.00000000     0.00000000       0.00000000     0.00000000       0.00000000     0.00000000   
    0.00000000     0.00000000       0.00000000     0.00000000       0.65465367     0.00000000       0.00000000     0.00000000       0.00000000     0.00000000       0.00000000     0.00000000       0.00000000     0.00000000       0.00000000     0.00000000       0.00000000     0.00000000       0.00000000     0.00000000       0.75592895     0.00000000       0.00000000     0.00000000       0.00000000     0.00000000       0.00000000     0.00000000   
    0.00000000     0.00000000       0.00000000     0.00000000       0.00000000     0.00000000       0.75592895     0.00000000       0.00000000     0.00000000       0.00000000     0.00000000       0.00000000     0.00000000       0.00000000     0.00000000       0.00000000     0.00000000       0.00000000     0.00000000       0.00000000     0.00000000       0.65465367     0.00000000       0.00000000     0.00000000       0.00000000     0.00000000   
    0.00000000     0.00000000       0.00000000     0.00000000       0.00000000     0.00000000       0.00000000     0.00000000       0.84515425     0.00000000       0.00000000     0.00000000       0.00000000     0.00000000       0.00000000     0.00000000       0.00000000     0.00000000       0.00000000     0.00000000       0.00000000     0.00000000       0.00000000     0.00000000       0.53452248     0.00000000       0.00000000     0.00000000   
    0.00000000     0.00000000       0.00000000     0.00000000       0.00000000     0.00000000       0.00000000     0.00000000       0.00000000     0.00000000       0.92582010     0.00000000       0.00000000     0.00000000       0.00000000     0.00000000       0.00000000     0.00000000       0.00000000     0.00000000       0.00000000     0.00000000       0.00000000     0.00000000       0.00000000     0.00000000       0.37796447     0.00000000   
    0.00000000     0.00000000       0.00000000     0.00000000       0.00000000     0.00000000       0.00000000     0.00000000       0.00000000     0.00000000       0.00000000     0.00000000       1.00000000     0.00000000       0.00000000     0.00000000       0.00000000     0.00000000       0.00000000     0.00000000       0.00000000     0.00000000       0.00000000     0.00000000       0.00000000     0.00000000       0.00000000     0.00000000   
Rspin for iorb=  1
 angles=  0.000000000000000E+000   3.14159265358979       0.000000000000000E+000
  0.000000000000000E+000  0.000000000000000E+000  0.000000000000000E+000
 Rspin=
    0.000000    0.000000      0.000000    1.000000
    0.000000    1.000000      0.000000    0.000000
 Calculation for atom  1 which has iucase=  1
 ATPAR for spin up

          ATOMIC PARAMETERS FOR Pu  0+    

           ENERGY PARAMETERS ARE   0.94  -1.33   0.94   0.94

           L     U(R)          U'(R)         DU/DE        DU'/DE      NORM-U'
           0  0.550918E+00  0.814924E+00  0.112731E+00 -0.225922E+00
           1  0.537390E+00 -0.779882E-04 -0.144112E+00 -0.402559E+00
           2 -0.618006E+00  0.235625E-01  0.984565E-01  0.346343E+00
           3 -0.318071E+00  0.125034E+00  0.363092E+00  0.537605E+00
LO COEFFICIENT: l,A,B,C   0          0.65488    -3.20041     0.00000     0.00000
 
LO COEFFICIENT: l,A,B,C   0          0.32171     0.00000     0.77970     0.00000
 
LO COEFFICIENT: l,A,B,C   1          0.87939     3.27921     0.00000     0.00000
 
LO COEFFICIENT: l,A,B,C   1          0.27129     0.00000    -1.24083     0.00000
 
LO COEFFICIENT: l,A,B,C   2          0.85285     5.35328     0.00000     0.00000
 
LO COEFFICIENT: l,A,B,C   3          0.93979     0.82326     0.00000     0.00000
 
 ATPAR for spin down

          ATOMIC PARAMETERS FOR Pu  0+    

           ENERGY PARAMETERS ARE   0.94  -1.33   0.94   0.94

           L     U(R)          U'(R)         DU/DE        DU'/DE      NORM-U'
           0  0.550918E+00  0.814924E+00  0.112731E+00 -0.225922E+00
           1  0.537390E+00 -0.779882E-04 -0.144112E+00 -0.402559E+00
           2 -0.618006E+00  0.235625E-01  0.984565E-01  0.346343E+00
           3 -0.318071E+00  0.125034E+00  0.363092E+00  0.537605E+00
LO COEFFICIENT: l,A,B,C   0          0.65488    -3.20041     0.00000     0.00000
 
LO COEFFICIENT: l,A,B,C   0          0.32171     0.00000     0.77970     0.00000
 
LO COEFFICIENT: l,A,B,C   1          0.87939     3.27921     0.00000     0.00000
 
LO COEFFICIENT: l,A,B,C   1          0.27129     0.00000    -1.24083     0.00000
 
LO COEFFICIENT: l,A,B,C   2          0.85285     5.35328     0.00000     0.00000
 
LO COEFFICIENT: l,A,B,C   3          0.93979     0.82326     0.00000     0.00000
 
 L1=           0  L2=           0
 RADIAL INTEGRALS:
           1           1                 1           1   1.00000000000000     
           1           3                 1           1  0.575205202692857     
           1           1                 1           2   1.00000000000000     
           1           3                 1           2  0.575205202692857     
           1           1                 2           1   1.00000000000000     
           1           3                 2           1  0.575205202692857     
           1           1                 2           2   1.00000000000000     
           1           3                 2           2  0.575205202692857     
           2           2                 1           1  5.576057843912421E-002
           2           3                 1           1 -0.190898992840178     
           2           2                 1           2  5.576057843912421E-002
           2           3                 1           2 -0.190898992840178     
           2           2                 2           1  5.576057843912421E-002
           2           3                 2           1 -0.190898992840178     
           2           2                 2           2  5.576057843912421E-002
           2           3                 2           2 -0.190898992840178     
           3           1                 1           1  0.575205202692857     
           3           2                 1           1 -0.190898992840178     
           3           3                 1           1   1.00000000000000     
           3           1                 1           2  0.575205202692857     
           3           2                 1           2 -0.190898992840178     
           3           3                 1           2   1.00000000000000     
           3           1                 2           1  0.575205202692857     
           3           2                 2           1 -0.190898992840178     
           3           3                 2           1   1.00000000000000     
           3           1                 2           2  0.575205202692857     
           3           2                 2           2 -0.190898992840178     
           3           3                 2           2   1.00000000000000     
 L1=           1  L2=           1
 RADIAL INTEGRALS:
           1           1                 1           1   1.00000000000000     
           1           3                 1           1  0.910891070386619     
           1           1                 1           2   1.00000000000000     
           1           3                 1           2  0.910891070386619     
           1           1                 2           1   1.00000000000000     
           1           3                 2           1  0.910891070386619     
           1           1                 2           2   1.00000000000000     
           1           3                 2           2  0.910891070386619     
           2           2                 1           1  2.107994816891384E-002
           2           3                 1           1  5.974697930918934E-002
           2           2                 1           2  2.107994816891384E-002
           2           3                 1           2  5.974697930918934E-002
           2           2                 2           1  2.107994816891384E-002
           2           3                 2           1  5.974697930918934E-002
           2           2                 2           2  2.107994816891384E-002
           2           3                 2           2  5.974697930918934E-002
           3           1                 1           1  0.910891070386619     
           3           2                 1           1  5.974697930918934E-002
           3           3                 1           1   1.00000000000000     
           3           1                 1           2  0.910891070386619     
           3           2                 1           2  5.974697930918934E-002
           3           3                 1           2   1.00000000000000     
           3           1                 2           1  0.910891070386619     
           3           2                 2           1  5.974697930918934E-002
           3           3                 2           1   1.00000000000000     
           3           1                 2           2  0.910891070386619     
           3           2                 2           2  5.974697930918934E-002
           3           3                 2           2   1.00000000000000     
 L1=           2  L2=           2
 RADIAL INTEGRALS:
           1           1                 1           1   1.00000000000000     
           1           1                 1           2   1.00000000000000     
           1           1                 2           1   1.00000000000000     
           1           1                 2           2   1.00000000000000     
           2           2                 1           1  9.514081895364731E-003
           2           2                 1           2  9.514081895364731E-003
           2           2                 2           1  9.514081895364731E-003
           2           2                 2           2  9.514081895364731E-003
 L1=           3  L2=           3
 RADIAL INTEGRALS:
           1           1                 1           1   1.00000000000000     
           1           1                 1           2   1.00000000000000     
           1           1                 2           1   1.00000000000000     
           1           1                 2           2   1.00000000000000     
           2           2                 1           1  0.172324566353945     
           2           2                 1           2  0.172324566353945     
           2           2                 2           1  0.172324566353945     
           2           2                 2           2  0.172324566353945     
Saving potential parameters for atom 1 into  1
pr_proc=143  tot-k=286
 ------------------------------------------------------------------------------


   =====>>> CPU TIME SUMMARY

            TOTAL       :      1.1
 OMP_NUM_THREADS= 2
 GUTZ_SOLVER VO.1.5 BUILT ON Jan 19 2014 AT22:25:59
 NT=  1 SEC_N%DIM=   10 WITH ID:
           1       2      16     107     471    1472    3474    6477    9909   12912
       14914
 MEAN U/J:  0.2940  0.0265
 NEL_FIX_VDC1=      5.19
 ATOM DEPENDENT NELF1:
      5.1938
 DCMIX_A=  0.200000
 SYMMETRICALLY NON-EQUIVALENT ATOMS:
          1
 VARIATIONAL-SETUP-NON-EQUIVALENT ATOMS:
          1
 COMPLEMENTARY VARIATIONAL-SETUP-EQUIVALENT ATOMS:

 GYZ%SYM%IDSUM:
  1
 DIM(X_Gutz)=  4
 CALC SET: GAPJ-SHFT FULL       -JH-PROJ SLATER    VAR-FIXDC    Ryd.   
 NT= 1
 LOCAL INTERACTION PART   :
 U              :   0.2940
 J              :   0.0265
 FOCK SPACE PART:
 NA             :  7
 FS%OCC(1) L.B. :  0
 FS%OCC(2) U.B. :  9
 FS%DIM         :     14913
 HL%OCC(1) L.B. :  0
 HL%OCC(2) U.B. :  9
 ISO= 2 ISPIN_IN= 1 ISPIN= 1 ISPO= 2
 BND%NMAX=  74
 BZ INTEGRATION WITH TETRA METHOD, ICOR= 1
 EQUAL OCCUPANCY OF DEGENERATE STATES, TOL= 0.1E-05
 VALENCE ELECTRONS: TOTAL=    16.0
                    CORRELATED PART=     8.0
 SYM%IDI/IDF=  1 16
 BND%NMAXIN=   24
      GUTZ5_INI_CORR_UVEK takes  0 hours  0 minutes and    0.03 seconds (CPU).
                          takes  0 hours  0 minutes and    0.03 seconds (WALL).
                 SETUP_TB takes  0 hours  0 minutes and    1.29 seconds (CPU).
                          takes  0 hours  0 minutes and    0.84 seconds (WALL).
************  EL-  ************
 NI=  1 NI_GLOBAL=  1
   1.1837   1.1819   1.1824   1.1824   1.1819   1.1837   1.2650   1.2626   1.2611   1.2620   1.2620   1.2611   1.2626   1.2650
************  EL=  ************
 NI=  1 NI_GLOBAL=  1
   1.1837   0.0000   0.0000   0.0000   0.0005   0.0000   0.0000   0.0011   0.0000   0.0000   0.0000   0.0035   0.0000   0.0000
   0.0000   1.1819   0.0000   0.0000   0.0000   0.0005   0.0000   0.0000   0.0007   0.0000   0.0000   0.0000  -0.0030   0.0000
   0.0000   0.0000   1.1824   0.0000   0.0000   0.0000   0.0000   0.0000   0.0000  -0.0015   0.0000   0.0000   0.0000   0.0019
   0.0000   0.0000   0.0000   1.1824   0.0000   0.0000  -0.0019   0.0000   0.0000   0.0000   0.0015   0.0000   0.0000   0.0000
   0.0005   0.0000   0.0000   0.0000   1.1819   0.0000   0.0000   0.0030   0.0000   0.0000   0.0000  -0.0007   0.0000   0.0000
   0.0000   0.0005   0.0000   0.0000   0.0000   1.1837   0.0000   0.0000  -0.0035   0.0000   0.0000   0.0000  -0.0011   0.0000
   0.0000   0.0000   0.0000  -0.0019   0.0000   0.0000   1.2650   0.0000   0.0000   0.0000   0.0017   0.0000   0.0000   0.0000
   0.0011   0.0000   0.0000   0.0000   0.0030   0.0000   0.0000   1.2626   0.0000   0.0000   0.0000  -0.0003   0.0000   0.0000
   0.0000   0.0007   0.0000   0.0000   0.0000  -0.0035   0.0000   0.0000   1.2611   0.0000   0.0000   0.0000  -0.0003   0.0000
   0.0000   0.0000  -0.0015   0.0000   0.0000   0.0000   0.0000   0.0000   0.0000   1.2620   0.0000   0.0000   0.0000   0.0017
   0.0000   0.0000   0.0000   0.0015   0.0000   0.0000   0.0017   0.0000   0.0000   0.0000   1.2620   0.0000   0.0000   0.0000
   0.0035   0.0000   0.0000   0.0000  -0.0007   0.0000   0.0000  -0.0003   0.0000   0.0000   0.0000   1.2611   0.0000   0.0000
   0.0000  -0.0030   0.0000   0.0000   0.0000  -0.0011   0.0000   0.0000  -0.0003   0.0000   0.0000   0.0000   1.2626   0.0000
   0.0000   0.0000   0.0019   0.0000   0.0000   0.0000   0.0000   0.0000   0.0000   0.0017   0.0000   0.0000   0.0000   1.2650
 NI=  1 LOCAL ORBITAL LEVEL CENTER(ELC)=   1.228
************  EL0  ************
 NI=  1 NI_GLOBAL=  1
   1.1827   1.1827   1.1827   1.1827   1.1827   1.1827   1.2627   1.2627   1.2627   1.2627   1.2627   1.2627   1.2627   1.2627
************  ELL  ************
 NI=  1 NI_GLOBAL=  1
   1.1827   0.0000   0.0000   0.0000   0.0000   0.0000   0.0000   0.0000   0.0000   0.0000   0.0000   0.0000   0.0000   0.0000
   0.0000   1.1827   0.0000   0.0000   0.0000   0.0000   0.0000   0.0000   0.0000   0.0000   0.0000   0.0000   0.0000   0.0000
   0.0000   0.0000   1.1827   0.0000   0.0000   0.0000   0.0000   0.0000   0.0000   0.0000   0.0000   0.0000   0.0000   0.0000
   0.0000   0.0000   0.0000   1.1827   0.0000   0.0000   0.0000   0.0000   0.0000   0.0000   0.0000   0.0000   0.0000   0.0000
   0.0000   0.0000   0.0000   0.0000   1.1827   0.0000   0.0000   0.0000   0.0000   0.0000   0.0000   0.0000   0.0000   0.0000
   0.0000   0.0000   0.0000   0.0000   0.0000   1.1827   0.0000   0.0000   0.0000   0.0000   0.0000   0.0000   0.0000   0.0000
   0.0000   0.0000   0.0000   0.0000   0.0000   0.0000   1.2627   0.0000   0.0000   0.0000   0.0000   0.0000   0.0000   0.0000
   0.0000   0.0000   0.0000   0.0000   0.0000   0.0000   0.0000   1.2627   0.0000   0.0000   0.0000   0.0000   0.0000   0.0000
   0.0000   0.0000   0.0000   0.0000   0.0000   0.0000   0.0000   0.0000   1.2627   0.0000   0.0000   0.0000   0.0000   0.0000
   0.0000   0.0000   0.0000   0.0000   0.0000   0.0000   0.0000   0.0000   0.0000   1.2627   0.0000   0.0000   0.0000   0.0000
   0.0000   0.0000   0.0000   0.0000   0.0000   0.0000   0.0000   0.0000   0.0000   0.0000   1.2627   0.0000   0.0000   0.0000
   0.0000   0.0000   0.0000   0.0000   0.0000   0.0000   0.0000   0.0000   0.0000   0.0000   0.0000   1.2627   0.0000   0.0000
   0.0000   0.0000   0.0000   0.0000   0.0000   0.0000   0.0000   0.0000   0.0000   0.0000   0.0000   0.0000   1.2627   0.0000
   0.0000   0.0000   0.0000   0.0000   0.0000   0.0000   0.0000   0.0000   0.0000   0.0000   0.0000   0.0000   0.0000   1.2627
                  GET_EL0 takes  0 hours  0 minutes and    0.01 seconds (CPU).
                          takes  0 hours  0 minutes and    0.00 seconds (WALL).
 There are  4 blocks of bands, with band energy windows:
  -2.232  -2.204 |   -0.683  -0.603 |   -0.140   0.073 |    0.771   4.491 | 
 Band window indices:
         1      2 |          3      4 |          5      8 |          9     75 | 
 Band width
       0.028   |         0.080   |         0.213   |         3.719   |  
 Band gap
       1.521   |         0.463   |         0.699   |  
 CORRELATED BLOCK: EMIN/EMIX=    0.7715    1.6224
 CORRELATED BAND WIDTH=   0.851
         GUTZ_RED_PRJ_NEQ takes  0 hours  1 minutes and    3.25 seconds (CPU).
                          takes  0 hours  1 minutes and    3.11 seconds (WALL).
 NI=  1 DIM_PHIK=   41227 HL%DIM=  14913
       ID_PHIK_N=
      1      2      4     33    264   1639   6153  15546  27321  36714
  41228
       ID_PHIK_J=
      1      2      3      4      8      9     18     19     28     29
     33     37     73    122    171    220    245    254    263    264
    300    349    638    807   1168   1364   1533   1582   1631   1635
   1639   1739   2180   2964   3864   4705   5381   5781   6037   6118
   6143   6152   6153   6349   6710   8079   9448  11564  12933  14377
  14953  15353  15474  15538  15542  15546  15835  16796  18560  21060
  23176  24940  26165  26841  27165  27286  27311  27320  27321  27517
  27878  29247  30616  32732  34101  35545  36121  36521  36642  36706
  36710  36714  36814  37255  38039  38939  39780  40456  40856  41112
  41193  41218  41227  41228
          GUTZ_SET_PRJ_EQ takes  0 hours  0 minutes and    0.00 seconds (CPU).
                          takes  0 hours  0 minutes and    0.00 seconds (WALL).
************   WH%X  ************
    0.88676229    0.91050093
    1.13815140    1.30017838
************  RIN  ************
 NI=  1 NI_GLOBAL=  1
   0.8868   0.8868   0.8868   0.8868   0.8868   0.8868   0.9105   0.9105   0.9105   0.9105   0.9105   0.9105   0.9105   0.9105
************  LA1  ************
 NI=  1 NI_GLOBAL=  1
   1.1382   1.1382   1.1382   1.1382   1.1382   1.1382   1.3002   1.3002   1.3002   1.3002   1.3002   1.3002   1.3002   1.3002
             CALC_BAND_AL takes  0 hours  0 minutes and    0.58 seconds (CPU).
                          takes  0 hours  0 minutes and    0.28 seconds (WALL).
 ILOOP            1
 ILOOP            2
   FERMI ENERGY AT    1.14938081365980     
   SUM RULE OF TETRAHEDRON INTEGRATION CHECKED 
   number of occupied bands:          18
   highest energy:   1.16759447772275     
************  NK-  ************
 NI=  1 NI_GLOBAL=  1
   0.8141   0.7921   0.8496   0.8496   0.7921   0.8141   0.0399   0.0354   0.0337   0.0326   0.0326   0.0337   0.0354   0.0399
************  NNK  ************
 NI=  1 NI_GLOBAL=  1
   0.8141   0.0000   0.0000   0.0000  -0.0088   0.0000   0.0000   0.0039   0.0000   0.0000   0.0000  -0.0002   0.0000   0.0000
   0.0000   0.7921   0.0000   0.0000   0.0000  -0.0088   0.0000   0.0000  -0.0060   0.0000   0.0000   0.0000  -0.0050   0.0000
   0.0000   0.0000   0.8496   0.0000   0.0000   0.0000   0.0000   0.0000   0.0000   0.0229   0.0000   0.0000   0.0000  -0.0072
   0.0000   0.0000   0.0000   0.8496   0.0000   0.0000   0.0072   0.0000   0.0000   0.0000  -0.0229   0.0000   0.0000   0.0000
  -0.0088   0.0000   0.0000   0.0000   0.7921   0.0000   0.0000   0.0050   0.0000   0.0000   0.0000   0.0060   0.0000   0.0000
   0.0000  -0.0088   0.0000   0.0000   0.0000   0.8141   0.0000   0.0000   0.0002   0.0000   0.0000   0.0000  -0.0039   0.0000
   0.0000   0.0000   0.0000   0.0072   0.0000   0.0000   0.0399   0.0000   0.0000   0.0000  -0.0021   0.0000   0.0000   0.0000
   0.0039   0.0000   0.0000   0.0000   0.0050   0.0000   0.0000   0.0354   0.0000   0.0000   0.0000  -0.0045   0.0000   0.0000
   0.0000  -0.0060   0.0000   0.0000   0.0000   0.0002   0.0000   0.0000   0.0337   0.0000   0.0000   0.0000  -0.0045   0.0000
   0.0000   0.0000   0.0229   0.0000   0.0000   0.0000   0.0000   0.0000   0.0000   0.0326   0.0000   0.0000   0.0000  -0.0021
   0.0000   0.0000   0.0000  -0.0229   0.0000   0.0000  -0.0021   0.0000   0.0000   0.0000   0.0326   0.0000   0.0000   0.0000
  -0.0002   0.0000   0.0000   0.0000   0.0060   0.0000   0.0000  -0.0045   0.0000   0.0000   0.0000   0.0337   0.0000   0.0000
   0.0000  -0.0050   0.0000   0.0000   0.0000  -0.0039   0.0000   0.0000  -0.0045   0.0000   0.0000   0.0000   0.0354   0.0000
   0.0000   0.0000  -0.0072   0.0000   0.0000   0.0000   0.0000   0.0000   0.0000  -0.0021   0.0000   0.0000   0.0000   0.0399
************  NKS  ************
 NI=  1 NI_GLOBAL=  1
   0.8186   0.8186   0.8186   0.8186   0.8186   0.8186   0.0354   0.0354   0.0354   0.0354   0.0354   0.0354   0.0354   0.0354
 NELE_LOC TOTAL:
           5.1950094964671001
              CALC_DA_BND takes  0 hours  0 minutes and    0.09 seconds (CPU).
                          takes  0 hours  0 minutes and    0.09 seconds (WALL).
************  DA-  ************
 NI=  1 NI_GLOBAL=  1
  -0.0191  -0.0201  -0.0183  -0.0183  -0.0201  -0.0191  -0.0089  -0.0081  -0.0072  -0.0073  -0.0073  -0.0072  -0.0081  -0.0089
************  DAA  ************
 NI=  1 NI_GLOBAL=  1
  -0.0192  -0.0192  -0.0192  -0.0192  -0.0192  -0.0192  -0.0079  -0.0079  -0.0079  -0.0079  -0.0079  -0.0079  -0.0079  -0.0079
 NI=  1 VDC=    1.3245
************  LA2  ************
 NI=  1 NI_GLOBAL=  1
  -2.5355  -2.5355  -2.5355  -2.5355  -2.5355  -2.5355  -2.4301  -2.4301  -2.4301  -2.4301  -2.4301  -2.4301  -2.4301  -2.4301
 NI=  1 PHI-step gap=  0.14E+00
************  RAA  ************
 NI=  1 NI_GLOBAL=  1
   0.8867   0.8867   0.8867   0.8867   0.8867   0.8867   0.9105   0.9105   0.9105   0.9105   0.9105   0.9105   0.9105   0.9105
************  NC0  ************
 NI=  1 NI_GLOBAL=  1
   0.8187   0.8187   0.8187   0.8187   0.8187   0.8187   0.0354   0.0354   0.0354   0.0354   0.0354   0.0354   0.0354   0.0354
                  CALC_LC takes  0 hours  8 minutes and   32.80 seconds (CPU).
                          takes  0 hours  8 minutes and   32.80 seconds (WALL).
                GUTZ_FCN1 takes  0 hours  8 minutes and   33.53 seconds (CPU).
                          takes  0 hours  8 minutes and   33.23 seconds (WALL).
************  DIF_X  ************
   -0.000063121972    0.000023593700
    0.000040849270    0.000002026588
 ITER1=  1 MAXERR=    0.00006312
************   WH%X  ************
    0.88678626    0.91050849
    1.13812377    1.30016934
************  RIN  ************
 NI=  1 NI_GLOBAL=  1
   0.8868   0.8868   0.8868   0.8868   0.8868   0.8868   0.9105   0.9105   0.9105   0.9105   0.9105   0.9105   0.9105   0.9105
************  LA1  ************
 NI=  1 NI_GLOBAL=  1
   1.1381   1.1381   1.1381   1.1381   1.1381   1.1381   1.3002   1.3002   1.3002   1.3002   1.3002   1.3002   1.3002   1.3002
             CALC_BAND_AL takes  0 hours  0 minutes and    0.58 seconds (CPU).
                          takes  0 hours  0 minutes and    0.30 seconds (WALL).
 ILOOP            1
 ILOOP            2
   FERMI ENERGY AT    1.14936087581090     
   SUM RULE OF TETRAHEDRON INTEGRATION CHECKED 
   number of occupied bands:          18
   highest energy:   1.16758447416489     
************  NK-  ************
 NI=  1 NI_GLOBAL=  1
   0.8141   0.7922   0.8497   0.8497   0.7922   0.8141   0.0399   0.0354   0.0337   0.0326   0.0326   0.0337   0.0354   0.0399
************  NNK  ************
 NI=  1 NI_GLOBAL=  1
   0.8141   0.0000   0.0000   0.0000  -0.0088   0.0000   0.0000   0.0039   0.0000   0.0000   0.0000  -0.0002   0.0000   0.0000
   0.0000   0.7922   0.0000   0.0000   0.0000  -0.0088   0.0000   0.0000  -0.0060   0.0000   0.0000   0.0000  -0.0050   0.0000
   0.0000   0.0000   0.8497   0.0000   0.0000   0.0000   0.0000   0.0000   0.0000   0.0229   0.0000   0.0000   0.0000  -0.0072
   0.0000   0.0000   0.0000   0.8497   0.0000   0.0000   0.0072   0.0000   0.0000   0.0000  -0.0229   0.0000   0.0000   0.0000
  -0.0088   0.0000   0.0000   0.0000   0.7922   0.0000   0.0000   0.0050   0.0000   0.0000   0.0000   0.0060   0.0000   0.0000
   0.0000  -0.0088   0.0000   0.0000   0.0000   0.8141   0.0000   0.0000   0.0002   0.0000   0.0000   0.0000  -0.0039   0.0000
   0.0000   0.0000   0.0000   0.0072   0.0000   0.0000   0.0399   0.0000   0.0000   0.0000  -0.0021   0.0000   0.0000   0.0000
   0.0039   0.0000   0.0000   0.0000   0.0050   0.0000   0.0000   0.0354   0.0000   0.0000   0.0000  -0.0045   0.0000   0.0000
   0.0000  -0.0060   0.0000   0.0000   0.0000   0.0002   0.0000   0.0000   0.0337   0.0000   0.0000   0.0000  -0.0045   0.0000
   0.0000   0.0000   0.0229   0.0000   0.0000   0.0000   0.0000   0.0000   0.0000   0.0326   0.0000   0.0000   0.0000  -0.0021
   0.0000   0.0000   0.0000  -0.0229   0.0000   0.0000  -0.0021   0.0000   0.0000   0.0000   0.0326   0.0000   0.0000   0.0000
  -0.0002   0.0000   0.0000   0.0000   0.0060   0.0000   0.0000  -0.0045   0.0000   0.0000   0.0000   0.0337   0.0000   0.0000
   0.0000  -0.0050   0.0000   0.0000   0.0000  -0.0039   0.0000   0.0000  -0.0045   0.0000   0.0000   0.0000   0.0354   0.0000
   0.0000   0.0000  -0.0072   0.0000   0.0000   0.0000   0.0000   0.0000   0.0000  -0.0021   0.0000   0.0000   0.0000   0.0399
************  NKS  ************
 NI=  1 NI_GLOBAL=  1
   0.8187   0.8187   0.8187   0.8187   0.8187   0.8187   0.0354   0.0354   0.0354   0.0354   0.0354   0.0354   0.0354   0.0354
 NELE_LOC TOTAL:
           5.1952420055892308
              CALC_DA_BND takes  0 hours  0 minutes and    0.12 seconds (CPU).
                          takes  0 hours  0 minutes and    0.09 seconds (WALL).
************  DA-  ************
 NI=  1 NI_GLOBAL=  1
  -0.0191  -0.0201  -0.0183  -0.0183  -0.0201  -0.0191  -0.0089  -0.0081  -0.0072  -0.0073  -0.0073  -0.0072  -0.0081  -0.0089
************  DAA  ************
 NI=  1 NI_GLOBAL=  1
  -0.0192  -0.0192  -0.0192  -0.0192  -0.0192  -0.0192  -0.0079  -0.0079  -0.0079  -0.0079  -0.0079  -0.0079  -0.0079  -0.0079
 NI=  1 VDC=    1.3245
************  LA2  ************
 NI=  1 NI_GLOBAL=  1
  -2.5355  -2.5355  -2.5355  -2.5355  -2.5355  -2.5355  -2.4301  -2.4301  -2.4301  -2.4301  -2.4301  -2.4301  -2.4301  -2.4301
 NI=  1 PHI-step gap=  0.14E+00
************  RAA  ************
 NI=  1 NI_GLOBAL=  1
   0.8868   0.8868   0.8868   0.8868   0.8868   0.8868   0.9105   0.9105   0.9105   0.9105   0.9105   0.9105   0.9105   0.9105
************  NC0  ************
 NI=  1 NI_GLOBAL=  1
   0.8187   0.8187   0.8187   0.8187   0.8187   0.8187   0.0354   0.0354   0.0354   0.0354   0.0354   0.0354   0.0354   0.0354
                  CALC_LC takes  0 hours  8 minutes and   11.20 seconds (CPU).
                          takes  0 hours  8 minutes and   11.11 seconds (WALL).
                GUTZ_FCN1 takes  0 hours  8 minutes and   12.02 seconds (CPU).
                          takes  0 hours  8 minutes and   11.55 seconds (WALL).
************  DIF_X  ************
   -0.000001987553   -0.000000043872
    0.000000153776    0.000000200389
 ITER1=  2 MAXERR=    0.00000199
************   WH%X  ************
    0.88678442    0.91050571
    1.13812369    1.30016785
************  RIN  ************
 NI=  1 NI_GLOBAL=  1
   0.8868   0.8868   0.8868   0.8868   0.8868   0.8868   0.9105   0.9105   0.9105   0.9105   0.9105   0.9105   0.9105   0.9105
************  LA1  ************
 NI=  1 NI_GLOBAL=  1
   1.1381   1.1381   1.1381   1.1381   1.1381   1.1381   1.3002   1.3002   1.3002   1.3002   1.3002   1.3002   1.3002   1.3002
             CALC_BAND_AL takes  0 hours  0 minutes and    0.58 seconds (CPU).
                          takes  0 hours  0 minutes and    0.30 seconds (WALL).
 ILOOP            1
 ILOOP            2
   FERMI ENERGY AT    1.14936075574954     
   SUM RULE OF TETRAHEDRON INTEGRATION CHECKED 
   number of occupied bands:          18
   highest energy:   1.16758438555544     
************  NK-  ************
 NI=  1 NI_GLOBAL=  1
   0.8141   0.7922   0.8497   0.8497   0.7922   0.8141   0.0399   0.0354   0.0337   0.0326   0.0326   0.0337   0.0354   0.0399
************  NNK  ************
 NI=  1 NI_GLOBAL=  1
   0.8141   0.0000   0.0000   0.0000  -0.0088   0.0000   0.0000   0.0039   0.0000   0.0000   0.0000  -0.0002   0.0000   0.0000
   0.0000   0.7922   0.0000   0.0000   0.0000  -0.0088   0.0000   0.0000  -0.0060   0.0000   0.0000   0.0000  -0.0050   0.0000
   0.0000   0.0000   0.8497   0.0000   0.0000   0.0000   0.0000   0.0000   0.0000   0.0229   0.0000   0.0000   0.0000  -0.0072
   0.0000   0.0000   0.0000   0.8497   0.0000   0.0000   0.0072   0.0000   0.0000   0.0000  -0.0229   0.0000   0.0000   0.0000
  -0.0088   0.0000   0.0000   0.0000   0.7922   0.0000   0.0000   0.0050   0.0000   0.0000   0.0000   0.0060   0.0000   0.0000
   0.0000  -0.0088   0.0000   0.0000   0.0000   0.8141   0.0000   0.0000   0.0002   0.0000   0.0000   0.0000  -0.0039   0.0000
   0.0000   0.0000   0.0000   0.0072   0.0000   0.0000   0.0399   0.0000   0.0000   0.0000  -0.0021   0.0000   0.0000   0.0000
   0.0039   0.0000   0.0000   0.0000   0.0050   0.0000   0.0000   0.0354   0.0000   0.0000   0.0000  -0.0045   0.0000   0.0000
   0.0000  -0.0060   0.0000   0.0000   0.0000   0.0002   0.0000   0.0000   0.0337   0.0000   0.0000   0.0000  -0.0045   0.0000
   0.0000   0.0000   0.0229   0.0000   0.0000   0.0000   0.0000   0.0000   0.0000   0.0326   0.0000   0.0000   0.0000  -0.0021
   0.0000   0.0000   0.0000  -0.0229   0.0000   0.0000  -0.0021   0.0000   0.0000   0.0000   0.0326   0.0000   0.0000   0.0000
  -0.0002   0.0000   0.0000   0.0000   0.0060   0.0000   0.0000  -0.0045   0.0000   0.0000   0.0000   0.0337   0.0000   0.0000
   0.0000  -0.0050   0.0000   0.0000   0.0000  -0.0039   0.0000   0.0000  -0.0045   0.0000   0.0000   0.0000   0.0354   0.0000
   0.0000   0.0000  -0.0072   0.0000   0.0000   0.0000   0.0000   0.0000   0.0000  -0.0021   0.0000   0.0000   0.0000   0.0399
************  NKS  ************
 NI=  1 NI_GLOBAL=  1
   0.8187   0.8187   0.8187   0.8187   0.8187   0.8187   0.0354   0.0354   0.0354   0.0354   0.0354   0.0354   0.0354   0.0354
 NELE_LOC TOTAL:
           5.1952436751752540
              CALC_DA_BND takes  0 hours  0 minutes and    0.09 seconds (CPU).
                          takes  0 hours  0 minutes and    0.08 seconds (WALL).
************  DA-  ************
 NI=  1 NI_GLOBAL=  1
  -0.0191  -0.0201  -0.0183  -0.0183  -0.0201  -0.0191  -0.0089  -0.0081  -0.0072  -0.0073  -0.0073  -0.0072  -0.0081  -0.0089
************  DAA  ************
 NI=  1 NI_GLOBAL=  1
  -0.0192  -0.0192  -0.0192  -0.0192  -0.0192  -0.0192  -0.0079  -0.0079  -0.0079  -0.0079  -0.0079  -0.0079  -0.0079  -0.0079
 NI=  1 VDC=    1.3245
************  LA2  ************
 NI=  1 NI_GLOBAL=  1
  -2.5355  -2.5355  -2.5355  -2.5355  -2.5355  -2.5355  -2.4301  -2.4301  -2.4301  -2.4301  -2.4301  -2.4301  -2.4301  -2.4301
 NI=  1 PHI-step gap=  0.14E+00
************  RAA  ************
 NI=  1 NI_GLOBAL=  1
   0.8868   0.8868   0.8868   0.8868   0.8868   0.8868   0.9105   0.9105   0.9105   0.9105   0.9105   0.9105   0.9105   0.9105
************  NC0  ************
 NI=  1 NI_GLOBAL=  1
   0.8187   0.8187   0.8187   0.8187   0.8187   0.8187   0.0354   0.0354   0.0354   0.0354   0.0354   0.0354   0.0354   0.0354
                  CALC_LC takes  0 hours  7 minutes and   50.11 seconds (CPU).
                          takes  0 hours  7 minutes and   50.08 seconds (WALL).
                GUTZ_FCN1 takes  0 hours  7 minutes and   50.88 seconds (CPU).
                          takes  0 hours  7 minutes and   50.52 seconds (WALL).
************  DIF_X  ************
   -0.000000097221    0.000000007760
    0.000000019839   -0.000000008421
 ITER1=  3 MAXERR=    0.00000010
************   WH%X  ************
    0.88678437    0.91050583
    1.13812369    1.30016790
************  RIN  ************
 NI=  1 NI_GLOBAL=  1
   0.8868   0.8868   0.8868   0.8868   0.8868   0.8868   0.9105   0.9105   0.9105   0.9105   0.9105   0.9105   0.9105   0.9105
************  LA1  ************
 NI=  1 NI_GLOBAL=  1
   1.1381   1.1381   1.1381   1.1381   1.1381   1.1381   1.3002   1.3002   1.3002   1.3002   1.3002   1.3002   1.3002   1.3002
             CALC_BAND_AL takes  0 hours  0 minutes and    0.57 seconds (CPU).
                          takes  0 hours  0 minutes and    0.30 seconds (WALL).
 ILOOP            1
 ILOOP            2
   FERMI ENERGY AT    1.14936075177200     
   SUM RULE OF TETRAHEDRON INTEGRATION CHECKED 
   number of occupied bands:          18
   highest energy:   1.16758438258755     
************  NK-  ************
 NI=  1 NI_GLOBAL=  1
   0.8141   0.7922   0.8497   0.8497   0.7922   0.8141   0.0399   0.0354   0.0337   0.0326   0.0326   0.0337   0.0354   0.0399
************  NNK  ************
 NI=  1 NI_GLOBAL=  1
   0.8141   0.0000   0.0000   0.0000  -0.0088   0.0000   0.0000   0.0039   0.0000   0.0000   0.0000  -0.0002   0.0000   0.0000
   0.0000   0.7922   0.0000   0.0000   0.0000  -0.0088   0.0000   0.0000  -0.0060   0.0000   0.0000   0.0000  -0.0050   0.0000
   0.0000   0.0000   0.8497   0.0000   0.0000   0.0000   0.0000   0.0000   0.0000   0.0229   0.0000   0.0000   0.0000  -0.0072
   0.0000   0.0000   0.0000   0.8497   0.0000   0.0000   0.0072   0.0000   0.0000   0.0000  -0.0229   0.0000   0.0000   0.0000
  -0.0088   0.0000   0.0000   0.0000   0.7922   0.0000   0.0000   0.0050   0.0000   0.0000   0.0000   0.0060   0.0000   0.0000
   0.0000  -0.0088   0.0000   0.0000   0.0000   0.8141   0.0000   0.0000   0.0002   0.0000   0.0000   0.0000  -0.0039   0.0000
   0.0000   0.0000   0.0000   0.0072   0.0000   0.0000   0.0399   0.0000   0.0000   0.0000  -0.0021   0.0000   0.0000   0.0000
   0.0039   0.0000   0.0000   0.0000   0.0050   0.0000   0.0000   0.0354   0.0000   0.0000   0.0000  -0.0045   0.0000   0.0000
   0.0000  -0.0060   0.0000   0.0000   0.0000   0.0002   0.0000   0.0000   0.0337   0.0000   0.0000   0.0000  -0.0045   0.0000
   0.0000   0.0000   0.0229   0.0000   0.0000   0.0000   0.0000   0.0000   0.0000   0.0326   0.0000   0.0000   0.0000  -0.0021
   0.0000   0.0000   0.0000  -0.0229   0.0000   0.0000  -0.0021   0.0000   0.0000   0.0000   0.0326   0.0000   0.0000   0.0000
  -0.0002   0.0000   0.0000   0.0000   0.0060   0.0000   0.0000  -0.0045   0.0000   0.0000   0.0000   0.0337   0.0000   0.0000
   0.0000  -0.0050   0.0000   0.0000   0.0000  -0.0039   0.0000   0.0000  -0.0045   0.0000   0.0000   0.0000   0.0354   0.0000
   0.0000   0.0000  -0.0072   0.0000   0.0000   0.0000   0.0000   0.0000   0.0000  -0.0021   0.0000   0.0000   0.0000   0.0399
************  NKS  ************
 NI=  1 NI_GLOBAL=  1
   0.8187   0.8187   0.8187   0.8187   0.8187   0.8187   0.0354   0.0354   0.0354   0.0354   0.0354   0.0354   0.0354   0.0354
 NELE_LOC TOTAL:
           5.1952437192161005
              CALC_DA_BND takes  0 hours  0 minutes and    0.09 seconds (CPU).
                          takes  0 hours  0 minutes and    0.09 seconds (WALL).
************  DA-  ************
 NI=  1 NI_GLOBAL=  1
  -0.0191  -0.0201  -0.0183  -0.0183  -0.0201  -0.0191  -0.0089  -0.0081  -0.0072  -0.0073  -0.0073  -0.0072  -0.0081  -0.0089
************  DAA  ************
 NI=  1 NI_GLOBAL=  1
  -0.0192  -0.0192  -0.0192  -0.0192  -0.0192  -0.0192  -0.0079  -0.0079  -0.0079  -0.0079  -0.0079  -0.0079  -0.0079  -0.0079
 NI=  1 VDC=    1.3245
************  LA2  ************
 NI=  1 NI_GLOBAL=  1
  -2.5355  -2.5355  -2.5355  -2.5355  -2.5355  -2.5355  -2.4301  -2.4301  -2.4301  -2.4301  -2.4301  -2.4301  -2.4301  -2.4301
 NI=  1 PHI-step gap=  0.14E+00
************  RAA  ************
 NI=  1 NI_GLOBAL=  1
   0.8868   0.8868   0.8868   0.8868   0.8868   0.8868   0.9105   0.9105   0.9105   0.9105   0.9105   0.9105   0.9105   0.9105
************  NC0  ************
 NI=  1 NI_GLOBAL=  1
   0.8187   0.8187   0.8187   0.8187   0.8187   0.8187   0.0354   0.0354   0.0354   0.0354   0.0354   0.0354   0.0354   0.0354
                  CALC_LC takes  0 hours  7 minutes and   33.86 seconds (CPU).
                          takes  0 hours  7 minutes and   33.86 seconds (WALL).
                GUTZ_FCN1 takes  0 hours  7 minutes and   34.58 seconds (CPU).
                          takes  0 hours  7 minutes and   34.31 seconds (WALL).
************  DIF_X  ************
   -0.000000002878   -0.000000000883
    0.000000000077    0.000000000612
 ITER1=  4 MAXERR=    0.00000000
 NFJAC=   0
 SOLVE1 FINISHED WITH       4 ITERATIONS.
               GUTZ_SOLVE takes  0 hours 32 minutes and   11.01 seconds (CPU).
                          takes  0 hours 32 minutes and    9.61 seconds (WALL).
 MAX. NELF1 DIFF=    0.00146469
               CALC_PJRHO takes  0 hours  0 minutes and    0.46 seconds (CPU).
                          takes  0 hours  0 minutes and    0.39 seconds (WALL).
 NI=  1 SUM_PHY-SUM_KS=      0.00000001 WOULD BE RENORMALIZED
************  NC1  ************
 NI=  1 NI_GLOBAL=  1
   0.8039   0.8039   0.8039   0.8039   0.8039   0.8039   0.0465   0.0465   0.0465   0.0465   0.0465   0.0465   0.0465   0.0465
               CALC_NCPHY takes  0 hours  0 minutes and   49.67 seconds (CPU).
                          takes  0 hours  0 minutes and   49.55 seconds (WALL).
 GYZ%PJ%EGAMM:
     9.22886
 ENG%GAMM:     9.22886
 ENG%POT2:     3.05494
 EDCLA1(NI) ARRAY:
    -5.959
 EDCUJ(NI) ARRAY:
    -3.094
 EDCUJV(NI) ARRAY:
    -6.881
 EDC(NI) ARRAY:
    -9.053
 ENG%DBLC:    -9.05277
 ENG%DC1 :    -5.95873
 ENG%DC2 :    -3.09404
 ENG%DC2V:    -6.88091
 DC_E_STD_TO_E_V:    -3.78686
 ENG%BAND:     2.72987
 ENG%DL(DEEP LEVEL):    -5.97541
 ENG%TB=     2.90596
 ENG%TB-DC2=     6.00000
 NI=  1 OCC_CONFIG_WEIGHT:
        OCC= 0 WEIGHT=   0.00000
        OCC= 1 WEIGHT=   0.00000
        OCC= 2 WEIGHT=   0.00007
        OCC= 3 WEIGHT=   0.00565
        OCC= 4 WEIGHT=   0.12536
        OCC= 5 WEIGHT=   0.55728
        OCC= 6 WEIGHT=   0.29156
        OCC= 7 WEIGHT=   0.01969
        OCC= 8 WEIGHT=   0.00039
        OCC= 9 WEIGHT=   0.00000
                 CALC_RCW takes  0 hours  0 minutes and    0.00 seconds (CPU).
                          takes  0 hours  0 minutes and    0.00 seconds (WALL).
 NI=  1 J2=   12.8410
                 CALC_SLJ takes  0 hours  0 minutes and    0.00 seconds (CPU).
                          takes  0 hours  0 minutes and    0.00 seconds (WALL).
 NI=  1 ENTANGLEMENT ENTROPY=      3.8864
           CALC_ENTANGLES takes  0 hours  0 minutes and    1.07 seconds (CPU).
                          takes  0 hours  0 minutes and    0.92 seconds (WALL).
 CORRELATED SUBSPACE, SUM_FERWT=      8.0000000 SUM_KSWT=      8.0000000
 MAX OFF DIAGONAL KS.WT=    0.001939
 MAX/MIN R=    0.910506    0.886784
                CALC_KSWT takes  0 hours  0 minutes and    0.02 seconds (CPU).
                          takes  0 hours  0 minutes and    0.00 seconds (WALL).
                    TOTAL takes  0 hours 34 minutes and    7.26 seconds (CPU).
                          takes  0 hours 34 minutes and    4.84 seconds (WALL).
