******Program DMFT: Computes Gloc and Delta for Dynamical Mean Field Theory calculation ******
 CALCULATION WITH COMPLEX VECTORS
 CALCULATION WITH SOC VECTORS REQUIRED
 Running DMFT in mpi mode
  
 numkpt=         726
   0.00000   0.00000   0.00000   1.00000
   0.04762   0.04762   0.00000   4.00000
   0.09524   0.09524   0.00000   4.00000
   0.14286   0.14286   0.00000   4.00000
   0.19048   0.19048   0.00000   4.00000
   0.23810   0.23810   0.00000   4.00000
   0.28571   0.28571   0.00000   4.00000
   0.33333   0.33333   0.00000   4.00000
   0.38095   0.38095   0.00000   4.00000
   0.42857   0.42857   0.00000   4.00000
   0.47619   0.47619   0.00000   4.00000
   0.04762   0.00000   0.04762   8.00000
   0.09524   0.04762   0.04762  16.00000
   0.14286   0.09524   0.04762  16.00000
   0.19048   0.14286   0.04762  16.00000
   0.23810   0.19048   0.04762  16.00000
   0.28571   0.23810   0.04762  16.00000
   0.33333   0.28571   0.04762  16.00000
   0.38095   0.33333   0.04762  16.00000
   0.42857   0.38095   0.04762  16.00000
   0.47619   0.42857   0.04762  16.00000
   0.52381   0.47619   0.04762   8.00000
   0.09524   0.00000   0.09524   8.00000
   0.14286   0.04762   0.09524  16.00000
   0.19048   0.09524   0.09524  16.00000
   0.23810   0.14286   0.09524  16.00000
   0.28571   0.19048   0.09524  16.00000
   0.33333   0.23810   0.09524  16.00000
   0.38095   0.28571   0.09524  16.00000
   0.42857   0.33333   0.09524  16.00000
   0.47619   0.38095   0.09524  16.00000
   0.52381   0.42857   0.09524  16.00000
   1.04762   0.95238   0.09524   8.00000
   0.14286   0.00000   0.14286   8.00000
   0.19048   0.04762   0.14286  16.00000
   0.23810   0.09524   0.14286  16.00000
   0.28571   0.14286   0.14286  16.00000
   0.33333   0.19048   0.14286  16.00000
   0.38095   0.23810   0.14286  16.00000
   0.42857   0.28571   0.14286  16.00000
   0.47619   0.33333   0.14286  16.00000
   0.52381   0.38095   0.14286  16.00000
   0.57143   0.42857   0.14286   8.00000
   1.04762   0.90476   0.14286  16.00000
   0.19048   0.00000   0.19048   8.00000
   0.23810   0.04762   0.19048  16.00000
   0.28571   0.09524   0.19048  16.00000
   0.33333   0.14286   0.19048  16.00000
   0.38095   0.19048   0.19048  16.00000
   0.42857   0.23810   0.19048  16.00000
   0.47619   0.28571   0.19048  16.00000
   0.52381   0.33333   0.19048  16.00000
   0.57143   0.38095   0.19048  16.00000
   1.04762   0.85714   0.19048  16.00000
   1.09524   0.90476   0.19048   8.00000
   0.23810   0.00000   0.23810   8.00000
   0.28571   0.04762   0.23810  16.00000
   0.33333   0.09524   0.23810  16.00000
   0.38095   0.14286   0.23810  16.00000
   0.42857   0.19048   0.23810  16.00000
   0.47619   0.23810   0.23810  16.00000
   0.52381   0.28571   0.23810  16.00000
   0.57143   0.33333   0.23810  16.00000
   0.61905   0.38095   0.23810   8.00000
   1.04762   0.80952   0.23810  16.00000
   1.09524   0.85714   0.23810  16.00000
   0.28571   0.00000   0.28571   8.00000
   0.33333   0.04762   0.28571  16.00000
   0.38095   0.09524   0.28571  16.00000
   0.42857   0.14286   0.28571  16.00000
   0.47619   0.19048   0.28571  16.00000
   0.52381   0.23810   0.28571  16.00000
   0.57143   0.28571   0.28571  16.00000
   0.61905   0.33333   0.28571  16.00000
   1.04762   0.76190   0.28571  16.00000
   1.09524   0.80952   0.28571  16.00000
   1.14286   0.85714   0.28571   8.00000
   0.33333   0.00000   0.33333   8.00000
   0.38095   0.04762   0.33333  16.00000
   0.42857   0.09524   0.33333  16.00000
   0.47619   0.14286   0.33333  16.00000
   0.52381   0.19048   0.33333  16.00000
   0.57143   0.23810   0.33333  16.00000
   0.61905   0.28571   0.33333  16.00000
   0.66667   0.33333   0.33333   8.00000
   1.04762   0.71429   0.33333  16.00000
   1.09524   0.76190   0.33333  16.00000
   1.14286   0.80952   0.33333  16.00000
   0.38095   0.00000   0.38095   8.00000
   0.42857   0.04762   0.38095  16.00000
   0.47619   0.09524   0.38095  16.00000
   0.52381   0.14286   0.38095  16.00000
   0.57143   0.19048   0.38095  16.00000
   0.61905   0.23810   0.38095  16.00000
   0.66667   0.28571   0.38095  16.00000
   1.04762   0.66667   0.38095  16.00000
   1.09524   0.71429   0.38095  16.00000
   1.14286   0.76190   0.38095  16.00000
   1.19048   0.80952   0.38095   8.00000
   0.42857   0.00000   0.42857   8.00000
   0.47619   0.04762   0.42857  16.00000
   0.52381   0.09524   0.42857  16.00000
   0.57143   0.14286   0.42857  16.00000
   0.61905   0.19048   0.42857  16.00000
   0.66667   0.23810   0.42857  16.00000
   0.71429   0.28571   0.42857   8.00000
   1.04762   0.61905   0.42857  16.00000
   1.09524   0.66667   0.42857  16.00000
   1.14286   0.71429   0.42857  16.00000
   1.19048   0.76190   0.42857  16.00000
   0.47619   0.00000   0.47619   8.00000
   0.52381   0.04762   0.47619  16.00000
   0.57143   0.09524   0.47619  16.00000
   0.61905   0.14286   0.47619  16.00000
   0.66667   0.19048   0.47619  16.00000
   0.71429   0.23810   0.47619  16.00000
   1.04762   0.57143   0.47619  16.00000
   1.09524   0.61905   0.47619  16.00000
   1.14286   0.66667   0.47619  16.00000
   1.19048   0.71429   0.47619  16.00000
   1.23810   0.76190   0.47619   8.00000
   0.09524   0.09524   0.09524   8.00000
   0.14286   0.14286   0.09524   8.00000
   0.19048   0.19048   0.09524   8.00000
   0.23810   0.23810   0.09524   8.00000
   0.28571   0.28571   0.09524   8.00000
   0.33333   0.33333   0.09524   8.00000
   0.38095   0.38095   0.09524   8.00000
   0.42857   0.42857   0.09524   8.00000
   0.47619   0.47619   0.09524   8.00000
   1.00000   1.00000   0.09524   2.00000
   0.14286   0.09524   0.14286  16.00000
   0.19048   0.14286   0.14286  16.00000
   0.23810   0.19048   0.14286  16.00000
   0.28571   0.23810   0.14286  16.00000
   0.33333   0.28571   0.14286  16.00000
   0.38095   0.33333   0.14286  16.00000
   0.42857   0.38095   0.14286  16.00000
   0.47619   0.42857   0.14286  16.00000
   0.52381   0.47619   0.14286   8.00000
   1.00000   0.95238   0.14286   8.00000
   0.19048   0.09524   0.19048  16.00000
   0.23810   0.14286   0.19048  16.00000
   0.28571   0.19048   0.19048  16.00000
   0.33333   0.23810   0.19048  16.00000
   0.38095   0.28571   0.19048  16.00000
   0.42857   0.33333   0.19048  16.00000
   0.47619   0.38095   0.19048  16.00000
   0.52381   0.42857   0.19048  16.00000
   1.00000   0.90476   0.19048   8.00000
   1.04762   0.95238   0.19048   8.00000
   0.23810   0.09524   0.23810  16.00000
   0.28571   0.14286   0.23810  16.00000
   0.33333   0.19048   0.23810  16.00000
   0.38095   0.23810   0.23810  16.00000
   0.42857   0.28571   0.23810  16.00000
   0.47619   0.33333   0.23810  16.00000
   0.52381   0.38095   0.23810  16.00000
   0.57143   0.42857   0.23810   8.00000
   1.00000   0.85714   0.23810   8.00000
   1.04762   0.90476   0.23810  16.00000
   0.28571   0.09524   0.28571  16.00000
   0.33333   0.14286   0.28571  16.00000
   0.38095   0.19048   0.28571  16.00000
   0.42857   0.23810   0.28571  16.00000
   0.47619   0.28571   0.28571  16.00000
   0.52381   0.33333   0.28571  16.00000
   0.57143   0.38095   0.28571  16.00000
   1.00000   0.80952   0.28571   8.00000
   1.04762   0.85714   0.28571  16.00000
   1.09524   0.90476   0.28571   8.00000
   0.33333   0.09524   0.33333  16.00000
   0.38095   0.14286   0.33333  16.00000
   0.42857   0.19048   0.33333  16.00000
   0.47619   0.23810   0.33333  16.00000
   0.52381   0.28571   0.33333  16.00000
   0.57143   0.33333   0.33333  16.00000
   0.61905   0.38095   0.33333   8.00000
   1.00000   0.76190   0.33333   8.00000
   1.04762   0.80952   0.33333  16.00000
   1.09524   0.85714   0.33333  16.00000
   0.38095   0.09524   0.38095  16.00000
   0.42857   0.14286   0.38095  16.00000
   0.47619   0.19048   0.38095  16.00000
   0.52381   0.23810   0.38095  16.00000
   0.57143   0.28571   0.38095  16.00000
   0.61905   0.33333   0.38095  16.00000
   1.00000   0.71429   0.38095   8.00000
   1.04762   0.76190   0.38095  16.00000
   1.09524   0.80952   0.38095  16.00000
   1.14286   0.85714   0.38095   8.00000
   0.42857   0.09524   0.42857  16.00000
   0.47619   0.14286   0.42857  16.00000
   0.52381   0.19048   0.42857  16.00000
   0.57143   0.23810   0.42857  16.00000
   0.61905   0.28571   0.42857  16.00000
   0.66667   0.33333   0.42857   8.00000
   1.00000   0.66667   0.42857   8.00000
   1.04762   0.71429   0.42857  16.00000
   1.09524   0.76190   0.42857  16.00000
   1.14286   0.80952   0.42857  16.00000
   0.47619   0.09524   0.47619  16.00000
   0.52381   0.14286   0.47619  16.00000
   0.57143   0.19048   0.47619  16.00000
   0.61905   0.23810   0.47619  16.00000
   0.66667   0.28571   0.47619  16.00000
   1.00000   0.61905   0.47619   8.00000
   1.04762   0.66667   0.47619  16.00000
   1.09524   0.71429   0.47619  16.00000
   1.14286   0.76190   0.47619  16.00000
   1.19048   0.80952   0.47619   8.00000
   0.57143   0.14286   0.52381  16.00000
   0.61905   0.19048   0.52381  16.00000
   0.66667   0.23810   0.52381  16.00000
   0.71429   0.28571   0.52381   8.00000
   1.00000   0.57143   0.52381   8.00000
   1.04762   0.61905   0.52381  16.00000
   1.09524   0.66667   0.52381  16.00000
   1.14286   0.71429   0.52381  16.00000
   1.19048   0.76190   0.52381  16.00000
   0.61905   0.14286   0.57143  16.00000
   0.66667   0.19048   0.57143  16.00000
   0.71429   0.23810   0.57143  16.00000
   1.00000   0.52381   0.57143   8.00000
   1.04762   0.57143   0.57143  16.00000
   1.09524   0.61905   0.57143  16.00000
   1.14286   0.66667   0.57143  16.00000
   1.19048   0.71429   0.57143  16.00000
   1.23810   0.76190   0.57143   8.00000
   0.66667   0.14286   0.61905  16.00000
   0.71429   0.19048   0.61905  16.00000
   0.76190   0.23810   0.61905   8.00000
   1.00000   0.47619   0.61905   8.00000
   1.04762   0.52381   0.61905  16.00000
   1.09524   0.57143   0.61905  16.00000
   1.14286   0.61905   0.61905  16.00000
   1.19048   0.66667   0.61905  16.00000
   1.23810   0.71429   0.61905  16.00000
   0.71429   0.14286   0.66667  16.00000
   0.76190   0.19048   0.66667  16.00000
   1.00000   0.42857   0.66667   8.00000
   1.04762   0.47619   0.66667  16.00000
   1.09524   0.52381   0.66667  16.00000
   1.14286   0.57143   0.66667  16.00000
   1.19048   0.61905   0.66667  16.00000
   1.23810   0.66667   0.66667  16.00000
   1.28571   0.71429   0.66667   8.00000
   0.76190   0.14286   0.71429  16.00000
   0.80952   0.19048   0.71429   8.00000
   1.00000   0.38095   0.71429   8.00000
   1.04762   0.42857   0.71429  16.00000
   1.09524   0.47619   0.71429  16.00000
   1.14286   0.52381   0.71429  16.00000
   1.19048   0.57143   0.71429  16.00000
   1.23810   0.61905   0.71429  16.00000
   1.28571   0.66667   0.71429  16.00000
   0.80952   0.14286   0.76190  16.00000
   1.00000   0.33333   0.76190   8.00000
   1.04762   0.38095   0.76190  16.00000
   1.09524   0.42857   0.76190  16.00000
   1.14286   0.47619   0.76190  16.00000
   1.19048   0.52381   0.76190  16.00000
   1.23810   0.57143   0.76190  16.00000
   1.28571   0.61905   0.76190  16.00000
   1.33333   0.66667   0.76190   8.00000
   0.85714   0.14286   0.80952   8.00000
   1.00000   0.28571   0.80952   8.00000
   1.04762   0.33333   0.80952  16.00000
   1.09524   0.38095   0.80952  16.00000
   1.14286   0.42857   0.80952  16.00000
   1.19048   0.47619   0.80952  16.00000
   1.23810   0.52381   0.80952  16.00000
   1.28571   0.57143   0.80952  16.00000
   1.33333   0.61905   0.80952  16.00000
   1.00000   0.23810   0.85714   8.00000
   1.04762   0.28571   0.85714  16.00000
   1.09524   0.33333   0.85714  16.00000
   1.14286   0.38095   0.85714  16.00000
   1.19048   0.42857   0.85714  16.00000
   1.23810   0.47619   0.85714  16.00000
   1.28571   0.52381   0.85714  16.00000
   1.33333   0.57143   0.85714  16.00000
   1.38095   0.61905   0.85714   8.00000
   1.00000   0.19048   0.90476   8.00000
   1.04762   0.23810   0.90476  16.00000
   1.09524   0.28571   0.90476  16.00000
   1.14286   0.33333   0.90476  16.00000
   1.19048   0.38095   0.90476  16.00000
   1.23810   0.42857   0.90476  16.00000
   1.28571   0.47619   0.90476  16.00000
   1.33333   0.52381   0.90476  16.00000
   1.38095   0.57143   0.90476  16.00000
   1.00000   0.14286   0.95238   8.00000
   1.04762   0.19048   0.95238  16.00000
   1.09524   0.23810   0.95238  16.00000
   1.14286   0.28571   0.95238  16.00000
   1.19048   0.33333   0.95238  16.00000
   1.23810   0.38095   0.95238  16.00000
   1.28571   0.42857   0.95238  16.00000
   1.33333   0.47619   0.95238  16.00000
   1.38095   0.52381   0.95238  16.00000
   1.42857   0.57143   0.95238   8.00000
   1.00000   0.09524   1.00000   4.00000
   1.04762   0.14286   1.00000   8.00000
   1.09524   0.19048   1.00000   8.00000
   1.14286   0.23810   1.00000   8.00000
   1.19048   0.28571   1.00000   8.00000
   1.23810   0.33333   1.00000   8.00000
   1.28571   0.38095   1.00000   8.00000
   1.33333   0.42857   1.00000   8.00000
   1.38095   0.47619   1.00000   8.00000
   1.42857   0.52381   1.00000   8.00000
   0.19048   0.19048   0.19048   8.00000
   0.23810   0.23810   0.19048   8.00000
   0.28571   0.28571   0.19048   8.00000
   0.33333   0.33333   0.19048   8.00000
   0.38095   0.38095   0.19048   8.00000
   0.42857   0.42857   0.19048   8.00000
   0.47619   0.47619   0.19048   8.00000
   1.00000   1.00000   0.19048   2.00000
   0.23810   0.19048   0.23810  16.00000
   0.28571   0.23810   0.23810  16.00000
   0.33333   0.28571   0.23810  16.00000
   0.38095   0.33333   0.23810  16.00000
   0.42857   0.38095   0.23810  16.00000
   0.47619   0.42857   0.23810  16.00000
   0.52381   0.47619   0.23810   8.00000
   1.00000   0.95238   0.23810   8.00000
   0.28571   0.19048   0.28571  16.00000
   0.33333   0.23810   0.28571  16.00000
   0.38095   0.28571   0.28571  16.00000
   0.42857   0.33333   0.28571  16.00000
   0.47619   0.38095   0.28571  16.00000
   0.52381   0.42857   0.28571  16.00000
   1.00000   0.90476   0.28571   8.00000
   1.04762   0.95238   0.28571   8.00000
   0.33333   0.19048   0.33333  16.00000
   0.38095   0.23810   0.33333  16.00000
   0.42857   0.28571   0.33333  16.00000
   0.47619   0.33333   0.33333  16.00000
   0.52381   0.38095   0.33333  16.00000
   0.57143   0.42857   0.33333   8.00000
   1.00000   0.85714   0.33333   8.00000
   1.04762   0.90476   0.33333  16.00000
   0.38095   0.19048   0.38095  16.00000
   0.42857   0.23810   0.38095  16.00000
   0.47619   0.28571   0.38095  16.00000
   0.52381   0.33333   0.38095  16.00000
   0.57143   0.38095   0.38095  16.00000
   1.00000   0.80952   0.38095   8.00000
   1.04762   0.85714   0.38095  16.00000
   1.09524   0.90476   0.38095   8.00000
   0.42857   0.19048   0.42857  16.00000
   0.47619   0.23810   0.42857  16.00000
   0.52381   0.28571   0.42857  16.00000
   0.57143   0.33333   0.42857  16.00000
   0.61905   0.38095   0.42857   8.00000
   1.00000   0.76190   0.42857   8.00000
   1.04762   0.80952   0.42857  16.00000
   1.09524   0.85714   0.42857  16.00000
   0.47619   0.19048   0.47619  16.00000
   0.52381   0.23810   0.47619  16.00000
   0.57143   0.28571   0.47619  16.00000
   0.61905   0.33333   0.47619  16.00000
   1.00000   0.71429   0.47619   8.00000
   1.04762   0.76190   0.47619  16.00000
   1.09524   0.80952   0.47619  16.00000
   1.14286   0.85714   0.47619   8.00000
   0.57143   0.23810   0.52381  16.00000
   0.61905   0.28571   0.52381  16.00000
   0.66667   0.33333   0.52381   8.00000
   1.00000   0.66667   0.52381   8.00000
   1.04762   0.71429   0.52381  16.00000
   1.09524   0.76190   0.52381  16.00000
   1.14286   0.80952   0.52381  16.00000
   0.61905   0.23810   0.57143  16.00000
   0.66667   0.28571   0.57143  16.00000
   1.00000   0.61905   0.57143   8.00000
   1.04762   0.66667   0.57143  16.00000
   1.09524   0.71429   0.57143  16.00000
   1.14286   0.76190   0.57143  16.00000
   1.19048   0.80952   0.57143   8.00000
   0.66667   0.23810   0.61905  16.00000
   0.71429   0.28571   0.61905   8.00000
   1.00000   0.57143   0.61905   8.00000
   1.04762   0.61905   0.61905  16.00000
   1.09524   0.66667   0.61905  16.00000
   1.14286   0.71429   0.61905  16.00000
   1.19048   0.76190   0.61905  16.00000
   0.71429   0.23810   0.66667  16.00000
   1.00000   0.52381   0.66667   8.00000
   1.04762   0.57143   0.66667  16.00000
   1.09524   0.61905   0.66667  16.00000
   1.14286   0.66667   0.66667  16.00000
   1.19048   0.71429   0.66667  16.00000
   1.23810   0.76190   0.66667   8.00000
   0.76190   0.23810   0.71429   8.00000
   1.00000   0.47619   0.71429   8.00000
   1.04762   0.52381   0.71429  16.00000
   1.09524   0.57143   0.71429  16.00000
   1.14286   0.61905   0.71429  16.00000
   1.19048   0.66667   0.71429  16.00000
   1.23810   0.71429   0.71429  16.00000
   1.00000   0.42857   0.76190   8.00000
   1.04762   0.47619   0.76190  16.00000
   1.09524   0.52381   0.76190  16.00000
   1.14286   0.57143   0.76190  16.00000
   1.19048   0.61905   0.76190  16.00000
   1.23810   0.66667   0.76190  16.00000
   1.28571   0.71429   0.76190   8.00000
   1.00000   0.38095   0.80952   8.00000
   1.04762   0.42857   0.80952  16.00000
   1.09524   0.47619   0.80952  16.00000
   1.14286   0.52381   0.80952  16.00000
   1.19048   0.57143   0.80952  16.00000
   1.23810   0.61905   0.80952  16.00000
   1.28571   0.66667   0.80952  16.00000
   1.00000   0.33333   0.85714   8.00000
   1.04762   0.38095   0.85714  16.00000
   1.09524   0.42857   0.85714  16.00000
   1.14286   0.47619   0.85714  16.00000
   1.19048   0.52381   0.85714  16.00000
   1.23810   0.57143   0.85714  16.00000
   1.28571   0.61905   0.85714  16.00000
   1.33333   0.66667   0.85714   8.00000
   1.00000   0.28571   0.90476   8.00000
   1.04762   0.33333   0.90476  16.00000
   1.09524   0.38095   0.90476  16.00000
   1.14286   0.42857   0.90476  16.00000
   1.19048   0.47619   0.90476  16.00000
   1.23810   0.52381   0.90476  16.00000
   1.28571   0.57143   0.90476  16.00000
   1.33333   0.61905   0.90476  16.00000
   1.00000   0.23810   0.95238   8.00000
   1.04762   0.28571   0.95238  16.00000
   1.09524   0.33333   0.95238  16.00000
   1.14286   0.38095   0.95238  16.00000
   1.19048   0.42857   0.95238  16.00000
   1.23810   0.47619   0.95238  16.00000
   1.28571   0.52381   0.95238  16.00000
   1.33333   0.57143   0.95238  16.00000
   1.38095   0.61905   0.95238   8.00000
   1.00000   0.19048   1.00000   4.00000
   1.04762   0.23810   1.00000   8.00000
   1.09524   0.28571   1.00000   8.00000
   1.14286   0.33333   1.00000   8.00000
   1.19048   0.38095   1.00000   8.00000
   1.23810   0.42857   1.00000   8.00000
   1.28571   0.47619   1.00000   8.00000
   1.33333   0.52381   1.00000   8.00000
   1.38095   0.57143   1.00000   8.00000
   0.28571   0.28571   0.28571   8.00000
   0.33333   0.33333   0.28571   8.00000
   0.38095   0.38095   0.28571   8.00000
   0.42857   0.42857   0.28571   8.00000
   0.47619   0.47619   0.28571   8.00000
   1.00000   1.00000   0.28571   2.00000
   0.33333   0.28571   0.33333  16.00000
   0.38095   0.33333   0.33333  16.00000
   0.42857   0.38095   0.33333  16.00000
   0.47619   0.42857   0.33333  16.00000
   0.52381   0.47619   0.33333   8.00000
   1.00000   0.95238   0.33333   8.00000
   0.38095   0.28571   0.38095  16.00000
   0.42857   0.33333   0.38095  16.00000
   0.47619   0.38095   0.38095  16.00000
   0.52381   0.42857   0.38095  16.00000
   1.00000   0.90476   0.38095   8.00000
   1.04762   0.95238   0.38095   8.00000
   0.42857   0.28571   0.42857  16.00000
   0.47619   0.33333   0.42857  16.00000
   0.52381   0.38095   0.42857  16.00000
   0.57143   0.42857   0.42857   8.00000
   1.00000   0.85714   0.42857   8.00000
   1.04762   0.90476   0.42857  16.00000
   0.47619   0.28571   0.47619  16.00000
   0.52381   0.33333   0.47619  16.00000
   0.57143   0.38095   0.47619  16.00000
   1.00000   0.80952   0.47619   8.00000
   1.04762   0.85714   0.47619  16.00000
   1.09524   0.90476   0.47619   8.00000
   0.57143   0.33333   0.52381  16.00000
   0.61905   0.38095   0.52381   8.00000
   1.00000   0.76190   0.52381   8.00000
   1.04762   0.80952   0.52381  16.00000
   1.09524   0.85714   0.52381  16.00000
   0.61905   0.33333   0.57143  16.00000
   1.00000   0.71429   0.57143   8.00000
   1.04762   0.76190   0.57143  16.00000
   1.09524   0.80952   0.57143  16.00000
   1.14286   0.85714   0.57143   8.00000
   0.66667   0.33333   0.61905   8.00000
   1.00000   0.66667   0.61905   8.00000
   1.04762   0.71429   0.61905  16.00000
   1.09524   0.76190   0.61905  16.00000
   1.14286   0.80952   0.61905  16.00000
   1.00000   0.61905   0.66667   8.00000
   1.04762   0.66667   0.66667  16.00000
   1.09524   0.71429   0.66667  16.00000
   1.14286   0.76190   0.66667  16.00000
   1.19048   0.80952   0.66667   8.00000
   1.00000   0.57143   0.71429   8.00000
   1.04762   0.61905   0.71429  16.00000
   1.09524   0.66667   0.71429  16.00000
   1.14286   0.71429   0.71429  16.00000
   1.19048   0.76190   0.71429  16.00000
   1.00000   0.52381   0.76190   8.00000
   1.04762   0.57143   0.76190  16.00000
   1.09524   0.61905   0.76190  16.00000
   1.14286   0.66667   0.76190  16.00000
   1.19048   0.71429   0.76190  16.00000
   1.23810   0.76190   0.76190   8.00000
   1.00000   0.47619   0.80952   8.00000
   1.04762   0.52381   0.80952  16.00000
   1.09524   0.57143   0.80952  16.00000
   1.14286   0.61905   0.80952  16.00000
   1.19048   0.66667   0.80952  16.00000
   1.23810   0.71429   0.80952  16.00000
   1.00000   0.42857   0.85714   8.00000
   1.04762   0.47619   0.85714  16.00000
   1.09524   0.52381   0.85714  16.00000
   1.14286   0.57143   0.85714  16.00000
   1.19048   0.61905   0.85714  16.00000
   1.23810   0.66667   0.85714  16.00000
   1.28571   0.71429   0.85714   8.00000
   1.00000   0.38095   0.90476   8.00000
   1.04762   0.42857   0.90476  16.00000
   1.09524   0.47619   0.90476  16.00000
   1.14286   0.52381   0.90476  16.00000
   1.19048   0.57143   0.90476  16.00000
   1.23810   0.61905   0.90476  16.00000
   1.28571   0.66667   0.90476  16.00000
   1.00000   0.33333   0.95238   8.00000
   1.04762   0.38095   0.95238  16.00000
   1.09524   0.42857   0.95238  16.00000
   1.14286   0.47619   0.95238  16.00000
   1.19048   0.52381   0.95238  16.00000
   1.23810   0.57143   0.95238  16.00000
   1.28571   0.61905   0.95238  16.00000
   1.33333   0.66667   0.95238   8.00000
   1.00000   0.28571   1.00000   4.00000
   1.04762   0.33333   1.00000   8.00000
   1.09524   0.38095   1.00000   8.00000
   1.14286   0.42857   1.00000   8.00000
   1.19048   0.47619   1.00000   8.00000
   1.23810   0.52381   1.00000   8.00000
   1.28571   0.57143   1.00000   8.00000
   1.33333   0.61905   1.00000   8.00000
   0.38095   0.38095   0.38095   8.00000
   0.42857   0.42857   0.38095   8.00000
   0.47619   0.47619   0.38095   8.00000
   1.00000   1.00000   0.38095   2.00000
   0.42857   0.38095   0.42857  16.00000
   0.47619   0.42857   0.42857  16.00000
   0.52381   0.47619   0.42857   8.00000
   1.00000   0.95238   0.42857   8.00000
   0.47619   0.38095   0.47619  16.00000
   0.52381   0.42857   0.47619  16.00000
   1.00000   0.90476   0.47619   8.00000
   1.04762   0.95238   0.47619   8.00000
   0.57143   0.42857   0.52381   8.00000
   1.00000   0.85714   0.52381   8.00000
   1.04762   0.90476   0.52381  16.00000
   1.00000   0.80952   0.57143   8.00000
   1.04762   0.85714   0.57143  16.00000
   1.09524   0.90476   0.57143   8.00000
   1.00000   0.76190   0.61905   8.00000
   1.04762   0.80952   0.61905  16.00000
   1.09524   0.85714   0.61905  16.00000
   1.00000   0.71429   0.66667   8.00000
   1.04762   0.76190   0.66667  16.00000
   1.09524   0.80952   0.66667  16.00000
   1.14286   0.85714   0.66667   8.00000
   1.00000   0.66667   0.71429   8.00000
   1.04762   0.71429   0.71429  16.00000
   1.09524   0.76190   0.71429  16.00000
   1.14286   0.80952   0.71429  16.00000
   1.00000   0.61905   0.76190   8.00000
   1.04762   0.66667   0.76190  16.00000
   1.09524   0.71429   0.76190  16.00000
   1.14286   0.76190   0.76190  16.00000
   1.19048   0.80952   0.76190   8.00000
   1.00000   0.57143   0.80952   8.00000
   1.04762   0.61905   0.80952  16.00000
   1.09524   0.66667   0.80952  16.00000
   1.14286   0.71429   0.80952  16.00000
   1.19048   0.76190   0.80952  16.00000
   1.00000   0.52381   0.85714   8.00000
   1.04762   0.57143   0.85714  16.00000
   1.09524   0.61905   0.85714  16.00000
   1.14286   0.66667   0.85714  16.00000
   1.19048   0.71429   0.85714  16.00000
   1.23810   0.76190   0.85714   8.00000
   1.00000   0.47619   0.90476   8.00000
   1.04762   0.52381   0.90476  16.00000
   1.09524   0.57143   0.90476  16.00000
   1.14286   0.61905   0.90476  16.00000
   1.19048   0.66667   0.90476  16.00000
   1.23810   0.71429   0.90476  16.00000
   1.00000   0.42857   0.95238   8.00000
   1.04762   0.47619   0.95238  16.00000
   1.09524   0.52381   0.95238  16.00000
   1.14286   0.57143   0.95238  16.00000
   1.19048   0.61905   0.95238  16.00000
   1.23810   0.66667   0.95238  16.00000
   1.28571   0.71429   0.95238   8.00000
   1.00000   0.38095   1.00000   4.00000
   1.04762   0.42857   1.00000   8.00000
   1.09524   0.47619   1.00000   8.00000
   1.14286   0.52381   1.00000   8.00000
   1.19048   0.57143   1.00000   8.00000
   1.23810   0.61905   1.00000   8.00000
   1.28571   0.66667   1.00000   8.00000
   0.47619   0.47619   0.47619   8.00000
   1.00000   1.00000   0.47619   2.00000
   1.00000   0.95238   0.52381   8.00000
   1.00000   0.90476   0.57143   8.00000
   1.04762   0.95238   0.57143   8.00000
   1.00000   0.85714   0.61905   8.00000
   1.04762   0.90476   0.61905  16.00000
   1.00000   0.80952   0.66667   8.00000
   1.04762   0.85714   0.66667  16.00000
   1.09524   0.90476   0.66667   8.00000
   1.00000   0.76190   0.71429   8.00000
   1.04762   0.80952   0.71429  16.00000
   1.09524   0.85714   0.71429  16.00000
   1.00000   0.71429   0.76190   8.00000
   1.04762   0.76190   0.76190  16.00000
   1.09524   0.80952   0.76190  16.00000
   1.14286   0.85714   0.76190   8.00000
   1.00000   0.66667   0.80952   8.00000
   1.04762   0.71429   0.80952  16.00000
   1.09524   0.76190   0.80952  16.00000
   1.14286   0.80952   0.80952  16.00000
   1.00000   0.61905   0.85714   8.00000
   1.04762   0.66667   0.85714  16.00000
   1.09524   0.71429   0.85714  16.00000
   1.14286   0.76190   0.85714  16.00000
   1.19048   0.80952   0.85714   8.00000
   1.00000   0.57143   0.90476   8.00000
   1.04762   0.61905   0.90476  16.00000
   1.09524   0.66667   0.90476  16.00000
   1.14286   0.71429   0.90476  16.00000
   1.19048   0.76190   0.90476  16.00000
   1.00000   0.52381   0.95238   8.00000
   1.04762   0.57143   0.95238  16.00000
   1.09524   0.61905   0.95238  16.00000
   1.14286   0.66667   0.95238  16.00000
   1.19048   0.71429   0.95238  16.00000
   1.23810   0.76190   0.95238   8.00000
   1.00000   0.47619   1.00000   4.00000
   1.04762   0.52381   1.00000   8.00000
   1.09524   0.57143   1.00000   8.00000
   1.14286   0.61905   1.00000   8.00000
   1.19048   0.66667   1.00000   8.00000
   1.23810   0.71429   1.00000   8.00000
   1.00000   1.00000   0.57143   2.00000
   1.00000   0.95238   0.61905   8.00000
   1.00000   0.90476   0.66667   8.00000
   1.04762   0.95238   0.66667   8.00000
   1.00000   0.85714   0.71429   8.00000
   1.04762   0.90476   0.71429  16.00000
   1.00000   0.80952   0.76190   8.00000
   1.04762   0.85714   0.76190  16.00000
   1.09524   0.90476   0.76190   8.00000
   1.00000   0.76190   0.80952   8.00000
   1.04762   0.80952   0.80952  16.00000
   1.09524   0.85714   0.80952  16.00000
   1.00000   0.71429   0.85714   8.00000
   1.04762   0.76190   0.85714  16.00000
   1.09524   0.80952   0.85714  16.00000
   1.14286   0.85714   0.85714   8.00000
   1.00000   0.66667   0.90476   8.00000
   1.04762   0.71429   0.90476  16.00000
   1.09524   0.76190   0.90476  16.00000
   1.14286   0.80952   0.90476  16.00000
   1.00000   0.61905   0.95238   8.00000
   1.04762   0.66667   0.95238  16.00000
   1.09524   0.71429   0.95238  16.00000
   1.14286   0.76190   0.95238  16.00000
   1.19048   0.80952   0.95238   8.00000
   1.00000   0.57143   1.00000   4.00000
   1.04762   0.61905   1.00000   8.00000
   1.09524   0.66667   1.00000   8.00000
   1.14286   0.71429   1.00000   8.00000
   1.19048   0.76190   1.00000   8.00000
   1.00000   1.00000   0.66667   2.00000
   1.00000   0.95238   0.71429   8.00000
   1.00000   0.90476   0.76190   8.00000
   1.04762   0.95238   0.76190   8.00000
   1.00000   0.85714   0.80952   8.00000
   1.04762   0.90476   0.80952  16.00000
   1.00000   0.80952   0.85714   8.00000
   1.04762   0.85714   0.85714  16.00000
   1.09524   0.90476   0.85714   8.00000
   1.00000   0.76190   0.90476   8.00000
   1.04762   0.80952   0.90476  16.00000
   1.09524   0.85714   0.90476  16.00000
   1.00000   0.71429   0.95238   8.00000
   1.04762   0.76190   0.95238  16.00000
   1.09524   0.80952   0.95238  16.00000
   1.14286   0.85714   0.95238   8.00000
   1.00000   0.66667   1.00000   4.00000
   1.04762   0.71429   1.00000   8.00000
   1.09524   0.76190   1.00000   8.00000
   1.14286   0.80952   1.00000   8.00000
   1.00000   1.00000   0.76190   2.00000
   1.00000   0.95238   0.80952   8.00000
   1.00000   0.90476   0.85714   8.00000
   1.04762   0.95238   0.85714   8.00000
   1.00000   0.85714   0.90476   8.00000
   1.04762   0.90476   0.90476  16.00000
   1.00000   0.80952   0.95238   8.00000
   1.04762   0.85714   0.95238  16.00000
   1.09524   0.90476   0.95238   8.00000
   1.00000   0.76190   1.00000   4.00000
   1.04762   0.80952   1.00000   8.00000
   1.09524   0.85714   1.00000   8.00000
   1.00000   1.00000   0.85714   2.00000
   1.00000   0.95238   0.90476   8.00000
   1.00000   0.90476   0.95238   8.00000
   1.04762   0.95238   0.95238   8.00000
   1.00000   0.85714   1.00000   4.00000
   1.04762   0.90476   1.00000   8.00000
   1.00000   1.00000   0.95238   2.00000
   1.00000   0.95238   1.00000   4.00000




                              --------------------------------------------------
                                 S T R U C T U R A L   I N F O R M A T I O N
                              --------------------------------------------------


   SUBSTANCE                    = tetragonal body-centered  (delta')                                              

   LATTICE                      = B   
   LATTICE CONSTANTS ARE        =    5.5095880   5.5095880   7.3362170
   NUMBER OF ATOMS IN UNITCELL  =   1
   MODE OF CALCULATION IS       = RELA
 IORD=          16
 FNAMES=
 ./deltaprime_Pu_2.vectorso_1                                                   
                                                                                
                                           
 ./deltaprime_Pu_2.vectorsodn_1                                                 
                                                                                
                                           
 deltaprime_Pu_2.energyso_1                                                     
                                                                                
                                           
 deltaprime_Pu_2.energysodn_1                                                   
                                                                                
                                           
  BR1,  BR2
   1.14041   0.00000   0.00000      0.00000   1.14041   1.14041
   0.00000   1.14041   0.00000      1.14041   0.00000   1.14041
   0.00000   0.00000   0.85646      0.85646   0.85646   0.00000
 projector corrected--must be 1,2, or 3! Now projector= 2
 Energy window:   -0.4410 < E <      0.441
 Projected density of states calculation for  1 atoms
--------- atom  1 -------------
l=  3  qsplit=  4
 Symmetrization over eq. k-points is performed
 ********** Start Reading Cix file *************
  Correlated block number           1
  Correlated index=
  1  0  0  0  0  0  0  0  0  0  0  0  0  0
  0  1  0  0  0  0  0  0  0  0  0  0  0  0
  0  0  1  0  0  0  0  0  0  0  0  0  0  0
  0  0  0  1  0  0  0  0  0  0  0  0  0  0
  0  0  0  0  1  0  0  0  0  0  0  0  0  0
  0  0  0  0  0  1  0  0  0  0  0  0  0  0
  0  0  0  0  0  0  2  0  0  0  0  0  0  0
  0  0  0  0  0  0  0  2  0  0  0  0  0  0
  0  0  0  0  0  0  0  0  2  0  0  0  0  0
  0  0  0  0  0  0  0  0  0  2  0  0  0  0
  0  0  0  0  0  0  0  0  0  0  2  0  0  0
  0  0  0  0  0  0  0  0  0  0  0  2  0  0
  0  0  0  0  0  0  0  0  0  0  0  0  2  0
  0  0  0  0  0  0  0  0  0  0  0  0  0  2
  Real part of unitary matrix=
  0.9258  0.0000  0.0000  0.0000  0.0000  0.0000  0.0000  0.0000 -0.3780  0.0000  0.0000  0.0000  0.0000  0.0000
  0.0000  0.8452  0.0000  0.0000  0.0000  0.0000  0.0000  0.0000  0.0000 -0.5345  0.0000  0.0000  0.0000  0.0000
  0.0000  0.0000  0.7559  0.0000  0.0000  0.0000  0.0000  0.0000  0.0000  0.0000 -0.6547  0.0000  0.0000  0.0000
  0.0000  0.0000  0.0000  0.6547  0.0000  0.0000  0.0000  0.0000  0.0000  0.0000  0.0000 -0.7559  0.0000  0.0000
  0.0000  0.0000  0.0000  0.0000  0.5345  0.0000  0.0000  0.0000  0.0000  0.0000  0.0000  0.0000 -0.8452  0.0000
  0.0000  0.0000  0.0000  0.0000  0.0000  0.3780  0.0000  0.0000  0.0000  0.0000  0.0000  0.0000  0.0000 -0.9258
  0.0000  0.0000  0.0000  0.0000  0.0000  0.0000  0.0000  1.0000  0.0000  0.0000  0.0000  0.0000  0.0000  0.0000
  0.3780  0.0000  0.0000  0.0000  0.0000  0.0000  0.0000  0.0000  0.9258  0.0000  0.0000  0.0000  0.0000  0.0000
  0.0000  0.5345  0.0000  0.0000  0.0000  0.0000  0.0000  0.0000  0.0000  0.8452  0.0000  0.0000  0.0000  0.0000
  0.0000  0.0000  0.6547  0.0000  0.0000  0.0000  0.0000  0.0000  0.0000  0.0000  0.7559  0.0000  0.0000  0.0000
  0.0000  0.0000  0.0000  0.7559  0.0000  0.0000  0.0000  0.0000  0.0000  0.0000  0.0000  0.6547  0.0000  0.0000
  0.0000  0.0000  0.0000  0.0000  0.8452  0.0000  0.0000  0.0000  0.0000  0.0000  0.0000  0.0000  0.5345  0.0000
  0.0000  0.0000  0.0000  0.0000  0.0000  0.9258  0.0000  0.0000  0.0000  0.0000  0.0000  0.0000  0.0000  0.3780
  0.0000  0.0000  0.0000  0.0000  0.0000  0.0000  1.0000  0.0000  0.0000  0.0000  0.0000  0.0000  0.0000  0.0000
  Imaginary part of unitary matrix=
  0.0000  0.0000  0.0000  0.0000  0.0000  0.0000  0.0000  0.0000  0.0000  0.0000  0.0000  0.0000  0.0000  0.0000
  0.0000  0.0000  0.0000  0.0000  0.0000  0.0000  0.0000  0.0000  0.0000  0.0000  0.0000  0.0000  0.0000  0.0000
  0.0000  0.0000  0.0000  0.0000  0.0000  0.0000  0.0000  0.0000  0.0000  0.0000  0.0000  0.0000  0.0000  0.0000
  0.0000  0.0000  0.0000  0.0000  0.0000  0.0000  0.0000  0.0000  0.0000  0.0000  0.0000  0.0000  0.0000  0.0000
  0.0000  0.0000  0.0000  0.0000  0.0000  0.0000  0.0000  0.0000  0.0000  0.0000  0.0000  0.0000  0.0000  0.0000
  0.0000  0.0000  0.0000  0.0000  0.0000  0.0000  0.0000  0.0000  0.0000  0.0000  0.0000  0.0000  0.0000  0.0000
  0.0000  0.0000  0.0000  0.0000  0.0000  0.0000  0.0000  0.0000  0.0000  0.0000  0.0000  0.0000  0.0000  0.0000
  0.0000  0.0000  0.0000  0.0000  0.0000  0.0000  0.0000  0.0000  0.0000  0.0000  0.0000  0.0000  0.0000  0.0000
  0.0000  0.0000  0.0000  0.0000  0.0000  0.0000  0.0000  0.0000  0.0000  0.0000  0.0000  0.0000  0.0000  0.0000
  0.0000  0.0000  0.0000  0.0000  0.0000  0.0000  0.0000  0.0000  0.0000  0.0000  0.0000  0.0000  0.0000  0.0000
  0.0000  0.0000  0.0000  0.0000  0.0000  0.0000  0.0000  0.0000  0.0000  0.0000  0.0000  0.0000  0.0000  0.0000
  0.0000  0.0000  0.0000  0.0000  0.0000  0.0000  0.0000  0.0000  0.0000  0.0000  0.0000  0.0000  0.0000  0.0000
  0.0000  0.0000  0.0000  0.0000  0.0000  0.0000  0.0000  0.0000  0.0000  0.0000  0.0000  0.0000  0.0000  0.0000
  0.0000  0.0000  0.0000  0.0000  0.0000  0.0000  0.0000  0.0000  0.0000  0.0000  0.0000  0.0000  0.0000  0.0000
  At least one transformation matrix is not Identity
 Magnetic system with s-o coupling; M theta, phi:  0.0000  0.0000
 Inside ROTDEF
Operation  1 transforms atom   1 from first atom   1
Actual position of atom  1 is:  0.000000    0.000000    0.000000
 
Combined transformation (acting on k-point) for correlated atoms
including users rotation and internal local rotation
catom  1 atom   1
   1.14041   0.00000   0.00000
   0.00000  -1.14041   0.00000
   0.00000   0.00000  -0.85646
 
 
 SPIN COORD SYSTEM:
    1.000000    0.000000    0.000000
    0.000000    1.000000    0.000000
    0.000000    0.000000    1.000000
 
 in global cartezian coordinates:
    1.000000    0.000000    0.000000
    0.000000   -1.000000    0.000000
    0.000000    0.000000   -1.000000
 ____________________________
 in spin coordinates:
    1.000000    0.000000    0.000000
    0.000000   -1.000000    0.000000
    0.000000    0.000000   -1.000000
           1   3.14159266849095       -1.00000000000000     
 
 in global cartezian coordinates:
    0.000000    1.000000    0.000000
   -1.000000    0.000000    0.000000
    0.000000    0.000000   -1.000000
 ____________________________
 in spin coordinates:
    0.000000    1.000000    0.000000
   -1.000000    0.000000    0.000000
    0.000000    0.000000   -1.000000
           2   1.57079632679490        1.00000000000000     
 
 in global cartezian coordinates:
   -1.000000    0.000000    0.000000
    0.000000   -1.000000    0.000000
    0.000000    0.000000   -1.000000
 ____________________________
 in spin coordinates:
   -1.000000    0.000000    0.000000
    0.000000   -1.000000    0.000000
    0.000000    0.000000   -1.000000
           3  1.490116119384766E-008   1.00000000000000     
 
 in global cartezian coordinates:
    0.000000    1.000000    0.000000
    1.000000    0.000000    0.000000
    0.000000    0.000000   -1.000000
 ____________________________
 in spin coordinates:
    0.000000    1.000000    0.000000
    1.000000    0.000000    0.000000
    0.000000    0.000000   -1.000000
           4   1.57079632679490       -1.00000000000000     
 
 in global cartezian coordinates:
    0.000000   -1.000000    0.000000
   -1.000000    0.000000    0.000000
    0.000000    0.000000   -1.000000
 ____________________________
 in spin coordinates:
    0.000000   -1.000000    0.000000
   -1.000000    0.000000    0.000000
    0.000000    0.000000   -1.000000
           5   4.71238898038469       -1.00000000000000     
 
 in global cartezian coordinates:
    1.000000    0.000000    0.000000
    0.000000    1.000000    0.000000
    0.000000    0.000000   -1.000000
 ____________________________
 in spin coordinates:
    1.000000    0.000000    0.000000
    0.000000    1.000000    0.000000
    0.000000    0.000000   -1.000000
           6   3.14159263868863        1.00000000000000     
 
 in global cartezian coordinates:
    1.000000    0.000000    0.000000
    0.000000   -1.000000    0.000000
    0.000000    0.000000    1.000000
 ____________________________
 in spin coordinates:
    1.000000    0.000000    0.000000
    0.000000   -1.000000    0.000000
    0.000000    0.000000    1.000000
           7   6.28318529227843       -1.00000000000000     
 
 in global cartezian coordinates:
    0.000000    1.000000    0.000000
   -1.000000    0.000000    0.000000
    0.000000    0.000000    1.000000
 ____________________________
 in spin coordinates:
    0.000000    1.000000    0.000000
   -1.000000    0.000000    0.000000
    0.000000    0.000000    1.000000
           8  -1.57079632679490        1.00000000000000     
 
 in global cartezian coordinates:
    0.000000   -1.000000    0.000000
    1.000000    0.000000    0.000000
    0.000000    0.000000   -1.000000
 ____________________________
 in spin coordinates:
    0.000000   -1.000000    0.000000
    1.000000    0.000000    0.000000
    0.000000    0.000000   -1.000000
           9  -1.57079632679490        1.00000000000000     
 
 in global cartezian coordinates:
   -1.000000    0.000000    0.000000
    0.000000    1.000000    0.000000
    0.000000    0.000000   -1.000000
 ____________________________
 in spin coordinates:
   -1.000000    0.000000    0.000000
    0.000000    1.000000    0.000000
    0.000000    0.000000   -1.000000
          10   6.28318529227843       -1.00000000000000     
 
 in global cartezian coordinates:
   -1.000000    0.000000    0.000000
    0.000000   -1.000000    0.000000
    0.000000    0.000000    1.000000
 ____________________________
 in spin coordinates:
   -1.000000    0.000000    0.000000
    0.000000   -1.000000    0.000000
    0.000000    0.000000    1.000000
          11   3.14159263868863        1.00000000000000     
 
 in global cartezian coordinates:
    0.000000    1.000000    0.000000
    1.000000    0.000000    0.000000
    0.000000    0.000000    1.000000
 ____________________________
 in spin coordinates:
    0.000000    1.000000    0.000000
    1.000000    0.000000    0.000000
    0.000000    0.000000    1.000000
          12   4.71238898038469       -1.00000000000000     
 
 in global cartezian coordinates:
    0.000000   -1.000000    0.000000
   -1.000000    0.000000    0.000000
    0.000000    0.000000    1.000000
 ____________________________
 in spin coordinates:
    0.000000   -1.000000    0.000000
   -1.000000    0.000000    0.000000
    0.000000    0.000000    1.000000
          13   1.57079632679490       -1.00000000000000     
 
 in global cartezian coordinates:
    1.000000    0.000000    0.000000
    0.000000    1.000000    0.000000
    0.000000    0.000000    1.000000
 ____________________________
 in spin coordinates:
    1.000000    0.000000    0.000000
    0.000000    1.000000    0.000000
    0.000000    0.000000    1.000000
          14  1.490116119384766E-008   1.00000000000000     
 
 in global cartezian coordinates:
    0.000000   -1.000000    0.000000
    1.000000    0.000000    0.000000
    0.000000    0.000000    1.000000
 ____________________________
 in spin coordinates:
    0.000000   -1.000000    0.000000
    1.000000    0.000000    0.000000
    0.000000    0.000000    1.000000
          15   1.57079632679490        1.00000000000000     
 
 in global cartezian coordinates:
   -1.000000    0.000000    0.000000
    0.000000    1.000000    0.000000
    0.000000    0.000000    1.000000
 ____________________________
 in spin coordinates:
   -1.000000    0.000000    0.000000
    0.000000    1.000000    0.000000
    0.000000    0.000000    1.000000
          16   3.14159266849095       -1.00000000000000     
 
 FNAME=
 deltaprime_Pu_2.energyso_1                                                     
                                                                                
                                                     60
 FNAME=
 deltaprime_Pu_2.energysodn_1                                                   
                                                                                
                                                     59
 BZ-integration with TETRA-program.   icor=: 1
 Equal occupancy of degenerate states, tol=: 0.1E-05
 call eord...
 call dos...
 ILOOP            1
 ILOOP            2
   FERMI ENERGY AT    1.78234802329538     
 RESULT OF INTEGRATION:      15.999999999819; SHOULD BE:      15.999999999900
   SUM RULE OF TETRAHEDRON INTEGRATION CHECKED 
 call eweigh...
   number of occupied bands:          18
   highest energy:   1.80925939913519     
 FERMI-LDA=   1.782 Ryd,  24.250 eV.
 ABSOLUTE EMIN=   1.341 Ryd.  18.250 eV.
 ABSOLUTE EMAX=   2.223 Ryd.  30.250 eV.


:NLDA  : NUMBER OF ELECTRONS          =  16.000

:FLDA  : F E R M I - ENERGY           =   1.78235
 
 ********** Information about the atomic index arrays ************
 iatom=           1
 isort=           1
 csort=           1
 maxucase=           1
icase, iucase, jatom, latom=     1     1     1     1
 
 *****  Arrays for correlated blocks ******
 norbitals=           1
 maxdim2=          14
iorbital( 1, 1)=   1
cix( 1, 1)=   1
icase,lcase,icix,iorb,nind1,ip1,iSx=    1    1    1    1   14    1    1
icase,lcase,icix,iorb,nind1,ip1,iSx=    1    1    1    1   14    2    2
icase,lcase,icix,iorb,nind1,ip1,iSx=    1    1    1    1   14    3    3
icase,lcase,icix,iorb,nind1,ip1,iSx=    1    1    1    1   14    4    4
icase,lcase,icix,iorb,nind1,ip1,iSx=    1    1    1    1   14    5    5
icase,lcase,icix,iorb,nind1,ip1,iSx=    1    1    1    1   14    6    6
icase,lcase,icix,iorb,nind1,ip1,iSx=    1    1    1    1   14    7    7
icase,lcase,icix,iorb,nind1,ip1,iSx=    1    1    1    1   14    8    8
icase,lcase,icix,iorb,nind1,ip1,iSx=    1    1    1    1   14    9    9
icase,lcase,icix,iorb,nind1,ip1,iSx=    1    1    1    1   14   10   10
icase,lcase,icix,iorb,nind1,ip1,iSx=    1    1    1    1   14   11   11
icase,lcase,icix,iorb,nind1,ip1,iSx=    1    1    1    1   14   12   12
icase,lcase,icix,iorb,nind1,ip1,iSx=    1    1    1    1   14   13   13
icase,lcase,icix,iorb,nind1,ip1,iSx=    1    1    1    1   14   14   14
cixdim( 1)=14
noccur( 1, 1)=   6
noccur( 2, 1)=   8
iSx( 1, 1)=  1
iSx( 2, 1)=  2
iSx( 3, 1)=  3
iSx( 4, 1)=  4
iSx( 5, 1)=  5
iSx( 6, 1)=  6
iSx( 7, 1)=  7
iSx( 8, 1)=  8
iSx( 9, 1)=  9
iSx(10, 1)= 10
iSx(11, 1)= 11
iSx(12, 1)= 12
iSx(13, 1)= 13
iSx(14, 1)= 14
nindo( 1)= 14
CF for iorb1= 1 iorb2= 1
    0.92582010     0.00000000       0.00000000     0.00000000       0.00000000     0.00000000       0.00000000     0.00000000       0.00000000     0.00000000       0.00000000     0.00000000       0.00000000     0.00000000       0.00000000     0.00000000      -0.37796447     0.00000000       0.00000000     0.00000000       0.00000000     0.00000000       0.00000000     0.00000000       0.00000000     0.00000000       0.00000000     0.00000000   
    0.00000000     0.00000000       0.84515425     0.00000000       0.00000000     0.00000000       0.00000000     0.00000000       0.00000000     0.00000000       0.00000000     0.00000000       0.00000000     0.00000000       0.00000000     0.00000000       0.00000000     0.00000000      -0.53452248     0.00000000       0.00000000     0.00000000       0.00000000     0.00000000       0.00000000     0.00000000       0.00000000     0.00000000   
    0.00000000     0.00000000       0.00000000     0.00000000       0.75592895     0.00000000       0.00000000     0.00000000       0.00000000     0.00000000       0.00000000     0.00000000       0.00000000     0.00000000       0.00000000     0.00000000       0.00000000     0.00000000       0.00000000     0.00000000      -0.65465367     0.00000000       0.00000000     0.00000000       0.00000000     0.00000000       0.00000000     0.00000000   
    0.00000000     0.00000000       0.00000000     0.00000000       0.00000000     0.00000000       0.65465367     0.00000000       0.00000000     0.00000000       0.00000000     0.00000000       0.00000000     0.00000000       0.00000000     0.00000000       0.00000000     0.00000000       0.00000000     0.00000000       0.00000000     0.00000000      -0.75592895     0.00000000       0.00000000     0.00000000       0.00000000     0.00000000   
    0.00000000     0.00000000       0.00000000     0.00000000       0.00000000     0.00000000       0.00000000     0.00000000       0.53452248     0.00000000       0.00000000     0.00000000       0.00000000     0.00000000       0.00000000     0.00000000       0.00000000     0.00000000       0.00000000     0.00000000       0.00000000     0.00000000       0.00000000     0.00000000      -0.84515425     0.00000000       0.00000000     0.00000000   
    0.00000000     0.00000000       0.00000000     0.00000000       0.00000000     0.00000000       0.00000000     0.00000000       0.00000000     0.00000000       0.37796447     0.00000000       0.00000000     0.00000000       0.00000000     0.00000000       0.00000000     0.00000000       0.00000000     0.00000000       0.00000000     0.00000000       0.00000000     0.00000000       0.00000000     0.00000000      -0.92582010     0.00000000   
    0.00000000     0.00000000       0.00000000     0.00000000       0.00000000     0.00000000       0.00000000     0.00000000       0.00000000     0.00000000       0.00000000     0.00000000       0.00000000     0.00000000       1.00000000     0.00000000       0.00000000     0.00000000       0.00000000     0.00000000       0.00000000     0.00000000       0.00000000     0.00000000       0.00000000     0.00000000       0.00000000     0.00000000   
    0.37796447     0.00000000       0.00000000     0.00000000       0.00000000     0.00000000       0.00000000     0.00000000       0.00000000     0.00000000       0.00000000     0.00000000       0.00000000     0.00000000       0.00000000     0.00000000       0.92582010     0.00000000       0.00000000     0.00000000       0.00000000     0.00000000       0.00000000     0.00000000       0.00000000     0.00000000       0.00000000     0.00000000   
    0.00000000     0.00000000       0.53452248     0.00000000       0.00000000     0.00000000       0.00000000     0.00000000       0.00000000     0.00000000       0.00000000     0.00000000       0.00000000     0.00000000       0.00000000     0.00000000       0.00000000     0.00000000       0.84515425     0.00000000       0.00000000     0.00000000       0.00000000     0.00000000       0.00000000     0.00000000       0.00000000     0.00000000   
    0.00000000     0.00000000       0.00000000     0.00000000       0.65465367     0.00000000       0.00000000     0.00000000       0.00000000     0.00000000       0.00000000     0.00000000       0.00000000     0.00000000       0.00000000     0.00000000       0.00000000     0.00000000       0.00000000     0.00000000       0.75592895     0.00000000       0.00000000     0.00000000       0.00000000     0.00000000       0.00000000     0.00000000   
    0.00000000     0.00000000       0.00000000     0.00000000       0.00000000     0.00000000       0.75592895     0.00000000       0.00000000     0.00000000       0.00000000     0.00000000       0.00000000     0.00000000       0.00000000     0.00000000       0.00000000     0.00000000       0.00000000     0.00000000       0.00000000     0.00000000       0.65465367     0.00000000       0.00000000     0.00000000       0.00000000     0.00000000   
    0.00000000     0.00000000       0.00000000     0.00000000       0.00000000     0.00000000       0.00000000     0.00000000       0.84515425     0.00000000       0.00000000     0.00000000       0.00000000     0.00000000       0.00000000     0.00000000       0.00000000     0.00000000       0.00000000     0.00000000       0.00000000     0.00000000       0.00000000     0.00000000       0.53452248     0.00000000       0.00000000     0.00000000   
    0.00000000     0.00000000       0.00000000     0.00000000       0.00000000     0.00000000       0.00000000     0.00000000       0.00000000     0.00000000       0.92582010     0.00000000       0.00000000     0.00000000       0.00000000     0.00000000       0.00000000     0.00000000       0.00000000     0.00000000       0.00000000     0.00000000       0.00000000     0.00000000       0.00000000     0.00000000       0.37796447     0.00000000   
    0.00000000     0.00000000       0.00000000     0.00000000       0.00000000     0.00000000       0.00000000     0.00000000       0.00000000     0.00000000       0.00000000     0.00000000       1.00000000     0.00000000       0.00000000     0.00000000       0.00000000     0.00000000       0.00000000     0.00000000       0.00000000     0.00000000       0.00000000     0.00000000       0.00000000     0.00000000       0.00000000     0.00000000   
Rspin for iorb=  1
 angles=  0.000000000000000E+000   3.14159265358979       0.000000000000000E+000
  0.000000000000000E+000  0.000000000000000E+000  0.000000000000000E+000
 Rspin=
    0.000000    0.000000      0.000000    1.000000
    0.000000    1.000000      0.000000    0.000000
 Calculation for atom  1 which has iucase=  1
 ATPAR for spin up

          ATOMIC PARAMETERS FOR Pu  0+    

           ENERGY PARAMETERS ARE   1.57  -0.74   1.57   1.57

           L     U(R)          U'(R)         DU/DE        DU'/DE      NORM-U'
           0  0.552523E+00  0.807058E+00  0.111084E+00 -0.229276E+00
           1  0.538350E+00 -0.565340E-03 -0.143753E+00 -0.401711E+00
           2 -0.616016E+00  0.339210E-01  0.987170E-01  0.345792E+00
           3 -0.310388E+00  0.137497E+00  0.366908E+00  0.534647E+00
LO COEFFICIENT: l,A,B,C   0          0.64987    -3.23240     0.00000     0.00000
 
LO COEFFICIENT: l,A,B,C   0          0.32224     0.00000     0.78037     0.00000
 
LO COEFFICIENT: l,A,B,C   1          0.87894     3.29160     0.00000     0.00000
 
LO COEFFICIENT: l,A,B,C   1          0.26071     0.00000    -1.23103     0.00000
 
LO COEFFICIENT: l,A,B,C   2          0.85365     5.32694     0.00000     0.00000
 
LO COEFFICIENT: l,A,B,C   3          0.94243     0.79725     0.00000     0.00000
 
 ATPAR for spin down

          ATOMIC PARAMETERS FOR Pu  0+    

           ENERGY PARAMETERS ARE   1.57  -0.74   1.57   1.57

           L     U(R)          U'(R)         DU/DE        DU'/DE      NORM-U'
           0  0.552523E+00  0.807058E+00  0.111084E+00 -0.229276E+00
           1  0.538350E+00 -0.565340E-03 -0.143753E+00 -0.401711E+00
           2 -0.616016E+00  0.339210E-01  0.987170E-01  0.345792E+00
           3 -0.310388E+00  0.137497E+00  0.366908E+00  0.534647E+00
LO COEFFICIENT: l,A,B,C   0          0.64987    -3.23240     0.00000     0.00000
 
LO COEFFICIENT: l,A,B,C   0          0.32224     0.00000     0.78037     0.00000
 
LO COEFFICIENT: l,A,B,C   1          0.87894     3.29160     0.00000     0.00000
 
LO COEFFICIENT: l,A,B,C   1          0.26071     0.00000    -1.23103     0.00000
 
LO COEFFICIENT: l,A,B,C   2          0.85365     5.32694     0.00000     0.00000
 
LO COEFFICIENT: l,A,B,C   3          0.94243     0.79725     0.00000     0.00000
 
 L1=           0  L2=           0
 RADIAL INTEGRALS:
           1           1                 1           1   1.00000000000000     
           1           3                 1           1  0.571024989324597     
           1           1                 1           2   1.00000000000000     
           1           3                 1           2  0.571024989324597     
           1           1                 2           1   1.00000000000000     
           1           3                 2           1  0.571024989324597     
           1           1                 2           2   1.00000000000000     
           1           3                 2           2  0.571024989324597     
           2           2                 1           1  5.528755459749227E-002
           2           3                 1           1 -0.190720066889464     
           2           2                 1           2  5.528755459749227E-002
           2           3                 1           2 -0.190720066889464     
           2           2                 2           1  5.528755459749227E-002
           2           3                 2           1 -0.190720066889464     
           2           2                 2           2  5.528755459749227E-002
           2           3                 2           2 -0.190720066889464     
           3           1                 1           1  0.571024989324597     
           3           2                 1           1 -0.190720066889464     
           3           3                 1           1   1.00000000000000     
           3           1                 1           2  0.571024989324597     
           3           2                 1           2 -0.190720066889464     
           3           3                 1           2   1.00000000000000     
           3           1                 2           1  0.571024989324597     
           3           2                 2           1 -0.190720066889464     
           3           3                 2           1   1.00000000000000     
           3           1                 2           2  0.571024989324597     
           3           2                 2           2 -0.190720066889464     
           3           3                 2           2   1.00000000000000     
 L1=           1  L2=           1
 RADIAL INTEGRALS:
           1           1                 1           1   1.00000000000000     
           1           3                 1           1  0.908901833155938     
           1           1                 1           2   1.00000000000000     
           1           3                 1           2  0.908901833155938     
           1           1                 2           1   1.00000000000000     
           1           3                 2           1  0.908901833155938     
           1           1                 2           2   1.00000000000000     
           1           3                 2           2  0.908901833155938     
           2           2                 1           1  2.099407641483757E-002
           2           3                 1           1  6.025154152209747E-002
           2           2                 1           2  2.099407641483757E-002
           2           3                 1           2  6.025154152209747E-002
           2           2                 2           1  2.099407641483757E-002
           2           3                 2           1  6.025154152209747E-002
           2           2                 2           2  2.099407641483757E-002
           2           3                 2           2  6.025154152209747E-002
           3           1                 1           1  0.908901833155938     
           3           2                 1           1  6.025154152209747E-002
           3           3                 1           1   1.00000000000000     
           3           1                 1           2  0.908901833155938     
           3           2                 1           2  6.025154152209747E-002
           3           3                 1           2   1.00000000000000     
           3           1                 2           1  0.908901833155938     
           3           2                 2           1  6.025154152209747E-002
           3           3                 2           1   1.00000000000000     
           3           1                 2           2  0.908901833155938     
           3           2                 2           2  6.025154152209747E-002
           3           3                 2           2   1.00000000000000     
 L1=           2  L2=           2
 RADIAL INTEGRALS:
           1           1                 1           1   1.00000000000000     
           1           1                 1           2   1.00000000000000     
           1           1                 2           1   1.00000000000000     
           1           1                 2           2   1.00000000000000     
           2           2                 1           1  9.560430605948160E-003
           2           2                 1           2  9.560430605948160E-003
           2           2                 2           1  9.560430605948160E-003
           2           2                 2           2  9.560430605948160E-003
 L1=           3  L2=           3
 RADIAL INTEGRALS:
           1           1                 1           1   1.00000000000000     
           1           1                 1           2   1.00000000000000     
           1           1                 2           1   1.00000000000000     
           1           1                 2           2   1.00000000000000     
           2           2                 1           1  0.175947558988110     
           2           2                 1           2  0.175947558988110     
           2           2                 2           1  0.175947558988110     
           2           2                 2           2  0.175947558988110     
Saving potential parameters for atom 1 into  1
pr_proc=363  tot-k=726
 ------------------------------------------------------------------------------


   =====>>> CPU TIME SUMMARY

            TOTAL       :      2.0
 OMP_NUM_THREADS= 2
 GUTZ_SOLVER VO.1.5 BUILT ON Jan 19 2014 AT22:25:59
 NT=  1 SEC_N%DIM=   10 WITH ID:
           1       2      16     107     471    1472    3474    6477    9909   12912
       14914
 MEAN U/J:  0.2940  0.0265
 NEL_FIX_VDC1=      5.32
 ATOM DEPENDENT NELF1:
      5.3230
 DCMIX_A=  0.200000
 SYMMETRICALLY NON-EQUIVALENT ATOMS:
          1
 VARIATIONAL-SETUP-NON-EQUIVALENT ATOMS:
          1
 COMPLEMENTARY VARIATIONAL-SETUP-EQUIVALENT ATOMS:

 GYZ%SYM%IDSUM:
  1
 DIM(X_Gutz)=  4
 CALC SET: GAPJ-SHFT FULL       -JH-PROJ SLATER    VAR-FIXDC    Ryd.   
 NT= 1
 LOCAL INTERACTION PART   :
 U              :   0.2940
 J              :   0.0265
 FOCK SPACE PART:
 NA             :  7
 FS%OCC(1) L.B. :  0
 FS%OCC(2) U.B. :  9
 FS%DIM         :     14913
 HL%OCC(1) L.B. :  0
 HL%OCC(2) U.B. :  9
 ISO= 2 ISPIN_IN= 1 ISPIN= 1 ISPO= 2
 BND%NMAX=  52
 BZ INTEGRATION WITH TETRA METHOD, ICOR= 1
 EQUAL OCCUPANCY OF DEGENERATE STATES, TOL= 0.1E-05
 VALENCE ELECTRONS: TOTAL=    16.0
                    CORRELATED PART=     8.0
 SYM%IDI/IDF=  1 16
 BND%NMAXIN=   22
      GUTZ5_INI_CORR_UVEK takes  0 hours  0 minutes and    0.08 seconds (CPU).
                          takes  0 hours  0 minutes and    0.09 seconds (WALL).
                 SETUP_TB takes  0 hours  0 minutes and    2.86 seconds (CPU).
                          takes  0 hours  0 minutes and    1.45 seconds (WALL).
************  EL-  ************
 NI=  1 NI_GLOBAL=  1
   1.7768   1.7758   1.7753   1.7753   1.7758   1.7768   1.8536   1.8542   1.8502   1.8528   1.8528   1.8502   1.8542   1.8536
************  EL=  ************
 NI=  1 NI_GLOBAL=  1
   1.7768   0.0000   0.0000   0.0000  -0.0006   0.0000   0.0000   0.0008   0.0000   0.0000   0.0000  -0.0062   0.0000   0.0000
   0.0000   1.7758   0.0000   0.0000   0.0000  -0.0006   0.0000   0.0000   0.0012   0.0000   0.0000   0.0000   0.0056   0.0000
   0.0000   0.0000   1.7753   0.0000   0.0000   0.0000   0.0000   0.0000   0.0000  -0.0034   0.0000   0.0000   0.0000  -0.0045
   0.0000   0.0000   0.0000   1.7753   0.0000   0.0000   0.0045   0.0000   0.0000   0.0000   0.0034   0.0000   0.0000   0.0000
  -0.0006   0.0000   0.0000   0.0000   1.7758   0.0000   0.0000  -0.0056   0.0000   0.0000   0.0000  -0.0012   0.0000   0.0000
   0.0000  -0.0006   0.0000   0.0000   0.0000   1.7768   0.0000   0.0000   0.0062   0.0000   0.0000   0.0000  -0.0008   0.0000
   0.0000   0.0000   0.0000   0.0045   0.0000   0.0000   1.8536   0.0000   0.0000   0.0000  -0.0049   0.0000   0.0000   0.0000
   0.0008   0.0000   0.0000   0.0000  -0.0056   0.0000   0.0000   1.8542   0.0000   0.0000   0.0000   0.0030   0.0000   0.0000
   0.0000   0.0012   0.0000   0.0000   0.0000   0.0062   0.0000   0.0000   1.8502   0.0000   0.0000   0.0000   0.0030   0.0000
   0.0000   0.0000  -0.0034   0.0000   0.0000   0.0000   0.0000   0.0000   0.0000   1.8528   0.0000   0.0000   0.0000  -0.0049
   0.0000   0.0000   0.0000   0.0034   0.0000   0.0000  -0.0049   0.0000   0.0000   0.0000   1.8528   0.0000   0.0000   0.0000
  -0.0062   0.0000   0.0000   0.0000  -0.0012   0.0000   0.0000   0.0030   0.0000   0.0000   0.0000   1.8502   0.0000   0.0000
   0.0000   0.0056   0.0000   0.0000   0.0000  -0.0008   0.0000   0.0000   0.0030   0.0000   0.0000   0.0000   1.8542   0.0000
   0.0000   0.0000  -0.0045   0.0000   0.0000   0.0000   0.0000   0.0000   0.0000  -0.0049   0.0000   0.0000   0.0000   1.8536
 NI=  1 LOCAL ORBITAL LEVEL CENTER(ELC)=   1.820
************  EL0  ************
 NI=  1 NI_GLOBAL=  1
   1.7760   1.7760   1.7760   1.7760   1.7760   1.7760   1.8527   1.8527   1.8527   1.8527   1.8527   1.8527   1.8527   1.8527
************  ELL  ************
 NI=  1 NI_GLOBAL=  1
   1.7760   0.0000   0.0000   0.0000   0.0000   0.0000   0.0000   0.0000   0.0000   0.0000   0.0000   0.0000   0.0000   0.0000
   0.0000   1.7760   0.0000   0.0000   0.0000   0.0000   0.0000   0.0000   0.0000   0.0000   0.0000   0.0000   0.0000   0.0000
   0.0000   0.0000   1.7760   0.0000   0.0000   0.0000   0.0000   0.0000   0.0000   0.0000   0.0000   0.0000   0.0000   0.0000
   0.0000   0.0000   0.0000   1.7760   0.0000   0.0000   0.0000   0.0000   0.0000   0.0000   0.0000   0.0000   0.0000   0.0000
   0.0000   0.0000   0.0000   0.0000   1.7760   0.0000   0.0000   0.0000   0.0000   0.0000   0.0000   0.0000   0.0000   0.0000
   0.0000   0.0000   0.0000   0.0000   0.0000   1.7760   0.0000   0.0000   0.0000   0.0000   0.0000   0.0000   0.0000   0.0000
   0.0000   0.0000   0.0000   0.0000   0.0000   0.0000   1.8527   0.0000   0.0000   0.0000   0.0000   0.0000   0.0000   0.0000
   0.0000   0.0000   0.0000   0.0000   0.0000   0.0000   0.0000   1.8527   0.0000   0.0000   0.0000   0.0000   0.0000   0.0000
   0.0000   0.0000   0.0000   0.0000   0.0000   0.0000   0.0000   0.0000   1.8527   0.0000   0.0000   0.0000   0.0000   0.0000
   0.0000   0.0000   0.0000   0.0000   0.0000   0.0000   0.0000   0.0000   0.0000   1.8527   0.0000   0.0000   0.0000   0.0000
   0.0000   0.0000   0.0000   0.0000   0.0000   0.0000   0.0000   0.0000   0.0000   0.0000   1.8527   0.0000   0.0000   0.0000
   0.0000   0.0000   0.0000   0.0000   0.0000   0.0000   0.0000   0.0000   0.0000   0.0000   0.0000   1.8527   0.0000   0.0000
   0.0000   0.0000   0.0000   0.0000   0.0000   0.0000   0.0000   0.0000   0.0000   0.0000   0.0000   0.0000   1.8527   0.0000
   0.0000   0.0000   0.0000   0.0000   0.0000   0.0000   0.0000   0.0000   0.0000   0.0000   0.0000   0.0000   0.0000   1.8527
                  GET_EL0 takes  0 hours  0 minutes and    0.01 seconds (CPU).
                          takes  0 hours  0 minutes and    0.02 seconds (WALL).
 There are  4 blocks of bands, with band energy windows:
  -1.704  -1.578 |   -0.161   0.099 |    0.330   0.829 |    1.367   4.491 | 
 Band window indices:
         1      2 |          3      4 |          5      8 |          9     53 | 
 Band width
       0.126   |         0.260   |         0.499   |         3.124   |  
 Band gap
       1.418   |         0.231   |         0.539   |  
 CORRELATED BLOCK: EMIN/EMIX=    1.3671    2.2218
 CORRELATED BAND WIDTH=   0.855
         GUTZ_RED_PRJ_NEQ takes  0 hours  1 minutes and    4.10 seconds (CPU).
                          takes  0 hours  1 minutes and    3.98 seconds (WALL).
 NI=  1 DIM_PHIK=   41227 HL%DIM=  14913
       ID_PHIK_N=
      1      2      4     33    264   1639   6153  15546  27321  36714
  41228
       ID_PHIK_J=
      1      2      3      4      8      9     18     19     28     29
     33     37     73    122    171    220    245    254    263    264
    300    349    638    807   1168   1364   1533   1582   1631   1635
   1639   1739   2180   2964   3864   4705   5381   5781   6037   6118
   6143   6152   6153   6349   6710   8079   9448  11564  12933  14377
  14953  15353  15474  15538  15542  15546  15835  16796  18560  21060
  23176  24940  26165  26841  27165  27286  27311  27320  27321  27517
  27878  29247  30616  32732  34101  35545  36121  36521  36642  36706
  36710  36714  36814  37255  38039  38939  39780  40456  40856  41112
  41193  41218  41227  41228
          GUTZ_SET_PRJ_EQ takes  0 hours  0 minutes and    0.00 seconds (CPU).
                          takes  0 hours  0 minutes and    0.00 seconds (WALL).
************   WH%X  ************
    0.91874192    0.93010407
    1.74697320    1.87835449
************  RIN  ************
 NI=  1 NI_GLOBAL=  1
   0.9187   0.9187   0.9187   0.9187   0.9187   0.9187   0.9301   0.9301   0.9301   0.9301   0.9301   0.9301   0.9301   0.9301
************  LA1  ************
 NI=  1 NI_GLOBAL=  1
   1.7470   1.7470   1.7470   1.7470   1.7470   1.7470   1.8784   1.8784   1.8784   1.8784   1.8784   1.8784   1.8784   1.8784
             CALC_BAND_AL takes  0 hours  0 minutes and    1.17 seconds (CPU).
                          takes  0 hours  0 minutes and    0.59 seconds (WALL).
 ILOOP            1
 ILOOP            2
   FERMI ENERGY AT    1.77011213656100     
   SUM RULE OF TETRAHEDRON INTEGRATION CHECKED 
   number of occupied bands:          18
   highest energy:   1.78545347884484     
************  NK-  ************
 NI=  1 NI_GLOBAL=  1
   0.7115   0.7087   0.7082   0.7082   0.7087   0.7115   0.1253   0.1520   0.1434   0.1137   0.1137   0.1434   0.1520   0.1253
************  NNK  ************
 NI=  1 NI_GLOBAL=  1
   0.7115   0.0000   0.0000   0.0000   0.0212   0.0000   0.0000   0.0076   0.0000   0.0000   0.0000   0.0517   0.0000   0.0000
   0.0000   0.7087   0.0000   0.0000   0.0000   0.0212   0.0000   0.0000  -0.0273   0.0000   0.0000   0.0000  -0.0899   0.0000
   0.0000   0.0000   0.7082   0.0000   0.0000   0.0000   0.0000   0.0000   0.0000   0.0393   0.0000   0.0000   0.0000   0.0362
   0.0000   0.0000   0.0000   0.7082   0.0000   0.0000  -0.0362   0.0000   0.0000   0.0000  -0.0393   0.0000   0.0000   0.0000
   0.0212   0.0000   0.0000   0.0000   0.7087   0.0000   0.0000   0.0899   0.0000   0.0000   0.0000   0.0273   0.0000   0.0000
   0.0000   0.0212   0.0000   0.0000   0.0000   0.7115   0.0000   0.0000  -0.0517   0.0000   0.0000   0.0000  -0.0076   0.0000
   0.0000   0.0000   0.0000  -0.0362   0.0000   0.0000   0.1253   0.0000   0.0000   0.0000   0.0149   0.0000   0.0000   0.0000
   0.0076   0.0000   0.0000   0.0000   0.0899   0.0000   0.0000   0.1520   0.0000   0.0000   0.0000  -0.0008   0.0000   0.0000
   0.0000  -0.0273   0.0000   0.0000   0.0000  -0.0517   0.0000   0.0000   0.1434   0.0000   0.0000   0.0000  -0.0008   0.0000
   0.0000   0.0000   0.0393   0.0000   0.0000   0.0000   0.0000   0.0000   0.0000   0.1137   0.0000   0.0000   0.0000   0.0149
   0.0000   0.0000   0.0000  -0.0393   0.0000   0.0000   0.0149   0.0000   0.0000   0.0000   0.1137   0.0000   0.0000   0.0000
   0.0517   0.0000   0.0000   0.0000   0.0273   0.0000   0.0000  -0.0008   0.0000   0.0000   0.0000   0.1434   0.0000   0.0000
   0.0000  -0.0899   0.0000   0.0000   0.0000  -0.0076   0.0000   0.0000  -0.0008   0.0000   0.0000   0.0000   0.1520   0.0000
   0.0000   0.0000   0.0362   0.0000   0.0000   0.0000   0.0000   0.0000   0.0000   0.0149   0.0000   0.0000   0.0000   0.1253
************  NKS  ************
 NI=  1 NI_GLOBAL=  1
   0.7094   0.7094   0.7094   0.7094   0.7094   0.7094   0.1336   0.1336   0.1336   0.1336   0.1336   0.1336   0.1336   0.1336
 NELE_LOC TOTAL:
           5.3254751982095936
              CALC_DA_BND takes  0 hours  0 minutes and    0.19 seconds (CPU).
                          takes  0 hours  0 minutes and    0.20 seconds (WALL).
************  DA-  ************
 NI=  1 NI_GLOBAL=  1
  -0.0345  -0.0364  -0.0352  -0.0352  -0.0364  -0.0345  -0.0265  -0.0321  -0.0290  -0.0258  -0.0258  -0.0290  -0.0321  -0.0265
************  DAA  ************
 NI=  1 NI_GLOBAL=  1
  -0.0353  -0.0353  -0.0353  -0.0353  -0.0353  -0.0353  -0.0284  -0.0284  -0.0284  -0.0284  -0.0284  -0.0284  -0.0284  -0.0284
 NI=  1 VDC=    1.3607
************  LA2  ************
 NI=  1 NI_GLOBAL=  1
  -3.1737  -3.1737  -3.1737  -3.1737  -3.1737  -3.1737  -3.0721  -3.0721  -3.0721  -3.0721  -3.0721  -3.0721  -3.0721  -3.0721
 NI=  1 PHI-step gap=  0.16E+00
************  RAA  ************
 NI=  1 NI_GLOBAL=  1
   0.9187   0.9187   0.9187   0.9187   0.9187   0.9187   0.9302   0.9302   0.9302   0.9302   0.9302   0.9302   0.9302   0.9302
************  NC0  ************
 NI=  1 NI_GLOBAL=  1
   0.7095   0.7095   0.7095   0.7095   0.7095   0.7095   0.1336   0.1336   0.1336   0.1336   0.1336   0.1336   0.1336   0.1336
                  CALC_LC takes  0 hours 11 minutes and   21.56 seconds (CPU).
                          takes  0 hours 11 minutes and   21.41 seconds (WALL).
                GUTZ_FCN1 takes  0 hours 11 minutes and   23.15 seconds (CPU).
                          takes  0 hours 11 minutes and   22.43 seconds (WALL).
************  DIF_X  ************
   -0.000042162449    0.000056875331
    0.000048529203    0.000019809324
 ITER1=  1 MAXERR=    0.00005688
************   WH%X  ************
    0.91874505    0.93010263
    1.74691228    1.87829055
************  RIN  ************
 NI=  1 NI_GLOBAL=  1
   0.9187   0.9187   0.9187   0.9187   0.9187   0.9187   0.9301   0.9301   0.9301   0.9301   0.9301   0.9301   0.9301   0.9301
************  LA1  ************
 NI=  1 NI_GLOBAL=  1
   1.7469   1.7469   1.7469   1.7469   1.7469   1.7469   1.8783   1.8783   1.8783   1.8783   1.8783   1.8783   1.8783   1.8783
             CALC_BAND_AL takes  0 hours  0 minutes and    1.17 seconds (CPU).
                          takes  0 hours  0 minutes and    0.59 seconds (WALL).
 ILOOP            1
   FERMI ENERGY AT    1.77005414435266     
   SUM RULE OF TETRAHEDRON INTEGRATION CHECKED 
   number of occupied bands:          18
   highest energy:   1.78540653884061     
************  NK-  ************
 NI=  1 NI_GLOBAL=  1
   0.7115   0.7087   0.7082   0.7082   0.7087   0.7115   0.1254   0.1520   0.1434   0.1137   0.1137   0.1434   0.1520   0.1254
************  NNK  ************
 NI=  1 NI_GLOBAL=  1
   0.7115   0.0000   0.0000   0.0000   0.0212   0.0000   0.0000   0.0076   0.0000   0.0000   0.0000   0.0517   0.0000   0.0000
   0.0000   0.7087   0.0000   0.0000   0.0000   0.0212   0.0000   0.0000  -0.0273   0.0000   0.0000   0.0000  -0.0899   0.0000
   0.0000   0.0000   0.7082   0.0000   0.0000   0.0000   0.0000   0.0000   0.0000   0.0393   0.0000   0.0000   0.0000   0.0362
   0.0000   0.0000   0.0000   0.7082   0.0000   0.0000  -0.0362   0.0000   0.0000   0.0000  -0.0393   0.0000   0.0000   0.0000
   0.0212   0.0000   0.0000   0.0000   0.7087   0.0000   0.0000   0.0899   0.0000   0.0000   0.0000   0.0273   0.0000   0.0000
   0.0000   0.0212   0.0000   0.0000   0.0000   0.7115   0.0000   0.0000  -0.0517   0.0000   0.0000   0.0000  -0.0076   0.0000
   0.0000   0.0000   0.0000  -0.0362   0.0000   0.0000   0.1254   0.0000   0.0000   0.0000   0.0149   0.0000   0.0000   0.0000
   0.0076   0.0000   0.0000   0.0000   0.0899   0.0000   0.0000   0.1520   0.0000   0.0000   0.0000  -0.0008   0.0000   0.0000
   0.0000  -0.0273   0.0000   0.0000   0.0000  -0.0517   0.0000   0.0000   0.1434   0.0000   0.0000   0.0000  -0.0008   0.0000
   0.0000   0.0000   0.0393   0.0000   0.0000   0.0000   0.0000   0.0000   0.0000   0.1137   0.0000   0.0000   0.0000   0.0149
   0.0000   0.0000   0.0000  -0.0393   0.0000   0.0000   0.0149   0.0000   0.0000   0.0000   0.1137   0.0000   0.0000   0.0000
   0.0517   0.0000   0.0000   0.0000   0.0273   0.0000   0.0000  -0.0008   0.0000   0.0000   0.0000   0.1434   0.0000   0.0000
   0.0000  -0.0899   0.0000   0.0000   0.0000  -0.0076   0.0000   0.0000  -0.0008   0.0000   0.0000   0.0000   0.1520   0.0000
   0.0000   0.0000   0.0362   0.0000   0.0000   0.0000   0.0000   0.0000   0.0000   0.0149   0.0000   0.0000   0.0000   0.1254
************  NKS  ************
 NI=  1 NI_GLOBAL=  1
   0.7095   0.7095   0.7095   0.7095   0.7095   0.7095   0.1336   0.1336   0.1336   0.1336   0.1336   0.1336   0.1336   0.1336
 NELE_LOC TOTAL:
           5.3258235398365805
              CALC_DA_BND takes  0 hours  0 minutes and    0.19 seconds (CPU).
                          takes  0 hours  0 minutes and    0.19 seconds (WALL).
************  DA-  ************
 NI=  1 NI_GLOBAL=  1
  -0.0345  -0.0364  -0.0352  -0.0352  -0.0364  -0.0345  -0.0265  -0.0321  -0.0290  -0.0258  -0.0258  -0.0290  -0.0321  -0.0265
************  DAA  ************
 NI=  1 NI_GLOBAL=  1
  -0.0353  -0.0353  -0.0353  -0.0353  -0.0353  -0.0353  -0.0284  -0.0284  -0.0284  -0.0284  -0.0284  -0.0284  -0.0284  -0.0284
 NI=  1 VDC=    1.3607
************  LA2  ************
 NI=  1 NI_GLOBAL=  1
  -3.1736  -3.1736  -3.1736  -3.1736  -3.1736  -3.1736  -3.0720  -3.0720  -3.0720  -3.0720  -3.0720  -3.0720  -3.0720  -3.0720
 NI=  1 PHI-step gap=  0.16E+00
************  RAA  ************
 NI=  1 NI_GLOBAL=  1
   0.9187   0.9187   0.9187   0.9187   0.9187   0.9187   0.9301   0.9301   0.9301   0.9301   0.9301   0.9301   0.9301   0.9301
************  NC0  ************
 NI=  1 NI_GLOBAL=  1
   0.7095   0.7095   0.7095   0.7095   0.7095   0.7095   0.1336   0.1336   0.1336   0.1336   0.1336   0.1336   0.1336   0.1336
                  CALC_LC takes  0 hours  9 minutes and   14.18 seconds (CPU).
                          takes  0 hours  9 minutes and   14.08 seconds (WALL).
                GUTZ_FCN1 takes  0 hours  9 minutes and   15.92 seconds (CPU).
                          takes  0 hours  9 minutes and   15.08 seconds (WALL).
************  DIF_X  ************
    0.000004653807   -0.000007539839
   -0.000004014614   -0.000002662556
 ITER1=  2 MAXERR=    0.00000754
************   WH%X  ************
    0.91874599    0.93010302
    1.74691757    1.87829738
************  RIN  ************
 NI=  1 NI_GLOBAL=  1
   0.9187   0.9187   0.9187   0.9187   0.9187   0.9187   0.9301   0.9301   0.9301   0.9301   0.9301   0.9301   0.9301   0.9301
************  LA1  ************
 NI=  1 NI_GLOBAL=  1
   1.7469   1.7469   1.7469   1.7469   1.7469   1.7469   1.8783   1.8783   1.8783   1.8783   1.8783   1.8783   1.8783   1.8783
             CALC_BAND_AL takes  0 hours  0 minutes and    1.20 seconds (CPU).
                          takes  0 hours  0 minutes and    0.60 seconds (WALL).
 ILOOP            1
   FERMI ENERGY AT    1.77006037342907     
   SUM RULE OF TETRAHEDRON INTEGRATION CHECKED 
   number of occupied bands:          18
   highest energy:   1.78541090978788     
************  NK-  ************
 NI=  1 NI_GLOBAL=  1
   0.7115   0.7087   0.7082   0.7082   0.7087   0.7115   0.1254   0.1520   0.1434   0.1137   0.1137   0.1434   0.1520   0.1254
************  NNK  ************
 NI=  1 NI_GLOBAL=  1
   0.7115   0.0000   0.0000   0.0000   0.0212   0.0000   0.0000   0.0076   0.0000   0.0000   0.0000   0.0517   0.0000   0.0000
   0.0000   0.7087   0.0000   0.0000   0.0000   0.0212   0.0000   0.0000  -0.0273   0.0000   0.0000   0.0000  -0.0899   0.0000
   0.0000   0.0000   0.7082   0.0000   0.0000   0.0000   0.0000   0.0000   0.0000   0.0393   0.0000   0.0000   0.0000   0.0362
   0.0000   0.0000   0.0000   0.7082   0.0000   0.0000  -0.0362   0.0000   0.0000   0.0000  -0.0393   0.0000   0.0000   0.0000
   0.0212   0.0000   0.0000   0.0000   0.7087   0.0000   0.0000   0.0899   0.0000   0.0000   0.0000   0.0273   0.0000   0.0000
   0.0000   0.0212   0.0000   0.0000   0.0000   0.7115   0.0000   0.0000  -0.0517   0.0000   0.0000   0.0000  -0.0076   0.0000
   0.0000   0.0000   0.0000  -0.0362   0.0000   0.0000   0.1254   0.0000   0.0000   0.0000   0.0149   0.0000   0.0000   0.0000
   0.0076   0.0000   0.0000   0.0000   0.0899   0.0000   0.0000   0.1520   0.0000   0.0000   0.0000  -0.0008   0.0000   0.0000
   0.0000  -0.0273   0.0000   0.0000   0.0000  -0.0517   0.0000   0.0000   0.1434   0.0000   0.0000   0.0000  -0.0008   0.0000
   0.0000   0.0000   0.0393   0.0000   0.0000   0.0000   0.0000   0.0000   0.0000   0.1137   0.0000   0.0000   0.0000   0.0149
   0.0000   0.0000   0.0000  -0.0393   0.0000   0.0000   0.0149   0.0000   0.0000   0.0000   0.1137   0.0000   0.0000   0.0000
   0.0517   0.0000   0.0000   0.0000   0.0273   0.0000   0.0000  -0.0008   0.0000   0.0000   0.0000   0.1434   0.0000   0.0000
   0.0000  -0.0899   0.0000   0.0000   0.0000  -0.0076   0.0000   0.0000  -0.0008   0.0000   0.0000   0.0000   0.1520   0.0000
   0.0000   0.0000   0.0362   0.0000   0.0000   0.0000   0.0000   0.0000   0.0000   0.0149   0.0000   0.0000   0.0000   0.1254
************  NKS  ************
 NI=  1 NI_GLOBAL=  1
   0.7095   0.7095   0.7095   0.7095   0.7095   0.7095   0.1336   0.1336   0.1336   0.1336   0.1336   0.1336   0.1336   0.1336
 NELE_LOC TOTAL:
           5.3258019436417783
              CALC_DA_BND takes  0 hours  0 minutes and    0.18 seconds (CPU).
                          takes  0 hours  0 minutes and    0.18 seconds (WALL).
************  DA-  ************
 NI=  1 NI_GLOBAL=  1
  -0.0345  -0.0364  -0.0352  -0.0352  -0.0364  -0.0345  -0.0265  -0.0321  -0.0290  -0.0258  -0.0258  -0.0290  -0.0321  -0.0265
************  DAA  ************
 NI=  1 NI_GLOBAL=  1
  -0.0353  -0.0353  -0.0353  -0.0353  -0.0353  -0.0353  -0.0284  -0.0284  -0.0284  -0.0284  -0.0284  -0.0284  -0.0284  -0.0284
 NI=  1 VDC=    1.3607
************  LA2  ************
 NI=  1 NI_GLOBAL=  1
  -3.1736  -3.1736  -3.1736  -3.1736  -3.1736  -3.1736  -3.0720  -3.0720  -3.0720  -3.0720  -3.0720  -3.0720  -3.0720  -3.0720
 NI=  1 PHI-step gap=  0.16E+00
************  RAA  ************
 NI=  1 NI_GLOBAL=  1
   0.9187   0.9187   0.9187   0.9187   0.9187   0.9187   0.9301   0.9301   0.9301   0.9301   0.9301   0.9301   0.9301   0.9301
************  NC0  ************
 NI=  1 NI_GLOBAL=  1
   0.7095   0.7095   0.7095   0.7095   0.7095   0.7095   0.1336   0.1336   0.1336   0.1336   0.1336   0.1336   0.1336   0.1336
                  CALC_LC takes  0 hours  9 minutes and   48.25 seconds (CPU).
                          takes  0 hours  9 minutes and   48.29 seconds (WALL).
                GUTZ_FCN1 takes  0 hours  9 minutes and   49.83 seconds (CPU).
                          takes  0 hours  9 minutes and   49.27 seconds (WALL).
************  DIF_X  ************
    0.000000791018   -0.000001328427
   -0.000000731776   -0.000000479118
 ITER1=  3 MAXERR=    0.00000133
************   WH%X  ************
    0.91874613    0.93010314
    1.74691874    1.87829888
************  RIN  ************
 NI=  1 NI_GLOBAL=  1
   0.9187   0.9187   0.9187   0.9187   0.9187   0.9187   0.9301   0.9301   0.9301   0.9301   0.9301   0.9301   0.9301   0.9301
************  LA1  ************
 NI=  1 NI_GLOBAL=  1
   1.7469   1.7469   1.7469   1.7469   1.7469   1.7469   1.8783   1.8783   1.8783   1.8783   1.8783   1.8783   1.8783   1.8783
             CALC_BAND_AL takes  0 hours  0 minutes and    1.16 seconds (CPU).
                          takes  0 hours  0 minutes and    0.58 seconds (WALL).
 ILOOP            1
   FERMI ENERGY AT    1.77006037342907     
   SUM RULE OF TETRAHEDRON INTEGRATION CHECKED 
   number of occupied bands:          18
   highest energy:   1.78541186796179     
************  NK-  ************
 NI=  1 NI_GLOBAL=  1
   0.7115   0.7087   0.7082   0.7082   0.7087   0.7115   0.1254   0.1520   0.1434   0.1137   0.1137   0.1434   0.1520   0.1254
************  NNK  ************
 NI=  1 NI_GLOBAL=  1
   0.7115   0.0000   0.0000   0.0000   0.0212   0.0000   0.0000   0.0076   0.0000   0.0000   0.0000   0.0517   0.0000   0.0000
   0.0000   0.7087   0.0000   0.0000   0.0000   0.0212   0.0000   0.0000  -0.0273   0.0000   0.0000   0.0000  -0.0899   0.0000
   0.0000   0.0000   0.7082   0.0000   0.0000   0.0000   0.0000   0.0000   0.0000   0.0393   0.0000   0.0000   0.0000   0.0362
   0.0000   0.0000   0.0000   0.7082   0.0000   0.0000  -0.0362   0.0000   0.0000   0.0000  -0.0393   0.0000   0.0000   0.0000
   0.0212   0.0000   0.0000   0.0000   0.7087   0.0000   0.0000   0.0899   0.0000   0.0000   0.0000   0.0273   0.0000   0.0000
   0.0000   0.0212   0.0000   0.0000   0.0000   0.7115   0.0000   0.0000  -0.0517   0.0000   0.0000   0.0000  -0.0076   0.0000
   0.0000   0.0000   0.0000  -0.0362   0.0000   0.0000   0.1254   0.0000   0.0000   0.0000   0.0149   0.0000   0.0000   0.0000
   0.0076   0.0000   0.0000   0.0000   0.0899   0.0000   0.0000   0.1520   0.0000   0.0000   0.0000  -0.0008   0.0000   0.0000
   0.0000  -0.0273   0.0000   0.0000   0.0000  -0.0517   0.0000   0.0000   0.1434   0.0000   0.0000   0.0000  -0.0008   0.0000
   0.0000   0.0000   0.0393   0.0000   0.0000   0.0000   0.0000   0.0000   0.0000   0.1137   0.0000   0.0000   0.0000   0.0149
   0.0000   0.0000   0.0000  -0.0393   0.0000   0.0000   0.0149   0.0000   0.0000   0.0000   0.1137   0.0000   0.0000   0.0000
   0.0517   0.0000   0.0000   0.0000   0.0273   0.0000   0.0000  -0.0008   0.0000   0.0000   0.0000   0.1434   0.0000   0.0000
   0.0000  -0.0899   0.0000   0.0000   0.0000  -0.0076   0.0000   0.0000  -0.0008   0.0000   0.0000   0.0000   0.1520   0.0000
   0.0000   0.0000   0.0362   0.0000   0.0000   0.0000   0.0000   0.0000   0.0000   0.0149   0.0000   0.0000   0.0000   0.1254
************  NKS  ************
 NI=  1 NI_GLOBAL=  1
   0.7095   0.7095   0.7095   0.7095   0.7095   0.7095   0.1336   0.1336   0.1336   0.1336   0.1336   0.1336   0.1336   0.1336
 NELE_LOC TOTAL:
           5.3257834434029796
              CALC_DA_BND takes  0 hours  0 minutes and    0.18 seconds (CPU).
                          takes  0 hours  0 minutes and    0.17 seconds (WALL).
************  DA-  ************
 NI=  1 NI_GLOBAL=  1
  -0.0345  -0.0364  -0.0352  -0.0352  -0.0364  -0.0345  -0.0265  -0.0321  -0.0290  -0.0258  -0.0258  -0.0290  -0.0321  -0.0265
************  DAA  ************
 NI=  1 NI_GLOBAL=  1
  -0.0353  -0.0353  -0.0353  -0.0353  -0.0353  -0.0353  -0.0284  -0.0284  -0.0284  -0.0284  -0.0284  -0.0284  -0.0284  -0.0284
 NI=  1 VDC=    1.3607
************  LA2  ************
 NI=  1 NI_GLOBAL=  1
  -3.1736  -3.1736  -3.1736  -3.1736  -3.1736  -3.1736  -3.0720  -3.0720  -3.0720  -3.0720  -3.0720  -3.0720  -3.0720  -3.0720
 NI=  1 PHI-step gap=  0.16E+00
************  RAA  ************
 NI=  1 NI_GLOBAL=  1
   0.9187   0.9187   0.9187   0.9187   0.9187   0.9187   0.9301   0.9301   0.9301   0.9301   0.9301   0.9301   0.9301   0.9301
************  NC0  ************
 NI=  1 NI_GLOBAL=  1
   0.7095   0.7095   0.7095   0.7095   0.7095   0.7095   0.1336   0.1336   0.1336   0.1336   0.1336   0.1336   0.1336   0.1336
                  CALC_LC takes  0 hours  7 minutes and    9.73 seconds (CPU).
                          takes  0 hours  7 minutes and    9.75 seconds (WALL).
                GUTZ_FCN1 takes  0 hours  7 minutes and   11.29 seconds (CPU).
                          takes  0 hours  7 minutes and   10.70 seconds (WALL).
************  DIF_X  ************
   -0.000001121371    0.000001896094
    0.000001048596    0.000000682284
 ITER1=  4 MAXERR=    0.00000190
************   WH%X  ************
    0.91874605    0.93010307
    1.74691805    1.87829800
************  RIN  ************
 NI=  1 NI_GLOBAL=  1
   0.9187   0.9187   0.9187   0.9187   0.9187   0.9187   0.9301   0.9301   0.9301   0.9301   0.9301   0.9301   0.9301   0.9301
************  LA1  ************
 NI=  1 NI_GLOBAL=  1
   1.7469   1.7469   1.7469   1.7469   1.7469   1.7469   1.8783   1.8783   1.8783   1.8783   1.8783   1.8783   1.8783   1.8783
             CALC_BAND_AL takes  0 hours  0 minutes and    1.13 seconds (CPU).
                          takes  0 hours  0 minutes and    0.58 seconds (WALL).
 ILOOP            1
   FERMI ENERGY AT    1.77006037342907     
   SUM RULE OF TETRAHEDRON INTEGRATION CHECKED 
   number of occupied bands:          18
   highest energy:   1.78541130418652     
************  NK-  ************
 NI=  1 NI_GLOBAL=  1
   0.7115   0.7087   0.7082   0.7082   0.7087   0.7115   0.1254   0.1520   0.1434   0.1137   0.1137   0.1434   0.1520   0.1254
************  NNK  ************
 NI=  1 NI_GLOBAL=  1
   0.7115   0.0000   0.0000   0.0000   0.0212   0.0000   0.0000   0.0076   0.0000   0.0000   0.0000   0.0517   0.0000   0.0000
   0.0000   0.7087   0.0000   0.0000   0.0000   0.0212   0.0000   0.0000  -0.0273   0.0000   0.0000   0.0000  -0.0899   0.0000
   0.0000   0.0000   0.7082   0.0000   0.0000   0.0000   0.0000   0.0000   0.0000   0.0393   0.0000   0.0000   0.0000   0.0362
   0.0000   0.0000   0.0000   0.7082   0.0000   0.0000  -0.0362   0.0000   0.0000   0.0000  -0.0393   0.0000   0.0000   0.0000
   0.0212   0.0000   0.0000   0.0000   0.7087   0.0000   0.0000   0.0899   0.0000   0.0000   0.0000   0.0273   0.0000   0.0000
   0.0000   0.0212   0.0000   0.0000   0.0000   0.7115   0.0000   0.0000  -0.0517   0.0000   0.0000   0.0000  -0.0076   0.0000
   0.0000   0.0000   0.0000  -0.0362   0.0000   0.0000   0.1254   0.0000   0.0000   0.0000   0.0149   0.0000   0.0000   0.0000
   0.0076   0.0000   0.0000   0.0000   0.0899   0.0000   0.0000   0.1520   0.0000   0.0000   0.0000  -0.0008   0.0000   0.0000
   0.0000  -0.0273   0.0000   0.0000   0.0000  -0.0517   0.0000   0.0000   0.1434   0.0000   0.0000   0.0000  -0.0008   0.0000
   0.0000   0.0000   0.0393   0.0000   0.0000   0.0000   0.0000   0.0000   0.0000   0.1137   0.0000   0.0000   0.0000   0.0149
   0.0000   0.0000   0.0000  -0.0393   0.0000   0.0000   0.0149   0.0000   0.0000   0.0000   0.1137   0.0000   0.0000   0.0000
   0.0517   0.0000   0.0000   0.0000   0.0273   0.0000   0.0000  -0.0008   0.0000   0.0000   0.0000   0.1434   0.0000   0.0000
   0.0000  -0.0899   0.0000   0.0000   0.0000  -0.0076   0.0000   0.0000  -0.0008   0.0000   0.0000   0.0000   0.1520   0.0000
   0.0000   0.0000   0.0362   0.0000   0.0000   0.0000   0.0000   0.0000   0.0000   0.0149   0.0000   0.0000   0.0000   0.1254
************  NKS  ************
 NI=  1 NI_GLOBAL=  1
   0.7095   0.7095   0.7095   0.7095   0.7095   0.7095   0.1336   0.1336   0.1336   0.1336   0.1336   0.1336   0.1336   0.1336
 NELE_LOC TOTAL:
           5.3257943343470346
              CALC_DA_BND takes  0 hours  0 minutes and    0.18 seconds (CPU).
                          takes  0 hours  0 minutes and    0.19 seconds (WALL).
************  DA-  ************
 NI=  1 NI_GLOBAL=  1
  -0.0345  -0.0364  -0.0352  -0.0352  -0.0364  -0.0345  -0.0265  -0.0321  -0.0290  -0.0258  -0.0258  -0.0290  -0.0321  -0.0265
************  DAA  ************
 NI=  1 NI_GLOBAL=  1
  -0.0353  -0.0353  -0.0353  -0.0353  -0.0353  -0.0353  -0.0284  -0.0284  -0.0284  -0.0284  -0.0284  -0.0284  -0.0284  -0.0284
 NI=  1 VDC=    1.3607
************  LA2  ************
 NI=  1 NI_GLOBAL=  1
  -3.1736  -3.1736  -3.1736  -3.1736  -3.1736  -3.1736  -3.0720  -3.0720  -3.0720  -3.0720  -3.0720  -3.0720  -3.0720  -3.0720
 NI=  1 PHI-step gap=  0.16E+00
************  RAA  ************
 NI=  1 NI_GLOBAL=  1
   0.9187   0.9187   0.9187   0.9187   0.9187   0.9187   0.9301   0.9301   0.9301   0.9301   0.9301   0.9301   0.9301   0.9301
************  NC0  ************
 NI=  1 NI_GLOBAL=  1
   0.7095   0.7095   0.7095   0.7095   0.7095   0.7095   0.1336   0.1336   0.1336   0.1336   0.1336   0.1336   0.1336   0.1336
                  CALC_LC takes  0 hours  6 minutes and   54.85 seconds (CPU).
                          takes  0 hours  6 minutes and   54.67 seconds (WALL).
                GUTZ_FCN1 takes  0 hours  6 minutes and   56.37 seconds (CPU).
                          takes  0 hours  6 minutes and   55.64 seconds (WALL).
************  DIF_X  ************
    0.000000000635   -0.000000001070
   -0.000000000583   -0.000000000386
 ITER1=  5 MAXERR=    0.00000000
 NFJAC=   0
 SOLVE1 FINISHED WITH       5 ITERATIONS.
               GUTZ_SOLVE takes  0 hours 44 minutes and   36.57 seconds (CPU).
                          takes  0 hours 44 minutes and   33.12 seconds (WALL).
 MAX. NELF1 DIFF=    0.00282412
               CALC_PJRHO takes  0 hours  0 minutes and    0.43 seconds (CPU).
                          takes  0 hours  0 minutes and    0.38 seconds (WALL).
 NI=  1 SUM_PHY-SUM_KS=     -0.00000001 WOULD BE RENORMALIZED
************  NC1  ************
 NI=  1 NI_GLOBAL=  1
   0.7035   0.7035   0.7035   0.7035   0.7035   0.7035   0.1381   0.1381   0.1381   0.1381   0.1381   0.1381   0.1381   0.1381
               CALC_NCPHY takes  0 hours  0 minutes and   49.60 seconds (CPU).
                          takes  0 hours  0 minutes and   49.52 seconds (WALL).
 GYZ%PJ%EGAMM:
    12.84120
 ENG%GAMM:    12.84120
 ENG%POT2:     3.29799
 EDCLA1(NI) ARRAY:
    -9.444
 EDCUJ(NI) ARRAY:
    -3.269
 EDCUJV(NI) ARRAY:
    -7.247
 EDC(NI) ARRAY:
   -12.714
 ENG%DBLC:   -12.71356
 ENG%DC1 :    -9.44416
 ENG%DC2 :    -3.26940
 ENG%DC2V:    -7.24700
 DC_E_STD_TO_E_V:    -3.97760
 ENG%BAND:    11.94311
 ENG%DL(DEEP LEVEL):    -1.35473
 ENG%TB=    12.07076
 ENG%TB-DC2=    15.34016
 NI=  1 OCC_CONFIG_WEIGHT:
        OCC= 0 WEIGHT=   0.00000
        OCC= 1 WEIGHT=   0.00000
        OCC= 2 WEIGHT=   0.00044
        OCC= 3 WEIGHT=   0.01412
        OCC= 4 WEIGHT=   0.14485
        OCC= 5 WEIGHT=   0.42737
        OCC= 6 WEIGHT=   0.33248
        OCC= 7 WEIGHT=   0.07465
        OCC= 8 WEIGHT=   0.00590
        OCC= 9 WEIGHT=   0.00018
                 CALC_RCW takes  0 hours  0 minutes and    0.00 seconds (CPU).
                          takes  0 hours  0 minutes and    0.00 seconds (WALL).
 NI=  1 J2=   26.8244
                 CALC_SLJ takes  0 hours  0 minutes and    0.00 seconds (CPU).
                          takes  0 hours  0 minutes and    0.00 seconds (WALL).
 NI=  1 ENTANGLEMENT ENTROPY=      6.5223
           CALC_ENTANGLES takes  0 hours  0 minutes and    1.08 seconds (CPU).
                          takes  0 hours  0 minutes and    0.92 seconds (WALL).
 CORRELATED SUBSPACE, SUM_FERWT=      8.0000027 SUM_KSWT=      8.0000027
 MAX OFF DIAGONAL KS.WT=    0.000706
 MAX/MIN R=    0.930103    0.918746
                CALC_KSWT takes  0 hours  0 minutes and    0.04 seconds (CPU).
                          takes  0 hours  0 minutes and    0.03 seconds (WALL).
                    TOTAL takes  0 hours 46 minutes and   35.20 seconds (CPU).
                          takes  0 hours 46 minutes and   29.82 seconds (WALL).
