******Program DMFT: Computes Gloc and Delta for Dynamical Mean Field Theory calculation ******
 CALCULATION WITH COMPLEX VECTORS
 CALCULATION WITH SOC VECTORS REQUIRED
 Running DMFT in mpi mode
  
 numkpt=         726
   0.00000   0.00000   0.00000   1.00000
   0.04762   0.04762   0.00000   4.00000
   0.09524   0.09524   0.00000   4.00000
   0.14286   0.14286   0.00000   4.00000
   0.19048   0.19048   0.00000   4.00000
   0.23810   0.23810   0.00000   4.00000
   0.28571   0.28571   0.00000   4.00000
   0.33333   0.33333   0.00000   4.00000
   0.38095   0.38095   0.00000   4.00000
   0.42857   0.42857   0.00000   4.00000
   0.47619   0.47619   0.00000   4.00000
   0.04762   0.00000   0.04762   8.00000
   0.09524   0.04762   0.04762  16.00000
   0.14286   0.09524   0.04762  16.00000
   0.19048   0.14286   0.04762  16.00000
   0.23810   0.19048   0.04762  16.00000
   0.28571   0.23810   0.04762  16.00000
   0.33333   0.28571   0.04762  16.00000
   0.38095   0.33333   0.04762  16.00000
   0.42857   0.38095   0.04762  16.00000
   0.47619   0.42857   0.04762  16.00000
   0.52381   0.47619   0.04762   8.00000
   0.09524   0.00000   0.09524   8.00000
   0.14286   0.04762   0.09524  16.00000
   0.19048   0.09524   0.09524  16.00000
   0.23810   0.14286   0.09524  16.00000
   0.28571   0.19048   0.09524  16.00000
   0.33333   0.23810   0.09524  16.00000
   0.38095   0.28571   0.09524  16.00000
   0.42857   0.33333   0.09524  16.00000
   0.47619   0.38095   0.09524  16.00000
   0.52381   0.42857   0.09524  16.00000
   1.04762   0.95238   0.09524   8.00000
   0.14286   0.00000   0.14286   8.00000
   0.19048   0.04762   0.14286  16.00000
   0.23810   0.09524   0.14286  16.00000
   0.28571   0.14286   0.14286  16.00000
   0.33333   0.19048   0.14286  16.00000
   0.38095   0.23810   0.14286  16.00000
   0.42857   0.28571   0.14286  16.00000
   0.47619   0.33333   0.14286  16.00000
   0.52381   0.38095   0.14286  16.00000
   0.57143   0.42857   0.14286   8.00000
   1.04762   0.90476   0.14286  16.00000
   0.19048   0.00000   0.19048   8.00000
   0.23810   0.04762   0.19048  16.00000
   0.28571   0.09524   0.19048  16.00000
   0.33333   0.14286   0.19048  16.00000
   0.38095   0.19048   0.19048  16.00000
   0.42857   0.23810   0.19048  16.00000
   0.47619   0.28571   0.19048  16.00000
   0.52381   0.33333   0.19048  16.00000
   0.57143   0.38095   0.19048  16.00000
   1.04762   0.85714   0.19048  16.00000
   1.09524   0.90476   0.19048   8.00000
   0.23810   0.00000   0.23810   8.00000
   0.28571   0.04762   0.23810  16.00000
   0.33333   0.09524   0.23810  16.00000
   0.38095   0.14286   0.23810  16.00000
   0.42857   0.19048   0.23810  16.00000
   0.47619   0.23810   0.23810  16.00000
   0.52381   0.28571   0.23810  16.00000
   0.57143   0.33333   0.23810  16.00000
   0.61905   0.38095   0.23810   8.00000
   1.04762   0.80952   0.23810  16.00000
   1.09524   0.85714   0.23810  16.00000
   0.28571   0.00000   0.28571   8.00000
   0.33333   0.04762   0.28571  16.00000
   0.38095   0.09524   0.28571  16.00000
   0.42857   0.14286   0.28571  16.00000
   0.47619   0.19048   0.28571  16.00000
   0.52381   0.23810   0.28571  16.00000
   0.57143   0.28571   0.28571  16.00000
   0.61905   0.33333   0.28571  16.00000
   1.04762   0.76190   0.28571  16.00000
   1.09524   0.80952   0.28571  16.00000
   1.14286   0.85714   0.28571   8.00000
   0.33333   0.00000   0.33333   8.00000
   0.38095   0.04762   0.33333  16.00000
   0.42857   0.09524   0.33333  16.00000
   0.47619   0.14286   0.33333  16.00000
   0.52381   0.19048   0.33333  16.00000
   0.57143   0.23810   0.33333  16.00000
   0.61905   0.28571   0.33333  16.00000
   0.66667   0.33333   0.33333   8.00000
   1.04762   0.71429   0.33333  16.00000
   1.09524   0.76190   0.33333  16.00000
   1.14286   0.80952   0.33333  16.00000
   0.38095   0.00000   0.38095   8.00000
   0.42857   0.04762   0.38095  16.00000
   0.47619   0.09524   0.38095  16.00000
   0.52381   0.14286   0.38095  16.00000
   0.57143   0.19048   0.38095  16.00000
   0.61905   0.23810   0.38095  16.00000
   0.66667   0.28571   0.38095  16.00000
   1.04762   0.66667   0.38095  16.00000
   1.09524   0.71429   0.38095  16.00000
   1.14286   0.76190   0.38095  16.00000
   1.19048   0.80952   0.38095   8.00000
   0.42857   0.00000   0.42857   8.00000
   0.47619   0.04762   0.42857  16.00000
   0.52381   0.09524   0.42857  16.00000
   0.57143   0.14286   0.42857  16.00000
   0.61905   0.19048   0.42857  16.00000
   0.66667   0.23810   0.42857  16.00000
   0.71429   0.28571   0.42857   8.00000
   1.04762   0.61905   0.42857  16.00000
   1.09524   0.66667   0.42857  16.00000
   1.14286   0.71429   0.42857  16.00000
   1.19048   0.76190   0.42857  16.00000
   0.47619   0.00000   0.47619   8.00000
   0.52381   0.04762   0.47619  16.00000
   0.57143   0.09524   0.47619  16.00000
   0.61905   0.14286   0.47619  16.00000
   0.66667   0.19048   0.47619  16.00000
   0.71429   0.23810   0.47619  16.00000
   1.04762   0.57143   0.47619  16.00000
   1.09524   0.61905   0.47619  16.00000
   1.14286   0.66667   0.47619  16.00000
   1.19048   0.71429   0.47619  16.00000
   1.23810   0.76190   0.47619   8.00000
   0.09524   0.09524   0.09524   8.00000
   0.14286   0.14286   0.09524   8.00000
   0.19048   0.19048   0.09524   8.00000
   0.23810   0.23810   0.09524   8.00000
   0.28571   0.28571   0.09524   8.00000
   0.33333   0.33333   0.09524   8.00000
   0.38095   0.38095   0.09524   8.00000
   0.42857   0.42857   0.09524   8.00000
   0.47619   0.47619   0.09524   8.00000
   1.00000   1.00000   0.09524   2.00000
   0.14286   0.09524   0.14286  16.00000
   0.19048   0.14286   0.14286  16.00000
   0.23810   0.19048   0.14286  16.00000
   0.28571   0.23810   0.14286  16.00000
   0.33333   0.28571   0.14286  16.00000
   0.38095   0.33333   0.14286  16.00000
   0.42857   0.38095   0.14286  16.00000
   0.47619   0.42857   0.14286  16.00000
   0.52381   0.47619   0.14286   8.00000
   1.00000   0.95238   0.14286   8.00000
   0.19048   0.09524   0.19048  16.00000
   0.23810   0.14286   0.19048  16.00000
   0.28571   0.19048   0.19048  16.00000
   0.33333   0.23810   0.19048  16.00000
   0.38095   0.28571   0.19048  16.00000
   0.42857   0.33333   0.19048  16.00000
   0.47619   0.38095   0.19048  16.00000
   0.52381   0.42857   0.19048  16.00000
   1.00000   0.90476   0.19048   8.00000
   1.04762   0.95238   0.19048   8.00000
   0.23810   0.09524   0.23810  16.00000
   0.28571   0.14286   0.23810  16.00000
   0.33333   0.19048   0.23810  16.00000
   0.38095   0.23810   0.23810  16.00000
   0.42857   0.28571   0.23810  16.00000
   0.47619   0.33333   0.23810  16.00000
   0.52381   0.38095   0.23810  16.00000
   0.57143   0.42857   0.23810   8.00000
   1.00000   0.85714   0.23810   8.00000
   1.04762   0.90476   0.23810  16.00000
   0.28571   0.09524   0.28571  16.00000
   0.33333   0.14286   0.28571  16.00000
   0.38095   0.19048   0.28571  16.00000
   0.42857   0.23810   0.28571  16.00000
   0.47619   0.28571   0.28571  16.00000
   0.52381   0.33333   0.28571  16.00000
   0.57143   0.38095   0.28571  16.00000
   1.00000   0.80952   0.28571   8.00000
   1.04762   0.85714   0.28571  16.00000
   1.09524   0.90476   0.28571   8.00000
   0.33333   0.09524   0.33333  16.00000
   0.38095   0.14286   0.33333  16.00000
   0.42857   0.19048   0.33333  16.00000
   0.47619   0.23810   0.33333  16.00000
   0.52381   0.28571   0.33333  16.00000
   0.57143   0.33333   0.33333  16.00000
   0.61905   0.38095   0.33333   8.00000
   1.00000   0.76190   0.33333   8.00000
   1.04762   0.80952   0.33333  16.00000
   1.09524   0.85714   0.33333  16.00000
   0.38095   0.09524   0.38095  16.00000
   0.42857   0.14286   0.38095  16.00000
   0.47619   0.19048   0.38095  16.00000
   0.52381   0.23810   0.38095  16.00000
   0.57143   0.28571   0.38095  16.00000
   0.61905   0.33333   0.38095  16.00000
   1.00000   0.71429   0.38095   8.00000
   1.04762   0.76190   0.38095  16.00000
   1.09524   0.80952   0.38095  16.00000
   1.14286   0.85714   0.38095   8.00000
   0.42857   0.09524   0.42857  16.00000
   0.47619   0.14286   0.42857  16.00000
   0.52381   0.19048   0.42857  16.00000
   0.57143   0.23810   0.42857  16.00000
   0.61905   0.28571   0.42857  16.00000
   0.66667   0.33333   0.42857   8.00000
   1.00000   0.66667   0.42857   8.00000
   1.04762   0.71429   0.42857  16.00000
   1.09524   0.76190   0.42857  16.00000
   1.14286   0.80952   0.42857  16.00000
   0.47619   0.09524   0.47619  16.00000
   0.52381   0.14286   0.47619  16.00000
   0.57143   0.19048   0.47619  16.00000
   0.61905   0.23810   0.47619  16.00000
   0.66667   0.28571   0.47619  16.00000
   1.00000   0.61905   0.47619   8.00000
   1.04762   0.66667   0.47619  16.00000
   1.09524   0.71429   0.47619  16.00000
   1.14286   0.76190   0.47619  16.00000
   1.19048   0.80952   0.47619   8.00000
   0.57143   0.14286   0.52381  16.00000
   0.61905   0.19048   0.52381  16.00000
   0.66667   0.23810   0.52381  16.00000
   0.71429   0.28571   0.52381   8.00000
   1.00000   0.57143   0.52381   8.00000
   1.04762   0.61905   0.52381  16.00000
   1.09524   0.66667   0.52381  16.00000
   1.14286   0.71429   0.52381  16.00000
   1.19048   0.76190   0.52381  16.00000
   0.61905   0.14286   0.57143  16.00000
   0.66667   0.19048   0.57143  16.00000
   0.71429   0.23810   0.57143  16.00000
   1.00000   0.52381   0.57143   8.00000
   1.04762   0.57143   0.57143  16.00000
   1.09524   0.61905   0.57143  16.00000
   1.14286   0.66667   0.57143  16.00000
   1.19048   0.71429   0.57143  16.00000
   1.23810   0.76190   0.57143   8.00000
   0.66667   0.14286   0.61905  16.00000
   0.71429   0.19048   0.61905  16.00000
   0.76190   0.23810   0.61905   8.00000
   1.00000   0.47619   0.61905   8.00000
   1.04762   0.52381   0.61905  16.00000
   1.09524   0.57143   0.61905  16.00000
   1.14286   0.61905   0.61905  16.00000
   1.19048   0.66667   0.61905  16.00000
   1.23810   0.71429   0.61905  16.00000
   0.71429   0.14286   0.66667  16.00000
   0.76190   0.19048   0.66667  16.00000
   1.00000   0.42857   0.66667   8.00000
   1.04762   0.47619   0.66667  16.00000
   1.09524   0.52381   0.66667  16.00000
   1.14286   0.57143   0.66667  16.00000
   1.19048   0.61905   0.66667  16.00000
   1.23810   0.66667   0.66667  16.00000
   1.28571   0.71429   0.66667   8.00000
   0.76190   0.14286   0.71429  16.00000
   0.80952   0.19048   0.71429   8.00000
   1.00000   0.38095   0.71429   8.00000
   1.04762   0.42857   0.71429  16.00000
   1.09524   0.47619   0.71429  16.00000
   1.14286   0.52381   0.71429  16.00000
   1.19048   0.57143   0.71429  16.00000
   1.23810   0.61905   0.71429  16.00000
   1.28571   0.66667   0.71429  16.00000
   0.80952   0.14286   0.76190  16.00000
   1.00000   0.33333   0.76190   8.00000
   1.04762   0.38095   0.76190  16.00000
   1.09524   0.42857   0.76190  16.00000
   1.14286   0.47619   0.76190  16.00000
   1.19048   0.52381   0.76190  16.00000
   1.23810   0.57143   0.76190  16.00000
   1.28571   0.61905   0.76190  16.00000
   1.33333   0.66667   0.76190   8.00000
   0.85714   0.14286   0.80952   8.00000
   1.00000   0.28571   0.80952   8.00000
   1.04762   0.33333   0.80952  16.00000
   1.09524   0.38095   0.80952  16.00000
   1.14286   0.42857   0.80952  16.00000
   1.19048   0.47619   0.80952  16.00000
   1.23810   0.52381   0.80952  16.00000
   1.28571   0.57143   0.80952  16.00000
   1.33333   0.61905   0.80952  16.00000
   1.00000   0.23810   0.85714   8.00000
   1.04762   0.28571   0.85714  16.00000
   1.09524   0.33333   0.85714  16.00000
   1.14286   0.38095   0.85714  16.00000
   1.19048   0.42857   0.85714  16.00000
   1.23810   0.47619   0.85714  16.00000
   1.28571   0.52381   0.85714  16.00000
   1.33333   0.57143   0.85714  16.00000
   1.38095   0.61905   0.85714   8.00000
   1.00000   0.19048   0.90476   8.00000
   1.04762   0.23810   0.90476  16.00000
   1.09524   0.28571   0.90476  16.00000
   1.14286   0.33333   0.90476  16.00000
   1.19048   0.38095   0.90476  16.00000
   1.23810   0.42857   0.90476  16.00000
   1.28571   0.47619   0.90476  16.00000
   1.33333   0.52381   0.90476  16.00000
   1.38095   0.57143   0.90476  16.00000
   1.00000   0.14286   0.95238   8.00000
   1.04762   0.19048   0.95238  16.00000
   1.09524   0.23810   0.95238  16.00000
   1.14286   0.28571   0.95238  16.00000
   1.19048   0.33333   0.95238  16.00000
   1.23810   0.38095   0.95238  16.00000
   1.28571   0.42857   0.95238  16.00000
   1.33333   0.47619   0.95238  16.00000
   1.38095   0.52381   0.95238  16.00000
   1.42857   0.57143   0.95238   8.00000
   1.00000   0.09524   1.00000   4.00000
   1.04762   0.14286   1.00000   8.00000
   1.09524   0.19048   1.00000   8.00000
   1.14286   0.23810   1.00000   8.00000
   1.19048   0.28571   1.00000   8.00000
   1.23810   0.33333   1.00000   8.00000
   1.28571   0.38095   1.00000   8.00000
   1.33333   0.42857   1.00000   8.00000
   1.38095   0.47619   1.00000   8.00000
   1.42857   0.52381   1.00000   8.00000
   0.19048   0.19048   0.19048   8.00000
   0.23810   0.23810   0.19048   8.00000
   0.28571   0.28571   0.19048   8.00000
   0.33333   0.33333   0.19048   8.00000
   0.38095   0.38095   0.19048   8.00000
   0.42857   0.42857   0.19048   8.00000
   0.47619   0.47619   0.19048   8.00000
   1.00000   1.00000   0.19048   2.00000
   0.23810   0.19048   0.23810  16.00000
   0.28571   0.23810   0.23810  16.00000
   0.33333   0.28571   0.23810  16.00000
   0.38095   0.33333   0.23810  16.00000
   0.42857   0.38095   0.23810  16.00000
   0.47619   0.42857   0.23810  16.00000
   0.52381   0.47619   0.23810   8.00000
   1.00000   0.95238   0.23810   8.00000
   0.28571   0.19048   0.28571  16.00000
   0.33333   0.23810   0.28571  16.00000
   0.38095   0.28571   0.28571  16.00000
   0.42857   0.33333   0.28571  16.00000
   0.47619   0.38095   0.28571  16.00000
   0.52381   0.42857   0.28571  16.00000
   1.00000   0.90476   0.28571   8.00000
   1.04762   0.95238   0.28571   8.00000
   0.33333   0.19048   0.33333  16.00000
   0.38095   0.23810   0.33333  16.00000
   0.42857   0.28571   0.33333  16.00000
   0.47619   0.33333   0.33333  16.00000
   0.52381   0.38095   0.33333  16.00000
   0.57143   0.42857   0.33333   8.00000
   1.00000   0.85714   0.33333   8.00000
   1.04762   0.90476   0.33333  16.00000
   0.38095   0.19048   0.38095  16.00000
   0.42857   0.23810   0.38095  16.00000
   0.47619   0.28571   0.38095  16.00000
   0.52381   0.33333   0.38095  16.00000
   0.57143   0.38095   0.38095  16.00000
   1.00000   0.80952   0.38095   8.00000
   1.04762   0.85714   0.38095  16.00000
   1.09524   0.90476   0.38095   8.00000
   0.42857   0.19048   0.42857  16.00000
   0.47619   0.23810   0.42857  16.00000
   0.52381   0.28571   0.42857  16.00000
   0.57143   0.33333   0.42857  16.00000
   0.61905   0.38095   0.42857   8.00000
   1.00000   0.76190   0.42857   8.00000
   1.04762   0.80952   0.42857  16.00000
   1.09524   0.85714   0.42857  16.00000
   0.47619   0.19048   0.47619  16.00000
   0.52381   0.23810   0.47619  16.00000
   0.57143   0.28571   0.47619  16.00000
   0.61905   0.33333   0.47619  16.00000
   1.00000   0.71429   0.47619   8.00000
   1.04762   0.76190   0.47619  16.00000
   1.09524   0.80952   0.47619  16.00000
   1.14286   0.85714   0.47619   8.00000
   0.57143   0.23810   0.52381  16.00000
   0.61905   0.28571   0.52381  16.00000
   0.66667   0.33333   0.52381   8.00000
   1.00000   0.66667   0.52381   8.00000
   1.04762   0.71429   0.52381  16.00000
   1.09524   0.76190   0.52381  16.00000
   1.14286   0.80952   0.52381  16.00000
   0.61905   0.23810   0.57143  16.00000
   0.66667   0.28571   0.57143  16.00000
   1.00000   0.61905   0.57143   8.00000
   1.04762   0.66667   0.57143  16.00000
   1.09524   0.71429   0.57143  16.00000
   1.14286   0.76190   0.57143  16.00000
   1.19048   0.80952   0.57143   8.00000
   0.66667   0.23810   0.61905  16.00000
   0.71429   0.28571   0.61905   8.00000
   1.00000   0.57143   0.61905   8.00000
   1.04762   0.61905   0.61905  16.00000
   1.09524   0.66667   0.61905  16.00000
   1.14286   0.71429   0.61905  16.00000
   1.19048   0.76190   0.61905  16.00000
   0.71429   0.23810   0.66667  16.00000
   1.00000   0.52381   0.66667   8.00000
   1.04762   0.57143   0.66667  16.00000
   1.09524   0.61905   0.66667  16.00000
   1.14286   0.66667   0.66667  16.00000
   1.19048   0.71429   0.66667  16.00000
   1.23810   0.76190   0.66667   8.00000
   0.76190   0.23810   0.71429   8.00000
   1.00000   0.47619   0.71429   8.00000
   1.04762   0.52381   0.71429  16.00000
   1.09524   0.57143   0.71429  16.00000
   1.14286   0.61905   0.71429  16.00000
   1.19048   0.66667   0.71429  16.00000
   1.23810   0.71429   0.71429  16.00000
   1.00000   0.42857   0.76190   8.00000
   1.04762   0.47619   0.76190  16.00000
   1.09524   0.52381   0.76190  16.00000
   1.14286   0.57143   0.76190  16.00000
   1.19048   0.61905   0.76190  16.00000
   1.23810   0.66667   0.76190  16.00000
   1.28571   0.71429   0.76190   8.00000
   1.00000   0.38095   0.80952   8.00000
   1.04762   0.42857   0.80952  16.00000
   1.09524   0.47619   0.80952  16.00000
   1.14286   0.52381   0.80952  16.00000
   1.19048   0.57143   0.80952  16.00000
   1.23810   0.61905   0.80952  16.00000
   1.28571   0.66667   0.80952  16.00000
   1.00000   0.33333   0.85714   8.00000
   1.04762   0.38095   0.85714  16.00000
   1.09524   0.42857   0.85714  16.00000
   1.14286   0.47619   0.85714  16.00000
   1.19048   0.52381   0.85714  16.00000
   1.23810   0.57143   0.85714  16.00000
   1.28571   0.61905   0.85714  16.00000
   1.33333   0.66667   0.85714   8.00000
   1.00000   0.28571   0.90476   8.00000
   1.04762   0.33333   0.90476  16.00000
   1.09524   0.38095   0.90476  16.00000
   1.14286   0.42857   0.90476  16.00000
   1.19048   0.47619   0.90476  16.00000
   1.23810   0.52381   0.90476  16.00000
   1.28571   0.57143   0.90476  16.00000
   1.33333   0.61905   0.90476  16.00000
   1.00000   0.23810   0.95238   8.00000
   1.04762   0.28571   0.95238  16.00000
   1.09524   0.33333   0.95238  16.00000
   1.14286   0.38095   0.95238  16.00000
   1.19048   0.42857   0.95238  16.00000
   1.23810   0.47619   0.95238  16.00000
   1.28571   0.52381   0.95238  16.00000
   1.33333   0.57143   0.95238  16.00000
   1.38095   0.61905   0.95238   8.00000
   1.00000   0.19048   1.00000   4.00000
   1.04762   0.23810   1.00000   8.00000
   1.09524   0.28571   1.00000   8.00000
   1.14286   0.33333   1.00000   8.00000
   1.19048   0.38095   1.00000   8.00000
   1.23810   0.42857   1.00000   8.00000
   1.28571   0.47619   1.00000   8.00000
   1.33333   0.52381   1.00000   8.00000
   1.38095   0.57143   1.00000   8.00000
   0.28571   0.28571   0.28571   8.00000
   0.33333   0.33333   0.28571   8.00000
   0.38095   0.38095   0.28571   8.00000
   0.42857   0.42857   0.28571   8.00000
   0.47619   0.47619   0.28571   8.00000
   1.00000   1.00000   0.28571   2.00000
   0.33333   0.28571   0.33333  16.00000
   0.38095   0.33333   0.33333  16.00000
   0.42857   0.38095   0.33333  16.00000
   0.47619   0.42857   0.33333  16.00000
   0.52381   0.47619   0.33333   8.00000
   1.00000   0.95238   0.33333   8.00000
   0.38095   0.28571   0.38095  16.00000
   0.42857   0.33333   0.38095  16.00000
   0.47619   0.38095   0.38095  16.00000
   0.52381   0.42857   0.38095  16.00000
   1.00000   0.90476   0.38095   8.00000
   1.04762   0.95238   0.38095   8.00000
   0.42857   0.28571   0.42857  16.00000
   0.47619   0.33333   0.42857  16.00000
   0.52381   0.38095   0.42857  16.00000
   0.57143   0.42857   0.42857   8.00000
   1.00000   0.85714   0.42857   8.00000
   1.04762   0.90476   0.42857  16.00000
   0.47619   0.28571   0.47619  16.00000
   0.52381   0.33333   0.47619  16.00000
   0.57143   0.38095   0.47619  16.00000
   1.00000   0.80952   0.47619   8.00000
   1.04762   0.85714   0.47619  16.00000
   1.09524   0.90476   0.47619   8.00000
   0.57143   0.33333   0.52381  16.00000
   0.61905   0.38095   0.52381   8.00000
   1.00000   0.76190   0.52381   8.00000
   1.04762   0.80952   0.52381  16.00000
   1.09524   0.85714   0.52381  16.00000
   0.61905   0.33333   0.57143  16.00000
   1.00000   0.71429   0.57143   8.00000
   1.04762   0.76190   0.57143  16.00000
   1.09524   0.80952   0.57143  16.00000
   1.14286   0.85714   0.57143   8.00000
   0.66667   0.33333   0.61905   8.00000
   1.00000   0.66667   0.61905   8.00000
   1.04762   0.71429   0.61905  16.00000
   1.09524   0.76190   0.61905  16.00000
   1.14286   0.80952   0.61905  16.00000
   1.00000   0.61905   0.66667   8.00000
   1.04762   0.66667   0.66667  16.00000
   1.09524   0.71429   0.66667  16.00000
   1.14286   0.76190   0.66667  16.00000
   1.19048   0.80952   0.66667   8.00000
   1.00000   0.57143   0.71429   8.00000
   1.04762   0.61905   0.71429  16.00000
   1.09524   0.66667   0.71429  16.00000
   1.14286   0.71429   0.71429  16.00000
   1.19048   0.76190   0.71429  16.00000
   1.00000   0.52381   0.76190   8.00000
   1.04762   0.57143   0.76190  16.00000
   1.09524   0.61905   0.76190  16.00000
   1.14286   0.66667   0.76190  16.00000
   1.19048   0.71429   0.76190  16.00000
   1.23810   0.76190   0.76190   8.00000
   1.00000   0.47619   0.80952   8.00000
   1.04762   0.52381   0.80952  16.00000
   1.09524   0.57143   0.80952  16.00000
   1.14286   0.61905   0.80952  16.00000
   1.19048   0.66667   0.80952  16.00000
   1.23810   0.71429   0.80952  16.00000
   1.00000   0.42857   0.85714   8.00000
   1.04762   0.47619   0.85714  16.00000
   1.09524   0.52381   0.85714  16.00000
   1.14286   0.57143   0.85714  16.00000
   1.19048   0.61905   0.85714  16.00000
   1.23810   0.66667   0.85714  16.00000
   1.28571   0.71429   0.85714   8.00000
   1.00000   0.38095   0.90476   8.00000
   1.04762   0.42857   0.90476  16.00000
   1.09524   0.47619   0.90476  16.00000
   1.14286   0.52381   0.90476  16.00000
   1.19048   0.57143   0.90476  16.00000
   1.23810   0.61905   0.90476  16.00000
   1.28571   0.66667   0.90476  16.00000
   1.00000   0.33333   0.95238   8.00000
   1.04762   0.38095   0.95238  16.00000
   1.09524   0.42857   0.95238  16.00000
   1.14286   0.47619   0.95238  16.00000
   1.19048   0.52381   0.95238  16.00000
   1.23810   0.57143   0.95238  16.00000
   1.28571   0.61905   0.95238  16.00000
   1.33333   0.66667   0.95238   8.00000
   1.00000   0.28571   1.00000   4.00000
   1.04762   0.33333   1.00000   8.00000
   1.09524   0.38095   1.00000   8.00000
   1.14286   0.42857   1.00000   8.00000
   1.19048   0.47619   1.00000   8.00000
   1.23810   0.52381   1.00000   8.00000
   1.28571   0.57143   1.00000   8.00000
   1.33333   0.61905   1.00000   8.00000
   0.38095   0.38095   0.38095   8.00000
   0.42857   0.42857   0.38095   8.00000
   0.47619   0.47619   0.38095   8.00000
   1.00000   1.00000   0.38095   2.00000
   0.42857   0.38095   0.42857  16.00000
   0.47619   0.42857   0.42857  16.00000
   0.52381   0.47619   0.42857   8.00000
   1.00000   0.95238   0.42857   8.00000
   0.47619   0.38095   0.47619  16.00000
   0.52381   0.42857   0.47619  16.00000
   1.00000   0.90476   0.47619   8.00000
   1.04762   0.95238   0.47619   8.00000
   0.57143   0.42857   0.52381   8.00000
   1.00000   0.85714   0.52381   8.00000
   1.04762   0.90476   0.52381  16.00000
   1.00000   0.80952   0.57143   8.00000
   1.04762   0.85714   0.57143  16.00000
   1.09524   0.90476   0.57143   8.00000
   1.00000   0.76190   0.61905   8.00000
   1.04762   0.80952   0.61905  16.00000
   1.09524   0.85714   0.61905  16.00000
   1.00000   0.71429   0.66667   8.00000
   1.04762   0.76190   0.66667  16.00000
   1.09524   0.80952   0.66667  16.00000
   1.14286   0.85714   0.66667   8.00000
   1.00000   0.66667   0.71429   8.00000
   1.04762   0.71429   0.71429  16.00000
   1.09524   0.76190   0.71429  16.00000
   1.14286   0.80952   0.71429  16.00000
   1.00000   0.61905   0.76190   8.00000
   1.04762   0.66667   0.76190  16.00000
   1.09524   0.71429   0.76190  16.00000
   1.14286   0.76190   0.76190  16.00000
   1.19048   0.80952   0.76190   8.00000
   1.00000   0.57143   0.80952   8.00000
   1.04762   0.61905   0.80952  16.00000
   1.09524   0.66667   0.80952  16.00000
   1.14286   0.71429   0.80952  16.00000
   1.19048   0.76190   0.80952  16.00000
   1.00000   0.52381   0.85714   8.00000
   1.04762   0.57143   0.85714  16.00000
   1.09524   0.61905   0.85714  16.00000
   1.14286   0.66667   0.85714  16.00000
   1.19048   0.71429   0.85714  16.00000
   1.23810   0.76190   0.85714   8.00000
   1.00000   0.47619   0.90476   8.00000
   1.04762   0.52381   0.90476  16.00000
   1.09524   0.57143   0.90476  16.00000
   1.14286   0.61905   0.90476  16.00000
   1.19048   0.66667   0.90476  16.00000
   1.23810   0.71429   0.90476  16.00000
   1.00000   0.42857   0.95238   8.00000
   1.04762   0.47619   0.95238  16.00000
   1.09524   0.52381   0.95238  16.00000
   1.14286   0.57143   0.95238  16.00000
   1.19048   0.61905   0.95238  16.00000
   1.23810   0.66667   0.95238  16.00000
   1.28571   0.71429   0.95238   8.00000
   1.00000   0.38095   1.00000   4.00000
   1.04762   0.42857   1.00000   8.00000
   1.09524   0.47619   1.00000   8.00000
   1.14286   0.52381   1.00000   8.00000
   1.19048   0.57143   1.00000   8.00000
   1.23810   0.61905   1.00000   8.00000
   1.28571   0.66667   1.00000   8.00000
   0.47619   0.47619   0.47619   8.00000
   1.00000   1.00000   0.47619   2.00000
   1.00000   0.95238   0.52381   8.00000
   1.00000   0.90476   0.57143   8.00000
   1.04762   0.95238   0.57143   8.00000
   1.00000   0.85714   0.61905   8.00000
   1.04762   0.90476   0.61905  16.00000
   1.00000   0.80952   0.66667   8.00000
   1.04762   0.85714   0.66667  16.00000
   1.09524   0.90476   0.66667   8.00000
   1.00000   0.76190   0.71429   8.00000
   1.04762   0.80952   0.71429  16.00000
   1.09524   0.85714   0.71429  16.00000
   1.00000   0.71429   0.76190   8.00000
   1.04762   0.76190   0.76190  16.00000
   1.09524   0.80952   0.76190  16.00000
   1.14286   0.85714   0.76190   8.00000
   1.00000   0.66667   0.80952   8.00000
   1.04762   0.71429   0.80952  16.00000
   1.09524   0.76190   0.80952  16.00000
   1.14286   0.80952   0.80952  16.00000
   1.00000   0.61905   0.85714   8.00000
   1.04762   0.66667   0.85714  16.00000
   1.09524   0.71429   0.85714  16.00000
   1.14286   0.76190   0.85714  16.00000
   1.19048   0.80952   0.85714   8.00000
   1.00000   0.57143   0.90476   8.00000
   1.04762   0.61905   0.90476  16.00000
   1.09524   0.66667   0.90476  16.00000
   1.14286   0.71429   0.90476  16.00000
   1.19048   0.76190   0.90476  16.00000
   1.00000   0.52381   0.95238   8.00000
   1.04762   0.57143   0.95238  16.00000
   1.09524   0.61905   0.95238  16.00000
   1.14286   0.66667   0.95238  16.00000
   1.19048   0.71429   0.95238  16.00000
   1.23810   0.76190   0.95238   8.00000
   1.00000   0.47619   1.00000   4.00000
   1.04762   0.52381   1.00000   8.00000
   1.09524   0.57143   1.00000   8.00000
   1.14286   0.61905   1.00000   8.00000
   1.19048   0.66667   1.00000   8.00000
   1.23810   0.71429   1.00000   8.00000
   1.00000   1.00000   0.57143   2.00000
   1.00000   0.95238   0.61905   8.00000
   1.00000   0.90476   0.66667   8.00000
   1.04762   0.95238   0.66667   8.00000
   1.00000   0.85714   0.71429   8.00000
   1.04762   0.90476   0.71429  16.00000
   1.00000   0.80952   0.76190   8.00000
   1.04762   0.85714   0.76190  16.00000
   1.09524   0.90476   0.76190   8.00000
   1.00000   0.76190   0.80952   8.00000
   1.04762   0.80952   0.80952  16.00000
   1.09524   0.85714   0.80952  16.00000
   1.00000   0.71429   0.85714   8.00000
   1.04762   0.76190   0.85714  16.00000
   1.09524   0.80952   0.85714  16.00000
   1.14286   0.85714   0.85714   8.00000
   1.00000   0.66667   0.90476   8.00000
   1.04762   0.71429   0.90476  16.00000
   1.09524   0.76190   0.90476  16.00000
   1.14286   0.80952   0.90476  16.00000
   1.00000   0.61905   0.95238   8.00000
   1.04762   0.66667   0.95238  16.00000
   1.09524   0.71429   0.95238  16.00000
   1.14286   0.76190   0.95238  16.00000
   1.19048   0.80952   0.95238   8.00000
   1.00000   0.57143   1.00000   4.00000
   1.04762   0.61905   1.00000   8.00000
   1.09524   0.66667   1.00000   8.00000
   1.14286   0.71429   1.00000   8.00000
   1.19048   0.76190   1.00000   8.00000
   1.00000   1.00000   0.66667   2.00000
   1.00000   0.95238   0.71429   8.00000
   1.00000   0.90476   0.76190   8.00000
   1.04762   0.95238   0.76190   8.00000
   1.00000   0.85714   0.80952   8.00000
   1.04762   0.90476   0.80952  16.00000
   1.00000   0.80952   0.85714   8.00000
   1.04762   0.85714   0.85714  16.00000
   1.09524   0.90476   0.85714   8.00000
   1.00000   0.76190   0.90476   8.00000
   1.04762   0.80952   0.90476  16.00000
   1.09524   0.85714   0.90476  16.00000
   1.00000   0.71429   0.95238   8.00000
   1.04762   0.76190   0.95238  16.00000
   1.09524   0.80952   0.95238  16.00000
   1.14286   0.85714   0.95238   8.00000
   1.00000   0.66667   1.00000   4.00000
   1.04762   0.71429   1.00000   8.00000
   1.09524   0.76190   1.00000   8.00000
   1.14286   0.80952   1.00000   8.00000
   1.00000   1.00000   0.76190   2.00000
   1.00000   0.95238   0.80952   8.00000
   1.00000   0.90476   0.85714   8.00000
   1.04762   0.95238   0.85714   8.00000
   1.00000   0.85714   0.90476   8.00000
   1.04762   0.90476   0.90476  16.00000
   1.00000   0.80952   0.95238   8.00000
   1.04762   0.85714   0.95238  16.00000
   1.09524   0.90476   0.95238   8.00000
   1.00000   0.76190   1.00000   4.00000
   1.04762   0.80952   1.00000   8.00000
   1.09524   0.85714   1.00000   8.00000
   1.00000   1.00000   0.85714   2.00000
   1.00000   0.95238   0.90476   8.00000
   1.00000   0.90476   0.95238   8.00000
   1.04762   0.95238   0.95238   8.00000
   1.00000   0.85714   1.00000   4.00000
   1.04762   0.90476   1.00000   8.00000
   1.00000   1.00000   0.95238   2.00000
   1.00000   0.95238   1.00000   4.00000




                              --------------------------------------------------
                                 S T R U C T U R A L   I N F O R M A T I O N
                              --------------------------------------------------


   SUBSTANCE                    = tetragonal body-centered  (delta')                                              

   LATTICE                      = B   
   LATTICE CONSTANTS ARE        =    5.2773250   5.2773250   7.0269490
   NUMBER OF ATOMS IN UNITCELL  =   1
   MODE OF CALCULATION IS       = RELA
 IORD=          16
 FNAMES=
 ./deltaprime_Pu_0.vectorso_1                                                   
                                                                                
                                           
 ./deltaprime_Pu_0.vectorsodn_1                                                 
                                                                                
                                           
 deltaprime_Pu_0.energyso_1                                                     
                                                                                
                                           
 deltaprime_Pu_0.energysodn_1                                                   
                                                                                
                                           
  BR1,  BR2
   1.19060   0.00000   0.00000      0.00000   1.19060   1.19060
   0.00000   1.19060   0.00000      1.19060   0.00000   1.19060
   0.00000   0.00000   0.89416      0.89416   0.89416   0.00000
 projector corrected--must be 1,2, or 3! Now projector= 2
 Energy window:   -0.4410 < E <      0.441
 Projected density of states calculation for  1 atoms
--------- atom  1 -------------
l=  3  qsplit=  4
 Symmetrization over eq. k-points is performed
 ********** Start Reading Cix file *************
  Correlated block number           1
  Correlated index=
  1  0  0  0  0  0  0  0  0  0  0  0  0  0
  0  1  0  0  0  0  0  0  0  0  0  0  0  0
  0  0  1  0  0  0  0  0  0  0  0  0  0  0
  0  0  0  1  0  0  0  0  0  0  0  0  0  0
  0  0  0  0  1  0  0  0  0  0  0  0  0  0
  0  0  0  0  0  1  0  0  0  0  0  0  0  0
  0  0  0  0  0  0  2  0  0  0  0  0  0  0
  0  0  0  0  0  0  0  2  0  0  0  0  0  0
  0  0  0  0  0  0  0  0  2  0  0  0  0  0
  0  0  0  0  0  0  0  0  0  2  0  0  0  0
  0  0  0  0  0  0  0  0  0  0  2  0  0  0
  0  0  0  0  0  0  0  0  0  0  0  2  0  0
  0  0  0  0  0  0  0  0  0  0  0  0  2  0
  0  0  0  0  0  0  0  0  0  0  0  0  0  2
  Real part of unitary matrix=
  0.9258  0.0000  0.0000  0.0000  0.0000  0.0000  0.0000  0.0000 -0.3780  0.0000  0.0000  0.0000  0.0000  0.0000
  0.0000  0.8452  0.0000  0.0000  0.0000  0.0000  0.0000  0.0000  0.0000 -0.5345  0.0000  0.0000  0.0000  0.0000
  0.0000  0.0000  0.7559  0.0000  0.0000  0.0000  0.0000  0.0000  0.0000  0.0000 -0.6547  0.0000  0.0000  0.0000
  0.0000  0.0000  0.0000  0.6547  0.0000  0.0000  0.0000  0.0000  0.0000  0.0000  0.0000 -0.7559  0.0000  0.0000
  0.0000  0.0000  0.0000  0.0000  0.5345  0.0000  0.0000  0.0000  0.0000  0.0000  0.0000  0.0000 -0.8452  0.0000
  0.0000  0.0000  0.0000  0.0000  0.0000  0.3780  0.0000  0.0000  0.0000  0.0000  0.0000  0.0000  0.0000 -0.9258
  0.0000  0.0000  0.0000  0.0000  0.0000  0.0000  0.0000  1.0000  0.0000  0.0000  0.0000  0.0000  0.0000  0.0000
  0.3780  0.0000  0.0000  0.0000  0.0000  0.0000  0.0000  0.0000  0.9258  0.0000  0.0000  0.0000  0.0000  0.0000
  0.0000  0.5345  0.0000  0.0000  0.0000  0.0000  0.0000  0.0000  0.0000  0.8452  0.0000  0.0000  0.0000  0.0000
  0.0000  0.0000  0.6547  0.0000  0.0000  0.0000  0.0000  0.0000  0.0000  0.0000  0.7559  0.0000  0.0000  0.0000
  0.0000  0.0000  0.0000  0.7559  0.0000  0.0000  0.0000  0.0000  0.0000  0.0000  0.0000  0.6547  0.0000  0.0000
  0.0000  0.0000  0.0000  0.0000  0.8452  0.0000  0.0000  0.0000  0.0000  0.0000  0.0000  0.0000  0.5345  0.0000
  0.0000  0.0000  0.0000  0.0000  0.0000  0.9258  0.0000  0.0000  0.0000  0.0000  0.0000  0.0000  0.0000  0.3780
  0.0000  0.0000  0.0000  0.0000  0.0000  0.0000  1.0000  0.0000  0.0000  0.0000  0.0000  0.0000  0.0000  0.0000
  Imaginary part of unitary matrix=
  0.0000  0.0000  0.0000  0.0000  0.0000  0.0000  0.0000  0.0000  0.0000  0.0000  0.0000  0.0000  0.0000  0.0000
  0.0000  0.0000  0.0000  0.0000  0.0000  0.0000  0.0000  0.0000  0.0000  0.0000  0.0000  0.0000  0.0000  0.0000
  0.0000  0.0000  0.0000  0.0000  0.0000  0.0000  0.0000  0.0000  0.0000  0.0000  0.0000  0.0000  0.0000  0.0000
  0.0000  0.0000  0.0000  0.0000  0.0000  0.0000  0.0000  0.0000  0.0000  0.0000  0.0000  0.0000  0.0000  0.0000
  0.0000  0.0000  0.0000  0.0000  0.0000  0.0000  0.0000  0.0000  0.0000  0.0000  0.0000  0.0000  0.0000  0.0000
  0.0000  0.0000  0.0000  0.0000  0.0000  0.0000  0.0000  0.0000  0.0000  0.0000  0.0000  0.0000  0.0000  0.0000
  0.0000  0.0000  0.0000  0.0000  0.0000  0.0000  0.0000  0.0000  0.0000  0.0000  0.0000  0.0000  0.0000  0.0000
  0.0000  0.0000  0.0000  0.0000  0.0000  0.0000  0.0000  0.0000  0.0000  0.0000  0.0000  0.0000  0.0000  0.0000
  0.0000  0.0000  0.0000  0.0000  0.0000  0.0000  0.0000  0.0000  0.0000  0.0000  0.0000  0.0000  0.0000  0.0000
  0.0000  0.0000  0.0000  0.0000  0.0000  0.0000  0.0000  0.0000  0.0000  0.0000  0.0000  0.0000  0.0000  0.0000
  0.0000  0.0000  0.0000  0.0000  0.0000  0.0000  0.0000  0.0000  0.0000  0.0000  0.0000  0.0000  0.0000  0.0000
  0.0000  0.0000  0.0000  0.0000  0.0000  0.0000  0.0000  0.0000  0.0000  0.0000  0.0000  0.0000  0.0000  0.0000
  0.0000  0.0000  0.0000  0.0000  0.0000  0.0000  0.0000  0.0000  0.0000  0.0000  0.0000  0.0000  0.0000  0.0000
  0.0000  0.0000  0.0000  0.0000  0.0000  0.0000  0.0000  0.0000  0.0000  0.0000  0.0000  0.0000  0.0000  0.0000
  At least one transformation matrix is not Identity
 Magnetic system with s-o coupling; M theta, phi:  0.0000  0.0000
 Inside ROTDEF
Operation  1 transforms atom   1 from first atom   1
Actual position of atom  1 is:  0.000000    0.000000    0.000000
 
Combined transformation (acting on k-point) for correlated atoms
including users rotation and internal local rotation
catom  1 atom   1
   1.19060   0.00000   0.00000
   0.00000  -1.19060   0.00000
   0.00000   0.00000  -0.89416
 
 
 SPIN COORD SYSTEM:
    1.000000    0.000000    0.000000
    0.000000    1.000000    0.000000
    0.000000    0.000000    1.000000
 
 in global cartezian coordinates:
    1.000000    0.000000    0.000000
    0.000000   -1.000000    0.000000
    0.000000    0.000000   -1.000000
 ____________________________
 in spin coordinates:
    1.000000    0.000000    0.000000
    0.000000   -1.000000    0.000000
    0.000000    0.000000   -1.000000
           1   3.14159266849095       -1.00000000000000     
 
 in global cartezian coordinates:
    0.000000    1.000000    0.000000
   -1.000000    0.000000    0.000000
    0.000000    0.000000   -1.000000
 ____________________________
 in spin coordinates:
    0.000000    1.000000    0.000000
   -1.000000    0.000000    0.000000
    0.000000    0.000000   -1.000000
           2   1.57079632679490        1.00000000000000     
 
 in global cartezian coordinates:
   -1.000000    0.000000    0.000000
    0.000000   -1.000000    0.000000
    0.000000    0.000000   -1.000000
 ____________________________
 in spin coordinates:
   -1.000000    0.000000    0.000000
    0.000000   -1.000000    0.000000
    0.000000    0.000000   -1.000000
           3  1.490116119384766E-008   1.00000000000000     
 
 in global cartezian coordinates:
    0.000000    1.000000    0.000000
    1.000000    0.000000    0.000000
    0.000000    0.000000   -1.000000
 ____________________________
 in spin coordinates:
    0.000000    1.000000    0.000000
    1.000000    0.000000    0.000000
    0.000000    0.000000   -1.000000
           4   1.57079632679490       -1.00000000000000     
 
 in global cartezian coordinates:
    0.000000   -1.000000    0.000000
   -1.000000    0.000000    0.000000
    0.000000    0.000000   -1.000000
 ____________________________
 in spin coordinates:
    0.000000   -1.000000    0.000000
   -1.000000    0.000000    0.000000
    0.000000    0.000000   -1.000000
           5   4.71238898038469       -1.00000000000000     
 
 in global cartezian coordinates:
    1.000000    0.000000    0.000000
    0.000000    1.000000    0.000000
    0.000000    0.000000   -1.000000
 ____________________________
 in spin coordinates:
    1.000000    0.000000    0.000000
    0.000000    1.000000    0.000000
    0.000000    0.000000   -1.000000
           6   3.14159263868863        1.00000000000000     
 
 in global cartezian coordinates:
    1.000000    0.000000    0.000000
    0.000000   -1.000000    0.000000
    0.000000    0.000000    1.000000
 ____________________________
 in spin coordinates:
    1.000000    0.000000    0.000000
    0.000000   -1.000000    0.000000
    0.000000    0.000000    1.000000
           7   6.28318529227843       -1.00000000000000     
 
 in global cartezian coordinates:
    0.000000    1.000000    0.000000
   -1.000000    0.000000    0.000000
    0.000000    0.000000    1.000000
 ____________________________
 in spin coordinates:
    0.000000    1.000000    0.000000
   -1.000000    0.000000    0.000000
    0.000000    0.000000    1.000000
           8  -1.57079632679490        1.00000000000000     
 
 in global cartezian coordinates:
    0.000000   -1.000000    0.000000
    1.000000    0.000000    0.000000
    0.000000    0.000000   -1.000000
 ____________________________
 in spin coordinates:
    0.000000   -1.000000    0.000000
    1.000000    0.000000    0.000000
    0.000000    0.000000   -1.000000
           9  -1.57079632679490        1.00000000000000     
 
 in global cartezian coordinates:
   -1.000000    0.000000    0.000000
    0.000000    1.000000    0.000000
    0.000000    0.000000   -1.000000
 ____________________________
 in spin coordinates:
   -1.000000    0.000000    0.000000
    0.000000    1.000000    0.000000
    0.000000    0.000000   -1.000000
          10   6.28318529227843       -1.00000000000000     
 
 in global cartezian coordinates:
   -1.000000    0.000000    0.000000
    0.000000   -1.000000    0.000000
    0.000000    0.000000    1.000000
 ____________________________
 in spin coordinates:
   -1.000000    0.000000    0.000000
    0.000000   -1.000000    0.000000
    0.000000    0.000000    1.000000
          11   3.14159263868863        1.00000000000000     
 
 in global cartezian coordinates:
    0.000000    1.000000    0.000000
    1.000000    0.000000    0.000000
    0.000000    0.000000    1.000000
 ____________________________
 in spin coordinates:
    0.000000    1.000000    0.000000
    1.000000    0.000000    0.000000
    0.000000    0.000000    1.000000
          12   4.71238898038469       -1.00000000000000     
 
 in global cartezian coordinates:
    0.000000   -1.000000    0.000000
   -1.000000    0.000000    0.000000
    0.000000    0.000000    1.000000
 ____________________________
 in spin coordinates:
    0.000000   -1.000000    0.000000
   -1.000000    0.000000    0.000000
    0.000000    0.000000    1.000000
          13   1.57079632679490       -1.00000000000000     
 
 in global cartezian coordinates:
    1.000000    0.000000    0.000000
    0.000000    1.000000    0.000000
    0.000000    0.000000    1.000000
 ____________________________
 in spin coordinates:
    1.000000    0.000000    0.000000
    0.000000    1.000000    0.000000
    0.000000    0.000000    1.000000
          14  1.490116119384766E-008   1.00000000000000     
 
 in global cartezian coordinates:
    0.000000   -1.000000    0.000000
    1.000000    0.000000    0.000000
    0.000000    0.000000    1.000000
 ____________________________
 in spin coordinates:
    0.000000   -1.000000    0.000000
    1.000000    0.000000    0.000000
    0.000000    0.000000    1.000000
          15   1.57079632679490        1.00000000000000     
 
 in global cartezian coordinates:
   -1.000000    0.000000    0.000000
    0.000000    1.000000    0.000000
    0.000000    0.000000    1.000000
 ____________________________
 in spin coordinates:
   -1.000000    0.000000    0.000000
    0.000000    1.000000    0.000000
    0.000000    0.000000    1.000000
          16   3.14159266849095       -1.00000000000000     
 
 FNAME=
 deltaprime_Pu_0.energyso_1                                                     
                                                                                
                                                     60
 FNAME=
 deltaprime_Pu_0.energysodn_1                                                   
                                                                                
                                                     59
 BZ-integration with TETRA-program.   icor=: 1
 Equal occupancy of degenerate states, tol=: 0.1E-05
 call eord...
 call dos...
 ILOOP            1
   FERMI ENERGY AT    2.02821568918765     
 RESULT OF INTEGRATION:      15.999994983739; SHOULD BE:      15.999999999900
 call eweigh...
   number of occupied bands:          18
   highest energy:   2.08736736905419     
 FERMI-LDA=   2.028 Ryd,  27.595 eV.
 ABSOLUTE EMIN=   1.587 Ryd.  21.595 eV.
 ABSOLUTE EMAX=   2.469 Ryd.  33.595 eV.


:NLDA  : NUMBER OF ELECTRONS          =  16.000

:FLDA  : F E R M I - ENERGY           =   2.02822
 
 ********** Information about the atomic index arrays ************
 iatom=           1
 isort=           1
 csort=           1
 maxucase=           1
icase, iucase, jatom, latom=     1     1     1     1
 
 *****  Arrays for correlated blocks ******
 norbitals=           1
 maxdim2=          14
iorbital( 1, 1)=   1
cix( 1, 1)=   1
icase,lcase,icix,iorb,nind1,ip1,iSx=    1    1    1    1   14    1    1
icase,lcase,icix,iorb,nind1,ip1,iSx=    1    1    1    1   14    2    2
icase,lcase,icix,iorb,nind1,ip1,iSx=    1    1    1    1   14    3    3
icase,lcase,icix,iorb,nind1,ip1,iSx=    1    1    1    1   14    4    4
icase,lcase,icix,iorb,nind1,ip1,iSx=    1    1    1    1   14    5    5
icase,lcase,icix,iorb,nind1,ip1,iSx=    1    1    1    1   14    6    6
icase,lcase,icix,iorb,nind1,ip1,iSx=    1    1    1    1   14    7    7
icase,lcase,icix,iorb,nind1,ip1,iSx=    1    1    1    1   14    8    8
icase,lcase,icix,iorb,nind1,ip1,iSx=    1    1    1    1   14    9    9
icase,lcase,icix,iorb,nind1,ip1,iSx=    1    1    1    1   14   10   10
icase,lcase,icix,iorb,nind1,ip1,iSx=    1    1    1    1   14   11   11
icase,lcase,icix,iorb,nind1,ip1,iSx=    1    1    1    1   14   12   12
icase,lcase,icix,iorb,nind1,ip1,iSx=    1    1    1    1   14   13   13
icase,lcase,icix,iorb,nind1,ip1,iSx=    1    1    1    1   14   14   14
cixdim( 1)=14
noccur( 1, 1)=   6
noccur( 2, 1)=   8
iSx( 1, 1)=  1
iSx( 2, 1)=  2
iSx( 3, 1)=  3
iSx( 4, 1)=  4
iSx( 5, 1)=  5
iSx( 6, 1)=  6
iSx( 7, 1)=  7
iSx( 8, 1)=  8
iSx( 9, 1)=  9
iSx(10, 1)= 10
iSx(11, 1)= 11
iSx(12, 1)= 12
iSx(13, 1)= 13
iSx(14, 1)= 14
nindo( 1)= 14
CF for iorb1= 1 iorb2= 1
    0.92582010     0.00000000       0.00000000     0.00000000       0.00000000     0.00000000       0.00000000     0.00000000       0.00000000     0.00000000       0.00000000     0.00000000       0.00000000     0.00000000       0.00000000     0.00000000      -0.37796447     0.00000000       0.00000000     0.00000000       0.00000000     0.00000000       0.00000000     0.00000000       0.00000000     0.00000000       0.00000000     0.00000000   
    0.00000000     0.00000000       0.84515425     0.00000000       0.00000000     0.00000000       0.00000000     0.00000000       0.00000000     0.00000000       0.00000000     0.00000000       0.00000000     0.00000000       0.00000000     0.00000000       0.00000000     0.00000000      -0.53452248     0.00000000       0.00000000     0.00000000       0.00000000     0.00000000       0.00000000     0.00000000       0.00000000     0.00000000   
    0.00000000     0.00000000       0.00000000     0.00000000       0.75592895     0.00000000       0.00000000     0.00000000       0.00000000     0.00000000       0.00000000     0.00000000       0.00000000     0.00000000       0.00000000     0.00000000       0.00000000     0.00000000       0.00000000     0.00000000      -0.65465367     0.00000000       0.00000000     0.00000000       0.00000000     0.00000000       0.00000000     0.00000000   
    0.00000000     0.00000000       0.00000000     0.00000000       0.00000000     0.00000000       0.65465367     0.00000000       0.00000000     0.00000000       0.00000000     0.00000000       0.00000000     0.00000000       0.00000000     0.00000000       0.00000000     0.00000000       0.00000000     0.00000000       0.00000000     0.00000000      -0.75592895     0.00000000       0.00000000     0.00000000       0.00000000     0.00000000   
    0.00000000     0.00000000       0.00000000     0.00000000       0.00000000     0.00000000       0.00000000     0.00000000       0.53452248     0.00000000       0.00000000     0.00000000       0.00000000     0.00000000       0.00000000     0.00000000       0.00000000     0.00000000       0.00000000     0.00000000       0.00000000     0.00000000       0.00000000     0.00000000      -0.84515425     0.00000000       0.00000000     0.00000000   
    0.00000000     0.00000000       0.00000000     0.00000000       0.00000000     0.00000000       0.00000000     0.00000000       0.00000000     0.00000000       0.37796447     0.00000000       0.00000000     0.00000000       0.00000000     0.00000000       0.00000000     0.00000000       0.00000000     0.00000000       0.00000000     0.00000000       0.00000000     0.00000000       0.00000000     0.00000000      -0.92582010     0.00000000   
    0.00000000     0.00000000       0.00000000     0.00000000       0.00000000     0.00000000       0.00000000     0.00000000       0.00000000     0.00000000       0.00000000     0.00000000       0.00000000     0.00000000       1.00000000     0.00000000       0.00000000     0.00000000       0.00000000     0.00000000       0.00000000     0.00000000       0.00000000     0.00000000       0.00000000     0.00000000       0.00000000     0.00000000   
    0.37796447     0.00000000       0.00000000     0.00000000       0.00000000     0.00000000       0.00000000     0.00000000       0.00000000     0.00000000       0.00000000     0.00000000       0.00000000     0.00000000       0.00000000     0.00000000       0.92582010     0.00000000       0.00000000     0.00000000       0.00000000     0.00000000       0.00000000     0.00000000       0.00000000     0.00000000       0.00000000     0.00000000   
    0.00000000     0.00000000       0.53452248     0.00000000       0.00000000     0.00000000       0.00000000     0.00000000       0.00000000     0.00000000       0.00000000     0.00000000       0.00000000     0.00000000       0.00000000     0.00000000       0.00000000     0.00000000       0.84515425     0.00000000       0.00000000     0.00000000       0.00000000     0.00000000       0.00000000     0.00000000       0.00000000     0.00000000   
    0.00000000     0.00000000       0.00000000     0.00000000       0.65465367     0.00000000       0.00000000     0.00000000       0.00000000     0.00000000       0.00000000     0.00000000       0.00000000     0.00000000       0.00000000     0.00000000       0.00000000     0.00000000       0.00000000     0.00000000       0.75592895     0.00000000       0.00000000     0.00000000       0.00000000     0.00000000       0.00000000     0.00000000   
    0.00000000     0.00000000       0.00000000     0.00000000       0.00000000     0.00000000       0.75592895     0.00000000       0.00000000     0.00000000       0.00000000     0.00000000       0.00000000     0.00000000       0.00000000     0.00000000       0.00000000     0.00000000       0.00000000     0.00000000       0.00000000     0.00000000       0.65465367     0.00000000       0.00000000     0.00000000       0.00000000     0.00000000   
    0.00000000     0.00000000       0.00000000     0.00000000       0.00000000     0.00000000       0.00000000     0.00000000       0.84515425     0.00000000       0.00000000     0.00000000       0.00000000     0.00000000       0.00000000     0.00000000       0.00000000     0.00000000       0.00000000     0.00000000       0.00000000     0.00000000       0.00000000     0.00000000       0.53452248     0.00000000       0.00000000     0.00000000   
    0.00000000     0.00000000       0.00000000     0.00000000       0.00000000     0.00000000       0.00000000     0.00000000       0.00000000     0.00000000       0.92582010     0.00000000       0.00000000     0.00000000       0.00000000     0.00000000       0.00000000     0.00000000       0.00000000     0.00000000       0.00000000     0.00000000       0.00000000     0.00000000       0.00000000     0.00000000       0.37796447     0.00000000   
    0.00000000     0.00000000       0.00000000     0.00000000       0.00000000     0.00000000       0.00000000     0.00000000       0.00000000     0.00000000       0.00000000     0.00000000       1.00000000     0.00000000       0.00000000     0.00000000       0.00000000     0.00000000       0.00000000     0.00000000       0.00000000     0.00000000       0.00000000     0.00000000       0.00000000     0.00000000       0.00000000     0.00000000   
Rspin for iorb=  1
 angles=  0.000000000000000E+000   3.14159265358979       0.000000000000000E+000
  0.000000000000000E+000  0.000000000000000E+000  0.000000000000000E+000
 Rspin=
    0.000000    0.000000      0.000000    1.000000
    0.000000    1.000000      0.000000    0.000000
 Calculation for atom  1 which has iucase=  1
 ATPAR for spin up

          ATOMIC PARAMETERS FOR Pu  0+    

           ENERGY PARAMETERS ARE   1.81  -0.50   1.81   1.81

           L     U(R)          U'(R)         DU/DE        DU'/DE      NORM-U'
           0  0.551836E+00  0.803424E+00  0.110962E+00 -0.230471E+00
           1  0.539557E+00 -0.727676E-03 -0.143200E+00 -0.400770E+00
           2 -0.614941E+00  0.408952E-01  0.987471E-01  0.345275E+00
           3 -0.310247E+00  0.140956E+00  0.366033E+00  0.531195E+00
LO COEFFICIENT: l,A,B,C   0          0.64996    -3.23240     0.00000     0.00000
 
LO COEFFICIENT: l,A,B,C   0          0.32353     0.00000     0.77950     0.00000
 
LO COEFFICIENT: l,A,B,C   1          0.87845     3.30989     0.00000     0.00000
 
LO COEFFICIENT: l,A,B,C   1          0.25791     0.00000    -1.22833     0.00000
 
LO COEFFICIENT: l,A,B,C   2          0.85403     5.31840     0.00000     0.00000
 
LO COEFFICIENT: l,A,B,C   3          0.94239     0.79876     0.00000     0.00000
 
 ATPAR for spin down

          ATOMIC PARAMETERS FOR Pu  0+    

           ENERGY PARAMETERS ARE   1.81  -0.50   1.81   1.81

           L     U(R)          U'(R)         DU/DE        DU'/DE      NORM-U'
           0  0.551836E+00  0.803424E+00  0.110962E+00 -0.230471E+00
           1  0.539557E+00 -0.727676E-03 -0.143200E+00 -0.400770E+00
           2 -0.614941E+00  0.408952E-01  0.987471E-01  0.345275E+00
           3 -0.310247E+00  0.140956E+00  0.366033E+00  0.531195E+00
LO COEFFICIENT: l,A,B,C   0          0.64996    -3.23240     0.00000     0.00000
 
LO COEFFICIENT: l,A,B,C   0          0.32353     0.00000     0.77950     0.00000
 
LO COEFFICIENT: l,A,B,C   1          0.87845     3.30989     0.00000     0.00000
 
LO COEFFICIENT: l,A,B,C   1          0.25791     0.00000    -1.22833     0.00000
 
LO COEFFICIENT: l,A,B,C   2          0.85403     5.31840     0.00000     0.00000
 
LO COEFFICIENT: l,A,B,C   3          0.94239     0.79876     0.00000     0.00000
 
 L1=           0  L2=           0
 RADIAL INTEGRALS:
           1           1                 1           1   1.00000000000000     
           1           3                 1           1  0.570400295663714     
           1           1                 1           2   1.00000000000000     
           1           3                 1           2  0.570400295663714     
           1           1                 2           1   1.00000000000000     
           1           3                 2           1  0.570400295663714     
           1           1                 2           2   1.00000000000000     
           1           3                 2           2  0.570400295663714     
           2           2                 1           1  5.527586560132301E-002
           2           3                 1           1 -0.190793590511426     
           2           2                 1           2  5.527586560132301E-002
           2           3                 1           2 -0.190793590511426     
           2           2                 2           1  5.527586560132301E-002
           2           3                 2           1 -0.190793590511426     
           2           2                 2           2  5.527586560132301E-002
           2           3                 2           2 -0.190793590511426     
           3           1                 1           1  0.570400295663714     
           3           2                 1           1 -0.190793590511426     
           3           3                 1           1   1.00000000000000     
           3           1                 1           2  0.570400295663714     
           3           2                 1           2 -0.190793590511426     
           3           3                 1           2   1.00000000000000     
           3           1                 2           1  0.570400295663714     
           3           2                 2           1 -0.190793590511426     
           3           3                 2           1   1.00000000000000     
           3           1                 2           2  0.570400295663714     
           3           2                 2           2 -0.190793590511426     
           3           3                 2           2   1.00000000000000     
 L1=           1  L2=           1
 RADIAL INTEGRALS:
           1           1                 1           1   1.00000000000000     
           1           3                 1           1  0.908022385156634     
           1           1                 1           2   1.00000000000000     
           1           3                 1           2  0.908022385156634     
           1           1                 2           1   1.00000000000000     
           1           3                 2           1  0.908022385156634     
           1           1                 2           2   1.00000000000000     
           1           3                 2           2  0.908022385156634     
           2           2                 1           1  2.084098798987461E-002
           2           3                 1           1  6.030402640483585E-002
           2           2                 1           2  2.084098798987461E-002
           2           3                 1           2  6.030402640483585E-002
           2           2                 2           1  2.084098798987461E-002
           2           3                 2           1  6.030402640483585E-002
           2           2                 2           2  2.084098798987461E-002
           2           3                 2           2  6.030402640483585E-002
           3           1                 1           1  0.908022385156634     
           3           2                 1           1  6.030402640483585E-002
           3           3                 1           1   1.00000000000000     
           3           1                 1           2  0.908022385156634     
           3           2                 1           2  6.030402640483585E-002
           3           3                 1           2   1.00000000000000     
           3           1                 2           1  0.908022385156634     
           3           2                 2           1  6.030402640483585E-002
           3           3                 2           1   1.00000000000000     
           3           1                 2           2  0.908022385156634     
           3           2                 2           2  6.030402640483585E-002
           3           3                 2           2   1.00000000000000     
 L1=           2  L2=           2
 RADIAL INTEGRALS:
           1           1                 1           1   1.00000000000000     
           1           1                 1           2   1.00000000000000     
           1           1                 2           1   1.00000000000000     
           1           1                 2           2   1.00000000000000     
           2           2                 1           1  9.568053780556071E-003
           2           2                 1           2  9.568053780556071E-003
           2           2                 2           1  9.568053780556071E-003
           2           2                 2           2  9.568053780556071E-003
 L1=           3  L2=           3
 RADIAL INTEGRALS:
           1           1                 1           1   1.00000000000000     
           1           1                 1           2   1.00000000000000     
           1           1                 2           1   1.00000000000000     
           1           1                 2           2   1.00000000000000     
           2           2                 1           1  0.175388593357201     
           2           2                 1           2  0.175388593357201     
           2           2                 2           1  0.175388593357201     
           2           2                 2           2  0.175388593357201     
Saving potential parameters for atom 1 into  1
pr_proc=363  tot-k=726
 ------------------------------------------------------------------------------


   =====>>> CPU TIME SUMMARY

            TOTAL       :      1.8
 OMP_NUM_THREADS= 2
 GUTZ_SOLVER VO.1.5 BUILT ON Jan 19 2014 AT22:25:59
 NT=  1 SEC_N%DIM=   10 WITH ID:
           1       2      16     107     471    1472    3474    6477    9909   12912
       14914
 MEAN U/J:  0.2940  0.0265
 NEL_FIX_VDC1=      5.49
 ATOM DEPENDENT NELF1:
      5.5176
 DCMIX_A=  0.200000
 SYMMETRICALLY NON-EQUIVALENT ATOMS:
          1
 VARIATIONAL-SETUP-NON-EQUIVALENT ATOMS:
          1
 COMPLEMENTARY VARIATIONAL-SETUP-EQUIVALENT ATOMS:

 GYZ%SYM%IDSUM:
  1
 DIM(X_Gutz)=  4
 CALC SET: GAPJ-SHFT FULL       -JH-PROJ SLATER    VAR-FIXDC    Ryd.   
 NT= 1
 LOCAL INTERACTION PART   :
 U              :   0.2940
 J              :   0.0265
 FOCK SPACE PART:
 NA             :  7
 FS%OCC(1) L.B. :  0
 FS%OCC(2) U.B. :  9
 FS%DIM         :     14913
 HL%OCC(1) L.B. :  0
 HL%OCC(2) U.B. :  9
 ISO= 2 ISPIN_IN= 1 ISPIN= 1 ISPO= 2
 BND%NMAX=  48
 BZ INTEGRATION WITH TETRA METHOD, ICOR= 1
 EQUAL OCCUPANCY OF DEGENERATE STATES, TOL= 0.1E-05
 VALENCE ELECTRONS: TOTAL=    16.0
                    CORRELATED PART=     8.0
 SYM%IDI/IDF=  1 16
 BND%NMAXIN=   22
      GUTZ5_INI_CORR_UVEK takes  0 hours  0 minutes and    0.07 seconds (CPU).
                          takes  0 hours  0 minutes and    0.08 seconds (WALL).
                 SETUP_TB takes  0 hours  0 minutes and    2.61 seconds (CPU).
                          takes  0 hours  0 minutes and    3.39 seconds (WALL).
************  EL-  ************
 NI=  1 NI_GLOBAL=  1
   2.0225   2.0206   2.0209   2.0209   2.0206   2.0225   2.0961   2.0943   2.0910   2.0954   2.0954   2.0910   2.0943   2.0961
************  EL=  ************
 NI=  1 NI_GLOBAL=  1
   2.0225   0.0000   0.0000   0.0000  -0.0010   0.0000   0.0000   0.0007   0.0000   0.0000   0.0000  -0.0076   0.0000   0.0000
   0.0000   2.0206   0.0000   0.0000   0.0000  -0.0010   0.0000   0.0000   0.0014   0.0000   0.0000   0.0000   0.0075   0.0000
   0.0000   0.0000   2.0209   0.0000   0.0000   0.0000   0.0000   0.0000   0.0000  -0.0043   0.0000   0.0000   0.0000  -0.0056
   0.0000   0.0000   0.0000   2.0209   0.0000   0.0000   0.0056   0.0000   0.0000   0.0000   0.0043   0.0000   0.0000   0.0000
  -0.0010   0.0000   0.0000   0.0000   2.0206   0.0000   0.0000  -0.0075   0.0000   0.0000   0.0000  -0.0014   0.0000   0.0000
   0.0000  -0.0010   0.0000   0.0000   0.0000   2.0225   0.0000   0.0000   0.0076   0.0000   0.0000   0.0000  -0.0007   0.0000
   0.0000   0.0000   0.0000   0.0056   0.0000   0.0000   2.0961   0.0000   0.0000   0.0000  -0.0072   0.0000   0.0000   0.0000
   0.0007   0.0000   0.0000   0.0000  -0.0075   0.0000   0.0000   2.0943   0.0000   0.0000   0.0000   0.0031   0.0000   0.0000
   0.0000   0.0014   0.0000   0.0000   0.0000   0.0076   0.0000   0.0000   2.0910   0.0000   0.0000   0.0000   0.0031   0.0000
   0.0000   0.0000  -0.0043   0.0000   0.0000   0.0000   0.0000   0.0000   0.0000   2.0954   0.0000   0.0000   0.0000  -0.0072
   0.0000   0.0000   0.0000   0.0043   0.0000   0.0000  -0.0072   0.0000   0.0000   0.0000   2.0954   0.0000   0.0000   0.0000
  -0.0076   0.0000   0.0000   0.0000  -0.0014   0.0000   0.0000   0.0031   0.0000   0.0000   0.0000   2.0910   0.0000   0.0000
   0.0000   0.0075   0.0000   0.0000   0.0000  -0.0007   0.0000   0.0000   0.0031   0.0000   0.0000   0.0000   2.0943   0.0000
   0.0000   0.0000  -0.0056   0.0000   0.0000   0.0000   0.0000   0.0000   0.0000  -0.0072   0.0000   0.0000   0.0000   2.0961
 NI=  1 LOCAL ORBITAL LEVEL CENTER(ELC)=   2.063
************  EL0  ************
 NI=  1 NI_GLOBAL=  1
   2.0213   2.0213   2.0213   2.0213   2.0213   2.0213   2.0942   2.0942   2.0942   2.0942   2.0942   2.0942   2.0942   2.0942
************  ELL  ************
 NI=  1 NI_GLOBAL=  1
   2.0213   0.0000   0.0000   0.0000   0.0000   0.0000   0.0000   0.0000   0.0000   0.0000   0.0000   0.0000   0.0000   0.0000
   0.0000   2.0213   0.0000   0.0000   0.0000   0.0000   0.0000   0.0000   0.0000   0.0000   0.0000   0.0000   0.0000   0.0000
   0.0000   0.0000   2.0213   0.0000   0.0000   0.0000   0.0000   0.0000   0.0000   0.0000   0.0000   0.0000   0.0000   0.0000
   0.0000   0.0000   0.0000   2.0213   0.0000   0.0000   0.0000   0.0000   0.0000   0.0000   0.0000   0.0000   0.0000   0.0000
   0.0000   0.0000   0.0000   0.0000   2.0213   0.0000   0.0000   0.0000   0.0000   0.0000   0.0000   0.0000   0.0000   0.0000
   0.0000   0.0000   0.0000   0.0000   0.0000   2.0213   0.0000   0.0000   0.0000   0.0000   0.0000   0.0000   0.0000   0.0000
   0.0000   0.0000   0.0000   0.0000   0.0000   0.0000   2.0942   0.0000   0.0000   0.0000   0.0000   0.0000   0.0000   0.0000
   0.0000   0.0000   0.0000   0.0000   0.0000   0.0000   0.0000   2.0942   0.0000   0.0000   0.0000   0.0000   0.0000   0.0000
   0.0000   0.0000   0.0000   0.0000   0.0000   0.0000   0.0000   0.0000   2.0942   0.0000   0.0000   0.0000   0.0000   0.0000
   0.0000   0.0000   0.0000   0.0000   0.0000   0.0000   0.0000   0.0000   0.0000   2.0942   0.0000   0.0000   0.0000   0.0000
   0.0000   0.0000   0.0000   0.0000   0.0000   0.0000   0.0000   0.0000   0.0000   0.0000   2.0942   0.0000   0.0000   0.0000
   0.0000   0.0000   0.0000   0.0000   0.0000   0.0000   0.0000   0.0000   0.0000   0.0000   0.0000   2.0942   0.0000   0.0000
   0.0000   0.0000   0.0000   0.0000   0.0000   0.0000   0.0000   0.0000   0.0000   0.0000   0.0000   0.0000   2.0942   0.0000
   0.0000   0.0000   0.0000   0.0000   0.0000   0.0000   0.0000   0.0000   0.0000   0.0000   0.0000   0.0000   0.0000   2.0942
                  GET_EL0 takes  0 hours  0 minutes and    0.02 seconds (CPU).
                          takes  0 hours  0 minutes and    0.02 seconds (WALL).
 There are  4 blocks of bands, with band energy windows:
  -1.509  -1.319 |    0.042   0.393 |    0.505   1.149 |    1.549   4.499 | 
 Band window indices:
         1      2 |          3      4 |          5      8 |          9     49 | 
 Band width
       0.190   |         0.351   |         0.644   |         2.951   |  
 Band gap
       1.360   |         0.112   |         0.400   |  
 CORRELATED BLOCK: EMIN/EMIX=    1.5896    2.4692
 CORRELATED BAND WIDTH=   0.880
         GUTZ_RED_PRJ_NEQ takes  0 hours  1 minutes and    0.69 seconds (CPU).
                          takes  0 hours  1 minutes and    0.67 seconds (WALL).
 NI=  1 DIM_PHIK=   41227 HL%DIM=  14913
       ID_PHIK_N=
      1      2      4     33    264   1639   6153  15546  27321  36714
  41228
       ID_PHIK_J=
      1      2      3      4      8      9     18     19     28     29
     33     37     73    122    171    220    245    254    263    264
    300    349    638    807   1168   1364   1533   1582   1631   1635
   1639   1739   2180   2964   3864   4705   5381   5781   6037   6118
   6143   6152   6153   6349   6710   8079   9448  11564  12933  14377
  14953  15353  15474  15538  15542  15546  15835  16796  18560  21060
  23176  24940  26165  26841  27165  27286  27311  27320  27321  27517
  27878  29247  30616  32732  34101  35545  36121  36521  36642  36706
  36710  36714  36814  37255  38039  38939  39780  40456  40856  41112
  41193  41218  41227  41228
          GUTZ_SET_PRJ_EQ takes  0 hours  0 minutes and    0.00 seconds (CPU).
                          takes  0 hours  0 minutes and    0.00 seconds (WALL).
************   WH%X  ************
    0.92865853    0.93673418
    1.99788078    2.11337173
************  RIN  ************
 NI=  1 NI_GLOBAL=  1
   0.9287   0.9287   0.9287   0.9287   0.9287   0.9287   0.9367   0.9367   0.9367   0.9367   0.9367   0.9367   0.9367   0.9367
************  LA1  ************
 NI=  1 NI_GLOBAL=  1
   1.9979   1.9979   1.9979   1.9979   1.9979   1.9979   2.1134   2.1134   2.1134   2.1134   2.1134   2.1134   2.1134   2.1134
             CALC_BAND_AL takes  0 hours  0 minutes and    1.09 seconds (CPU).
                          takes  0 hours  0 minutes and    0.53 seconds (WALL).
 ILOOP            1
 ILOOP            2
   FERMI ENERGY AT    2.02640656950547     
   SUM RULE OF TETRAHEDRON INTEGRATION CHECKED 
   number of occupied bands:          18
   highest energy:   2.06144918183778     
************  NK-  ************
 NI=  1 NI_GLOBAL=  1
   0.6603   0.6618   0.6547   0.6547   0.6618   0.6603   0.1875   0.2122   0.2122   0.1694   0.1694   0.2122   0.2122   0.1875
************  NNK  ************
 NI=  1 NI_GLOBAL=  1
   0.6603   0.0000   0.0000   0.0000   0.0210   0.0000   0.0000   0.0091   0.0000   0.0000   0.0000   0.0738   0.0000   0.0000
   0.0000   0.6618   0.0000   0.0000   0.0000   0.0210   0.0000   0.0000  -0.0352   0.0000   0.0000   0.0000  -0.1171   0.0000
   0.0000   0.0000   0.6547   0.0000   0.0000   0.0000   0.0000   0.0000   0.0000   0.0470   0.0000   0.0000   0.0000   0.0469
   0.0000   0.0000   0.0000   0.6547   0.0000   0.0000  -0.0469   0.0000   0.0000   0.0000  -0.0470   0.0000   0.0000   0.0000
   0.0210   0.0000   0.0000   0.0000   0.6618   0.0000   0.0000   0.1171   0.0000   0.0000   0.0000   0.0352   0.0000   0.0000
   0.0000   0.0210   0.0000   0.0000   0.0000   0.6603   0.0000   0.0000  -0.0738   0.0000   0.0000   0.0000  -0.0091   0.0000
   0.0000   0.0000   0.0000  -0.0469   0.0000   0.0000   0.1875   0.0000   0.0000   0.0000   0.0137   0.0000   0.0000   0.0000
   0.0091   0.0000   0.0000   0.0000   0.1171   0.0000   0.0000   0.2122   0.0000   0.0000   0.0000  -0.0056   0.0000   0.0000
   0.0000  -0.0352   0.0000   0.0000   0.0000  -0.0738   0.0000   0.0000   0.2122   0.0000   0.0000   0.0000  -0.0056   0.0000
   0.0000   0.0000   0.0470   0.0000   0.0000   0.0000   0.0000   0.0000   0.0000   0.1694   0.0000   0.0000   0.0000   0.0137
   0.0000   0.0000   0.0000  -0.0470   0.0000   0.0000   0.0137   0.0000   0.0000   0.0000   0.1694   0.0000   0.0000   0.0000
   0.0738   0.0000   0.0000   0.0000   0.0352   0.0000   0.0000  -0.0056   0.0000   0.0000   0.0000   0.2122   0.0000   0.0000
   0.0000  -0.1171   0.0000   0.0000   0.0000  -0.0091   0.0000   0.0000  -0.0056   0.0000   0.0000   0.0000   0.2122   0.0000
   0.0000   0.0000   0.0469   0.0000   0.0000   0.0000   0.0000   0.0000   0.0000   0.0137   0.0000   0.0000   0.0000   0.1875
************  NKS  ************
 NI=  1 NI_GLOBAL=  1
   0.6589   0.6589   0.6589   0.6589   0.6589   0.6589   0.1953   0.1953   0.1953   0.1953   0.1953   0.1953   0.1953   0.1953
 NELE_LOC TOTAL:
           5.5161834540074377
              CALC_DA_BND takes  0 hours  0 minutes and    0.17 seconds (CPU).
                          takes  0 hours  0 minutes and    0.17 seconds (WALL).
************  DA-  ************
 NI=  1 NI_GLOBAL=  1
  -0.0431  -0.0455  -0.0436  -0.0436  -0.0455  -0.0431  -0.0381  -0.0444  -0.0413  -0.0369  -0.0369  -0.0413  -0.0444  -0.0381
************  DAA  ************
 NI=  1 NI_GLOBAL=  1
  -0.0441  -0.0441  -0.0441  -0.0441  -0.0441  -0.0441  -0.0402  -0.0402  -0.0402  -0.0402  -0.0402  -0.0402  -0.0402  -0.0402
 NI=  1 VDC=    1.4154
************  LA2  ************
 NI=  1 NI_GLOBAL=  1
  -3.4711  -3.4711  -3.4711  -3.4711  -3.4711  -3.4711  -3.3828  -3.3828  -3.3828  -3.3828  -3.3828  -3.3828  -3.3828  -3.3828
 NI=  1 PHI-step gap=  0.18E+00
************  RAA  ************
 NI=  1 NI_GLOBAL=  1
   0.9287   0.9287   0.9287   0.9287   0.9287   0.9287   0.9367   0.9367   0.9367   0.9367   0.9367   0.9367   0.9367   0.9367
************  NC0  ************
 NI=  1 NI_GLOBAL=  1
   0.6589   0.6589   0.6589   0.6589   0.6589   0.6589   0.1953   0.1953   0.1953   0.1953   0.1953   0.1953   0.1953   0.1953
                  CALC_LC takes  0 hours  6 minutes and    6.44 seconds (CPU).
                          takes  0 hours  6 minutes and    6.59 seconds (WALL).
                GUTZ_FCN1 takes  0 hours  6 minutes and    7.95 seconds (CPU).
                          takes  0 hours  6 minutes and    7.55 seconds (WALL).
************  DIF_X  ************
   -0.000001195469   -0.000029859965
   -0.000003033778   -0.000015318479
 ITER1=  1 MAXERR=    0.00002986
************   WH%X  ************
    0.92865668    0.93673667
    1.99789263    2.11340065
************  RIN  ************
 NI=  1 NI_GLOBAL=  1
   0.9287   0.9287   0.9287   0.9287   0.9287   0.9287   0.9367   0.9367   0.9367   0.9367   0.9367   0.9367   0.9367   0.9367
************  LA1  ************
 NI=  1 NI_GLOBAL=  1
   1.9979   1.9979   1.9979   1.9979   1.9979   1.9979   2.1134   2.1134   2.1134   2.1134   2.1134   2.1134   2.1134   2.1134
             CALC_BAND_AL takes  0 hours  0 minutes and    1.09 seconds (CPU).
                          takes  0 hours  0 minutes and    0.55 seconds (WALL).
 ILOOP            1
 ILOOP            2
   FERMI ENERGY AT    2.02642263258028     
   SUM RULE OF TETRAHEDRON INTEGRATION CHECKED 
   number of occupied bands:          18
   highest energy:   2.06146730552013     
************  NK-  ************
 NI=  1 NI_GLOBAL=  1
   0.6603   0.6618   0.6547   0.6547   0.6618   0.6603   0.1875   0.2122   0.2122   0.1694   0.1694   0.2122   0.2122   0.1875
************  NNK  ************
 NI=  1 NI_GLOBAL=  1
   0.6603   0.0000   0.0000   0.0000   0.0210   0.0000   0.0000   0.0091   0.0000   0.0000   0.0000   0.0737   0.0000   0.0000
   0.0000   0.6618   0.0000   0.0000   0.0000   0.0210   0.0000   0.0000  -0.0352   0.0000   0.0000   0.0000  -0.1171   0.0000
   0.0000   0.0000   0.6547   0.0000   0.0000   0.0000   0.0000   0.0000   0.0000   0.0470   0.0000   0.0000   0.0000   0.0469
   0.0000   0.0000   0.0000   0.6547   0.0000   0.0000  -0.0469   0.0000   0.0000   0.0000  -0.0470   0.0000   0.0000   0.0000
   0.0210   0.0000   0.0000   0.0000   0.6618   0.0000   0.0000   0.1171   0.0000   0.0000   0.0000   0.0352   0.0000   0.0000
   0.0000   0.0210   0.0000   0.0000   0.0000   0.6603   0.0000   0.0000  -0.0737   0.0000   0.0000   0.0000  -0.0091   0.0000
   0.0000   0.0000   0.0000  -0.0469   0.0000   0.0000   0.1875   0.0000   0.0000   0.0000   0.0137   0.0000   0.0000   0.0000
   0.0091   0.0000   0.0000   0.0000   0.1171   0.0000   0.0000   0.2122   0.0000   0.0000   0.0000  -0.0056   0.0000   0.0000
   0.0000  -0.0352   0.0000   0.0000   0.0000  -0.0737   0.0000   0.0000   0.2122   0.0000   0.0000   0.0000  -0.0056   0.0000
   0.0000   0.0000   0.0470   0.0000   0.0000   0.0000   0.0000   0.0000   0.0000   0.1694   0.0000   0.0000   0.0000   0.0137
   0.0000   0.0000   0.0000  -0.0470   0.0000   0.0000   0.0137   0.0000   0.0000   0.0000   0.1694   0.0000   0.0000   0.0000
   0.0737   0.0000   0.0000   0.0000   0.0352   0.0000   0.0000  -0.0056   0.0000   0.0000   0.0000   0.2122   0.0000   0.0000
   0.0000  -0.1171   0.0000   0.0000   0.0000  -0.0091   0.0000   0.0000  -0.0056   0.0000   0.0000   0.0000   0.2122   0.0000
   0.0000   0.0000   0.0469   0.0000   0.0000   0.0000   0.0000   0.0000   0.0000   0.0137   0.0000   0.0000   0.0000   0.1875
************  NKS  ************
 NI=  1 NI_GLOBAL=  1
   0.6589   0.6589   0.6589   0.6589   0.6589   0.6589   0.1953   0.1953   0.1953   0.1953   0.1953   0.1953   0.1953   0.1953
 NELE_LOC TOTAL:
           5.5160892847010219
              CALC_DA_BND takes  0 hours  0 minutes and    0.17 seconds (CPU).
                          takes  0 hours  0 minutes and    0.16 seconds (WALL).
************  DA-  ************
 NI=  1 NI_GLOBAL=  1
  -0.0431  -0.0455  -0.0436  -0.0436  -0.0455  -0.0431  -0.0381  -0.0444  -0.0413  -0.0369  -0.0369  -0.0413  -0.0444  -0.0381
************  DAA  ************
 NI=  1 NI_GLOBAL=  1
  -0.0441  -0.0441  -0.0441  -0.0441  -0.0441  -0.0441  -0.0402  -0.0402  -0.0402  -0.0402  -0.0402  -0.0402  -0.0402  -0.0402
 NI=  1 VDC=    1.4154
************  LA2  ************
 NI=  1 NI_GLOBAL=  1
  -3.4711  -3.4711  -3.4711  -3.4711  -3.4711  -3.4711  -3.3828  -3.3828  -3.3828  -3.3828  -3.3828  -3.3828  -3.3828  -3.3828
 NI=  1 PHI-step gap=  0.18E+00
************  RAA  ************
 NI=  1 NI_GLOBAL=  1
   0.9287   0.9287   0.9287   0.9287   0.9287   0.9287   0.9367   0.9367   0.9367   0.9367   0.9367   0.9367   0.9367   0.9367
************  NC0  ************
 NI=  1 NI_GLOBAL=  1
   0.6589   0.6589   0.6589   0.6589   0.6589   0.6589   0.1953   0.1953   0.1953   0.1953   0.1953   0.1953   0.1953   0.1953
                  CALC_LC takes  0 hours  6 minutes and   31.01 seconds (CPU).
                          takes  0 hours  6 minutes and   30.89 seconds (WALL).
                GUTZ_FCN1 takes  0 hours  6 minutes and   32.63 seconds (CPU).
                          takes  0 hours  6 minutes and   31.81 seconds (WALL).
************  DIF_X  ************
    0.000000015838   -0.000002204902
   -0.000000430089    0.000000564557
 ITER1=  2 MAXERR=    0.00000220
************   WH%X  ************
    0.92865622    0.93673329
    1.99789283    2.11339935
************  RIN  ************
 NI=  1 NI_GLOBAL=  1
   0.9287   0.9287   0.9287   0.9287   0.9287   0.9287   0.9367   0.9367   0.9367   0.9367   0.9367   0.9367   0.9367   0.9367
************  LA1  ************
 NI=  1 NI_GLOBAL=  1
   1.9979   1.9979   1.9979   1.9979   1.9979   1.9979   2.1134   2.1134   2.1134   2.1134   2.1134   2.1134   2.1134   2.1134
             CALC_BAND_AL takes  0 hours  0 minutes and    1.09 seconds (CPU).
                          takes  0 hours  0 minutes and    0.55 seconds (WALL).
 ILOOP            1
 ILOOP            2
   FERMI ENERGY AT    2.02642253576533     
   SUM RULE OF TETRAHEDRON INTEGRATION CHECKED 
   number of occupied bands:          18
   highest energy:   2.06146685698064     
************  NK-  ************
 NI=  1 NI_GLOBAL=  1
   0.6603   0.6618   0.6547   0.6547   0.6618   0.6603   0.1875   0.2122   0.2122   0.1694   0.1694   0.2122   0.2122   0.1875
************  NNK  ************
 NI=  1 NI_GLOBAL=  1
   0.6603   0.0000   0.0000   0.0000   0.0210   0.0000   0.0000   0.0091   0.0000   0.0000   0.0000   0.0738   0.0000   0.0000
   0.0000   0.6618   0.0000   0.0000   0.0000   0.0210   0.0000   0.0000  -0.0352   0.0000   0.0000   0.0000  -0.1171   0.0000
   0.0000   0.0000   0.6547   0.0000   0.0000   0.0000   0.0000   0.0000   0.0000   0.0470   0.0000   0.0000   0.0000   0.0469
   0.0000   0.0000   0.0000   0.6547   0.0000   0.0000  -0.0469   0.0000   0.0000   0.0000  -0.0470   0.0000   0.0000   0.0000
   0.0210   0.0000   0.0000   0.0000   0.6618   0.0000   0.0000   0.1171   0.0000   0.0000   0.0000   0.0352   0.0000   0.0000
   0.0000   0.0210   0.0000   0.0000   0.0000   0.6603   0.0000   0.0000  -0.0738   0.0000   0.0000   0.0000  -0.0091   0.0000
   0.0000   0.0000   0.0000  -0.0469   0.0000   0.0000   0.1875   0.0000   0.0000   0.0000   0.0137   0.0000   0.0000   0.0000
   0.0091   0.0000   0.0000   0.0000   0.1171   0.0000   0.0000   0.2122   0.0000   0.0000   0.0000  -0.0056   0.0000   0.0000
   0.0000  -0.0352   0.0000   0.0000   0.0000  -0.0738   0.0000   0.0000   0.2122   0.0000   0.0000   0.0000  -0.0056   0.0000
   0.0000   0.0000   0.0470   0.0000   0.0000   0.0000   0.0000   0.0000   0.0000   0.1694   0.0000   0.0000   0.0000   0.0137
   0.0000   0.0000   0.0000  -0.0470   0.0000   0.0000   0.0137   0.0000   0.0000   0.0000   0.1694   0.0000   0.0000   0.0000
   0.0738   0.0000   0.0000   0.0000   0.0352   0.0000   0.0000  -0.0056   0.0000   0.0000   0.0000   0.2122   0.0000   0.0000
   0.0000  -0.1171   0.0000   0.0000   0.0000  -0.0091   0.0000   0.0000  -0.0056   0.0000   0.0000   0.0000   0.2122   0.0000
   0.0000   0.0000   0.0469   0.0000   0.0000   0.0000   0.0000   0.0000   0.0000   0.0137   0.0000   0.0000   0.0000   0.1875
************  NKS  ************
 NI=  1 NI_GLOBAL=  1
   0.6589   0.6589   0.6589   0.6589   0.6589   0.6589   0.1953   0.1953   0.1953   0.1953   0.1953   0.1953   0.1953   0.1953
 NELE_LOC TOTAL:
           5.5160906059055055
              CALC_DA_BND takes  0 hours  0 minutes and    0.17 seconds (CPU).
                          takes  0 hours  0 minutes and    0.17 seconds (WALL).
************  DA-  ************
 NI=  1 NI_GLOBAL=  1
  -0.0431  -0.0455  -0.0436  -0.0436  -0.0455  -0.0431  -0.0381  -0.0444  -0.0413  -0.0369  -0.0369  -0.0413  -0.0444  -0.0381
************  DAA  ************
 NI=  1 NI_GLOBAL=  1
  -0.0441  -0.0441  -0.0441  -0.0441  -0.0441  -0.0441  -0.0402  -0.0402  -0.0402  -0.0402  -0.0402  -0.0402  -0.0402  -0.0402
 NI=  1 VDC=    1.4154
************  LA2  ************
 NI=  1 NI_GLOBAL=  1
  -3.4711  -3.4711  -3.4711  -3.4711  -3.4711  -3.4711  -3.3828  -3.3828  -3.3828  -3.3828  -3.3828  -3.3828  -3.3828  -3.3828
 NI=  1 PHI-step gap=  0.18E+00
************  RAA  ************
 NI=  1 NI_GLOBAL=  1
   0.9287   0.9287   0.9287   0.9287   0.9287   0.9287   0.9367   0.9367   0.9367   0.9367   0.9367   0.9367   0.9367   0.9367
************  NC0  ************
 NI=  1 NI_GLOBAL=  1
   0.6589   0.6589   0.6589   0.6589   0.6589   0.6589   0.1953   0.1953   0.1953   0.1953   0.1953   0.1953   0.1953   0.1953
                  CALC_LC takes  0 hours  6 minutes and   51.89 seconds (CPU).
                          takes  0 hours  6 minutes and   51.91 seconds (WALL).
                GUTZ_FCN1 takes  0 hours  6 minutes and   53.39 seconds (CPU).
                          takes  0 hours  6 minutes and   52.84 seconds (WALL).
************  DIF_X  ************
    0.000000014158   -0.000000034524
    0.000000020903   -0.000000015297
 ITER1=  3 MAXERR=    0.00000003
************   WH%X  ************
    0.92865625    0.93673329
    1.99789281    2.11339936
************  RIN  ************
 NI=  1 NI_GLOBAL=  1
   0.9287   0.9287   0.9287   0.9287   0.9287   0.9287   0.9367   0.9367   0.9367   0.9367   0.9367   0.9367   0.9367   0.9367
************  LA1  ************
 NI=  1 NI_GLOBAL=  1
   1.9979   1.9979   1.9979   1.9979   1.9979   1.9979   2.1134   2.1134   2.1134   2.1134   2.1134   2.1134   2.1134   2.1134
             CALC_BAND_AL takes  0 hours  0 minutes and    1.10 seconds (CPU).
                          takes  0 hours  0 minutes and    0.55 seconds (WALL).
 ILOOP            1
 ILOOP            2
   FERMI ENERGY AT    2.02642253367100     
   SUM RULE OF TETRAHEDRON INTEGRATION CHECKED 
   number of occupied bands:          18
   highest energy:   2.06146686423910     
************  NK-  ************
 NI=  1 NI_GLOBAL=  1
   0.6603   0.6618   0.6547   0.6547   0.6618   0.6603   0.1875   0.2122   0.2122   0.1694   0.1694   0.2122   0.2122   0.1875
************  NNK  ************
 NI=  1 NI_GLOBAL=  1
   0.6603   0.0000   0.0000   0.0000   0.0210   0.0000   0.0000   0.0091   0.0000   0.0000   0.0000   0.0738   0.0000   0.0000
   0.0000   0.6618   0.0000   0.0000   0.0000   0.0210   0.0000   0.0000  -0.0352   0.0000   0.0000   0.0000  -0.1171   0.0000
   0.0000   0.0000   0.6547   0.0000   0.0000   0.0000   0.0000   0.0000   0.0000   0.0470   0.0000   0.0000   0.0000   0.0469
   0.0000   0.0000   0.0000   0.6547   0.0000   0.0000  -0.0469   0.0000   0.0000   0.0000  -0.0470   0.0000   0.0000   0.0000
   0.0210   0.0000   0.0000   0.0000   0.6618   0.0000   0.0000   0.1171   0.0000   0.0000   0.0000   0.0352   0.0000   0.0000
   0.0000   0.0210   0.0000   0.0000   0.0000   0.6603   0.0000   0.0000  -0.0738   0.0000   0.0000   0.0000  -0.0091   0.0000
   0.0000   0.0000   0.0000  -0.0469   0.0000   0.0000   0.1875   0.0000   0.0000   0.0000   0.0137   0.0000   0.0000   0.0000
   0.0091   0.0000   0.0000   0.0000   0.1171   0.0000   0.0000   0.2122   0.0000   0.0000   0.0000  -0.0056   0.0000   0.0000
   0.0000  -0.0352   0.0000   0.0000   0.0000  -0.0738   0.0000   0.0000   0.2122   0.0000   0.0000   0.0000  -0.0056   0.0000
   0.0000   0.0000   0.0470   0.0000   0.0000   0.0000   0.0000   0.0000   0.0000   0.1694   0.0000   0.0000   0.0000   0.0137
   0.0000   0.0000   0.0000  -0.0470   0.0000   0.0000   0.0137   0.0000   0.0000   0.0000   0.1694   0.0000   0.0000   0.0000
   0.0738   0.0000   0.0000   0.0000   0.0352   0.0000   0.0000  -0.0056   0.0000   0.0000   0.0000   0.2122   0.0000   0.0000
   0.0000  -0.1171   0.0000   0.0000   0.0000  -0.0091   0.0000   0.0000  -0.0056   0.0000   0.0000   0.0000   0.2122   0.0000
   0.0000   0.0000   0.0469   0.0000   0.0000   0.0000   0.0000   0.0000   0.0000   0.0137   0.0000   0.0000   0.0000   0.1875
************  NKS  ************
 NI=  1 NI_GLOBAL=  1
   0.6589   0.6589   0.6589   0.6589   0.6589   0.6589   0.1953   0.1953   0.1953   0.1953   0.1953   0.1953   0.1953   0.1953
 NELE_LOC TOTAL:
           5.5160906178380174
              CALC_DA_BND takes  0 hours  0 minutes and    0.18 seconds (CPU).
                          takes  0 hours  0 minutes and    0.16 seconds (WALL).
************  DA-  ************
 NI=  1 NI_GLOBAL=  1
  -0.0431  -0.0455  -0.0436  -0.0436  -0.0455  -0.0431  -0.0381  -0.0444  -0.0413  -0.0369  -0.0369  -0.0413  -0.0444  -0.0381
************  DAA  ************
 NI=  1 NI_GLOBAL=  1
  -0.0441  -0.0441  -0.0441  -0.0441  -0.0441  -0.0441  -0.0402  -0.0402  -0.0402  -0.0402  -0.0402  -0.0402  -0.0402  -0.0402
 NI=  1 VDC=    1.4154
************  LA2  ************
 NI=  1 NI_GLOBAL=  1
  -3.4711  -3.4711  -3.4711  -3.4711  -3.4711  -3.4711  -3.3828  -3.3828  -3.3828  -3.3828  -3.3828  -3.3828  -3.3828  -3.3828
 NI=  1 PHI-step gap=  0.18E+00
************  RAA  ************
 NI=  1 NI_GLOBAL=  1
   0.9287   0.9287   0.9287   0.9287   0.9287   0.9287   0.9367   0.9367   0.9367   0.9367   0.9367   0.9367   0.9367   0.9367
************  NC0  ************
 NI=  1 NI_GLOBAL=  1
   0.6589   0.6589   0.6589   0.6589   0.6589   0.6589   0.1953   0.1953   0.1953   0.1953   0.1953   0.1953   0.1953   0.1953
                  CALC_LC takes  0 hours  7 minutes and   27.41 seconds (CPU).
                          takes  0 hours  7 minutes and   27.38 seconds (WALL).
                GUTZ_FCN1 takes  0 hours  7 minutes and   29.00 seconds (CPU).
                          takes  0 hours  7 minutes and   28.31 seconds (WALL).
************  DIF_X  ************
   -0.000000001072   -0.000000002744
   -0.000000000731    0.000000000251
 ITER1=  4 MAXERR=    0.00000000
 NFJAC=   0
 SOLVE1 FINISHED WITH       4 ITERATIONS.
               GUTZ_SOLVE takes  0 hours 27 minutes and    2.96 seconds (CPU).
                          takes  0 hours 27 minutes and    0.52 seconds (WALL).
 MAX. NELF1 DIFF=   -0.00150275
               CALC_PJRHO takes  0 hours  0 minutes and    0.53 seconds (CPU).
                          takes  0 hours  0 minutes and    0.38 seconds (WALL).
 NI=  1 SUM_PHY-SUM_KS=      0.00000000 WOULD BE RENORMALIZED
************  NC1  ************
 NI=  1 NI_GLOBAL=  1
   0.6552   0.6552   0.6552   0.6552   0.6552   0.6552   0.1981   0.1981   0.1981   0.1981   0.1981   0.1981   0.1981   0.1981
               CALC_NCPHY takes  0 hours  0 minutes and   49.67 seconds (CPU).
                          takes  0 hours  0 minutes and   49.48 seconds (WALL).
 GYZ%PJ%EGAMM:
    14.85572
 ENG%GAMM:    14.85572
 ENG%POT2:     3.59043
 EDCLA1(NI) ARRAY:
   -11.201
 EDCUJ(NI) ARRAY:
    -3.534
 EDCUJV(NI) ARRAY:
    -7.807
 EDC(NI) ARRAY:
   -14.735
 ENG%DBLC:   -14.73461
 ENG%DC1 :   -11.20103
 ENG%DC2 :    -3.53358
 ENG%DC2V:    -7.80736
 DC_E_STD_TO_E_V:    -4.27378
 ENG%BAND:    15.64360
 ENG%DL(DEEP LEVEL):     0.51656
 ENG%TB=    15.76471
 ENG%TB-DC2=    19.29829
 NI=  1 OCC_CONFIG_WEIGHT:
        OCC= 0 WEIGHT=   0.00000
        OCC= 1 WEIGHT=   0.00001
        OCC= 2 WEIGHT=   0.00049
        OCC= 3 WEIGHT=   0.01278
        OCC= 4 WEIGHT=   0.11786
        OCC= 5 WEIGHT=   0.36472
        OCC= 6 WEIGHT=   0.36455
        OCC= 7 WEIGHT=   0.12315
        OCC= 8 WEIGHT=   0.01567
        OCC= 9 WEIGHT=   0.00079
                 CALC_RCW takes  0 hours  0 minutes and    0.00 seconds (CPU).
                          takes  0 hours  0 minutes and    0.00 seconds (WALL).
 NI=  1 J2=   33.6071
                 CALC_SLJ takes  0 hours  0 minutes and    0.00 seconds (CPU).
                          takes  0 hours  0 minutes and    0.00 seconds (WALL).
 NI=  1 ENTANGLEMENT ENTROPY=      7.5454
           CALC_ENTANGLES takes  0 hours  0 minutes and    1.02 seconds (CPU).
                          takes  0 hours  0 minutes and    0.94 seconds (WALL).
 CORRELATED SUBSPACE, SUM_FERWT=      7.9879063 SUM_KSWT=      7.9879063
 MAX OFF DIAGONAL KS.WT=    0.000581
 MAX/MIN R=    0.936733    0.928656
                CALC_KSWT takes  0 hours  0 minutes and    0.03 seconds (CPU).
                          takes  0 hours  0 minutes and    0.02 seconds (WALL).
                    TOTAL takes  0 hours 28 minutes and   58.12 seconds (CPU).
                          takes  0 hours 28 minutes and   55.86 seconds (WALL).
