******Program DMFT: Computes Gloc and Delta for Dynamical Mean Field Theory calculation ******
 CALCULATION WITH COMPLEX VECTORS
 CALCULATION WITH SOC VECTORS REQUIRED
 Running DMFT in mpi mode
  
 numkpt=         286
   0.00000   0.00000   0.00000   1.00000
   0.04762   0.04762   0.00000  12.00000
   0.09524   0.09524   0.00000  12.00000
   0.14286   0.14286   0.00000  12.00000
   0.19048   0.19048   0.00000  12.00000
   0.23810   0.23810   0.00000  12.00000
   0.28571   0.28571   0.00000  12.00000
   0.33333   0.33333   0.00000  12.00000
   0.38095   0.38095   0.00000  12.00000
   0.42857   0.42857   0.00000  12.00000
   0.47619   0.47619   0.00000  12.00000
   0.09524   0.04762   0.04762  24.00000
   0.14286   0.09524   0.04762  48.00000
   0.19048   0.14286   0.04762  48.00000
   0.23810   0.19048   0.04762  48.00000
   0.28571   0.23810   0.04762  48.00000
   0.33333   0.28571   0.04762  48.00000
   0.38095   0.33333   0.04762  48.00000
   0.42857   0.38095   0.04762  48.00000
   0.47619   0.42857   0.04762  48.00000
   0.52381   0.47619   0.04762  24.00000
   0.19048   0.09524   0.09524  24.00000
   0.23810   0.14286   0.09524  48.00000
   0.28571   0.19048   0.09524  48.00000
   0.33333   0.23810   0.09524  48.00000
   0.38095   0.28571   0.09524  48.00000
   0.42857   0.33333   0.09524  48.00000
   0.47619   0.38095   0.09524  48.00000
   0.52381   0.42857   0.09524  48.00000
   0.28571   0.14286   0.14286  24.00000
   0.33333   0.19048   0.14286  48.00000
   0.38095   0.23810   0.14286  48.00000
   0.42857   0.28571   0.14286  48.00000
   0.47619   0.33333   0.14286  48.00000
   0.52381   0.38095   0.14286  48.00000
   0.57143   0.42857   0.14286  24.00000
   0.38095   0.19048   0.19048  24.00000
   0.42857   0.23810   0.19048  48.00000
   0.47619   0.28571   0.19048  48.00000
   0.52381   0.33333   0.19048  48.00000
   0.57143   0.38095   0.19048  48.00000
   0.47619   0.23810   0.23810  24.00000
   0.52381   0.28571   0.23810  48.00000
   0.57143   0.33333   0.23810  48.00000
   0.61905   0.38095   0.23810  24.00000
   0.57143   0.28571   0.28571  24.00000
   0.61905   0.33333   0.28571  48.00000
   0.66667   0.33333   0.33333   8.00000
   0.09524   0.09524   0.09524   8.00000
   0.14286   0.14286   0.09524  24.00000
   0.19048   0.19048   0.09524  24.00000
   0.23810   0.23810   0.09524  24.00000
   0.28571   0.28571   0.09524  24.00000
   0.33333   0.33333   0.09524  24.00000
   0.38095   0.38095   0.09524  24.00000
   0.42857   0.42857   0.09524  24.00000
   0.47619   0.47619   0.09524  24.00000
   1.00000   1.00000   0.09524   6.00000
   0.19048   0.14286   0.14286  24.00000
   0.23810   0.19048   0.14286  48.00000
   0.28571   0.23810   0.14286  48.00000
   0.33333   0.28571   0.14286  48.00000
   0.38095   0.33333   0.14286  48.00000
   0.42857   0.38095   0.14286  48.00000
   0.47619   0.42857   0.14286  48.00000
   0.52381   0.47619   0.14286  24.00000
   1.00000   0.95238   0.14286  24.00000
   0.28571   0.19048   0.19048  24.00000
   0.33333   0.23810   0.19048  48.00000
   0.38095   0.28571   0.19048  48.00000
   0.42857   0.33333   0.19048  48.00000
   0.47619   0.38095   0.19048  48.00000
   0.52381   0.42857   0.19048  48.00000
   1.00000   0.90476   0.19048  24.00000
   1.04762   0.95238   0.19048  24.00000
   0.38095   0.23810   0.23810  24.00000
   0.42857   0.28571   0.23810  48.00000
   0.47619   0.33333   0.23810  48.00000
   0.52381   0.38095   0.23810  48.00000
   0.57143   0.42857   0.23810  24.00000
   1.00000   0.85714   0.23810  24.00000
   1.04762   0.90476   0.23810  48.00000
   0.47619   0.28571   0.28571  24.00000
   0.52381   0.33333   0.28571  48.00000
   0.57143   0.38095   0.28571  48.00000
   1.00000   0.80952   0.28571  24.00000
   1.04762   0.85714   0.28571  48.00000
   1.09524   0.90476   0.28571  24.00000
   0.57143   0.33333   0.33333  24.00000
   0.61905   0.38095   0.33333  24.00000
   1.00000   0.76190   0.33333  24.00000
   1.04762   0.80952   0.33333  48.00000
   1.09524   0.85714   0.33333  48.00000
   1.00000   0.71429   0.38095  24.00000
   1.04762   0.76190   0.38095  48.00000
   1.09524   0.80952   0.38095  48.00000
   1.14286   0.85714   0.38095  24.00000
   1.00000   0.66667   0.42857  24.00000
   1.04762   0.71429   0.42857  48.00000
   1.09524   0.76190   0.42857  48.00000
   1.14286   0.80952   0.42857  48.00000
   1.00000   0.61905   0.47619  24.00000
   1.04762   0.66667   0.47619  48.00000
   1.09524   0.71429   0.47619  48.00000
   1.14286   0.76190   0.47619  48.00000
   1.19048   0.80952   0.47619  24.00000
   1.00000   0.57143   0.52381  24.00000
   1.04762   0.61905   0.52381  48.00000
   1.09524   0.66667   0.52381  48.00000
   1.14286   0.71429   0.52381  48.00000
   1.19048   0.76190   0.52381  48.00000
   1.04762   0.57143   0.57143  24.00000
   1.09524   0.61905   0.57143  48.00000
   1.14286   0.66667   0.57143  48.00000
   1.19048   0.71429   0.57143  48.00000
   1.23810   0.76190   0.57143  24.00000
   1.14286   0.61905   0.61905  24.00000
   1.19048   0.66667   0.61905  48.00000
   1.23810   0.71429   0.61905  48.00000
   1.23810   0.66667   0.66667  24.00000
   1.28571   0.71429   0.66667  24.00000
   0.19048   0.19048   0.19048   8.00000
   0.23810   0.23810   0.19048  24.00000
   0.28571   0.28571   0.19048  24.00000
   0.33333   0.33333   0.19048  24.00000
   0.38095   0.38095   0.19048  24.00000
   0.42857   0.42857   0.19048  24.00000
   0.47619   0.47619   0.19048  24.00000
   1.00000   1.00000   0.19048   6.00000
   0.28571   0.23810   0.23810  24.00000
   0.33333   0.28571   0.23810  48.00000
   0.38095   0.33333   0.23810  48.00000
   0.42857   0.38095   0.23810  48.00000
   0.47619   0.42857   0.23810  48.00000
   0.52381   0.47619   0.23810  24.00000
   1.00000   0.95238   0.23810  24.00000
   0.38095   0.28571   0.28571  24.00000
   0.42857   0.33333   0.28571  48.00000
   0.47619   0.38095   0.28571  48.00000
   0.52381   0.42857   0.28571  48.00000
   1.00000   0.90476   0.28571  24.00000
   1.04762   0.95238   0.28571  24.00000
   0.47619   0.33333   0.33333  24.00000
   0.52381   0.38095   0.33333  48.00000
   0.57143   0.42857   0.33333  24.00000
   1.00000   0.85714   0.33333  24.00000
   1.04762   0.90476   0.33333  48.00000
   0.57143   0.38095   0.38095  24.00000
   1.00000   0.80952   0.38095  24.00000
   1.04762   0.85714   0.38095  48.00000
   1.09524   0.90476   0.38095  24.00000
   1.00000   0.76190   0.42857  24.00000
   1.04762   0.80952   0.42857  48.00000
   1.09524   0.85714   0.42857  48.00000
   1.00000   0.71429   0.47619  24.00000
   1.04762   0.76190   0.47619  48.00000
   1.09524   0.80952   0.47619  48.00000
   1.14286   0.85714   0.47619  24.00000
   1.00000   0.66667   0.52381  24.00000
   1.04762   0.71429   0.52381  48.00000
   1.09524   0.76190   0.52381  48.00000
   1.14286   0.80952   0.52381  48.00000
   1.00000   0.61905   0.57143  24.00000
   1.04762   0.66667   0.57143  48.00000
   1.09524   0.71429   0.57143  48.00000
   1.14286   0.76190   0.57143  48.00000
   1.19048   0.80952   0.57143  24.00000
   1.04762   0.61905   0.61905  24.00000
   1.09524   0.66667   0.61905  48.00000
   1.14286   0.71429   0.61905  48.00000
   1.19048   0.76190   0.61905  48.00000
   1.14286   0.66667   0.66667  24.00000
   1.19048   0.71429   0.66667  48.00000
   1.23810   0.76190   0.66667  24.00000
   1.23810   0.71429   0.71429  24.00000
   0.28571   0.28571   0.28571   8.00000
   0.33333   0.33333   0.28571  24.00000
   0.38095   0.38095   0.28571  24.00000
   0.42857   0.42857   0.28571  24.00000
   0.47619   0.47619   0.28571  24.00000
   1.00000   1.00000   0.28571   6.00000
   0.38095   0.33333   0.33333  24.00000
   0.42857   0.38095   0.33333  48.00000
   0.47619   0.42857   0.33333  48.00000
   0.52381   0.47619   0.33333  24.00000
   1.00000   0.95238   0.33333  24.00000
   0.47619   0.38095   0.38095  24.00000
   0.52381   0.42857   0.38095  48.00000
   1.00000   0.90476   0.38095  24.00000
   1.04762   0.95238   0.38095  24.00000
   0.57143   0.42857   0.42857   8.00000
   1.00000   0.85714   0.42857  24.00000
   1.04762   0.90476   0.42857  48.00000
   1.00000   0.80952   0.47619  24.00000
   1.04762   0.85714   0.47619  48.00000
   1.09524   0.90476   0.47619  24.00000
   1.00000   0.76190   0.52381  24.00000
   1.04762   0.80952   0.52381  48.00000
   1.09524   0.85714   0.52381  48.00000
   1.00000   0.71429   0.57143  24.00000
   1.04762   0.76190   0.57143  48.00000
   1.09524   0.80952   0.57143  48.00000
   1.14286   0.85714   0.57143  24.00000
   1.00000   0.66667   0.61905  24.00000
   1.04762   0.71429   0.61905  48.00000
   1.09524   0.76190   0.61905  48.00000
   1.14286   0.80952   0.61905  48.00000
   1.04762   0.66667   0.66667  24.00000
   1.09524   0.71429   0.66667  48.00000
   1.14286   0.76190   0.66667  48.00000
   1.19048   0.80952   0.66667  24.00000
   1.14286   0.71429   0.71429  24.00000
   1.19048   0.76190   0.71429  48.00000
   1.23810   0.76190   0.76190   8.00000
   0.38095   0.38095   0.38095   8.00000
   0.42857   0.42857   0.38095  24.00000
   0.47619   0.47619   0.38095  24.00000
   1.00000   1.00000   0.38095   6.00000
   0.47619   0.42857   0.42857  24.00000
   0.52381   0.47619   0.42857  24.00000
   1.00000   0.95238   0.42857  24.00000
   1.00000   0.90476   0.47619  24.00000
   1.04762   0.95238   0.47619  24.00000
   1.00000   0.85714   0.52381  24.00000
   1.04762   0.90476   0.52381  48.00000
   1.00000   0.80952   0.57143  24.00000
   1.04762   0.85714   0.57143  48.00000
   1.09524   0.90476   0.57143  24.00000
   1.00000   0.76190   0.61905  24.00000
   1.04762   0.80952   0.61905  48.00000
   1.09524   0.85714   0.61905  48.00000
   1.00000   0.71429   0.66667  24.00000
   1.04762   0.76190   0.66667  48.00000
   1.09524   0.80952   0.66667  48.00000
   1.14286   0.85714   0.66667  24.00000
   1.04762   0.71429   0.71429  24.00000
   1.09524   0.76190   0.71429  48.00000
   1.14286   0.80952   0.71429  48.00000
   1.14286   0.76190   0.76190  24.00000
   1.19048   0.80952   0.76190  24.00000
   0.47619   0.47619   0.47619   8.00000
   1.00000   1.00000   0.47619   6.00000
   1.00000   0.95238   0.52381  24.00000
   1.00000   0.90476   0.57143  24.00000
   1.04762   0.95238   0.57143  24.00000
   1.00000   0.85714   0.61905  24.00000
   1.04762   0.90476   0.61905  48.00000
   1.00000   0.80952   0.66667  24.00000
   1.04762   0.85714   0.66667  48.00000
   1.09524   0.90476   0.66667  24.00000
   1.00000   0.76190   0.71429  24.00000
   1.04762   0.80952   0.71429  48.00000
   1.09524   0.85714   0.71429  48.00000
   1.04762   0.76190   0.76190  24.00000
   1.09524   0.80952   0.76190  48.00000
   1.14286   0.85714   0.76190  24.00000
   1.14286   0.80952   0.80952  24.00000
   1.00000   1.00000   0.57143   6.00000
   1.00000   0.95238   0.61905  24.00000
   1.00000   0.90476   0.66667  24.00000
   1.04762   0.95238   0.66667  24.00000
   1.00000   0.85714   0.71429  24.00000
   1.04762   0.90476   0.71429  48.00000
   1.00000   0.80952   0.76190  24.00000
   1.04762   0.85714   0.76190  48.00000
   1.09524   0.90476   0.76190  24.00000
   1.04762   0.80952   0.80952  24.00000
   1.09524   0.85714   0.80952  48.00000
   1.14286   0.85714   0.85714   8.00000
   1.00000   1.00000   0.66667   6.00000
   1.00000   0.95238   0.71429  24.00000
   1.00000   0.90476   0.76190  24.00000
   1.04762   0.95238   0.76190  24.00000
   1.00000   0.85714   0.80952  24.00000
   1.04762   0.90476   0.80952  48.00000
   1.04762   0.85714   0.85714  24.00000
   1.09524   0.90476   0.85714  24.00000
   1.00000   1.00000   0.76190   6.00000
   1.00000   0.95238   0.80952  24.00000
   1.00000   0.90476   0.85714  24.00000
   1.04762   0.95238   0.85714  24.00000
   1.04762   0.90476   0.90476  24.00000
   1.00000   1.00000   0.85714   6.00000
   1.00000   0.95238   0.90476  24.00000
   1.04762   0.95238   0.95238   8.00000
   1.00000   1.00000   0.95238   6.00000




                              --------------------------------------------------
                                 S T R U C T U R A L   I N F O R M A T I O N
                              --------------------------------------------------


   SUBSTANCE                    = cubic body-centered  (epsilon Pu)                                               

   LATTICE                      = B   
   LATTICE CONSTANTS ARE        =    7.1865390   7.1865390   7.1865390
   NUMBER OF ATOMS IN UNITCELL  =   1
   MODE OF CALCULATION IS       = RELA
 IORD=          48
 FNAMES=
 ./epsilon_Pu_13.vectorso_1                                                     
                                                                                
                                           
 ./epsilon_Pu_13.vectorsodn_1                                                   
                                                                                
                                           
 epsilon_Pu_13.energyso_1                                                       
                                                                                
                                           
 epsilon_Pu_13.energysodn_1                                                     
                                                                                
                                           
  BR1,  BR2
   0.87430   0.00000   0.00000      0.00000   0.87430   0.87430
   0.00000   0.87430   0.00000      0.87430   0.00000   0.87430
   0.00000   0.00000   0.87430      0.87430   0.87430   0.00000
 projector corrected--must be 1,2, or 3! Now projector= 2
 Energy window:   -0.4410 < E <      0.441
 Projected density of states calculation for  1 atoms
--------- atom  1 -------------
l=  3  qsplit=  4
 Symmetrization over eq. k-points is performed
 ********** Start Reading Cix file *************
  Correlated block number           1
  Correlated index=
  1  0  0  0  0  0  0  0  0  0  0  0  0  0
  0  1  0  0  0  0  0  0  0  0  0  0  0  0
  0  0  1  0  0  0  0  0  0  0  0  0  0  0
  0  0  0  1  0  0  0  0  0  0  0  0  0  0
  0  0  0  0  1  0  0  0  0  0  0  0  0  0
  0  0  0  0  0  1  0  0  0  0  0  0  0  0
  0  0  0  0  0  0  2  0  0  0  0  0  0  0
  0  0  0  0  0  0  0  2  0  0  0  0  0  0
  0  0  0  0  0  0  0  0  2  0  0  0  0  0
  0  0  0  0  0  0  0  0  0  2  0  0  0  0
  0  0  0  0  0  0  0  0  0  0  2  0  0  0
  0  0  0  0  0  0  0  0  0  0  0  2  0  0
  0  0  0  0  0  0  0  0  0  0  0  0  2  0
  0  0  0  0  0  0  0  0  0  0  0  0  0  2
  Real part of unitary matrix=
  0.9258  0.0000  0.0000  0.0000  0.0000  0.0000  0.0000  0.0000 -0.3780  0.0000  0.0000  0.0000  0.0000  0.0000
  0.0000  0.8452  0.0000  0.0000  0.0000  0.0000  0.0000  0.0000  0.0000 -0.5345  0.0000  0.0000  0.0000  0.0000
  0.0000  0.0000  0.7559  0.0000  0.0000  0.0000  0.0000  0.0000  0.0000  0.0000 -0.6547  0.0000  0.0000  0.0000
  0.0000  0.0000  0.0000  0.6547  0.0000  0.0000  0.0000  0.0000  0.0000  0.0000  0.0000 -0.7559  0.0000  0.0000
  0.0000  0.0000  0.0000  0.0000  0.5345  0.0000  0.0000  0.0000  0.0000  0.0000  0.0000  0.0000 -0.8452  0.0000
  0.0000  0.0000  0.0000  0.0000  0.0000  0.3780  0.0000  0.0000  0.0000  0.0000  0.0000  0.0000  0.0000 -0.9258
  0.0000  0.0000  0.0000  0.0000  0.0000  0.0000  0.0000  1.0000  0.0000  0.0000  0.0000  0.0000  0.0000  0.0000
  0.3780  0.0000  0.0000  0.0000  0.0000  0.0000  0.0000  0.0000  0.9258  0.0000  0.0000  0.0000  0.0000  0.0000
  0.0000  0.5345  0.0000  0.0000  0.0000  0.0000  0.0000  0.0000  0.0000  0.8452  0.0000  0.0000  0.0000  0.0000
  0.0000  0.0000  0.6547  0.0000  0.0000  0.0000  0.0000  0.0000  0.0000  0.0000  0.7559  0.0000  0.0000  0.0000
  0.0000  0.0000  0.0000  0.7559  0.0000  0.0000  0.0000  0.0000  0.0000  0.0000  0.0000  0.6547  0.0000  0.0000
  0.0000  0.0000  0.0000  0.0000  0.8452  0.0000  0.0000  0.0000  0.0000  0.0000  0.0000  0.0000  0.5345  0.0000
  0.0000  0.0000  0.0000  0.0000  0.0000  0.9258  0.0000  0.0000  0.0000  0.0000  0.0000  0.0000  0.0000  0.3780
  0.0000  0.0000  0.0000  0.0000  0.0000  0.0000  1.0000  0.0000  0.0000  0.0000  0.0000  0.0000  0.0000  0.0000
  Imaginary part of unitary matrix=
  0.0000  0.0000  0.0000  0.0000  0.0000  0.0000  0.0000  0.0000  0.0000  0.0000  0.0000  0.0000  0.0000  0.0000
  0.0000  0.0000  0.0000  0.0000  0.0000  0.0000  0.0000  0.0000  0.0000  0.0000  0.0000  0.0000  0.0000  0.0000
  0.0000  0.0000  0.0000  0.0000  0.0000  0.0000  0.0000  0.0000  0.0000  0.0000  0.0000  0.0000  0.0000  0.0000
  0.0000  0.0000  0.0000  0.0000  0.0000  0.0000  0.0000  0.0000  0.0000  0.0000  0.0000  0.0000  0.0000  0.0000
  0.0000  0.0000  0.0000  0.0000  0.0000  0.0000  0.0000  0.0000  0.0000  0.0000  0.0000  0.0000  0.0000  0.0000
  0.0000  0.0000  0.0000  0.0000  0.0000  0.0000  0.0000  0.0000  0.0000  0.0000  0.0000  0.0000  0.0000  0.0000
  0.0000  0.0000  0.0000  0.0000  0.0000  0.0000  0.0000  0.0000  0.0000  0.0000  0.0000  0.0000  0.0000  0.0000
  0.0000  0.0000  0.0000  0.0000  0.0000  0.0000  0.0000  0.0000  0.0000  0.0000  0.0000  0.0000  0.0000  0.0000
  0.0000  0.0000  0.0000  0.0000  0.0000  0.0000  0.0000  0.0000  0.0000  0.0000  0.0000  0.0000  0.0000  0.0000
  0.0000  0.0000  0.0000  0.0000  0.0000  0.0000  0.0000  0.0000  0.0000  0.0000  0.0000  0.0000  0.0000  0.0000
  0.0000  0.0000  0.0000  0.0000  0.0000  0.0000  0.0000  0.0000  0.0000  0.0000  0.0000  0.0000  0.0000  0.0000
  0.0000  0.0000  0.0000  0.0000  0.0000  0.0000  0.0000  0.0000  0.0000  0.0000  0.0000  0.0000  0.0000  0.0000
  0.0000  0.0000  0.0000  0.0000  0.0000  0.0000  0.0000  0.0000  0.0000  0.0000  0.0000  0.0000  0.0000  0.0000
  0.0000  0.0000  0.0000  0.0000  0.0000  0.0000  0.0000  0.0000  0.0000  0.0000  0.0000  0.0000  0.0000  0.0000
  At least one transformation matrix is not Identity
 Magnetic system with s-o coupling; M theta, phi:  0.0000  0.0000
 Inside ROTDEF
Operation  1 transforms atom   1 from first atom   1
Actual position of atom  1 is:  0.000000    0.000000    0.000000
 
Combined transformation (acting on k-point) for correlated atoms
including users rotation and internal local rotation
catom  1 atom   1
   0.87430   0.00000   0.00000
   0.00000  -0.87430   0.00000
   0.00000   0.00000  -0.87430
 
 
 SPIN COORD SYSTEM:
    1.000000    0.000000    0.000000
    0.000000    1.000000    0.000000
    0.000000    0.000000    1.000000
 
 in global cartezian coordinates:
    1.000000    0.000000    0.000000
    0.000000   -1.000000    0.000000
    0.000000    0.000000   -1.000000
 ____________________________
 in spin coordinates:
    1.000000    0.000000    0.000000
    0.000000   -1.000000    0.000000
    0.000000    0.000000   -1.000000
           1   3.14159265358979       -1.00000000000000     
 
 in global cartezian coordinates:
    0.000000    1.000000    0.000000
   -1.000000    0.000000    0.000000
    0.000000    0.000000   -1.000000
 ____________________________
 in spin coordinates:
    0.000000    1.000000    0.000000
   -1.000000    0.000000    0.000000
    0.000000    0.000000   -1.000000
           2   1.57079632679490        1.00000000000000     
 
 in global cartezian coordinates:
    1.000000    0.000000    0.000000
    0.000000    0.000000   -1.000000
    0.000000   -1.000000    0.000000
 ____________________________
 in spin coordinates:
    1.000000    0.000000    0.000000
    0.000000    0.000000   -1.000000
    0.000000   -1.000000    0.000000
           3   1.57079632679490       0.000000000000000E+000
 
 symm. operation            3  removed !!!! so-det=  0.000000000000000E+000
 in global cartezian coordinates:
    0.000000    0.000000    1.000000
   -1.000000    0.000000    0.000000
    0.000000   -1.000000    0.000000
 ____________________________
 in spin coordinates:
    0.000000    0.000000    1.000000
   -1.000000    0.000000    0.000000
    0.000000   -1.000000    0.000000
           4   1.57079632679490       0.000000000000000E+000
 
 symm. operation            4  removed !!!! so-det=  0.000000000000000E+000
 in global cartezian coordinates:
    0.000000    1.000000    0.000000
    0.000000    0.000000   -1.000000
   -1.000000    0.000000    0.000000
 ____________________________
 in spin coordinates:
    0.000000    1.000000    0.000000
    0.000000    0.000000   -1.000000
   -1.000000    0.000000    0.000000
           5 NaN                      0.000000000000000E+000
 
 symm. operation            5  removed !!!! so-det=  0.000000000000000E+000
 in global cartezian coordinates:
    0.000000    0.000000    1.000000
    0.000000   -1.000000    0.000000
   -1.000000    0.000000    0.000000
 ____________________________
 in spin coordinates:
    0.000000    0.000000    1.000000
    0.000000   -1.000000    0.000000
   -1.000000    0.000000    0.000000
           6   1.57079632679490       0.000000000000000E+000
 
 symm. operation            6  removed !!!! so-det=  0.000000000000000E+000
 in global cartezian coordinates:
   -1.000000    0.000000    0.000000
    0.000000   -1.000000    0.000000
    0.000000    0.000000   -1.000000
 ____________________________
 in spin coordinates:
   -1.000000    0.000000    0.000000
    0.000000   -1.000000    0.000000
    0.000000    0.000000   -1.000000
           7  0.000000000000000E+000   1.00000000000000     
 
 in global cartezian coordinates:
    0.000000    1.000000    0.000000
    1.000000    0.000000    0.000000
    0.000000    0.000000   -1.000000
 ____________________________
 in spin coordinates:
    0.000000    1.000000    0.000000
    1.000000    0.000000    0.000000
    0.000000    0.000000   -1.000000
           8   1.57079632679490       -1.00000000000000     
 
 in global cartezian coordinates:
   -1.000000    0.000000    0.000000
    0.000000    0.000000   -1.000000
    0.000000   -1.000000    0.000000
 ____________________________
 in spin coordinates:
   -1.000000    0.000000    0.000000
    0.000000    0.000000   -1.000000
    0.000000   -1.000000    0.000000
           9   1.57079632679490       0.000000000000000E+000
 
 symm. operation            9  removed !!!! so-det=  0.000000000000000E+000
 in global cartezian coordinates:
    0.000000    0.000000    1.000000
    1.000000    0.000000    0.000000
    0.000000   -1.000000    0.000000
 ____________________________
 in spin coordinates:
    0.000000    0.000000    1.000000
    1.000000    0.000000    0.000000
    0.000000   -1.000000    0.000000
          10   1.57079632679490       0.000000000000000E+000
 
 symm. operation           10  removed !!!! so-det=  0.000000000000000E+000
 in global cartezian coordinates:
    0.000000    1.000000    0.000000
    0.000000    0.000000   -1.000000
    1.000000    0.000000    0.000000
 ____________________________
 in spin coordinates:
    0.000000    1.000000    0.000000
    0.000000    0.000000   -1.000000
    1.000000    0.000000    0.000000
          11 NaN                      0.000000000000000E+000
 
 symm. operation           11  removed !!!! so-det=  0.000000000000000E+000
 in global cartezian coordinates:
    0.000000    0.000000    1.000000
    0.000000   -1.000000    0.000000
    1.000000    0.000000    0.000000
 ____________________________
 in spin coordinates:
    0.000000    0.000000    1.000000
    0.000000   -1.000000    0.000000
    1.000000    0.000000    0.000000
          12   1.57079632679490       0.000000000000000E+000
 
 symm. operation           12  removed !!!! so-det=  0.000000000000000E+000
 in global cartezian coordinates:
    0.000000   -1.000000    0.000000
   -1.000000    0.000000    0.000000
    0.000000    0.000000   -1.000000
 ____________________________
 in spin coordinates:
    0.000000   -1.000000    0.000000
   -1.000000    0.000000    0.000000
    0.000000    0.000000   -1.000000
          13   4.71238898038469       -1.00000000000000     
 
 in global cartezian coordinates:
    1.000000    0.000000    0.000000
    0.000000    1.000000    0.000000
    0.000000    0.000000   -1.000000
 ____________________________
 in spin coordinates:
    1.000000    0.000000    0.000000
    0.000000    1.000000    0.000000
    0.000000    0.000000   -1.000000
          14   3.14159274101257        1.00000000000000     
 
 in global cartezian coordinates:
    0.000000   -1.000000    0.000000
    0.000000    0.000000   -1.000000
   -1.000000    0.000000    0.000000
 ____________________________
 in spin coordinates:
    0.000000   -1.000000    0.000000
    0.000000    0.000000   -1.000000
   -1.000000    0.000000    0.000000
          15 NaN                      0.000000000000000E+000
 
 symm. operation           15  removed !!!! so-det=  0.000000000000000E+000
 in global cartezian coordinates:
    0.000000    0.000000    1.000000
    0.000000    1.000000    0.000000
   -1.000000    0.000000    0.000000
 ____________________________
 in spin coordinates:
    0.000000    0.000000    1.000000
    0.000000    1.000000    0.000000
   -1.000000    0.000000    0.000000
          16   1.57079632679490       0.000000000000000E+000
 
 symm. operation           16  removed !!!! so-det=  0.000000000000000E+000
 in global cartezian coordinates:
    1.000000    0.000000    0.000000
    0.000000    0.000000   -1.000000
    0.000000    1.000000    0.000000
 ____________________________
 in spin coordinates:
    1.000000    0.000000    0.000000
    0.000000    0.000000   -1.000000
    0.000000    1.000000    0.000000
          17   1.57079632679490       0.000000000000000E+000
 
 symm. operation           17  removed !!!! so-det=  0.000000000000000E+000
 in global cartezian coordinates:
    0.000000    0.000000    1.000000
   -1.000000    0.000000    0.000000
    0.000000    1.000000    0.000000
 ____________________________
 in spin coordinates:
    0.000000    0.000000    1.000000
   -1.000000    0.000000    0.000000
    0.000000    1.000000    0.000000
          18   1.57079632679490       0.000000000000000E+000
 
 symm. operation           18  removed !!!! so-det=  0.000000000000000E+000
 in global cartezian coordinates:
    0.000000    0.000000   -1.000000
   -1.000000    0.000000    0.000000
    0.000000   -1.000000    0.000000
 ____________________________
 in spin coordinates:
    0.000000    0.000000   -1.000000
   -1.000000    0.000000    0.000000
    0.000000   -1.000000    0.000000
          19   1.57079632679490       0.000000000000000E+000
 
 symm. operation           19  removed !!!! so-det=  0.000000000000000E+000
 in global cartezian coordinates:
    1.000000    0.000000    0.000000
    0.000000    0.000000    1.000000
    0.000000   -1.000000    0.000000
 ____________________________
 in spin coordinates:
    1.000000    0.000000    0.000000
    0.000000    0.000000    1.000000
    0.000000   -1.000000    0.000000
          20   1.57079632679490       0.000000000000000E+000
 
 symm. operation           20  removed !!!! so-det=  0.000000000000000E+000
 in global cartezian coordinates:
    0.000000    0.000000   -1.000000
    0.000000   -1.000000    0.000000
   -1.000000    0.000000    0.000000
 ____________________________
 in spin coordinates:
    0.000000    0.000000   -1.000000
    0.000000   -1.000000    0.000000
   -1.000000    0.000000    0.000000
          21   1.57079632679490       0.000000000000000E+000
 
 symm. operation           21  removed !!!! so-det=  0.000000000000000E+000
 in global cartezian coordinates:
    0.000000    1.000000    0.000000
    0.000000    0.000000    1.000000
   -1.000000    0.000000    0.000000
 ____________________________
 in spin coordinates:
    0.000000    1.000000    0.000000
    0.000000    0.000000    1.000000
   -1.000000    0.000000    0.000000
          22 NaN                      0.000000000000000E+000
 
 symm. operation           22  removed !!!! so-det=  0.000000000000000E+000
 in global cartezian coordinates:
    1.000000    0.000000    0.000000
    0.000000   -1.000000    0.000000
    0.000000    0.000000    1.000000
 ____________________________
 in spin coordinates:
    1.000000    0.000000    0.000000
    0.000000   -1.000000    0.000000
    0.000000    0.000000    1.000000
          23   6.28318539460237       -1.00000000000000     
 
 in global cartezian coordinates:
    0.000000    1.000000    0.000000
   -1.000000    0.000000    0.000000
    0.000000    0.000000    1.000000
 ____________________________
 in spin coordinates:
    0.000000    1.000000    0.000000
   -1.000000    0.000000    0.000000
    0.000000    0.000000    1.000000
          24  -1.57079632679490        1.00000000000000     
 
 in global cartezian coordinates:
    0.000000   -1.000000    0.000000
    1.000000    0.000000    0.000000
    0.000000    0.000000   -1.000000
 ____________________________
 in spin coordinates:
    0.000000   -1.000000    0.000000
    1.000000    0.000000    0.000000
    0.000000    0.000000   -1.000000
          25  -1.57079632679490        1.00000000000000     
 
 in global cartezian coordinates:
   -1.000000    0.000000    0.000000
    0.000000    1.000000    0.000000
    0.000000    0.000000   -1.000000
 ____________________________
 in spin coordinates:
   -1.000000    0.000000    0.000000
    0.000000    1.000000    0.000000
    0.000000    0.000000   -1.000000
          26   6.28318539460237       -1.00000000000000     
 
 in global cartezian coordinates:
    0.000000   -1.000000    0.000000
    0.000000    0.000000   -1.000000
    1.000000    0.000000    0.000000
 ____________________________
 in spin coordinates:
    0.000000   -1.000000    0.000000
    0.000000    0.000000   -1.000000
    1.000000    0.000000    0.000000
          27 NaN                      0.000000000000000E+000
 
 symm. operation           27  removed !!!! so-det=  0.000000000000000E+000
 in global cartezian coordinates:
    0.000000    0.000000    1.000000
    0.000000    1.000000    0.000000
    1.000000    0.000000    0.000000
 ____________________________
 in spin coordinates:
    0.000000    0.000000    1.000000
    0.000000    1.000000    0.000000
    1.000000    0.000000    0.000000
          28   1.57079632679490       0.000000000000000E+000
 
 symm. operation           28  removed !!!! so-det=  0.000000000000000E+000
 in global cartezian coordinates:
   -1.000000    0.000000    0.000000
    0.000000    0.000000   -1.000000
    0.000000    1.000000    0.000000
 ____________________________
 in spin coordinates:
   -1.000000    0.000000    0.000000
    0.000000    0.000000   -1.000000
    0.000000    1.000000    0.000000
          29   1.57079632679490       0.000000000000000E+000
 
 symm. operation           29  removed !!!! so-det=  0.000000000000000E+000
 in global cartezian coordinates:
    0.000000    0.000000    1.000000
    1.000000    0.000000    0.000000
    0.000000    1.000000    0.000000
 ____________________________
 in spin coordinates:
    0.000000    0.000000    1.000000
    1.000000    0.000000    0.000000
    0.000000    1.000000    0.000000
          30   1.57079632679490       0.000000000000000E+000
 
 symm. operation           30  removed !!!! so-det=  0.000000000000000E+000
 in global cartezian coordinates:
    0.000000    0.000000   -1.000000
    1.000000    0.000000    0.000000
    0.000000   -1.000000    0.000000
 ____________________________
 in spin coordinates:
    0.000000    0.000000   -1.000000
    1.000000    0.000000    0.000000
    0.000000   -1.000000    0.000000
          31   1.57079632679490       0.000000000000000E+000
 
 symm. operation           31  removed !!!! so-det=  0.000000000000000E+000
 in global cartezian coordinates:
   -1.000000    0.000000    0.000000
    0.000000    0.000000    1.000000
    0.000000   -1.000000    0.000000
 ____________________________
 in spin coordinates:
   -1.000000    0.000000    0.000000
    0.000000    0.000000    1.000000
    0.000000   -1.000000    0.000000
          32   1.57079632679490       0.000000000000000E+000
 
 symm. operation           32  removed !!!! so-det=  0.000000000000000E+000
 in global cartezian coordinates:
    0.000000    0.000000   -1.000000
    0.000000   -1.000000    0.000000
    1.000000    0.000000    0.000000
 ____________________________
 in spin coordinates:
    0.000000    0.000000   -1.000000
    0.000000   -1.000000    0.000000
    1.000000    0.000000    0.000000
          33   1.57079632679490       0.000000000000000E+000
 
 symm. operation           33  removed !!!! so-det=  0.000000000000000E+000
 in global cartezian coordinates:
    0.000000    1.000000    0.000000
    0.000000    0.000000    1.000000
    1.000000    0.000000    0.000000
 ____________________________
 in spin coordinates:
    0.000000    1.000000    0.000000
    0.000000    0.000000    1.000000
    1.000000    0.000000    0.000000
          34 NaN                      0.000000000000000E+000
 
 symm. operation           34  removed !!!! so-det=  0.000000000000000E+000
 in global cartezian coordinates:
   -1.000000    0.000000    0.000000
    0.000000   -1.000000    0.000000
    0.000000    0.000000    1.000000
 ____________________________
 in spin coordinates:
   -1.000000    0.000000    0.000000
    0.000000   -1.000000    0.000000
    0.000000    0.000000    1.000000
          35   3.14159274101257        1.00000000000000     
 
 in global cartezian coordinates:
    0.000000    1.000000    0.000000
    1.000000    0.000000    0.000000
    0.000000    0.000000    1.000000
 ____________________________
 in spin coordinates:
    0.000000    1.000000    0.000000
    1.000000    0.000000    0.000000
    0.000000    0.000000    1.000000
          36   4.71238898038469       -1.00000000000000     
 
 in global cartezian coordinates:
    0.000000    0.000000   -1.000000
    0.000000    1.000000    0.000000
   -1.000000    0.000000    0.000000
 ____________________________
 in spin coordinates:
    0.000000    0.000000   -1.000000
    0.000000    1.000000    0.000000
   -1.000000    0.000000    0.000000
          37   1.57079632679490       0.000000000000000E+000
 
 symm. operation           37  removed !!!! so-det=  0.000000000000000E+000
 in global cartezian coordinates:
    0.000000   -1.000000    0.000000
    0.000000    0.000000    1.000000
   -1.000000    0.000000    0.000000
 ____________________________
 in spin coordinates:
    0.000000   -1.000000    0.000000
    0.000000    0.000000    1.000000
   -1.000000    0.000000    0.000000
          38 NaN                      0.000000000000000E+000
 
 symm. operation           38  removed !!!! so-det=  0.000000000000000E+000
 in global cartezian coordinates:
    0.000000    0.000000   -1.000000
   -1.000000    0.000000    0.000000
    0.000000    1.000000    0.000000
 ____________________________
 in spin coordinates:
    0.000000    0.000000   -1.000000
   -1.000000    0.000000    0.000000
    0.000000    1.000000    0.000000
          39   1.57079632679490       0.000000000000000E+000
 
 symm. operation           39  removed !!!! so-det=  0.000000000000000E+000
 in global cartezian coordinates:
    1.000000    0.000000    0.000000
    0.000000    0.000000    1.000000
    0.000000    1.000000    0.000000
 ____________________________
 in spin coordinates:
    1.000000    0.000000    0.000000
    0.000000    0.000000    1.000000
    0.000000    1.000000    0.000000
          40   1.57079632679490       0.000000000000000E+000
 
 symm. operation           40  removed !!!! so-det=  0.000000000000000E+000
 in global cartezian coordinates:
    0.000000   -1.000000    0.000000
   -1.000000    0.000000    0.000000
    0.000000    0.000000    1.000000
 ____________________________
 in spin coordinates:
    0.000000   -1.000000    0.000000
   -1.000000    0.000000    0.000000
    0.000000    0.000000    1.000000
          41   1.57079632679490       -1.00000000000000     
 
 in global cartezian coordinates:
    1.000000    0.000000    0.000000
    0.000000    1.000000    0.000000
    0.000000    0.000000    1.000000
 ____________________________
 in spin coordinates:
    1.000000    0.000000    0.000000
    0.000000    1.000000    0.000000
    0.000000    0.000000    1.000000
          42  0.000000000000000E+000   1.00000000000000     
 
 in global cartezian coordinates:
    0.000000    0.000000   -1.000000
    0.000000    1.000000    0.000000
    1.000000    0.000000    0.000000
 ____________________________
 in spin coordinates:
    0.000000    0.000000   -1.000000
    0.000000    1.000000    0.000000
    1.000000    0.000000    0.000000
          43   1.57079632679490       0.000000000000000E+000
 
 symm. operation           43  removed !!!! so-det=  0.000000000000000E+000
 in global cartezian coordinates:
    0.000000   -1.000000    0.000000
    0.000000    0.000000    1.000000
    1.000000    0.000000    0.000000
 ____________________________
 in spin coordinates:
    0.000000   -1.000000    0.000000
    0.000000    0.000000    1.000000
    1.000000    0.000000    0.000000
          44 NaN                      0.000000000000000E+000
 
 symm. operation           44  removed !!!! so-det=  0.000000000000000E+000
 in global cartezian coordinates:
    0.000000    0.000000   -1.000000
    1.000000    0.000000    0.000000
    0.000000    1.000000    0.000000
 ____________________________
 in spin coordinates:
    0.000000    0.000000   -1.000000
    1.000000    0.000000    0.000000
    0.000000    1.000000    0.000000
          45   1.57079632679490       0.000000000000000E+000
 
 symm. operation           45  removed !!!! so-det=  0.000000000000000E+000
 in global cartezian coordinates:
   -1.000000    0.000000    0.000000
    0.000000    0.000000    1.000000
    0.000000    1.000000    0.000000
 ____________________________
 in spin coordinates:
   -1.000000    0.000000    0.000000
    0.000000    0.000000    1.000000
    0.000000    1.000000    0.000000
          46   1.57079632679490       0.000000000000000E+000
 
 symm. operation           46  removed !!!! so-det=  0.000000000000000E+000
 in global cartezian coordinates:
    0.000000   -1.000000    0.000000
    1.000000    0.000000    0.000000
    0.000000    0.000000    1.000000
 ____________________________
 in spin coordinates:
    0.000000   -1.000000    0.000000
    1.000000    0.000000    0.000000
    0.000000    0.000000    1.000000
          47   1.57079632679490        1.00000000000000     
 
 in global cartezian coordinates:
   -1.000000    0.000000    0.000000
    0.000000    1.000000    0.000000
    0.000000    0.000000    1.000000
 ____________________________
 in spin coordinates:
   -1.000000    0.000000    0.000000
    0.000000    1.000000    0.000000
    0.000000    0.000000    1.000000
          48   3.14159265358979       -1.00000000000000     
 
 Original and SO-compatible symops changed:          48          16
 FNAME=
 epsilon_Pu_13.energyso_1                                                       
                                                                                
                                                     60
 FNAME=
 epsilon_Pu_13.energysodn_1                                                     
                                                                                
                                                     59
 BZ-integration with TETRA-program.   icor=: 1
 Equal occupancy of degenerate states, tol=: 0.1E-05
 call eord...
 call dos...
 ILOOP            1
 ILOOP            2
   FERMI ENERGY AT    1.04348914980148     
 RESULT OF INTEGRATION:      15.999999999179; SHOULD BE:      15.999999999900
   SUM RULE OF TETRAHEDRON INTEGRATION CHECKED 
 call eweigh...
   number of occupied bands:          18
   highest energy:   1.05073740283892     
 FERMI-LDA=   1.043 Ryd,  14.197 eV.
 ABSOLUTE EMIN=   0.602 Ryd.   8.197 eV.
 ABSOLUTE EMAX=   1.484 Ryd.  20.197 eV.


:NLDA  : NUMBER OF ELECTRONS          =  16.000

:FLDA  : F E R M I - ENERGY           =   1.04349
 
 ********** Information about the atomic index arrays ************
 iatom=           1
 isort=           1
 csort=           1
 maxucase=           1
icase, iucase, jatom, latom=     1     1     1     1
 
 *****  Arrays for correlated blocks ******
 norbitals=           1
 maxdim2=          14
iorbital( 1, 1)=   1
cix( 1, 1)=   1
icase,lcase,icix,iorb,nind1,ip1,iSx=    1    1    1    1   14    1    1
icase,lcase,icix,iorb,nind1,ip1,iSx=    1    1    1    1   14    2    2
icase,lcase,icix,iorb,nind1,ip1,iSx=    1    1    1    1   14    3    3
icase,lcase,icix,iorb,nind1,ip1,iSx=    1    1    1    1   14    4    4
icase,lcase,icix,iorb,nind1,ip1,iSx=    1    1    1    1   14    5    5
icase,lcase,icix,iorb,nind1,ip1,iSx=    1    1    1    1   14    6    6
icase,lcase,icix,iorb,nind1,ip1,iSx=    1    1    1    1   14    7    7
icase,lcase,icix,iorb,nind1,ip1,iSx=    1    1    1    1   14    8    8
icase,lcase,icix,iorb,nind1,ip1,iSx=    1    1    1    1   14    9    9
icase,lcase,icix,iorb,nind1,ip1,iSx=    1    1    1    1   14   10   10
icase,lcase,icix,iorb,nind1,ip1,iSx=    1    1    1    1   14   11   11
icase,lcase,icix,iorb,nind1,ip1,iSx=    1    1    1    1   14   12   12
icase,lcase,icix,iorb,nind1,ip1,iSx=    1    1    1    1   14   13   13
icase,lcase,icix,iorb,nind1,ip1,iSx=    1    1    1    1   14   14   14
cixdim( 1)=14
noccur( 1, 1)=   6
noccur( 2, 1)=   8
iSx( 1, 1)=  1
iSx( 2, 1)=  2
iSx( 3, 1)=  3
iSx( 4, 1)=  4
iSx( 5, 1)=  5
iSx( 6, 1)=  6
iSx( 7, 1)=  7
iSx( 8, 1)=  8
iSx( 9, 1)=  9
iSx(10, 1)= 10
iSx(11, 1)= 11
iSx(12, 1)= 12
iSx(13, 1)= 13
iSx(14, 1)= 14
nindo( 1)= 14
CF for iorb1= 1 iorb2= 1
    0.92582010     0.00000000       0.00000000     0.00000000       0.00000000     0.00000000       0.00000000     0.00000000       0.00000000     0.00000000       0.00000000     0.00000000       0.00000000     0.00000000       0.00000000     0.00000000      -0.37796447     0.00000000       0.00000000     0.00000000       0.00000000     0.00000000       0.00000000     0.00000000       0.00000000     0.00000000       0.00000000     0.00000000   
    0.00000000     0.00000000       0.84515425     0.00000000       0.00000000     0.00000000       0.00000000     0.00000000       0.00000000     0.00000000       0.00000000     0.00000000       0.00000000     0.00000000       0.00000000     0.00000000       0.00000000     0.00000000      -0.53452248     0.00000000       0.00000000     0.00000000       0.00000000     0.00000000       0.00000000     0.00000000       0.00000000     0.00000000   
    0.00000000     0.00000000       0.00000000     0.00000000       0.75592895     0.00000000       0.00000000     0.00000000       0.00000000     0.00000000       0.00000000     0.00000000       0.00000000     0.00000000       0.00000000     0.00000000       0.00000000     0.00000000       0.00000000     0.00000000      -0.65465367     0.00000000       0.00000000     0.00000000       0.00000000     0.00000000       0.00000000     0.00000000   
    0.00000000     0.00000000       0.00000000     0.00000000       0.00000000     0.00000000       0.65465367     0.00000000       0.00000000     0.00000000       0.00000000     0.00000000       0.00000000     0.00000000       0.00000000     0.00000000       0.00000000     0.00000000       0.00000000     0.00000000       0.00000000     0.00000000      -0.75592895     0.00000000       0.00000000     0.00000000       0.00000000     0.00000000   
    0.00000000     0.00000000       0.00000000     0.00000000       0.00000000     0.00000000       0.00000000     0.00000000       0.53452248     0.00000000       0.00000000     0.00000000       0.00000000     0.00000000       0.00000000     0.00000000       0.00000000     0.00000000       0.00000000     0.00000000       0.00000000     0.00000000       0.00000000     0.00000000      -0.84515425     0.00000000       0.00000000     0.00000000   
    0.00000000     0.00000000       0.00000000     0.00000000       0.00000000     0.00000000       0.00000000     0.00000000       0.00000000     0.00000000       0.37796447     0.00000000       0.00000000     0.00000000       0.00000000     0.00000000       0.00000000     0.00000000       0.00000000     0.00000000       0.00000000     0.00000000       0.00000000     0.00000000       0.00000000     0.00000000      -0.92582010     0.00000000   
    0.00000000     0.00000000       0.00000000     0.00000000       0.00000000     0.00000000       0.00000000     0.00000000       0.00000000     0.00000000       0.00000000     0.00000000       0.00000000     0.00000000       1.00000000     0.00000000       0.00000000     0.00000000       0.00000000     0.00000000       0.00000000     0.00000000       0.00000000     0.00000000       0.00000000     0.00000000       0.00000000     0.00000000   
    0.37796447     0.00000000       0.00000000     0.00000000       0.00000000     0.00000000       0.00000000     0.00000000       0.00000000     0.00000000       0.00000000     0.00000000       0.00000000     0.00000000       0.00000000     0.00000000       0.92582010     0.00000000       0.00000000     0.00000000       0.00000000     0.00000000       0.00000000     0.00000000       0.00000000     0.00000000       0.00000000     0.00000000   
    0.00000000     0.00000000       0.53452248     0.00000000       0.00000000     0.00000000       0.00000000     0.00000000       0.00000000     0.00000000       0.00000000     0.00000000       0.00000000     0.00000000       0.00000000     0.00000000       0.00000000     0.00000000       0.84515425     0.00000000       0.00000000     0.00000000       0.00000000     0.00000000       0.00000000     0.00000000       0.00000000     0.00000000   
    0.00000000     0.00000000       0.00000000     0.00000000       0.65465367     0.00000000       0.00000000     0.00000000       0.00000000     0.00000000       0.00000000     0.00000000       0.00000000     0.00000000       0.00000000     0.00000000       0.00000000     0.00000000       0.00000000     0.00000000       0.75592895     0.00000000       0.00000000     0.00000000       0.00000000     0.00000000       0.00000000     0.00000000   
    0.00000000     0.00000000       0.00000000     0.00000000       0.00000000     0.00000000       0.75592895     0.00000000       0.00000000     0.00000000       0.00000000     0.00000000       0.00000000     0.00000000       0.00000000     0.00000000       0.00000000     0.00000000       0.00000000     0.00000000       0.00000000     0.00000000       0.65465367     0.00000000       0.00000000     0.00000000       0.00000000     0.00000000   
    0.00000000     0.00000000       0.00000000     0.00000000       0.00000000     0.00000000       0.00000000     0.00000000       0.84515425     0.00000000       0.00000000     0.00000000       0.00000000     0.00000000       0.00000000     0.00000000       0.00000000     0.00000000       0.00000000     0.00000000       0.00000000     0.00000000       0.00000000     0.00000000       0.53452248     0.00000000       0.00000000     0.00000000   
    0.00000000     0.00000000       0.00000000     0.00000000       0.00000000     0.00000000       0.00000000     0.00000000       0.00000000     0.00000000       0.92582010     0.00000000       0.00000000     0.00000000       0.00000000     0.00000000       0.00000000     0.00000000       0.00000000     0.00000000       0.00000000     0.00000000       0.00000000     0.00000000       0.00000000     0.00000000       0.37796447     0.00000000   
    0.00000000     0.00000000       0.00000000     0.00000000       0.00000000     0.00000000       0.00000000     0.00000000       0.00000000     0.00000000       0.00000000     0.00000000       1.00000000     0.00000000       0.00000000     0.00000000       0.00000000     0.00000000       0.00000000     0.00000000       0.00000000     0.00000000       0.00000000     0.00000000       0.00000000     0.00000000       0.00000000     0.00000000   
Rspin for iorb=  1
 angles=  0.000000000000000E+000   3.14159265358979       0.000000000000000E+000
  0.000000000000000E+000  0.000000000000000E+000  0.000000000000000E+000
 Rspin=
    0.000000    0.000000      0.000000    1.000000
    0.000000    1.000000      0.000000    0.000000
 Calculation for atom  1 which has iucase=  1
 ATPAR for spin up

          ATOMIC PARAMETERS FOR Pu  0+    

           ENERGY PARAMETERS ARE   0.81  -1.38   0.81   0.81

           L     U(R)          U'(R)         DU/DE        DU'/DE      NORM-U'
           0  0.549704E+00  0.815991E+00  0.113350E+00 -0.225282E+00
           1  0.524234E+00 -0.374575E-01 -0.147061E+00 -0.402177E+00
           2 -0.618019E+00  0.241320E-01  0.983779E-01  0.346248E+00
           3 -0.321462E+00  0.122019E+00  0.360560E+00  0.536300E+00
LO COEFFICIENT: l,A,B,C   0          0.65713    -3.18683     0.00000     0.00000
 
LO COEFFICIENT: l,A,B,C   0          0.32273     0.00000     0.77858     0.00000
 
LO COEFFICIENT: l,A,B,C   1          0.88435     3.15248     0.00000     0.00000
 
LO COEFFICIENT: l,A,B,C   1          0.28278     0.00000    -1.25279     0.00000
 
LO COEFFICIENT: l,A,B,C   2          0.85280     5.35739     0.00000     0.00000
 
LO COEFFICIENT: l,A,B,C   3          0.93855     0.83677     0.00000     0.00000
 
 ATPAR for spin down

          ATOMIC PARAMETERS FOR Pu  0+    

           ENERGY PARAMETERS ARE   0.81  -1.38   0.81   0.81

           L     U(R)          U'(R)         DU/DE        DU'/DE      NORM-U'
           0  0.549704E+00  0.815991E+00  0.113350E+00 -0.225282E+00
           1  0.524234E+00 -0.374575E-01 -0.147061E+00 -0.402177E+00
           2 -0.618019E+00  0.241320E-01  0.983779E-01  0.346248E+00
           3 -0.321462E+00  0.122019E+00  0.360560E+00  0.536300E+00
LO COEFFICIENT: l,A,B,C   0          0.65713    -3.18683     0.00000     0.00000
 
LO COEFFICIENT: l,A,B,C   0          0.32273     0.00000     0.77858     0.00000
 
LO COEFFICIENT: l,A,B,C   1          0.88435     3.15248     0.00000     0.00000
 
LO COEFFICIENT: l,A,B,C   1          0.28278     0.00000    -1.25279     0.00000
 
LO COEFFICIENT: l,A,B,C   2          0.85280     5.35739     0.00000     0.00000
 
LO COEFFICIENT: l,A,B,C   3          0.93855     0.83677     0.00000     0.00000
 
 L1=           0  L2=           0
 RADIAL INTEGRALS:
           1           1                 1           1   1.00000000000000     
           1           3                 1           1  0.576384297405783     
           1           1                 1           2   1.00000000000000     
           1           3                 1           2  0.576384297405783     
           1           1                 2           1   1.00000000000000     
           1           3                 2           1  0.576384297405783     
           1           1                 2           2   1.00000000000000     
           1           3                 2           2  0.576384297405783     
           2           2                 1           1  5.594554172388358E-002
           2           3                 1           1 -0.191034679560647     
           2           2                 1           2  5.594554172388358E-002
           2           3                 1           2 -0.191034679560647     
           2           2                 2           1  5.594554172388358E-002
           2           3                 2           1 -0.191034679560647     
           2           2                 2           2  5.594554172388358E-002
           2           3                 2           2 -0.191034679560647     
           3           1                 1           1  0.576384297405783     
           3           2                 1           1 -0.191034679560647     
           3           3                 1           1   1.00000000000000     
           3           1                 1           2  0.576384297405783     
           3           2                 1           2 -0.191034679560647     
           3           3                 1           2   1.00000000000000     
           3           1                 2           1  0.576384297405783     
           3           2                 2           1 -0.191034679560647     
           3           3                 2           1   1.00000000000000     
           3           1                 2           2  0.576384297405783     
           3           2                 2           2 -0.191034679560647     
           3           3                 2           2   1.00000000000000     
 L1=           1  L2=           1
 RADIAL INTEGRALS:
           1           1                 1           1   1.00000000000000     
           1           3                 1           1  0.916618741026855     
           1           1                 1           2   1.00000000000000     
           1           3                 1           2  0.916618741026855     
           1           1                 2           1   1.00000000000000     
           1           3                 2           1  0.916618741026855     
           1           1                 2           2   1.00000000000000     
           1           3                 2           2  0.916618741026855     
           2           2                 1           1  2.192840794384926E-002
           2           3                 1           1  5.904885077962158E-002
           2           2                 1           2  2.192840794384926E-002
           2           3                 1           2  5.904885077962158E-002
           2           2                 2           1  2.192840794384926E-002
           2           3                 2           1  5.904885077962158E-002
           2           2                 2           2  2.192840794384926E-002
           2           3                 2           2  5.904885077962158E-002
           3           1                 1           1  0.916618741026855     
           3           2                 1           1  5.904885077962158E-002
           3           3                 1           1   1.00000000000000     
           3           1                 1           2  0.916618741026855     
           3           2                 1           2  5.904885077962158E-002
           3           3                 1           2   1.00000000000000     
           3           1                 2           1  0.916618741026855     
           3           2                 2           1  5.904885077962158E-002
           3           3                 2           1   1.00000000000000     
           3           1                 2           2  0.916618741026855     
           3           2                 2           2  5.904885077962158E-002
           3           3                 2           2   1.00000000000000     
 L1=           2  L2=           2
 RADIAL INTEGRALS:
           1           1                 1           1   1.00000000000000     
           1           1                 1           2   1.00000000000000     
           1           1                 2           1   1.00000000000000     
           1           1                 2           2   1.00000000000000     
           2           2                 1           1  9.502128764055940E-003
           2           2                 1           2  9.502128764055940E-003
           2           2                 2           1  9.502128764055940E-003
           2           2                 2           2  9.502128764055940E-003
 L1=           3  L2=           3
 RADIAL INTEGRALS:
           1           1                 1           1   1.00000000000000     
           1           1                 1           2   1.00000000000000     
           1           1                 2           1   1.00000000000000     
           1           1                 2           2   1.00000000000000     
           2           2                 1           1  0.170136422039324     
           2           2                 1           2  0.170136422039324     
           2           2                 2           1  0.170136422039324     
           2           2                 2           2  0.170136422039324     
Saving potential parameters for atom 1 into  1
pr_proc=143  tot-k=286
 ------------------------------------------------------------------------------


   =====>>> CPU TIME SUMMARY

            TOTAL       :      1.4
 OMP_NUM_THREADS= 2
 GUTZ_SOLVER VO.1.5 BUILT ON Jan 19 2014 AT22:25:59
 NT=  1 SEC_N%DIM=   10 WITH ID:
           1       2      16     107     471    1472    3474    6477    9909   12912
       14914
 MEAN U/J:  0.2940  0.0265
 NEL_FIX_VDC1=      5.27
 ATOM DEPENDENT NELF1:
      5.2698
 DCMIX_A=  0.200000
 SYMMETRICALLY NON-EQUIVALENT ATOMS:
          1
 VARIATIONAL-SETUP-NON-EQUIVALENT ATOMS:
          1
 COMPLEMENTARY VARIATIONAL-SETUP-EQUIVALENT ATOMS:

 GYZ%SYM%IDSUM:
  1
 DIM(X_Gutz)=  4
 CALC SET: GAPJ-SHFT FULL       -JH-PROJ SLATER    VAR-FIXDC    Ryd.   
 NT= 1
 LOCAL INTERACTION PART   :
 U              :   0.2940
 J              :   0.0265
 FOCK SPACE PART:
 NA             :  7
 FS%OCC(1) L.B. :  0
 FS%OCC(2) U.B. :  9
 FS%DIM         :     14913
 HL%OCC(1) L.B. :  0
 HL%OCC(2) U.B. :  9
 ISO= 2 ISPIN_IN= 1 ISPIN= 1 ISPO= 2
 BND%NMAX=  90
 BZ INTEGRATION WITH TETRA METHOD, ICOR= 1
 EQUAL OCCUPANCY OF DEGENERATE STATES, TOL= 0.1E-05
 VALENCE ELECTRONS: TOTAL=    16.0
                    CORRELATED PART=     8.0
 SYM%IDI/IDF=  1 16
 BND%NMAXIN=   26
      GUTZ5_INI_CORR_UVEK takes  0 hours  0 minutes and    0.04 seconds (CPU).
                          takes  0 hours  0 minutes and    0.05 seconds (WALL).
                 SETUP_TB takes  0 hours  0 minutes and    1.33 seconds (CPU).
                          takes  0 hours  0 minutes and    0.67 seconds (WALL).
************  EL-  ************
 NI=  1 NI_GLOBAL=  1
   1.0547   1.0509   1.0493   1.0493   1.0509   1.0547   1.1347   1.1301   1.1299   1.1266   1.1266   1.1299   1.1301   1.1347
************  EL=  ************
 NI=  1 NI_GLOBAL=  1
   1.0547   0.0000   0.0000   0.0000   0.0025   0.0000   0.0000   0.0016   0.0000   0.0000   0.0000  -0.0009   0.0000   0.0000
   0.0000   1.0509   0.0000   0.0000   0.0000   0.0025   0.0000   0.0000  -0.0002   0.0000   0.0000   0.0000   0.0051   0.0000
   0.0000   0.0000   1.0493   0.0000   0.0000   0.0000   0.0000   0.0000   0.0000   0.0028   0.0000   0.0000   0.0000   0.0002
   0.0000   0.0000   0.0000   1.0493   0.0000   0.0000  -0.0002   0.0000   0.0000   0.0000  -0.0028   0.0000   0.0000   0.0000
   0.0025   0.0000   0.0000   0.0000   1.0509   0.0000   0.0000  -0.0051   0.0000   0.0000   0.0000   0.0002   0.0000   0.0000
   0.0000   0.0025   0.0000   0.0000   0.0000   1.0547   0.0000   0.0000   0.0009   0.0000   0.0000   0.0000  -0.0016   0.0000
   0.0000   0.0000   0.0000  -0.0002   0.0000   0.0000   1.1347   0.0000   0.0000   0.0000   0.0015   0.0000   0.0000   0.0000
   0.0016   0.0000   0.0000   0.0000  -0.0051   0.0000   0.0000   1.1301   0.0000   0.0000   0.0000   0.0038   0.0000   0.0000
   0.0000  -0.0002   0.0000   0.0000   0.0000   0.0009   0.0000   0.0000   1.1299   0.0000   0.0000   0.0000   0.0038   0.0000
   0.0000   0.0000   0.0028   0.0000   0.0000   0.0000   0.0000   0.0000   0.0000   1.1266   0.0000   0.0000   0.0000   0.0015
   0.0000   0.0000   0.0000  -0.0028   0.0000   0.0000   0.0015   0.0000   0.0000   0.0000   1.1266   0.0000   0.0000   0.0000
  -0.0009   0.0000   0.0000   0.0000   0.0002   0.0000   0.0000   0.0038   0.0000   0.0000   0.0000   1.1299   0.0000   0.0000
   0.0000   0.0051   0.0000   0.0000   0.0000  -0.0016   0.0000   0.0000   0.0038   0.0000   0.0000   0.0000   1.1301   0.0000
   0.0000   0.0000   0.0002   0.0000   0.0000   0.0000   0.0000   0.0000   0.0000   0.0015   0.0000   0.0000   0.0000   1.1347
 NI=  1 LOCAL ORBITAL LEVEL CENTER(ELC)=   1.097
************  EL0  ************
 NI=  1 NI_GLOBAL=  1
   1.0516   1.0516   1.0516   1.0516   1.0516   1.0516   1.1303   1.1303   1.1303   1.1303   1.1303   1.1303   1.1303   1.1303
************  ELL  ************
 NI=  1 NI_GLOBAL=  1
   1.0516   0.0000   0.0000   0.0000   0.0000   0.0000   0.0000   0.0000   0.0000   0.0000   0.0000   0.0000   0.0000   0.0000
   0.0000   1.0516   0.0000   0.0000   0.0000   0.0000   0.0000   0.0000   0.0000   0.0000   0.0000   0.0000   0.0000   0.0000
   0.0000   0.0000   1.0516   0.0000   0.0000   0.0000   0.0000   0.0000   0.0000   0.0000   0.0000   0.0000   0.0000   0.0000
   0.0000   0.0000   0.0000   1.0516   0.0000   0.0000   0.0000   0.0000   0.0000   0.0000   0.0000   0.0000   0.0000   0.0000
   0.0000   0.0000   0.0000   0.0000   1.0516   0.0000   0.0000   0.0000   0.0000   0.0000   0.0000   0.0000   0.0000   0.0000
   0.0000   0.0000   0.0000   0.0000   0.0000   1.0516   0.0000   0.0000   0.0000   0.0000   0.0000   0.0000   0.0000   0.0000
   0.0000   0.0000   0.0000   0.0000   0.0000   0.0000   1.1303   0.0000   0.0000   0.0000   0.0000   0.0000   0.0000   0.0000
   0.0000   0.0000   0.0000   0.0000   0.0000   0.0000   0.0000   1.1303   0.0000   0.0000   0.0000   0.0000   0.0000   0.0000
   0.0000   0.0000   0.0000   0.0000   0.0000   0.0000   0.0000   0.0000   1.1303   0.0000   0.0000   0.0000   0.0000   0.0000
   0.0000   0.0000   0.0000   0.0000   0.0000   0.0000   0.0000   0.0000   0.0000   1.1303   0.0000   0.0000   0.0000   0.0000
   0.0000   0.0000   0.0000   0.0000   0.0000   0.0000   0.0000   0.0000   0.0000   0.0000   1.1303   0.0000   0.0000   0.0000
   0.0000   0.0000   0.0000   0.0000   0.0000   0.0000   0.0000   0.0000   0.0000   0.0000   0.0000   1.1303   0.0000   0.0000
   0.0000   0.0000   0.0000   0.0000   0.0000   0.0000   0.0000   0.0000   0.0000   0.0000   0.0000   0.0000   1.1303   0.0000
   0.0000   0.0000   0.0000   0.0000   0.0000   0.0000   0.0000   0.0000   0.0000   0.0000   0.0000   0.0000   0.0000   1.1303
                  GET_EL0 takes  0 hours  0 minutes and    0.01 seconds (CPU).
                          takes  0 hours  0 minutes and    0.00 seconds (WALL).
 There are  4 blocks of bands, with band energy windows:
  -2.360  -2.336 |   -0.825  -0.755 |   -0.258  -0.094 |    0.632   4.435 | 
 Band window indices:
         1      2 |          3      4 |          5      8 |          9     91 | 
 Band width
       0.024   |         0.070   |         0.164   |         3.803   |  
 Band gap
       1.511   |         0.497   |         0.726   |  
 CORRELATED BLOCK: EMIN/EMIX=    0.6320    1.4827
 CORRELATED BAND WIDTH=   0.851
         GUTZ_RED_PRJ_NEQ takes  0 hours  1 minutes and    2.97 seconds (CPU).
                          takes  0 hours  1 minutes and    2.85 seconds (WALL).
 NI=  1 DIM_PHIK=   41227 HL%DIM=  14913
       ID_PHIK_N=
      1      2      4     33    264   1639   6153  15546  27321  36714
  41228
       ID_PHIK_J=
      1      2      3      4      8      9     18     19     28     29
     33     37     73    122    171    220    245    254    263    264
    300    349    638    807   1168   1364   1533   1582   1631   1635
   1639   1739   2180   2964   3864   4705   5381   5781   6037   6118
   6143   6152   6153   6349   6710   8079   9448  11564  12933  14377
  14953  15353  15474  15538  15542  15546  15835  16796  18560  21060
  23176  24940  26165  26841  27165  27286  27311  27320  27321  27517
  27878  29247  30616  32732  34101  35545  36121  36521  36642  36706
  36710  36714  36814  37255  38039  38939  39780  40456  40856  41112
  41193  41218  41227  41228
          GUTZ_SET_PRJ_EQ takes  0 hours  0 minutes and    0.00 seconds (CPU).
                          takes  0 hours  0 minutes and    0.00 seconds (WALL).
************   WH%X  ************
    0.89337898    0.90776959
    0.99907067    1.17036776
************  RIN  ************
 NI=  1 NI_GLOBAL=  1
   0.8934   0.8934   0.8934   0.8934   0.8934   0.8934   0.9078   0.9078   0.9078   0.9078   0.9078   0.9078   0.9078   0.9078
************  LA1  ************
 NI=  1 NI_GLOBAL=  1
   0.9991   0.9991   0.9991   0.9991   0.9991   0.9991   1.1704   1.1704   1.1704   1.1704   1.1704   1.1704   1.1704   1.1704
             CALC_BAND_AL takes  0 hours  0 minutes and    0.61 seconds (CPU).
                          takes  0 hours  0 minutes and    0.30 seconds (WALL).
 ILOOP            1
 ILOOP            2
   FERMI ENERGY AT    1.00605042814730     
   SUM RULE OF TETRAHEDRON INTEGRATION CHECKED 
   number of occupied bands:          18
   highest energy:   1.02697110544826     
************  NK-  ************
 NI=  1 NI_GLOBAL=  1
   0.8584   0.8048   0.8788   0.8788   0.8048   0.8584   0.0173   0.0314   0.0237   0.0209   0.0209   0.0237   0.0314   0.0173
************  NNK  ************
 NI=  1 NI_GLOBAL=  1
   0.8584   0.0000   0.0000   0.0000  -0.0435   0.0000   0.0000  -0.0221   0.0000   0.0000   0.0000  -0.0088   0.0000   0.0000
   0.0000   0.8048   0.0000   0.0000   0.0000  -0.0435   0.0000   0.0000   0.0205   0.0000   0.0000   0.0000   0.0093   0.0000
   0.0000   0.0000   0.8788   0.0000   0.0000   0.0000   0.0000   0.0000   0.0000  -0.0115   0.0000   0.0000   0.0000  -0.0150
   0.0000   0.0000   0.0000   0.8788   0.0000   0.0000   0.0150   0.0000   0.0000   0.0000   0.0115   0.0000   0.0000   0.0000
  -0.0435   0.0000   0.0000   0.0000   0.8048   0.0000   0.0000  -0.0093   0.0000   0.0000   0.0000  -0.0205   0.0000   0.0000
   0.0000  -0.0435   0.0000   0.0000   0.0000   0.8584   0.0000   0.0000   0.0088   0.0000   0.0000   0.0000   0.0221   0.0000
   0.0000   0.0000   0.0000   0.0150   0.0000   0.0000   0.0173   0.0000   0.0000   0.0000   0.0011   0.0000   0.0000   0.0000
  -0.0221   0.0000   0.0000   0.0000  -0.0093   0.0000   0.0000   0.0314   0.0000   0.0000   0.0000   0.0018   0.0000   0.0000
   0.0000   0.0205   0.0000   0.0000   0.0000   0.0088   0.0000   0.0000   0.0237   0.0000   0.0000   0.0000   0.0018   0.0000
   0.0000   0.0000  -0.0115   0.0000   0.0000   0.0000   0.0000   0.0000   0.0000   0.0209   0.0000   0.0000   0.0000   0.0011
   0.0000   0.0000   0.0000   0.0115   0.0000   0.0000   0.0011   0.0000   0.0000   0.0000   0.0209   0.0000   0.0000   0.0000
  -0.0088   0.0000   0.0000   0.0000  -0.0205   0.0000   0.0000   0.0018   0.0000   0.0000   0.0000   0.0237   0.0000   0.0000
   0.0000   0.0093   0.0000   0.0000   0.0000   0.0221   0.0000   0.0000   0.0018   0.0000   0.0000   0.0000   0.0314   0.0000
   0.0000   0.0000  -0.0150   0.0000   0.0000   0.0000   0.0000   0.0000   0.0000   0.0011   0.0000   0.0000   0.0000   0.0173
************  NKS  ************
 NI=  1 NI_GLOBAL=  1
   0.8473   0.8473   0.8473   0.8473   0.8473   0.8473   0.0233   0.0233   0.0233   0.0233   0.0233   0.0233   0.0233   0.0233
 NELE_LOC TOTAL:
           5.2706856285105026
              CALC_DA_BND takes  0 hours  0 minutes and    0.10 seconds (CPU).
                          takes  0 hours  0 minutes and    0.09 seconds (WALL).
************  DA-  ************
 NI=  1 NI_GLOBAL=  1
  -0.0175  -0.0197  -0.0154  -0.0154  -0.0197  -0.0175  -0.0039  -0.0070  -0.0052  -0.0047  -0.0047  -0.0052  -0.0070  -0.0039
************  DAA  ************
 NI=  1 NI_GLOBAL=  1
  -0.0175  -0.0175  -0.0175  -0.0175  -0.0175  -0.0175  -0.0052  -0.0052  -0.0052  -0.0052  -0.0052  -0.0052  -0.0052  -0.0052
 NI=  1 VDC=    1.3458
************  LA2  ************
 NI=  1 NI_GLOBAL=  1
  -2.4290  -2.4290  -2.4290  -2.4290  -2.4290  -2.4290  -2.3192  -2.3192  -2.3192  -2.3192  -2.3192  -2.3192  -2.3192  -2.3192
 NI=  1 PHI-step gap=  0.15E+00
************  RAA  ************
 NI=  1 NI_GLOBAL=  1
   0.8933   0.8933   0.8933   0.8933   0.8933   0.8933   0.9078   0.9078   0.9078   0.9078   0.9078   0.9078   0.9078   0.9078
************  NC0  ************
 NI=  1 NI_GLOBAL=  1
   0.8474   0.8474   0.8474   0.8474   0.8474   0.8474   0.0233   0.0233   0.0233   0.0233   0.0233   0.0233   0.0233   0.0233
                  CALC_LC takes  0 hours  7 minutes and   16.72 seconds (CPU).
                          takes  0 hours  7 minutes and   16.70 seconds (WALL).
                GUTZ_FCN1 takes  0 hours  7 minutes and   17.67 seconds (CPU).
                          takes  0 hours  7 minutes and   17.34 seconds (WALL).
************  DIF_X  ************
   -0.000058269910    0.000010306569
    0.000033983839    0.000000612126
 ITER1=  1 MAXERR=    0.00005827
************   WH%X  ************
    0.89341612    0.90778239
    0.99904937    1.17037406
************  RIN  ************
 NI=  1 NI_GLOBAL=  1
   0.8934   0.8934   0.8934   0.8934   0.8934   0.8934   0.9078   0.9078   0.9078   0.9078   0.9078   0.9078   0.9078   0.9078
************  LA1  ************
 NI=  1 NI_GLOBAL=  1
   0.9990   0.9990   0.9990   0.9990   0.9990   0.9990   1.1704   1.1704   1.1704   1.1704   1.1704   1.1704   1.1704   1.1704
             CALC_BAND_AL takes  0 hours  0 minutes and    0.61 seconds (CPU).
                          takes  0 hours  0 minutes and    0.30 seconds (WALL).
 ILOOP            1
 ILOOP            2
   FERMI ENERGY AT    1.00603596190947     
   SUM RULE OF TETRAHEDRON INTEGRATION CHECKED 
   number of occupied bands:          18
   highest energy:   1.02696166444161     
************  NK-  ************
 NI=  1 NI_GLOBAL=  1
   0.8584   0.8049   0.8789   0.8789   0.8049   0.8584   0.0173   0.0314   0.0237   0.0209   0.0209   0.0237   0.0314   0.0173
************  NNK  ************
 NI=  1 NI_GLOBAL=  1
   0.8584   0.0000   0.0000   0.0000  -0.0435   0.0000   0.0000  -0.0221   0.0000   0.0000   0.0000  -0.0088   0.0000   0.0000
   0.0000   0.8049   0.0000   0.0000   0.0000  -0.0435   0.0000   0.0000   0.0205   0.0000   0.0000   0.0000   0.0093   0.0000
   0.0000   0.0000   0.8789   0.0000   0.0000   0.0000   0.0000   0.0000   0.0000  -0.0115   0.0000   0.0000   0.0000  -0.0150
   0.0000   0.0000   0.0000   0.8789   0.0000   0.0000   0.0150   0.0000   0.0000   0.0000   0.0115   0.0000   0.0000   0.0000
  -0.0435   0.0000   0.0000   0.0000   0.8049   0.0000   0.0000  -0.0093   0.0000   0.0000   0.0000  -0.0205   0.0000   0.0000
   0.0000  -0.0435   0.0000   0.0000   0.0000   0.8584   0.0000   0.0000   0.0088   0.0000   0.0000   0.0000   0.0221   0.0000
   0.0000   0.0000   0.0000   0.0150   0.0000   0.0000   0.0173   0.0000   0.0000   0.0000   0.0011   0.0000   0.0000   0.0000
  -0.0221   0.0000   0.0000   0.0000  -0.0093   0.0000   0.0000   0.0314   0.0000   0.0000   0.0000   0.0018   0.0000   0.0000
   0.0000   0.0205   0.0000   0.0000   0.0000   0.0088   0.0000   0.0000   0.0237   0.0000   0.0000   0.0000   0.0018   0.0000
   0.0000   0.0000  -0.0115   0.0000   0.0000   0.0000   0.0000   0.0000   0.0000   0.0209   0.0000   0.0000   0.0000   0.0011
   0.0000   0.0000   0.0000   0.0115   0.0000   0.0000   0.0011   0.0000   0.0000   0.0000   0.0209   0.0000   0.0000   0.0000
  -0.0088   0.0000   0.0000   0.0000  -0.0205   0.0000   0.0000   0.0018   0.0000   0.0000   0.0000   0.0237   0.0000   0.0000
   0.0000   0.0093   0.0000   0.0000   0.0000   0.0221   0.0000   0.0000   0.0018   0.0000   0.0000   0.0000   0.0314   0.0000
   0.0000   0.0000  -0.0150   0.0000   0.0000   0.0000   0.0000   0.0000   0.0000   0.0011   0.0000   0.0000   0.0000   0.0173
************  NKS  ************
 NI=  1 NI_GLOBAL=  1
   0.8474   0.8474   0.8474   0.8474   0.8474   0.8474   0.0233   0.0233   0.0233   0.0233   0.0233   0.0233   0.0233   0.0233
 NELE_LOC TOTAL:
           5.2708964283656528
              CALC_DA_BND takes  0 hours  0 minutes and    0.10 seconds (CPU).
                          takes  0 hours  0 minutes and    0.10 seconds (WALL).
************  DA-  ************
 NI=  1 NI_GLOBAL=  1
  -0.0175  -0.0197  -0.0154  -0.0154  -0.0197  -0.0175  -0.0039  -0.0070  -0.0052  -0.0046  -0.0046  -0.0052  -0.0070  -0.0039
************  DAA  ************
 NI=  1 NI_GLOBAL=  1
  -0.0175  -0.0175  -0.0175  -0.0175  -0.0175  -0.0175  -0.0052  -0.0052  -0.0052  -0.0052  -0.0052  -0.0052  -0.0052  -0.0052
 NI=  1 VDC=    1.3458
************  LA2  ************
 NI=  1 NI_GLOBAL=  1
  -2.4290  -2.4290  -2.4290  -2.4290  -2.4290  -2.4290  -2.3191  -2.3191  -2.3191  -2.3191  -2.3191  -2.3191  -2.3191  -2.3191
 NI=  1 PHI-step gap=  0.15E+00
************  RAA  ************
 NI=  1 NI_GLOBAL=  1
   0.8934   0.8934   0.8934   0.8934   0.8934   0.8934   0.9078   0.9078   0.9078   0.9078   0.9078   0.9078   0.9078   0.9078
************  NC0  ************
 NI=  1 NI_GLOBAL=  1
   0.8474   0.8474   0.8474   0.8474   0.8474   0.8474   0.0233   0.0233   0.0233   0.0233   0.0233   0.0233   0.0233   0.0233
                  CALC_LC takes  0 hours  7 minutes and   37.10 seconds (CPU).
                          takes  0 hours  7 minutes and   37.05 seconds (WALL).
                GUTZ_FCN1 takes  0 hours  7 minutes and   38.07 seconds (CPU).
                          takes  0 hours  7 minutes and   37.69 seconds (WALL).
************  DIF_X  ************
   -0.000003133161    0.000001147219
    0.000000555032    0.000000303898
 ITER1=  2 MAXERR=    0.00000313
************   WH%X  ************
    0.89341432    0.90777761
    0.99904908    1.17037137
************  RIN  ************
 NI=  1 NI_GLOBAL=  1
   0.8934   0.8934   0.8934   0.8934   0.8934   0.8934   0.9078   0.9078   0.9078   0.9078   0.9078   0.9078   0.9078   0.9078
************  LA1  ************
 NI=  1 NI_GLOBAL=  1
   0.9990   0.9990   0.9990   0.9990   0.9990   0.9990   1.1704   1.1704   1.1704   1.1704   1.1704   1.1704   1.1704   1.1704
             CALC_BAND_AL takes  0 hours  0 minutes and    0.61 seconds (CPU).
                          takes  0 hours  0 minutes and    0.31 seconds (WALL).
 ILOOP            1
 ILOOP            2
   FERMI ENERGY AT    1.00603571948318     
   SUM RULE OF TETRAHEDRON INTEGRATION CHECKED 
   number of occupied bands:          18
   highest energy:   1.02696138887566     
************  NK-  ************
 NI=  1 NI_GLOBAL=  1
   0.8584   0.8049   0.8789   0.8789   0.8049   0.8584   0.0173   0.0314   0.0237   0.0209   0.0209   0.0237   0.0314   0.0173
************  NNK  ************
 NI=  1 NI_GLOBAL=  1
   0.8584   0.0000   0.0000   0.0000  -0.0435   0.0000   0.0000  -0.0221   0.0000   0.0000   0.0000  -0.0088   0.0000   0.0000
   0.0000   0.8049   0.0000   0.0000   0.0000  -0.0435   0.0000   0.0000   0.0205   0.0000   0.0000   0.0000   0.0093   0.0000
   0.0000   0.0000   0.8789   0.0000   0.0000   0.0000   0.0000   0.0000   0.0000  -0.0115   0.0000   0.0000   0.0000  -0.0150
   0.0000   0.0000   0.0000   0.8789   0.0000   0.0000   0.0150   0.0000   0.0000   0.0000   0.0115   0.0000   0.0000   0.0000
  -0.0435   0.0000   0.0000   0.0000   0.8049   0.0000   0.0000  -0.0093   0.0000   0.0000   0.0000  -0.0205   0.0000   0.0000
   0.0000  -0.0435   0.0000   0.0000   0.0000   0.8584   0.0000   0.0000   0.0088   0.0000   0.0000   0.0000   0.0221   0.0000
   0.0000   0.0000   0.0000   0.0150   0.0000   0.0000   0.0173   0.0000   0.0000   0.0000   0.0011   0.0000   0.0000   0.0000
  -0.0221   0.0000   0.0000   0.0000  -0.0093   0.0000   0.0000   0.0314   0.0000   0.0000   0.0000   0.0018   0.0000   0.0000
   0.0000   0.0205   0.0000   0.0000   0.0000   0.0088   0.0000   0.0000   0.0237   0.0000   0.0000   0.0000   0.0018   0.0000
   0.0000   0.0000  -0.0115   0.0000   0.0000   0.0000   0.0000   0.0000   0.0000   0.0209   0.0000   0.0000   0.0000   0.0011
   0.0000   0.0000   0.0000   0.0115   0.0000   0.0000   0.0011   0.0000   0.0000   0.0000   0.0209   0.0000   0.0000   0.0000
  -0.0088   0.0000   0.0000   0.0000  -0.0205   0.0000   0.0000   0.0018   0.0000   0.0000   0.0000   0.0237   0.0000   0.0000
   0.0000   0.0093   0.0000   0.0000   0.0000   0.0221   0.0000   0.0000   0.0018   0.0000   0.0000   0.0000   0.0314   0.0000
   0.0000   0.0000  -0.0150   0.0000   0.0000   0.0000   0.0000   0.0000   0.0000   0.0011   0.0000   0.0000   0.0000   0.0173
************  NKS  ************
 NI=  1 NI_GLOBAL=  1
   0.8474   0.8474   0.8474   0.8474   0.8474   0.8474   0.0233   0.0233   0.0233   0.0233   0.0233   0.0233   0.0233   0.0233
 NELE_LOC TOTAL:
           5.2709007978603513
              CALC_DA_BND takes  0 hours  0 minutes and    0.10 seconds (CPU).
                          takes  0 hours  0 minutes and    0.10 seconds (WALL).
************  DA-  ************
 NI=  1 NI_GLOBAL=  1
  -0.0175  -0.0197  -0.0154  -0.0154  -0.0197  -0.0175  -0.0039  -0.0070  -0.0052  -0.0046  -0.0046  -0.0052  -0.0070  -0.0039
************  DAA  ************
 NI=  1 NI_GLOBAL=  1
  -0.0175  -0.0175  -0.0175  -0.0175  -0.0175  -0.0175  -0.0052  -0.0052  -0.0052  -0.0052  -0.0052  -0.0052  -0.0052  -0.0052
 NI=  1 VDC=    1.3458
************  LA2  ************
 NI=  1 NI_GLOBAL=  1
  -2.4290  -2.4290  -2.4290  -2.4290  -2.4290  -2.4290  -2.3191  -2.3191  -2.3191  -2.3191  -2.3191  -2.3191  -2.3191  -2.3191
 NI=  1 PHI-step gap=  0.15E+00
************  RAA  ************
 NI=  1 NI_GLOBAL=  1
   0.8934   0.8934   0.8934   0.8934   0.8934   0.8934   0.9078   0.9078   0.9078   0.9078   0.9078   0.9078   0.9078   0.9078
************  NC0  ************
 NI=  1 NI_GLOBAL=  1
   0.8474   0.8474   0.8474   0.8474   0.8474   0.8474   0.0233   0.0233   0.0233   0.0233   0.0233   0.0233   0.0233   0.0233
                  CALC_LC takes  0 hours  7 minutes and    0.68 seconds (CPU).
                          takes  0 hours  7 minutes and    0.55 seconds (WALL).
                GUTZ_FCN1 takes  0 hours  7 minutes and    1.71 seconds (CPU).
                          takes  0 hours  7 minutes and    1.19 seconds (WALL).
************  DIF_X  ************
   -0.000000301874    0.000000131472
    0.000000064018    0.000000003193
 ITER1=  3 MAXERR=    0.00000030
************   WH%X  ************
    0.89341418    0.90777769
    0.99904905    1.17037137
************  RIN  ************
 NI=  1 NI_GLOBAL=  1
   0.8934   0.8934   0.8934   0.8934   0.8934   0.8934   0.9078   0.9078   0.9078   0.9078   0.9078   0.9078   0.9078   0.9078
************  LA1  ************
 NI=  1 NI_GLOBAL=  1
   0.9990   0.9990   0.9990   0.9990   0.9990   0.9990   1.1704   1.1704   1.1704   1.1704   1.1704   1.1704   1.1704   1.1704
             CALC_BAND_AL takes  0 hours  0 minutes and    0.60 seconds (CPU).
                          takes  0 hours  0 minutes and    0.30 seconds (WALL).
 ILOOP            1
 ILOOP            2
   FERMI ENERGY AT    1.00603569747830     
   SUM RULE OF TETRAHEDRON INTEGRATION CHECKED 
   number of occupied bands:          18
   highest energy:   1.02696136855596     
************  NK-  ************
 NI=  1 NI_GLOBAL=  1
   0.8584   0.8049   0.8789   0.8789   0.8049   0.8584   0.0173   0.0314   0.0237   0.0209   0.0209   0.0237   0.0314   0.0173
************  NNK  ************
 NI=  1 NI_GLOBAL=  1
   0.8584   0.0000   0.0000   0.0000  -0.0435   0.0000   0.0000  -0.0221   0.0000   0.0000   0.0000  -0.0088   0.0000   0.0000
   0.0000   0.8049   0.0000   0.0000   0.0000  -0.0435   0.0000   0.0000   0.0205   0.0000   0.0000   0.0000   0.0093   0.0000
   0.0000   0.0000   0.8789   0.0000   0.0000   0.0000   0.0000   0.0000   0.0000  -0.0115   0.0000   0.0000   0.0000  -0.0150
   0.0000   0.0000   0.0000   0.8789   0.0000   0.0000   0.0150   0.0000   0.0000   0.0000   0.0115   0.0000   0.0000   0.0000
  -0.0435   0.0000   0.0000   0.0000   0.8049   0.0000   0.0000  -0.0093   0.0000   0.0000   0.0000  -0.0205   0.0000   0.0000
   0.0000  -0.0435   0.0000   0.0000   0.0000   0.8584   0.0000   0.0000   0.0088   0.0000   0.0000   0.0000   0.0221   0.0000
   0.0000   0.0000   0.0000   0.0150   0.0000   0.0000   0.0173   0.0000   0.0000   0.0000   0.0011   0.0000   0.0000   0.0000
  -0.0221   0.0000   0.0000   0.0000  -0.0093   0.0000   0.0000   0.0314   0.0000   0.0000   0.0000   0.0018   0.0000   0.0000
   0.0000   0.0205   0.0000   0.0000   0.0000   0.0088   0.0000   0.0000   0.0237   0.0000   0.0000   0.0000   0.0018   0.0000
   0.0000   0.0000  -0.0115   0.0000   0.0000   0.0000   0.0000   0.0000   0.0000   0.0209   0.0000   0.0000   0.0000   0.0011
   0.0000   0.0000   0.0000   0.0115   0.0000   0.0000   0.0011   0.0000   0.0000   0.0000   0.0209   0.0000   0.0000   0.0000
  -0.0088   0.0000   0.0000   0.0000  -0.0205   0.0000   0.0000   0.0018   0.0000   0.0000   0.0000   0.0237   0.0000   0.0000
   0.0000   0.0093   0.0000   0.0000   0.0000   0.0221   0.0000   0.0000   0.0018   0.0000   0.0000   0.0000   0.0314   0.0000
   0.0000   0.0000  -0.0150   0.0000   0.0000   0.0000   0.0000   0.0000   0.0000   0.0011   0.0000   0.0000   0.0000   0.0173
************  NKS  ************
 NI=  1 NI_GLOBAL=  1
   0.8474   0.8474   0.8474   0.8474   0.8474   0.8474   0.0233   0.0233   0.0233   0.0233   0.0233   0.0233   0.0233   0.0233
 NELE_LOC TOTAL:
           5.2709011530701879
              CALC_DA_BND takes  0 hours  0 minutes and    0.10 seconds (CPU).
                          takes  0 hours  0 minutes and    0.10 seconds (WALL).
************  DA-  ************
 NI=  1 NI_GLOBAL=  1
  -0.0175  -0.0197  -0.0154  -0.0154  -0.0197  -0.0175  -0.0039  -0.0070  -0.0052  -0.0046  -0.0046  -0.0052  -0.0070  -0.0039
************  DAA  ************
 NI=  1 NI_GLOBAL=  1
  -0.0175  -0.0175  -0.0175  -0.0175  -0.0175  -0.0175  -0.0052  -0.0052  -0.0052  -0.0052  -0.0052  -0.0052  -0.0052  -0.0052
 NI=  1 VDC=    1.3458
************  LA2  ************
 NI=  1 NI_GLOBAL=  1
  -2.4290  -2.4290  -2.4290  -2.4290  -2.4290  -2.4290  -2.3191  -2.3191  -2.3191  -2.3191  -2.3191  -2.3191  -2.3191  -2.3191
 NI=  1 PHI-step gap=  0.15E+00
************  RAA  ************
 NI=  1 NI_GLOBAL=  1
   0.8934   0.8934   0.8934   0.8934   0.8934   0.8934   0.9078   0.9078   0.9078   0.9078   0.9078   0.9078   0.9078   0.9078
************  NC0  ************
 NI=  1 NI_GLOBAL=  1
   0.8474   0.8474   0.8474   0.8474   0.8474   0.8474   0.0233   0.0233   0.0233   0.0233   0.0233   0.0233   0.0233   0.0233
                  CALC_LC takes  0 hours  7 minutes and    3.68 seconds (CPU).
                          takes  0 hours  7 minutes and    3.54 seconds (WALL).
                GUTZ_FCN1 takes  0 hours  7 minutes and    4.72 seconds (CPU).
                          takes  0 hours  7 minutes and    4.18 seconds (WALL).
************  DIF_X  ************
   -0.000000011366    0.000000005574
    0.000000002190    0.000000000866
 ITER1=  4 MAXERR=    0.00000001
************   WH%X  ************
    0.89341418    0.90777768
    0.99904905    1.17037136
************  RIN  ************
 NI=  1 NI_GLOBAL=  1
   0.8934   0.8934   0.8934   0.8934   0.8934   0.8934   0.9078   0.9078   0.9078   0.9078   0.9078   0.9078   0.9078   0.9078
************  LA1  ************
 NI=  1 NI_GLOBAL=  1
   0.9990   0.9990   0.9990   0.9990   0.9990   0.9990   1.1704   1.1704   1.1704   1.1704   1.1704   1.1704   1.1704   1.1704
             CALC_BAND_AL takes  0 hours  0 minutes and    0.60 seconds (CPU).
                          takes  0 hours  0 minutes and    0.30 seconds (WALL).
 ILOOP            1
 ILOOP            2
   FERMI ENERGY AT    1.00603569650393     
   SUM RULE OF TETRAHEDRON INTEGRATION CHECKED 
   number of occupied bands:          18
   highest energy:   1.02696136752611     
************  NK-  ************
 NI=  1 NI_GLOBAL=  1
   0.8584   0.8049   0.8789   0.8789   0.8049   0.8584   0.0173   0.0314   0.0237   0.0209   0.0209   0.0237   0.0314   0.0173
************  NNK  ************
 NI=  1 NI_GLOBAL=  1
   0.8584   0.0000   0.0000   0.0000  -0.0435   0.0000   0.0000  -0.0221   0.0000   0.0000   0.0000  -0.0088   0.0000   0.0000
   0.0000   0.8049   0.0000   0.0000   0.0000  -0.0435   0.0000   0.0000   0.0205   0.0000   0.0000   0.0000   0.0093   0.0000
   0.0000   0.0000   0.8789   0.0000   0.0000   0.0000   0.0000   0.0000   0.0000  -0.0115   0.0000   0.0000   0.0000  -0.0150
   0.0000   0.0000   0.0000   0.8789   0.0000   0.0000   0.0150   0.0000   0.0000   0.0000   0.0115   0.0000   0.0000   0.0000
  -0.0435   0.0000   0.0000   0.0000   0.8049   0.0000   0.0000  -0.0093   0.0000   0.0000   0.0000  -0.0205   0.0000   0.0000
   0.0000  -0.0435   0.0000   0.0000   0.0000   0.8584   0.0000   0.0000   0.0088   0.0000   0.0000   0.0000   0.0221   0.0000
   0.0000   0.0000   0.0000   0.0150   0.0000   0.0000   0.0173   0.0000   0.0000   0.0000   0.0011   0.0000   0.0000   0.0000
  -0.0221   0.0000   0.0000   0.0000  -0.0093   0.0000   0.0000   0.0314   0.0000   0.0000   0.0000   0.0018   0.0000   0.0000
   0.0000   0.0205   0.0000   0.0000   0.0000   0.0088   0.0000   0.0000   0.0237   0.0000   0.0000   0.0000   0.0018   0.0000
   0.0000   0.0000  -0.0115   0.0000   0.0000   0.0000   0.0000   0.0000   0.0000   0.0209   0.0000   0.0000   0.0000   0.0011
   0.0000   0.0000   0.0000   0.0115   0.0000   0.0000   0.0011   0.0000   0.0000   0.0000   0.0209   0.0000   0.0000   0.0000
  -0.0088   0.0000   0.0000   0.0000  -0.0205   0.0000   0.0000   0.0018   0.0000   0.0000   0.0000   0.0237   0.0000   0.0000
   0.0000   0.0093   0.0000   0.0000   0.0000   0.0221   0.0000   0.0000   0.0018   0.0000   0.0000   0.0000   0.0314   0.0000
   0.0000   0.0000  -0.0150   0.0000   0.0000   0.0000   0.0000   0.0000   0.0000   0.0011   0.0000   0.0000   0.0000   0.0173
************  NKS  ************
 NI=  1 NI_GLOBAL=  1
   0.8474   0.8474   0.8474   0.8474   0.8474   0.8474   0.0233   0.0233   0.0233   0.0233   0.0233   0.0233   0.0233   0.0233
 NELE_LOC TOTAL:
           5.2709011697398021
              CALC_DA_BND takes  0 hours  0 minutes and    0.10 seconds (CPU).
                          takes  0 hours  0 minutes and    0.10 seconds (WALL).
************  DA-  ************
 NI=  1 NI_GLOBAL=  1
  -0.0175  -0.0197  -0.0154  -0.0154  -0.0197  -0.0175  -0.0039  -0.0070  -0.0052  -0.0046  -0.0046  -0.0052  -0.0070  -0.0039
************  DAA  ************
 NI=  1 NI_GLOBAL=  1
  -0.0175  -0.0175  -0.0175  -0.0175  -0.0175  -0.0175  -0.0052  -0.0052  -0.0052  -0.0052  -0.0052  -0.0052  -0.0052  -0.0052
 NI=  1 VDC=    1.3458
************  LA2  ************
 NI=  1 NI_GLOBAL=  1
  -2.4290  -2.4290  -2.4290  -2.4290  -2.4290  -2.4290  -2.3191  -2.3191  -2.3191  -2.3191  -2.3191  -2.3191  -2.3191  -2.3191
 NI=  1 PHI-step gap=  0.15E+00
************  RAA  ************
 NI=  1 NI_GLOBAL=  1
   0.8934   0.8934   0.8934   0.8934   0.8934   0.8934   0.9078   0.9078   0.9078   0.9078   0.9078   0.9078   0.9078   0.9078
************  NC0  ************
 NI=  1 NI_GLOBAL=  1
   0.8474   0.8474   0.8474   0.8474   0.8474   0.8474   0.0233   0.0233   0.0233   0.0233   0.0233   0.0233   0.0233   0.0233
                  CALC_LC takes  0 hours  6 minutes and   47.61 seconds (CPU).
                          takes  0 hours  6 minutes and   47.62 seconds (WALL).
                GUTZ_FCN1 takes  0 hours  6 minutes and   48.70 seconds (CPU).
                          takes  0 hours  6 minutes and   48.27 seconds (WALL).
************  DIF_X  ************
   -0.000000000189    0.000000000117
    0.000000000038    0.000000000011
 ITER1=  5 MAXERR=    0.00000000
 NFJAC=   0
 SOLVE1 FINISHED WITH       5 ITERATIONS.
               GUTZ_SOLVE takes  0 hours 35 minutes and   50.87 seconds (CPU).
                          takes  0 hours 35 minutes and   48.66 seconds (WALL).
 MAX. NELF1 DIFF=    0.00113128
               CALC_PJRHO takes  0 hours  0 minutes and    0.44 seconds (CPU).
                          takes  0 hours  0 minutes and    0.38 seconds (WALL).
 NI=  1 SUM_PHY-SUM_KS=      0.00000000 WOULD BE RENORMALIZED
************  NC1  ************
 NI=  1 NI_GLOBAL=  1
   0.8302   0.8302   0.8302   0.8302   0.8302   0.8302   0.0362   0.0362   0.0362   0.0362   0.0362   0.0362   0.0362   0.0362
               CALC_NCPHY takes  0 hours  0 minutes and   49.60 seconds (CPU).
                          takes  0 hours  0 minutes and   49.50 seconds (WALL).
 GYZ%PJ%EGAMM:
     8.70962
 ENG%GAMM:     8.70962
 ENG%POT2:     3.14392
 EDCLA1(NI) ARRAY:
    -5.298
 EDCUJ(NI) ARRAY:
    -3.195
 EDCUJV(NI) ARRAY:
    -7.094
 EDC(NI) ARRAY:
    -8.493
 ENG%DBLC:    -8.49294
 ENG%DC1 :    -5.29786
 ENG%DC2 :    -3.19508
 ENG%DC2V:    -7.09357
 DC_E_STD_TO_E_V:    -3.89849
 ENG%BAND:     0.57059
 ENG%DL(DEEP LEVEL):    -7.05908
 ENG%TB=     0.78727
 ENG%TB-DC2=     3.98236
 NI=  1 OCC_CONFIG_WEIGHT:
        OCC= 0 WEIGHT=   0.00000
        OCC= 1 WEIGHT=   0.00000
        OCC= 2 WEIGHT=   0.00003
        OCC= 3 WEIGHT=   0.00339
        OCC= 4 WEIGHT=   0.09488
        OCC= 5 WEIGHT=   0.54661
        OCC= 6 WEIGHT=   0.33777
        OCC= 7 WEIGHT=   0.01709
        OCC= 8 WEIGHT=   0.00024
        OCC= 9 WEIGHT=   0.00000
                 CALC_RCW takes  0 hours  0 minutes and    0.00 seconds (CPU).
                          takes  0 hours  0 minutes and    0.00 seconds (WALL).
 NI=  1 J2=   10.2292
                 CALC_SLJ takes  0 hours  0 minutes and    0.00 seconds (CPU).
                          takes  0 hours  0 minutes and    0.00 seconds (WALL).
 NI=  1 ENTANGLEMENT ENTROPY=      3.3078
           CALC_ENTANGLES takes  0 hours  0 minutes and    1.09 seconds (CPU).
                          takes  0 hours  0 minutes and    0.93 seconds (WALL).
 CORRELATED SUBSPACE, SUM_FERWT=      8.0000000 SUM_KSWT=      8.0000000
 MAX OFF DIAGONAL KS.WT=    0.001973
 MAX/MIN R=    0.907778    0.893414
                CALC_KSWT takes  0 hours  0 minutes and    0.03 seconds (CPU).
                          takes  0 hours  0 minutes and    0.02 seconds (WALL).
                    TOTAL takes  0 hours 37 minutes and   46.81 seconds (CPU).
                          takes  0 hours 37 minutes and   43.38 seconds (WALL).
