******Program DMFT: Computes Gloc and Delta for Dynamical Mean Field Theory calculation ******
 CALCULATION WITH COMPLEX VECTORS
 CALCULATION WITH SOC VECTORS REQUIRED
 Running DMFT in mpi mode
  
 numkpt=         286
   0.00000   0.00000   0.00000   1.00000
   0.04762   0.04762  -0.04762   8.00000
   0.09524   0.09524  -0.09524   8.00000
   0.14286   0.14286  -0.14286   8.00000
   0.19048   0.19048  -0.19048   8.00000
   0.23810   0.23810  -0.23810   8.00000
   0.28571   0.28571  -0.28571   8.00000
   0.33333   0.33333  -0.33333   8.00000
   0.38095   0.38095  -0.38095   8.00000
   0.42857   0.42857  -0.42857   8.00000
   0.47619   0.47619  -0.47619   8.00000
   0.09524   0.00000   0.00000   6.00000
   0.14286   0.04762  -0.04762  24.00000
   0.19048   0.09524  -0.09524  24.00000
   0.23810   0.14286  -0.14286  24.00000
   0.28571   0.19048  -0.19048  24.00000
   0.33333   0.23810  -0.23810  24.00000
   0.38095   0.28571  -0.28571  24.00000
   0.42857   0.33333  -0.33333  24.00000
   0.47619   0.38095  -0.38095  24.00000
   0.52381   0.42857  -0.42857  24.00000
   0.57143   0.47619  -0.47619  24.00000
   0.61905   0.52381  -0.52381  24.00000
   0.66667   0.57143  -0.57143  24.00000
   0.71429   0.61905  -0.61905  24.00000
   0.76190   0.66667  -0.66667  24.00000
   0.80952   0.71429  -0.71429  24.00000
   0.85714   0.76190  -0.76190  24.00000
   0.90476   0.80952  -0.80952  24.00000
   0.95238   0.85714  -0.85714  24.00000
   1.00000   0.90476  -0.90476  12.00000
   0.19048   0.00000   0.00000   6.00000
   0.23810   0.04762  -0.04762  24.00000
   0.28571   0.09524  -0.09524  24.00000
   0.33333   0.14286  -0.14286  24.00000
   0.38095   0.19048  -0.19048  24.00000
   0.42857   0.23810  -0.23810  24.00000
   0.47619   0.28571  -0.28571  24.00000
   0.52381   0.33333  -0.33333  24.00000
   0.57143   0.38095  -0.38095  24.00000
   0.61905   0.42857  -0.42857  24.00000
   0.66667   0.47619  -0.47619  24.00000
   0.71429   0.52381  -0.52381  24.00000
   0.76190   0.57143  -0.57143  24.00000
   0.80952   0.61905  -0.61905  24.00000
   0.85714   0.66667  -0.66667  24.00000
   0.90476   0.71429  -0.71429  24.00000
   0.95238   0.76190  -0.76190  24.00000
   1.00000   0.80952  -0.80952  12.00000
   0.28571   0.00000   0.00000   6.00000
   0.33333   0.04762  -0.04762  24.00000
   0.38095   0.09524  -0.09524  24.00000
   0.42857   0.14286  -0.14286  24.00000
   0.47619   0.19048  -0.19048  24.00000
   0.52381   0.23810  -0.23810  24.00000
   0.57143   0.28571  -0.28571  24.00000
   0.61905   0.33333  -0.33333  24.00000
   0.66667   0.38095  -0.38095  24.00000
   0.71429   0.42857  -0.42857  24.00000
   0.76190   0.47619  -0.47619  24.00000
   0.80952   0.52381  -0.52381  24.00000
   0.85714   0.57143  -0.57143  24.00000
   0.90476   0.61905  -0.61905  24.00000
   0.95238   0.66667  -0.66667  24.00000
   1.00000   0.71429  -0.71429  12.00000
   0.38095   0.00000   0.00000   6.00000
   0.42857   0.04762  -0.04762  24.00000
   0.47619   0.09524  -0.09524  24.00000
   0.52381   0.14286  -0.14286  24.00000
   0.57143   0.19048  -0.19048  24.00000
   0.61905   0.23810  -0.23810  24.00000
   0.66667   0.28571  -0.28571  24.00000
   0.71429   0.33333  -0.33333  24.00000
   0.76190   0.38095  -0.38095  24.00000
   0.80952   0.42857  -0.42857  24.00000
   0.85714   0.47619  -0.47619  24.00000
   0.90476   0.52381  -0.52381  24.00000
   0.95238   0.57143  -0.57143  24.00000
   1.00000   0.61905  -0.61905  12.00000
   0.47619   0.00000   0.00000   6.00000
   0.52381   0.04762  -0.04762  24.00000
   0.57143   0.09524  -0.09524  24.00000
   0.61905   0.14286  -0.14286  24.00000
   0.66667   0.19048  -0.19048  24.00000
   0.71429   0.23810  -0.23810  24.00000
   0.76190   0.28571  -0.28571  24.00000
   0.80952   0.33333  -0.33333  24.00000
   0.85714   0.38095  -0.38095  24.00000
   0.90476   0.42857  -0.42857  24.00000
   0.95238   0.47619  -0.47619  24.00000
   1.00000   0.52381  -0.52381  12.00000
   0.57143   0.00000   0.00000   6.00000
   0.61905   0.04762  -0.04762  24.00000
   0.66667   0.09524  -0.09524  24.00000
   0.71429   0.14286  -0.14286  24.00000
   0.76190   0.19048  -0.19048  24.00000
   0.80952   0.23810  -0.23810  24.00000
   0.85714   0.28571  -0.28571  24.00000
   0.90476   0.33333  -0.33333  24.00000
   0.95238   0.38095  -0.38095  24.00000
   1.00000   0.42857  -0.42857  12.00000
   0.66667   0.00000   0.00000   6.00000
   0.71429   0.04762  -0.04762  24.00000
   0.76190   0.09524  -0.09524  24.00000
   0.80952   0.14286  -0.14286  24.00000
   0.85714   0.19048  -0.19048  24.00000
   0.90476   0.23810  -0.23810  24.00000
   0.95238   0.28571  -0.28571  24.00000
   1.00000   0.33333  -0.33333  12.00000
   0.76190   0.00000   0.00000   6.00000
   0.80952   0.04762  -0.04762  24.00000
   0.85714   0.09524  -0.09524  24.00000
   0.90476   0.14286  -0.14286  24.00000
   0.95238   0.19048  -0.19048  24.00000
   1.00000   0.23810  -0.23810  12.00000
   0.85714   0.00000   0.00000   6.00000
   0.90476   0.04762  -0.04762  24.00000
   0.95238   0.09524  -0.09524  24.00000
   1.00000   0.14286  -0.14286  12.00000
   0.95238   0.00000   0.00000   6.00000
   1.00000   0.04762  -0.04762  12.00000
   0.19048   0.09524   0.00000  24.00000
   0.23810   0.14286  -0.04762  48.00000
   0.28571   0.19048  -0.09524  48.00000
   0.33333   0.23810  -0.14286  48.00000
   0.38095   0.28571  -0.19048  48.00000
   0.42857   0.33333  -0.23810  48.00000
   0.47619   0.38095  -0.28571  48.00000
   0.52381   0.42857  -0.33333  48.00000
   0.57143   0.47619  -0.38095  48.00000
   0.28571   0.09524   0.00000  24.00000
   0.33333   0.14286  -0.04762  48.00000
   0.38095   0.19048  -0.09524  48.00000
   0.42857   0.23810  -0.14286  48.00000
   0.47619   0.28571  -0.19048  48.00000
   0.52381   0.33333  -0.23810  48.00000
   0.57143   0.38095  -0.28571  48.00000
   0.61905   0.42857  -0.33333  48.00000
   0.66667   0.47619  -0.38095  48.00000
   0.71429   0.52381  -0.42857  48.00000
   0.76190   0.57143  -0.47619  48.00000
   0.80952   0.61905  -0.52381  48.00000
   0.85714   0.66667  -0.57143  48.00000
   0.90476   0.71429  -0.61905  48.00000
   0.95238   0.76190  -0.66667  48.00000
   1.00000   0.80952  -0.71429  24.00000
   0.38095   0.09524   0.00000  24.00000
   0.42857   0.14286  -0.04762  48.00000
   0.47619   0.19048  -0.09524  48.00000
   0.52381   0.23810  -0.14286  48.00000
   0.57143   0.28571  -0.19048  48.00000
   0.61905   0.33333  -0.23810  48.00000
   0.66667   0.38095  -0.28571  48.00000
   0.71429   0.42857  -0.33333  48.00000
   0.76190   0.47619  -0.38095  48.00000
   0.80952   0.52381  -0.42857  48.00000
   0.85714   0.57143  -0.47619  48.00000
   0.90476   0.61905  -0.52381  48.00000
   0.95238   0.66667  -0.57143  48.00000
   1.00000   0.71429  -0.61905  24.00000
   0.47619   0.09524   0.00000  24.00000
   0.52381   0.14286  -0.04762  48.00000
   0.57143   0.19048  -0.09524  48.00000
   0.61905   0.23810  -0.14286  48.00000
   0.66667   0.28571  -0.19048  48.00000
   0.71429   0.33333  -0.23810  48.00000
   0.76190   0.38095  -0.28571  48.00000
   0.80952   0.42857  -0.33333  48.00000
   0.85714   0.47619  -0.38095  48.00000
   0.90476   0.52381  -0.42857  48.00000
   0.95238   0.57143  -0.47619  48.00000
   1.00000   0.61905  -0.52381  24.00000
   0.57143   0.09524   0.00000  24.00000
   0.61905   0.14286  -0.04762  48.00000
   0.66667   0.19048  -0.09524  48.00000
   0.71429   0.23810  -0.14286  48.00000
   0.76190   0.28571  -0.19048  48.00000
   0.80952   0.33333  -0.23810  48.00000
   0.85714   0.38095  -0.28571  48.00000
   0.90476   0.42857  -0.33333  48.00000
   0.95238   0.47619  -0.38095  48.00000
   1.00000   0.52381  -0.42857  24.00000
   0.66667   0.09524   0.00000  24.00000
   0.71429   0.14286  -0.04762  48.00000
   0.76190   0.19048  -0.09524  48.00000
   0.80952   0.23810  -0.14286  48.00000
   0.85714   0.28571  -0.19048  48.00000
   0.90476   0.33333  -0.23810  48.00000
   0.95238   0.38095  -0.28571  48.00000
   1.00000   0.42857  -0.33333  24.00000
   0.76190   0.09524   0.00000  24.00000
   0.80952   0.14286  -0.04762  48.00000
   0.85714   0.19048  -0.09524  48.00000
   0.90476   0.23810  -0.14286  48.00000
   0.95238   0.28571  -0.19048  48.00000
   1.00000   0.33333  -0.23810  24.00000
   0.85714   0.09524   0.00000  24.00000
   0.90476   0.14286  -0.04762  48.00000
   0.95238   0.19048  -0.09524  48.00000
   1.00000   0.23810  -0.14286  24.00000
   0.95238   0.09524   0.00000  24.00000
   1.00000   0.14286  -0.04762  24.00000
   0.38095   0.19048   0.00000  24.00000
   0.42857   0.23810  -0.04762  48.00000
   0.47619   0.28571  -0.09524  48.00000
   0.52381   0.33333  -0.14286  48.00000
   0.57143   0.38095  -0.19048  48.00000
   0.61905   0.42857  -0.23810  48.00000
   0.66667   0.47619  -0.28571  48.00000
   0.47619   0.19048   0.00000  24.00000
   0.52381   0.23810  -0.04762  48.00000
   0.57143   0.28571  -0.09524  48.00000
   0.61905   0.33333  -0.14286  48.00000
   0.66667   0.38095  -0.19048  48.00000
   0.71429   0.42857  -0.23810  48.00000
   0.76190   0.47619  -0.28571  48.00000
   0.80952   0.52381  -0.33333  48.00000
   0.85714   0.57143  -0.38095  48.00000
   0.90476   0.61905  -0.42857  48.00000
   0.95238   0.66667  -0.47619  48.00000
   1.00000   0.71429  -0.52381  24.00000
   0.57143   0.19048   0.00000  24.00000
   0.61905   0.23810  -0.04762  48.00000
   0.66667   0.28571  -0.09524  48.00000
   0.71429   0.33333  -0.14286  48.00000
   0.76190   0.38095  -0.19048  48.00000
   0.80952   0.42857  -0.23810  48.00000
   0.85714   0.47619  -0.28571  48.00000
   0.90476   0.52381  -0.33333  48.00000
   0.95238   0.57143  -0.38095  48.00000
   1.00000   0.61905  -0.42857  24.00000
   0.66667   0.19048   0.00000  24.00000
   0.71429   0.23810  -0.04762  48.00000
   0.76190   0.28571  -0.09524  48.00000
   0.80952   0.33333  -0.14286  48.00000
   0.85714   0.38095  -0.19048  48.00000
   0.90476   0.42857  -0.23810  48.00000
   0.95238   0.47619  -0.28571  48.00000
   1.00000   0.52381  -0.33333  24.00000
   0.76190   0.19048   0.00000  24.00000
   0.80952   0.23810  -0.04762  48.00000
   0.85714   0.28571  -0.09524  48.00000
   0.90476   0.33333  -0.14286  48.00000
   0.95238   0.38095  -0.19048  48.00000
   1.00000   0.42857  -0.23810  24.00000
   0.85714   0.19048   0.00000  24.00000
   0.90476   0.23810  -0.04762  48.00000
   0.95238   0.28571  -0.09524  48.00000
   1.00000   0.33333  -0.14286  24.00000
   0.95238   0.19048   0.00000  24.00000
   1.00000   0.23810  -0.04762  24.00000
   0.57143   0.28571   0.00000  24.00000
   0.61905   0.33333  -0.04762  48.00000
   0.66667   0.38095  -0.09524  48.00000
   0.71429   0.42857  -0.14286  48.00000
   0.76190   0.47619  -0.19048  48.00000
   0.66667   0.28571   0.00000  24.00000
   0.71429   0.33333  -0.04762  48.00000
   0.76190   0.38095  -0.09524  48.00000
   0.80952   0.42857  -0.14286  48.00000
   0.85714   0.47619  -0.19048  48.00000
   0.90476   0.52381  -0.23810  48.00000
   0.95238   0.57143  -0.28571  48.00000
   1.00000   0.61905  -0.33333  24.00000
   0.76190   0.28571   0.00000  24.00000
   0.80952   0.33333  -0.04762  48.00000
   0.85714   0.38095  -0.09524  48.00000
   0.90476   0.42857  -0.14286  48.00000
   0.95238   0.47619  -0.19048  48.00000
   1.00000   0.52381  -0.23810  24.00000
   0.85714   0.28571   0.00000  24.00000
   0.90476   0.33333  -0.04762  48.00000
   0.95238   0.38095  -0.09524  48.00000
   1.00000   0.42857  -0.14286  24.00000
   0.95238   0.28571   0.00000  24.00000
   1.00000   0.33333  -0.04762  24.00000
   0.76190   0.38095   0.00000  24.00000
   0.80952   0.42857  -0.04762  48.00000
   0.85714   0.47619  -0.09524  48.00000
   0.85714   0.38095   0.00000  24.00000
   0.90476   0.42857  -0.04762  48.00000
   0.95238   0.47619  -0.09524  48.00000
   1.00000   0.52381  -0.14286  24.00000
   0.95238   0.38095   0.00000  24.00000
   1.00000   0.42857  -0.04762  24.00000
   0.95238   0.47619   0.00000  24.00000




                              --------------------------------------------------
                                 S T R U C T U R A L   I N F O R M A T I O N
                              --------------------------------------------------


   SUBSTANCE                    = cubic fcc  (delta)                                                              

   LATTICE                      = F   
   LATTICE CONSTANTS ARE        =    9.4737590   9.4737590   9.4737590
   NUMBER OF ATOMS IN UNITCELL  =   1
   MODE OF CALCULATION IS       = RELA
 IORD=          48
 FNAMES=
 ./delta_Pu_17.vectorso_1                                                       
                                                                                
                                           
 ./delta_Pu_17.vectorsodn_1                                                     
                                                                                
                                           
 delta_Pu_17.energyso_1                                                         
                                                                                
                                           
 delta_Pu_17.energysodn_1                                                       
                                                                                
                                           
  BR1,  BR2
   0.66322   0.00000   0.00000     -0.66322   0.66322   0.66322
   0.00000   0.66322   0.00000      0.66322  -0.66322   0.66322
   0.00000   0.00000   0.66322      0.66322   0.66322  -0.66322
 projector corrected--must be 1,2, or 3! Now projector= 2
 Energy window:   -0.4410 < E <      0.441
 Projected density of states calculation for  1 atoms
--------- atom  1 -------------
l=  3  qsplit=  4
 Symmetrization over eq. k-points is performed
 ********** Start Reading Cix file *************
  Correlated block number           1
  Correlated index=
  1  0  0  0  0  0  0  0  0  0  0  0  0  0
  0  1  0  0  0  0  0  0  0  0  0  0  0  0
  0  0  1  0  0  0  0  0  0  0  0  0  0  0
  0  0  0  1  0  0  0  0  0  0  0  0  0  0
  0  0  0  0  1  0  0  0  0  0  0  0  0  0
  0  0  0  0  0  1  0  0  0  0  0  0  0  0
  0  0  0  0  0  0  2  0  0  0  0  0  0  0
  0  0  0  0  0  0  0  2  0  0  0  0  0  0
  0  0  0  0  0  0  0  0  2  0  0  0  0  0
  0  0  0  0  0  0  0  0  0  2  0  0  0  0
  0  0  0  0  0  0  0  0  0  0  2  0  0  0
  0  0  0  0  0  0  0  0  0  0  0  2  0  0
  0  0  0  0  0  0  0  0  0  0  0  0  2  0
  0  0  0  0  0  0  0  0  0  0  0  0  0  2
  Real part of unitary matrix=
  0.9258  0.0000  0.0000  0.0000  0.0000  0.0000  0.0000  0.0000 -0.3780  0.0000  0.0000  0.0000  0.0000  0.0000
  0.0000  0.8452  0.0000  0.0000  0.0000  0.0000  0.0000  0.0000  0.0000 -0.5345  0.0000  0.0000  0.0000  0.0000
  0.0000  0.0000  0.7559  0.0000  0.0000  0.0000  0.0000  0.0000  0.0000  0.0000 -0.6547  0.0000  0.0000  0.0000
  0.0000  0.0000  0.0000  0.6547  0.0000  0.0000  0.0000  0.0000  0.0000  0.0000  0.0000 -0.7559  0.0000  0.0000
  0.0000  0.0000  0.0000  0.0000  0.5345  0.0000  0.0000  0.0000  0.0000  0.0000  0.0000  0.0000 -0.8452  0.0000
  0.0000  0.0000  0.0000  0.0000  0.0000  0.3780  0.0000  0.0000  0.0000  0.0000  0.0000  0.0000  0.0000 -0.9258
  0.0000  0.0000  0.0000  0.0000  0.0000  0.0000  0.0000  1.0000  0.0000  0.0000  0.0000  0.0000  0.0000  0.0000
  0.3780  0.0000  0.0000  0.0000  0.0000  0.0000  0.0000  0.0000  0.9258  0.0000  0.0000  0.0000  0.0000  0.0000
  0.0000  0.5345  0.0000  0.0000  0.0000  0.0000  0.0000  0.0000  0.0000  0.8452  0.0000  0.0000  0.0000  0.0000
  0.0000  0.0000  0.6547  0.0000  0.0000  0.0000  0.0000  0.0000  0.0000  0.0000  0.7559  0.0000  0.0000  0.0000
  0.0000  0.0000  0.0000  0.7559  0.0000  0.0000  0.0000  0.0000  0.0000  0.0000  0.0000  0.6547  0.0000  0.0000
  0.0000  0.0000  0.0000  0.0000  0.8452  0.0000  0.0000  0.0000  0.0000  0.0000  0.0000  0.0000  0.5345  0.0000
  0.0000  0.0000  0.0000  0.0000  0.0000  0.9258  0.0000  0.0000  0.0000  0.0000  0.0000  0.0000  0.0000  0.3780
  0.0000  0.0000  0.0000  0.0000  0.0000  0.0000  1.0000  0.0000  0.0000  0.0000  0.0000  0.0000  0.0000  0.0000
  Imaginary part of unitary matrix=
  0.0000  0.0000  0.0000  0.0000  0.0000  0.0000  0.0000  0.0000  0.0000  0.0000  0.0000  0.0000  0.0000  0.0000
  0.0000  0.0000  0.0000  0.0000  0.0000  0.0000  0.0000  0.0000  0.0000  0.0000  0.0000  0.0000  0.0000  0.0000
  0.0000  0.0000  0.0000  0.0000  0.0000  0.0000  0.0000  0.0000  0.0000  0.0000  0.0000  0.0000  0.0000  0.0000
  0.0000  0.0000  0.0000  0.0000  0.0000  0.0000  0.0000  0.0000  0.0000  0.0000  0.0000  0.0000  0.0000  0.0000
  0.0000  0.0000  0.0000  0.0000  0.0000  0.0000  0.0000  0.0000  0.0000  0.0000  0.0000  0.0000  0.0000  0.0000
  0.0000  0.0000  0.0000  0.0000  0.0000  0.0000  0.0000  0.0000  0.0000  0.0000  0.0000  0.0000  0.0000  0.0000
  0.0000  0.0000  0.0000  0.0000  0.0000  0.0000  0.0000  0.0000  0.0000  0.0000  0.0000  0.0000  0.0000  0.0000
  0.0000  0.0000  0.0000  0.0000  0.0000  0.0000  0.0000  0.0000  0.0000  0.0000  0.0000  0.0000  0.0000  0.0000
  0.0000  0.0000  0.0000  0.0000  0.0000  0.0000  0.0000  0.0000  0.0000  0.0000  0.0000  0.0000  0.0000  0.0000
  0.0000  0.0000  0.0000  0.0000  0.0000  0.0000  0.0000  0.0000  0.0000  0.0000  0.0000  0.0000  0.0000  0.0000
  0.0000  0.0000  0.0000  0.0000  0.0000  0.0000  0.0000  0.0000  0.0000  0.0000  0.0000  0.0000  0.0000  0.0000
  0.0000  0.0000  0.0000  0.0000  0.0000  0.0000  0.0000  0.0000  0.0000  0.0000  0.0000  0.0000  0.0000  0.0000
  0.0000  0.0000  0.0000  0.0000  0.0000  0.0000  0.0000  0.0000  0.0000  0.0000  0.0000  0.0000  0.0000  0.0000
  0.0000  0.0000  0.0000  0.0000  0.0000  0.0000  0.0000  0.0000  0.0000  0.0000  0.0000  0.0000  0.0000  0.0000
  At least one transformation matrix is not Identity
 Magnetic system with s-o coupling; M theta, phi:  0.0000  0.0000
 Inside ROTDEF
Operation  1 transforms atom   1 from first atom   1
Actual position of atom  1 is:  0.000000    0.000000    0.000000
 
Combined transformation (acting on k-point) for correlated atoms
including users rotation and internal local rotation
catom  1 atom   1
   0.66322   0.00000   0.00000
   0.00000  -0.66322   0.00000
   0.00000   0.00000  -0.66322
 
 
 SPIN COORD SYSTEM:
    1.000000    0.000000    0.000000
    0.000000    1.000000    0.000000
    0.000000    0.000000    1.000000
 
 in global cartezian coordinates:
    1.000000    0.000000    0.000000
    0.000000   -1.000000    0.000000
    0.000000    0.000000   -1.000000
 ____________________________
 in spin coordinates:
    1.000000    0.000000    0.000000
    0.000000   -1.000000    0.000000
    0.000000    0.000000   -1.000000
           1   3.14159268339212       -1.00000000000000     
 
 in global cartezian coordinates:
    1.000000    0.000000    0.000000
    0.000000    0.000000   -1.000000
    0.000000   -1.000000    0.000000
 ____________________________
 in spin coordinates:
    1.000000    0.000000    0.000000
    0.000000    0.000000   -1.000000
    0.000000   -1.000000    0.000000
           2   1.57079632679490       0.000000000000000E+000
 
 symm. operation            2  removed !!!! so-det=  0.000000000000000E+000
 in global cartezian coordinates:
   -1.000000    0.000000    0.000000
    0.000000   -1.000000    0.000000
    0.000000    0.000000   -1.000000
 ____________________________
 in spin coordinates:
   -1.000000    0.000000    0.000000
    0.000000   -1.000000    0.000000
    0.000000    0.000000   -1.000000
           3  2.980232238769531E-008   1.00000000000000     
 
 in global cartezian coordinates:
   -1.000000    0.000000    0.000000
    0.000000    0.000000   -1.000000
    0.000000   -1.000000    0.000000
 ____________________________
 in spin coordinates:
   -1.000000    0.000000    0.000000
    0.000000    0.000000   -1.000000
    0.000000   -1.000000    0.000000
           4   1.57079632679490       0.000000000000000E+000
 
 symm. operation            4  removed !!!! so-det=  0.000000000000000E+000
 in global cartezian coordinates:
    0.000000   -1.000000    0.000000
    1.000000    0.000000    0.000000
    0.000000    0.000000   -1.000000
 ____________________________
 in spin coordinates:
    0.000000   -1.000000    0.000000
    1.000000    0.000000    0.000000
    0.000000    0.000000   -1.000000
           5  -1.57079632679490        1.00000000000000     
 
 in global cartezian coordinates:
    0.000000   -1.000000    0.000000
    0.000000    0.000000   -1.000000
    1.000000    0.000000    0.000000
 ____________________________
 in spin coordinates:
    0.000000   -1.000000    0.000000
    0.000000    0.000000   -1.000000
    1.000000    0.000000    0.000000
           6 NaN                      0.000000000000000E+000
 
 symm. operation            6  removed !!!! so-det=  0.000000000000000E+000
 in global cartezian coordinates:
    0.000000    1.000000    0.000000
    1.000000    0.000000    0.000000
    0.000000    0.000000   -1.000000
 ____________________________
 in spin coordinates:
    0.000000    1.000000    0.000000
    1.000000    0.000000    0.000000
    0.000000    0.000000   -1.000000
           7   1.57079632679490       -1.00000000000000     
 
 in global cartezian coordinates:
    0.000000    1.000000    0.000000
    0.000000    0.000000   -1.000000
    1.000000    0.000000    0.000000
 ____________________________
 in spin coordinates:
    0.000000    1.000000    0.000000
    0.000000    0.000000   -1.000000
    1.000000    0.000000    0.000000
           8 NaN                      0.000000000000000E+000
 
 symm. operation            8  removed !!!! so-det=  0.000000000000000E+000
 in global cartezian coordinates:
    0.000000    0.000000   -1.000000
    1.000000    0.000000    0.000000
    0.000000   -1.000000    0.000000
 ____________________________
 in spin coordinates:
    0.000000    0.000000   -1.000000
    1.000000    0.000000    0.000000
    0.000000   -1.000000    0.000000
           9   1.57079632679490       0.000000000000000E+000
 
 symm. operation            9  removed !!!! so-det=  0.000000000000000E+000
 in global cartezian coordinates:
    0.000000    0.000000   -1.000000
    0.000000   -1.000000    0.000000
    1.000000    0.000000    0.000000
 ____________________________
 in spin coordinates:
    0.000000    0.000000   -1.000000
    0.000000   -1.000000    0.000000
    1.000000    0.000000    0.000000
          10   1.57079632679490       0.000000000000000E+000
 
 symm. operation           10  removed !!!! so-det=  0.000000000000000E+000
 in global cartezian coordinates:
    0.000000    0.000000    1.000000
    1.000000    0.000000    0.000000
    0.000000   -1.000000    0.000000
 ____________________________
 in spin coordinates:
    0.000000    0.000000    1.000000
    1.000000    0.000000    0.000000
    0.000000   -1.000000    0.000000
          11   1.57079632679490       0.000000000000000E+000
 
 symm. operation           11  removed !!!! so-det=  0.000000000000000E+000
 in global cartezian coordinates:
    0.000000    0.000000    1.000000
    0.000000   -1.000000    0.000000
    1.000000    0.000000    0.000000
 ____________________________
 in spin coordinates:
    0.000000    0.000000    1.000000
    0.000000   -1.000000    0.000000
    1.000000    0.000000    0.000000
          12   1.57079632679490       0.000000000000000E+000
 
 symm. operation           12  removed !!!! so-det=  0.000000000000000E+000
 in global cartezian coordinates:
    0.000000   -1.000000    0.000000
   -1.000000    0.000000    0.000000
    0.000000    0.000000   -1.000000
 ____________________________
 in spin coordinates:
    0.000000   -1.000000    0.000000
   -1.000000    0.000000    0.000000
    0.000000    0.000000   -1.000000
          13   4.71238898038469       -1.00000000000000     
 
 in global cartezian coordinates:
    0.000000    1.000000    0.000000
   -1.000000    0.000000    0.000000
    0.000000    0.000000   -1.000000
 ____________________________
 in spin coordinates:
    0.000000    1.000000    0.000000
   -1.000000    0.000000    0.000000
    0.000000    0.000000   -1.000000
          14   1.57079632679490        1.00000000000000     
 
 in global cartezian coordinates:
    0.000000   -1.000000    0.000000
    0.000000    0.000000   -1.000000
   -1.000000    0.000000    0.000000
 ____________________________
 in spin coordinates:
    0.000000   -1.000000    0.000000
    0.000000    0.000000   -1.000000
   -1.000000    0.000000    0.000000
          15 NaN                      0.000000000000000E+000
 
 symm. operation           15  removed !!!! so-det=  0.000000000000000E+000
 in global cartezian coordinates:
    0.000000    1.000000    0.000000
    0.000000    0.000000   -1.000000
   -1.000000    0.000000    0.000000
 ____________________________
 in spin coordinates:
    0.000000    1.000000    0.000000
    0.000000    0.000000   -1.000000
   -1.000000    0.000000    0.000000
          16 NaN                      0.000000000000000E+000
 
 symm. operation           16  removed !!!! so-det=  0.000000000000000E+000
 in global cartezian coordinates:
    1.000000    0.000000    0.000000
    0.000000    1.000000    0.000000
    0.000000    0.000000   -1.000000
 ____________________________
 in spin coordinates:
    1.000000    0.000000    0.000000
    0.000000    1.000000    0.000000
    0.000000    0.000000   -1.000000
          17   3.14159262378747        1.00000000000000     
 
 in global cartezian coordinates:
   -1.000000    0.000000    0.000000
    0.000000    1.000000    0.000000
    0.000000    0.000000   -1.000000
 ____________________________
 in spin coordinates:
   -1.000000    0.000000    0.000000
    0.000000    1.000000    0.000000
    0.000000    0.000000   -1.000000
          18   6.28318527737726       -1.00000000000000     
 
 in global cartezian coordinates:
    1.000000    0.000000    0.000000
    0.000000    0.000000   -1.000000
    0.000000    1.000000    0.000000
 ____________________________
 in spin coordinates:
    1.000000    0.000000    0.000000
    0.000000    0.000000   -1.000000
    0.000000    1.000000    0.000000
          19   1.57079632679490       0.000000000000000E+000
 
 symm. operation           19  removed !!!! so-det=  0.000000000000000E+000
 in global cartezian coordinates:
   -1.000000    0.000000    0.000000
    0.000000    0.000000   -1.000000
    0.000000    1.000000    0.000000
 ____________________________
 in spin coordinates:
   -1.000000    0.000000    0.000000
    0.000000    0.000000   -1.000000
    0.000000    1.000000    0.000000
          20   1.57079632679490       0.000000000000000E+000
 
 symm. operation           20  removed !!!! so-det=  0.000000000000000E+000
 in global cartezian coordinates:
    0.000000    0.000000   -1.000000
   -1.000000    0.000000    0.000000
    0.000000   -1.000000    0.000000
 ____________________________
 in spin coordinates:
    0.000000    0.000000   -1.000000
   -1.000000    0.000000    0.000000
    0.000000   -1.000000    0.000000
          21   1.57079632679490       0.000000000000000E+000
 
 symm. operation           21  removed !!!! so-det=  0.000000000000000E+000
 in global cartezian coordinates:
    0.000000    0.000000   -1.000000
    0.000000   -1.000000    0.000000
   -1.000000    0.000000    0.000000
 ____________________________
 in spin coordinates:
    0.000000    0.000000   -1.000000
    0.000000   -1.000000    0.000000
   -1.000000    0.000000    0.000000
          22   1.57079632679490       0.000000000000000E+000
 
 symm. operation           22  removed !!!! so-det=  0.000000000000000E+000
 in global cartezian coordinates:
    0.000000    0.000000    1.000000
   -1.000000    0.000000    0.000000
    0.000000   -1.000000    0.000000
 ____________________________
 in spin coordinates:
    0.000000    0.000000    1.000000
   -1.000000    0.000000    0.000000
    0.000000   -1.000000    0.000000
          23   1.57079632679490       0.000000000000000E+000
 
 symm. operation           23  removed !!!! so-det=  0.000000000000000E+000
 in global cartezian coordinates:
    0.000000    0.000000    1.000000
    0.000000   -1.000000    0.000000
   -1.000000    0.000000    0.000000
 ____________________________
 in spin coordinates:
    0.000000    0.000000    1.000000
    0.000000   -1.000000    0.000000
   -1.000000    0.000000    0.000000
          24   1.57079632679490       0.000000000000000E+000
 
 symm. operation           24  removed !!!! so-det=  0.000000000000000E+000
 in global cartezian coordinates:
    0.000000    0.000000   -1.000000
    0.000000    1.000000    0.000000
    1.000000    0.000000    0.000000
 ____________________________
 in spin coordinates:
    0.000000    0.000000   -1.000000
    0.000000    1.000000    0.000000
    1.000000    0.000000    0.000000
          25   1.57079632679490       0.000000000000000E+000
 
 symm. operation           25  removed !!!! so-det=  0.000000000000000E+000
 in global cartezian coordinates:
    0.000000    0.000000   -1.000000
    1.000000    0.000000    0.000000
    0.000000    1.000000    0.000000
 ____________________________
 in spin coordinates:
    0.000000    0.000000   -1.000000
    1.000000    0.000000    0.000000
    0.000000    1.000000    0.000000
          26   1.57079632679490       0.000000000000000E+000
 
 symm. operation           26  removed !!!! so-det=  0.000000000000000E+000
 in global cartezian coordinates:
    0.000000    0.000000    1.000000
    0.000000    1.000000    0.000000
    1.000000    0.000000    0.000000
 ____________________________
 in spin coordinates:
    0.000000    0.000000    1.000000
    0.000000    1.000000    0.000000
    1.000000    0.000000    0.000000
          27   1.57079632679490       0.000000000000000E+000
 
 symm. operation           27  removed !!!! so-det=  0.000000000000000E+000
 in global cartezian coordinates:
    0.000000    0.000000    1.000000
    1.000000    0.000000    0.000000
    0.000000    1.000000    0.000000
 ____________________________
 in spin coordinates:
    0.000000    0.000000    1.000000
    1.000000    0.000000    0.000000
    0.000000    1.000000    0.000000
          28   1.57079632679490       0.000000000000000E+000
 
 symm. operation           28  removed !!!! so-det=  0.000000000000000E+000
 in global cartezian coordinates:
    1.000000    0.000000    0.000000
    0.000000    0.000000    1.000000
    0.000000   -1.000000    0.000000
 ____________________________
 in spin coordinates:
    1.000000    0.000000    0.000000
    0.000000    0.000000    1.000000
    0.000000   -1.000000    0.000000
          29   1.57079632679490       0.000000000000000E+000
 
 symm. operation           29  removed !!!! so-det=  0.000000000000000E+000
 in global cartezian coordinates:
   -1.000000    0.000000    0.000000
    0.000000    0.000000    1.000000
    0.000000   -1.000000    0.000000
 ____________________________
 in spin coordinates:
   -1.000000    0.000000    0.000000
    0.000000    0.000000    1.000000
    0.000000   -1.000000    0.000000
          30   1.57079632679490       0.000000000000000E+000
 
 symm. operation           30  removed !!!! so-det=  0.000000000000000E+000
 in global cartezian coordinates:
    1.000000    0.000000    0.000000
    0.000000   -1.000000    0.000000
    0.000000    0.000000    1.000000
 ____________________________
 in spin coordinates:
    1.000000    0.000000    0.000000
    0.000000   -1.000000    0.000000
    0.000000    0.000000    1.000000
          31   6.28318527737726       -1.00000000000000     
 
 in global cartezian coordinates:
   -1.000000    0.000000    0.000000
    0.000000   -1.000000    0.000000
    0.000000    0.000000    1.000000
 ____________________________
 in spin coordinates:
   -1.000000    0.000000    0.000000
    0.000000   -1.000000    0.000000
    0.000000    0.000000    1.000000
          32   3.14159262378747        1.00000000000000     
 
 in global cartezian coordinates:
    0.000000   -1.000000    0.000000
    0.000000    0.000000    1.000000
    1.000000    0.000000    0.000000
 ____________________________
 in spin coordinates:
    0.000000   -1.000000    0.000000
    0.000000    0.000000    1.000000
    1.000000    0.000000    0.000000
          33 NaN                      0.000000000000000E+000
 
 symm. operation           33  removed !!!! so-det=  0.000000000000000E+000
 in global cartezian coordinates:
    0.000000    1.000000    0.000000
    0.000000    0.000000    1.000000
    1.000000    0.000000    0.000000
 ____________________________
 in spin coordinates:
    0.000000    1.000000    0.000000
    0.000000    0.000000    1.000000
    1.000000    0.000000    0.000000
          34 NaN                      0.000000000000000E+000
 
 symm. operation           34  removed !!!! so-det=  0.000000000000000E+000
 in global cartezian coordinates:
    0.000000   -1.000000    0.000000
    1.000000    0.000000    0.000000
    0.000000    0.000000    1.000000
 ____________________________
 in spin coordinates:
    0.000000   -1.000000    0.000000
    1.000000    0.000000    0.000000
    0.000000    0.000000    1.000000
          35   1.57079632679490        1.00000000000000     
 
 in global cartezian coordinates:
    0.000000    1.000000    0.000000
    1.000000    0.000000    0.000000
    0.000000    0.000000    1.000000
 ____________________________
 in spin coordinates:
    0.000000    1.000000    0.000000
    1.000000    0.000000    0.000000
    0.000000    0.000000    1.000000
          36   4.71238898038469       -1.00000000000000     
 
 in global cartezian coordinates:
    0.000000    0.000000   -1.000000
    0.000000    1.000000    0.000000
   -1.000000    0.000000    0.000000
 ____________________________
 in spin coordinates:
    0.000000    0.000000   -1.000000
    0.000000    1.000000    0.000000
   -1.000000    0.000000    0.000000
          37   1.57079632679490       0.000000000000000E+000
 
 symm. operation           37  removed !!!! so-det=  0.000000000000000E+000
 in global cartezian coordinates:
    0.000000    0.000000   -1.000000
   -1.000000    0.000000    0.000000
    0.000000    1.000000    0.000000
 ____________________________
 in spin coordinates:
    0.000000    0.000000   -1.000000
   -1.000000    0.000000    0.000000
    0.000000    1.000000    0.000000
          38   1.57079632679490       0.000000000000000E+000
 
 symm. operation           38  removed !!!! so-det=  0.000000000000000E+000
 in global cartezian coordinates:
    0.000000    0.000000    1.000000
    0.000000    1.000000    0.000000
   -1.000000    0.000000    0.000000
 ____________________________
 in spin coordinates:
    0.000000    0.000000    1.000000
    0.000000    1.000000    0.000000
   -1.000000    0.000000    0.000000
          39   1.57079632679490       0.000000000000000E+000
 
 symm. operation           39  removed !!!! so-det=  0.000000000000000E+000
 in global cartezian coordinates:
    0.000000    0.000000    1.000000
   -1.000000    0.000000    0.000000
    0.000000    1.000000    0.000000
 ____________________________
 in spin coordinates:
    0.000000    0.000000    1.000000
   -1.000000    0.000000    0.000000
    0.000000    1.000000    0.000000
          40   1.57079632679490       0.000000000000000E+000
 
 symm. operation           40  removed !!!! so-det=  0.000000000000000E+000
 in global cartezian coordinates:
    0.000000   -1.000000    0.000000
    0.000000    0.000000    1.000000
   -1.000000    0.000000    0.000000
 ____________________________
 in spin coordinates:
    0.000000   -1.000000    0.000000
    0.000000    0.000000    1.000000
   -1.000000    0.000000    0.000000
          41 NaN                      0.000000000000000E+000
 
 symm. operation           41  removed !!!! so-det=  0.000000000000000E+000
 in global cartezian coordinates:
    0.000000   -1.000000    0.000000
   -1.000000    0.000000    0.000000
    0.000000    0.000000    1.000000
 ____________________________
 in spin coordinates:
    0.000000   -1.000000    0.000000
   -1.000000    0.000000    0.000000
    0.000000    0.000000    1.000000
          42   1.57079632679490       -1.00000000000000     
 
 in global cartezian coordinates:
    0.000000    1.000000    0.000000
    0.000000    0.000000    1.000000
   -1.000000    0.000000    0.000000
 ____________________________
 in spin coordinates:
    0.000000    1.000000    0.000000
    0.000000    0.000000    1.000000
   -1.000000    0.000000    0.000000
          43 NaN                      0.000000000000000E+000
 
 symm. operation           43  removed !!!! so-det=  0.000000000000000E+000
 in global cartezian coordinates:
    0.000000    1.000000    0.000000
   -1.000000    0.000000    0.000000
    0.000000    0.000000    1.000000
 ____________________________
 in spin coordinates:
    0.000000    1.000000    0.000000
   -1.000000    0.000000    0.000000
    0.000000    0.000000    1.000000
          44  -1.57079632679490        1.00000000000000     
 
 in global cartezian coordinates:
    1.000000    0.000000    0.000000
    0.000000    0.000000    1.000000
    0.000000    1.000000    0.000000
 ____________________________
 in spin coordinates:
    1.000000    0.000000    0.000000
    0.000000    0.000000    1.000000
    0.000000    1.000000    0.000000
          45   1.57079632679490       0.000000000000000E+000
 
 symm. operation           45  removed !!!! so-det=  0.000000000000000E+000
 in global cartezian coordinates:
    1.000000    0.000000    0.000000
    0.000000    1.000000    0.000000
    0.000000    0.000000    1.000000
 ____________________________
 in spin coordinates:
    1.000000    0.000000    0.000000
    0.000000    1.000000    0.000000
    0.000000    0.000000    1.000000
          46  2.980232238769531E-008   1.00000000000000     
 
 in global cartezian coordinates:
   -1.000000    0.000000    0.000000
    0.000000    0.000000    1.000000
    0.000000    1.000000    0.000000
 ____________________________
 in spin coordinates:
   -1.000000    0.000000    0.000000
    0.000000    0.000000    1.000000
    0.000000    1.000000    0.000000
          47   1.57079632679490       0.000000000000000E+000
 
 symm. operation           47  removed !!!! so-det=  0.000000000000000E+000
 in global cartezian coordinates:
   -1.000000    0.000000    0.000000
    0.000000    1.000000    0.000000
    0.000000    0.000000    1.000000
 ____________________________
 in spin coordinates:
   -1.000000    0.000000    0.000000
    0.000000    1.000000    0.000000
    0.000000    0.000000    1.000000
          48   3.14159268339212       -1.00000000000000     
 
 Original and SO-compatible symops changed:          48          16
 FNAME=
 delta_Pu_17.energyso_1                                                         
                                                                                
                                                     60
 FNAME=
 delta_Pu_17.energysodn_1                                                       
                                                                                
                                                     59
 BZ-integration with TETRA-program.   icor=: 1
 Equal occupancy of degenerate states, tol=: 0.1E-05
 call eord...
 call dos...
 ILOOP            1
 ILOOP            2
   FERMI ENERGY AT   0.899341425923330     
 RESULT OF INTEGRATION:      15.999999999752; SHOULD BE:      15.999999999900
   SUM RULE OF TETRAHEDRON INTEGRATION CHECKED 
 call eweigh...
   number of occupied bands:          18
   highest energy:  0.901832462752390     
 FERMI-LDA=   0.899 Ryd,  12.236 eV.
 ABSOLUTE EMIN=   0.458 Ryd.   6.236 eV.
 ABSOLUTE EMAX=   1.340 Ryd.  18.236 eV.


:NLDA  : NUMBER OF ELECTRONS          =  16.000

:FLDA  : F E R M I - ENERGY           =   0.89934
 
 ********** Information about the atomic index arrays ************
 iatom=           1
 isort=           1
 csort=           1
 maxucase=           1
icase, iucase, jatom, latom=     1     1     1     1
 
 *****  Arrays for correlated blocks ******
 norbitals=           1
 maxdim2=          14
iorbital( 1, 1)=   1
cix( 1, 1)=   1
icase,lcase,icix,iorb,nind1,ip1,iSx=    1    1    1    1   14    1    1
icase,lcase,icix,iorb,nind1,ip1,iSx=    1    1    1    1   14    2    2
icase,lcase,icix,iorb,nind1,ip1,iSx=    1    1    1    1   14    3    3
icase,lcase,icix,iorb,nind1,ip1,iSx=    1    1    1    1   14    4    4
icase,lcase,icix,iorb,nind1,ip1,iSx=    1    1    1    1   14    5    5
icase,lcase,icix,iorb,nind1,ip1,iSx=    1    1    1    1   14    6    6
icase,lcase,icix,iorb,nind1,ip1,iSx=    1    1    1    1   14    7    7
icase,lcase,icix,iorb,nind1,ip1,iSx=    1    1    1    1   14    8    8
icase,lcase,icix,iorb,nind1,ip1,iSx=    1    1    1    1   14    9    9
icase,lcase,icix,iorb,nind1,ip1,iSx=    1    1    1    1   14   10   10
icase,lcase,icix,iorb,nind1,ip1,iSx=    1    1    1    1   14   11   11
icase,lcase,icix,iorb,nind1,ip1,iSx=    1    1    1    1   14   12   12
icase,lcase,icix,iorb,nind1,ip1,iSx=    1    1    1    1   14   13   13
icase,lcase,icix,iorb,nind1,ip1,iSx=    1    1    1    1   14   14   14
cixdim( 1)=14
noccur( 1, 1)=   6
noccur( 2, 1)=   8
iSx( 1, 1)=  1
iSx( 2, 1)=  2
iSx( 3, 1)=  3
iSx( 4, 1)=  4
iSx( 5, 1)=  5
iSx( 6, 1)=  6
iSx( 7, 1)=  7
iSx( 8, 1)=  8
iSx( 9, 1)=  9
iSx(10, 1)= 10
iSx(11, 1)= 11
iSx(12, 1)= 12
iSx(13, 1)= 13
iSx(14, 1)= 14
nindo( 1)= 14
CF for iorb1= 1 iorb2= 1
    0.92582010     0.00000000       0.00000000     0.00000000       0.00000000     0.00000000       0.00000000     0.00000000       0.00000000     0.00000000       0.00000000     0.00000000       0.00000000     0.00000000       0.00000000     0.00000000      -0.37796447     0.00000000       0.00000000     0.00000000       0.00000000     0.00000000       0.00000000     0.00000000       0.00000000     0.00000000       0.00000000     0.00000000   
    0.00000000     0.00000000       0.84515425     0.00000000       0.00000000     0.00000000       0.00000000     0.00000000       0.00000000     0.00000000       0.00000000     0.00000000       0.00000000     0.00000000       0.00000000     0.00000000       0.00000000     0.00000000      -0.53452248     0.00000000       0.00000000     0.00000000       0.00000000     0.00000000       0.00000000     0.00000000       0.00000000     0.00000000   
    0.00000000     0.00000000       0.00000000     0.00000000       0.75592895     0.00000000       0.00000000     0.00000000       0.00000000     0.00000000       0.00000000     0.00000000       0.00000000     0.00000000       0.00000000     0.00000000       0.00000000     0.00000000       0.00000000     0.00000000      -0.65465367     0.00000000       0.00000000     0.00000000       0.00000000     0.00000000       0.00000000     0.00000000   
    0.00000000     0.00000000       0.00000000     0.00000000       0.00000000     0.00000000       0.65465367     0.00000000       0.00000000     0.00000000       0.00000000     0.00000000       0.00000000     0.00000000       0.00000000     0.00000000       0.00000000     0.00000000       0.00000000     0.00000000       0.00000000     0.00000000      -0.75592895     0.00000000       0.00000000     0.00000000       0.00000000     0.00000000   
    0.00000000     0.00000000       0.00000000     0.00000000       0.00000000     0.00000000       0.00000000     0.00000000       0.53452248     0.00000000       0.00000000     0.00000000       0.00000000     0.00000000       0.00000000     0.00000000       0.00000000     0.00000000       0.00000000     0.00000000       0.00000000     0.00000000       0.00000000     0.00000000      -0.84515425     0.00000000       0.00000000     0.00000000   
    0.00000000     0.00000000       0.00000000     0.00000000       0.00000000     0.00000000       0.00000000     0.00000000       0.00000000     0.00000000       0.37796447     0.00000000       0.00000000     0.00000000       0.00000000     0.00000000       0.00000000     0.00000000       0.00000000     0.00000000       0.00000000     0.00000000       0.00000000     0.00000000       0.00000000     0.00000000      -0.92582010     0.00000000   
    0.00000000     0.00000000       0.00000000     0.00000000       0.00000000     0.00000000       0.00000000     0.00000000       0.00000000     0.00000000       0.00000000     0.00000000       0.00000000     0.00000000       1.00000000     0.00000000       0.00000000     0.00000000       0.00000000     0.00000000       0.00000000     0.00000000       0.00000000     0.00000000       0.00000000     0.00000000       0.00000000     0.00000000   
    0.37796447     0.00000000       0.00000000     0.00000000       0.00000000     0.00000000       0.00000000     0.00000000       0.00000000     0.00000000       0.00000000     0.00000000       0.00000000     0.00000000       0.00000000     0.00000000       0.92582010     0.00000000       0.00000000     0.00000000       0.00000000     0.00000000       0.00000000     0.00000000       0.00000000     0.00000000       0.00000000     0.00000000   
    0.00000000     0.00000000       0.53452248     0.00000000       0.00000000     0.00000000       0.00000000     0.00000000       0.00000000     0.00000000       0.00000000     0.00000000       0.00000000     0.00000000       0.00000000     0.00000000       0.00000000     0.00000000       0.84515425     0.00000000       0.00000000     0.00000000       0.00000000     0.00000000       0.00000000     0.00000000       0.00000000     0.00000000   
    0.00000000     0.00000000       0.00000000     0.00000000       0.65465367     0.00000000       0.00000000     0.00000000       0.00000000     0.00000000       0.00000000     0.00000000       0.00000000     0.00000000       0.00000000     0.00000000       0.00000000     0.00000000       0.00000000     0.00000000       0.75592895     0.00000000       0.00000000     0.00000000       0.00000000     0.00000000       0.00000000     0.00000000   
    0.00000000     0.00000000       0.00000000     0.00000000       0.00000000     0.00000000       0.75592895     0.00000000       0.00000000     0.00000000       0.00000000     0.00000000       0.00000000     0.00000000       0.00000000     0.00000000       0.00000000     0.00000000       0.00000000     0.00000000       0.00000000     0.00000000       0.65465367     0.00000000       0.00000000     0.00000000       0.00000000     0.00000000   
    0.00000000     0.00000000       0.00000000     0.00000000       0.00000000     0.00000000       0.00000000     0.00000000       0.84515425     0.00000000       0.00000000     0.00000000       0.00000000     0.00000000       0.00000000     0.00000000       0.00000000     0.00000000       0.00000000     0.00000000       0.00000000     0.00000000       0.00000000     0.00000000       0.53452248     0.00000000       0.00000000     0.00000000   
    0.00000000     0.00000000       0.00000000     0.00000000       0.00000000     0.00000000       0.00000000     0.00000000       0.00000000     0.00000000       0.92582010     0.00000000       0.00000000     0.00000000       0.00000000     0.00000000       0.00000000     0.00000000       0.00000000     0.00000000       0.00000000     0.00000000       0.00000000     0.00000000       0.00000000     0.00000000       0.37796447     0.00000000   
    0.00000000     0.00000000       0.00000000     0.00000000       0.00000000     0.00000000       0.00000000     0.00000000       0.00000000     0.00000000       0.00000000     0.00000000       1.00000000     0.00000000       0.00000000     0.00000000       0.00000000     0.00000000       0.00000000     0.00000000       0.00000000     0.00000000       0.00000000     0.00000000       0.00000000     0.00000000       0.00000000     0.00000000   
Rspin for iorb=  1
 angles=  0.000000000000000E+000   3.14159265358979       0.000000000000000E+000
  0.000000000000000E+000  0.000000000000000E+000  0.000000000000000E+000
 Rspin=
    0.000000    0.000000      0.000000    1.000000
    0.000000    1.000000      0.000000    0.000000
 Calculation for atom  1 which has iucase=  1
 ATPAR for spin up

          ATOMIC PARAMETERS FOR Pu  0+    

           ENERGY PARAMETERS ARE   0.66  -1.38   0.66   0.66

           L     U(R)          U'(R)         DU/DE        DU'/DE      NORM-U'
           0  0.549673E+00  0.815828E+00  0.113246E+00 -0.225485E+00
           1  0.501688E+00 -0.982038E-01 -0.152268E+00 -0.401427E+00
           2 -0.617655E+00  0.254221E-01  0.984179E-01  0.346245E+00
           3 -0.321532E+00  0.122671E+00  0.360087E+00  0.535632E+00
LO COEFFICIENT: l,A,B,C   0          0.65697    -3.18880     0.00000     0.00000
 
LO COEFFICIENT: l,A,B,C   0          0.32269     0.00000     0.77862     0.00000
 
LO COEFFICIENT: l,A,B,C   1          0.89269     2.94121     0.00000     0.00000
 
LO COEFFICIENT: l,A,B,C   1          0.29800     0.00000    -1.26931     0.00000
 
LO COEFFICIENT: l,A,B,C   2          0.85294     5.35289     0.00000     0.00000
 
LO COEFFICIENT: l,A,B,C   3          0.93851     0.83802     0.00000     0.00000
 
 ATPAR for spin down

          ATOMIC PARAMETERS FOR Pu  0+    

           ENERGY PARAMETERS ARE   0.66  -1.38   0.66   0.66

           L     U(R)          U'(R)         DU/DE        DU'/DE      NORM-U'
           0  0.549673E+00  0.815828E+00  0.113246E+00 -0.225485E+00
           1  0.501688E+00 -0.982038E-01 -0.152268E+00 -0.401427E+00
           2 -0.617655E+00  0.254221E-01  0.984179E-01  0.346245E+00
           3 -0.321532E+00  0.122671E+00  0.360087E+00  0.535632E+00
LO COEFFICIENT: l,A,B,C   0          0.65697    -3.18880     0.00000     0.00000
 
LO COEFFICIENT: l,A,B,C   0          0.32269     0.00000     0.77862     0.00000
 
LO COEFFICIENT: l,A,B,C   1          0.89269     2.94121     0.00000     0.00000
 
LO COEFFICIENT: l,A,B,C   1          0.29800     0.00000    -1.26931     0.00000
 
LO COEFFICIENT: l,A,B,C   2          0.85294     5.35289     0.00000     0.00000
 
LO COEFFICIENT: l,A,B,C   3          0.93851     0.83802     0.00000     0.00000
 
 L1=           0  L2=           0
 RADIAL INTEGRALS:
           1           1                 1           1   1.00000000000000     
           1           3                 1           1  0.576356409679614     
           1           1                 1           2   1.00000000000000     
           1           3                 1           2  0.576356409679614     
           1           1                 2           1   1.00000000000000     
           1           3                 2           1  0.576356409679614     
           1           1                 2           2   1.00000000000000     
           1           3                 2           2  0.576356409679614     
           2           2                 1           1  5.589777096302283E-002
           2           3                 1           1 -0.190954819650025     
           2           2                 1           2  5.589777096302283E-002
           2           3                 1           2 -0.190954819650025     
           2           2                 2           1  5.589777096302283E-002
           2           3                 2           1 -0.190954819650025     
           2           2                 2           2  5.589777096302283E-002
           2           3                 2           2 -0.190954819650025     
           3           1                 1           1  0.576356409679614     
           3           2                 1           1 -0.190954819650025     
           3           3                 1           1  0.999999999999999     
           3           1                 1           2  0.576356409679614     
           3           2                 1           2 -0.190954819650025     
           3           3                 1           2  0.999999999999999     
           3           1                 2           1  0.576356409679614     
           3           2                 2           1 -0.190954819650025     
           3           3                 2           1  0.999999999999999     
           3           1                 2           2  0.576356409679614     
           3           2                 2           2 -0.190954819650025     
           3           3                 2           2  0.999999999999999     
 L1=           1  L2=           1
 RADIAL INTEGRALS:
           1           1                 1           1   1.00000000000000     
           1           3                 1           1  0.925227297468499     
           1           1                 1           2   1.00000000000000     
           1           3                 1           2  0.925227297468499     
           1           1                 2           1   1.00000000000000     
           1           3                 2           1  0.925227297468499     
           1           1                 2           2   1.00000000000000     
           1           3                 2           2  0.925227297468499     
           2           2                 1           1  2.347799399516187E-002
           2           3                 1           1  5.800994296788756E-002
           2           2                 1           2  2.347799399516187E-002
           2           3                 1           2  5.800994296788756E-002
           2           2                 2           1  2.347799399516187E-002
           2           3                 2           1  5.800994296788756E-002
           2           2                 2           2  2.347799399516187E-002
           2           3                 2           2  5.800994296788756E-002
           3           1                 1           1  0.925227297468499     
           3           2                 1           1  5.800994296788756E-002
           3           3                 1           1   1.00000000000000     
           3           1                 1           2  0.925227297468499     
           3           2                 1           2  5.800994296788756E-002
           3           3                 1           2   1.00000000000000     
           3           1                 2           1  0.925227297468499     
           3           2                 2           1  5.800994296788756E-002
           3           3                 2           1   1.00000000000000     
           3           1                 2           2  0.925227297468499     
           3           2                 2           2  5.800994296788756E-002
           3           3                 2           2   1.00000000000000     
 L1=           2  L2=           2
 RADIAL INTEGRALS:
           1           1                 1           1   1.00000000000000     
           1           1                 1           2   1.00000000000000     
           1           1                 2           1   1.00000000000000     
           1           1                 2           2   1.00000000000000     
           2           2                 1           1  9.510205592233213E-003
           2           2                 1           2  9.510205592233213E-003
           2           2                 2           1  9.510205592233213E-003
           2           2                 2           2  9.510205592233213E-003
 L1=           3  L2=           3
 RADIAL INTEGRALS:
           1           1                 1           1   1.00000000000000     
           1           1                 1           2   1.00000000000000     
           1           1                 2           1   1.00000000000000     
           1           1                 2           2   1.00000000000000     
           2           2                 1           1  0.169722994358894     
           2           2                 1           2  0.169722994358894     
           2           2                 2           1  0.169722994358894     
           2           2                 2           2  0.169722994358894     
Saving potential parameters for atom 1 into  1
pr_proc=143  tot-k=286
 ------------------------------------------------------------------------------


   =====>>> CPU TIME SUMMARY

            TOTAL       :      1.4
 OMP_NUM_THREADS= 2
 GUTZ_SOLVER VO.1.5 BUILT ON Jan 19 2014 AT22:25:59
 NT=  1 SEC_N%DIM=   10 WITH ID:
           1       2      16     107     471    1472    3474    6477    9909   12912
       14914
 MEAN U/J:  0.2940  0.0265
 NEL_FIX_VDC1=      5.29
 ATOM DEPENDENT NELF1:
      5.2941
 DCMIX_A=  0.200000
 SYMMETRICALLY NON-EQUIVALENT ATOMS:
          1
 VARIATIONAL-SETUP-NON-EQUIVALENT ATOMS:
          1
 COMPLEMENTARY VARIATIONAL-SETUP-EQUIVALENT ATOMS:

 GYZ%SYM%IDSUM:
  1
 DIM(X_Gutz)=  4
 CALC SET: GAPJ-SHFT FULL       -JH-PROJ SLATER    VAR-FIXDC    Ryd.   
 NT= 1
 LOCAL INTERACTION PART   :
 U              :   0.2940
 J              :   0.0265
 FOCK SPACE PART:
 NA             :  7
 FS%OCC(1) L.B. :  0
 FS%OCC(2) U.B. :  9
 FS%DIM         :     14913
 HL%OCC(1) L.B. :  0
 HL%OCC(2) U.B. :  9
 ISO= 2 ISPIN_IN= 1 ISPIN= 1 ISPO= 2
 BND%NMAX=  92
 BZ INTEGRATION WITH TETRA METHOD, ICOR= 1
 EQUAL OCCUPANCY OF DEGENERATE STATES, TOL= 0.1E-05
 VALENCE ELECTRONS: TOTAL=    16.0
                    CORRELATED PART=     8.0
 SYM%IDI/IDF=  1 16
 BND%NMAXIN=   26
      GUTZ5_INI_CORR_UVEK takes  0 hours  0 minutes and    0.04 seconds (CPU).
                          takes  0 hours  0 minutes and    0.03 seconds (WALL).
                 SETUP_TB takes  0 hours  0 minutes and    1.36 seconds (CPU).
                          takes  0 hours  0 minutes and    0.69 seconds (WALL).
************  EL-  ************
 NI=  1 NI_GLOBAL=  1
   0.9041   0.9030   0.9039   0.9039   0.9030   0.9041   0.9835   0.9816   0.9823   0.9822   0.9822   0.9823   0.9816   0.9835
************  EL=  ************
 NI=  1 NI_GLOBAL=  1
   0.9041   0.0000   0.0000   0.0000   0.0001   0.0000   0.0000   0.0008   0.0000   0.0000   0.0000   0.0011   0.0000   0.0000
   0.0000   0.9030   0.0000   0.0000   0.0000   0.0001   0.0000   0.0000  -0.0003   0.0000   0.0000   0.0000  -0.0012   0.0000
   0.0000   0.0000   0.9039   0.0000   0.0000   0.0000   0.0000   0.0000   0.0000   0.0002   0.0000   0.0000   0.0000   0.0007
   0.0000   0.0000   0.0000   0.9039   0.0000   0.0000  -0.0007   0.0000   0.0000   0.0000  -0.0002   0.0000   0.0000   0.0000
   0.0001   0.0000   0.0000   0.0000   0.9030   0.0000   0.0000   0.0012   0.0000   0.0000   0.0000   0.0003   0.0000   0.0000
   0.0000   0.0001   0.0000   0.0000   0.0000   0.9041   0.0000   0.0000  -0.0011   0.0000   0.0000   0.0000  -0.0008   0.0000
   0.0000   0.0000   0.0000  -0.0007   0.0000   0.0000   0.9835   0.0000   0.0000   0.0000   0.0007   0.0000   0.0000   0.0000
   0.0008   0.0000   0.0000   0.0000   0.0012   0.0000   0.0000   0.9816   0.0000   0.0000   0.0000   0.0000   0.0000   0.0000
   0.0000  -0.0003   0.0000   0.0000   0.0000  -0.0011   0.0000   0.0000   0.9823   0.0000   0.0000   0.0000   0.0000   0.0000
   0.0000   0.0000   0.0002   0.0000   0.0000   0.0000   0.0000   0.0000   0.0000   0.9822   0.0000   0.0000   0.0000   0.0007
   0.0000   0.0000   0.0000  -0.0002   0.0000   0.0000   0.0007   0.0000   0.0000   0.0000   0.9822   0.0000   0.0000   0.0000
   0.0011   0.0000   0.0000   0.0000   0.0003   0.0000   0.0000   0.0000   0.0000   0.0000   0.0000   0.9823   0.0000   0.0000
   0.0000  -0.0012   0.0000   0.0000   0.0000  -0.0008   0.0000   0.0000   0.0000   0.0000   0.0000   0.0000   0.9816   0.0000
   0.0000   0.0000   0.0007   0.0000   0.0000   0.0000   0.0000   0.0000   0.0000   0.0007   0.0000   0.0000   0.0000   0.9835
 NI=  1 LOCAL ORBITAL LEVEL CENTER(ELC)=   0.949
************  EL0  ************
 NI=  1 NI_GLOBAL=  1
   0.9037   0.9037   0.9037   0.9037   0.9037   0.9037   0.9824   0.9824   0.9824   0.9824   0.9824   0.9824   0.9824   0.9824
************  ELL  ************
 NI=  1 NI_GLOBAL=  1
   0.9037   0.0000   0.0000   0.0000   0.0000   0.0000   0.0000   0.0000   0.0000   0.0000   0.0000   0.0000   0.0000   0.0000
   0.0000   0.9037   0.0000   0.0000   0.0000   0.0000   0.0000   0.0000   0.0000   0.0000   0.0000   0.0000   0.0000   0.0000
   0.0000   0.0000   0.9037   0.0000   0.0000   0.0000   0.0000   0.0000   0.0000   0.0000   0.0000   0.0000   0.0000   0.0000
   0.0000   0.0000   0.0000   0.9037   0.0000   0.0000   0.0000   0.0000   0.0000   0.0000   0.0000   0.0000   0.0000   0.0000
   0.0000   0.0000   0.0000   0.0000   0.9037   0.0000   0.0000   0.0000   0.0000   0.0000   0.0000   0.0000   0.0000   0.0000
   0.0000   0.0000   0.0000   0.0000   0.0000   0.9037   0.0000   0.0000   0.0000   0.0000   0.0000   0.0000   0.0000   0.0000
   0.0000   0.0000   0.0000   0.0000   0.0000   0.0000   0.9824   0.0000   0.0000   0.0000   0.0000   0.0000   0.0000   0.0000
   0.0000   0.0000   0.0000   0.0000   0.0000   0.0000   0.0000   0.9824   0.0000   0.0000   0.0000   0.0000   0.0000   0.0000
   0.0000   0.0000   0.0000   0.0000   0.0000   0.0000   0.0000   0.0000   0.9824   0.0000   0.0000   0.0000   0.0000   0.0000
   0.0000   0.0000   0.0000   0.0000   0.0000   0.0000   0.0000   0.0000   0.0000   0.9824   0.0000   0.0000   0.0000   0.0000
   0.0000   0.0000   0.0000   0.0000   0.0000   0.0000   0.0000   0.0000   0.0000   0.0000   0.9824   0.0000   0.0000   0.0000
   0.0000   0.0000   0.0000   0.0000   0.0000   0.0000   0.0000   0.0000   0.0000   0.0000   0.0000   0.9824   0.0000   0.0000
   0.0000   0.0000   0.0000   0.0000   0.0000   0.0000   0.0000   0.0000   0.0000   0.0000   0.0000   0.0000   0.9824   0.0000
   0.0000   0.0000   0.0000   0.0000   0.0000   0.0000   0.0000   0.0000   0.0000   0.0000   0.0000   0.0000   0.0000   0.9824
                  GET_EL0 takes  0 hours  0 minutes and    0.01 seconds (CPU).
                          takes  0 hours  0 minutes and    0.00 seconds (WALL).
 There are  5 blocks of bands, with band energy windows:
  -2.503  -2.493 |   -0.957  -0.913 |   -0.386  -0.267 |    0.494   1.584 |    1.587   4.499 | 
 Band window indices:
         1      2 |          3      4 |          5      8 |          9     34 |         35     93 | 
 Band width
       0.010   |         0.043   |         0.119   |         1.090   |         2.912   |  
 Band gap
       1.536   |         0.527   |         0.762   |         0.002   |  
 CORRELATED BLOCK: EMIN/EMIX=    0.4945    1.3389
 CORRELATED BAND WIDTH=   0.844
         GUTZ_RED_PRJ_NEQ takes  0 hours  1 minutes and    2.98 seconds (CPU).
                          takes  0 hours  1 minutes and    2.86 seconds (WALL).
 NI=  1 DIM_PHIK=   41227 HL%DIM=  14913
       ID_PHIK_N=
      1      2      4     33    264   1639   6153  15546  27321  36714
  41228
       ID_PHIK_J=
      1      2      3      4      8      9     18     19     28     29
     33     37     73    122    171    220    245    254    263    264
    300    349    638    807   1168   1364   1533   1582   1631   1635
   1639   1739   2180   2964   3864   4705   5381   5781   6037   6118
   6143   6152   6153   6349   6710   8079   9448  11564  12933  14377
  14953  15353  15474  15538  15542  15546  15835  16796  18560  21060
  23176  24940  26165  26841  27165  27286  27311  27320  27321  27517
  27878  29247  30616  32732  34101  35545  36121  36521  36642  36706
  36710  36714  36814  37255  38039  38939  39780  40456  40856  41112
  41193  41218  41227  41228
          GUTZ_SET_PRJ_EQ takes  0 hours  0 minutes and    0.00 seconds (CPU).
                          takes  0 hours  0 minutes and    0.00 seconds (WALL).
************   WH%X  ************
    0.87145008    0.90060729
    0.85327770    1.02533624
************  RIN  ************
 NI=  1 NI_GLOBAL=  1
   0.8715   0.8715   0.8715   0.8715   0.8715   0.8715   0.9006   0.9006   0.9006   0.9006   0.9006   0.9006   0.9006   0.9006
************  LA1  ************
 NI=  1 NI_GLOBAL=  1
   0.8533   0.8533   0.8533   0.8533   0.8533   0.8533   1.0253   1.0253   1.0253   1.0253   1.0253   1.0253   1.0253   1.0253
             CALC_BAND_AL takes  0 hours  0 minutes and    0.64 seconds (CPU).
                          takes  0 hours  0 minutes and    0.33 seconds (WALL).
 ILOOP            1
 ILOOP            2
   FERMI ENERGY AT   0.860959695968810     
   SUM RULE OF TETRAHEDRON INTEGRATION CHECKED 
   number of occupied bands:          18
   highest energy:  0.875717795451902     
************  NK-  ************
 NI=  1 NI_GLOBAL=  1
   0.8647   0.8440   0.8840   0.8840   0.8440   0.8647   0.0159   0.0143   0.0127   0.0132   0.0132   0.0127   0.0143   0.0159
************  NNK  ************
 NI=  1 NI_GLOBAL=  1
   0.8647   0.0000   0.0000   0.0000   0.0041   0.0000   0.0000  -0.0024   0.0000   0.0000   0.0000   0.0095   0.0000   0.0000
   0.0000   0.8440   0.0000   0.0000   0.0000   0.0041   0.0000   0.0000   0.0011   0.0000   0.0000   0.0000  -0.0159   0.0000
   0.0000   0.0000   0.8840   0.0000   0.0000   0.0000   0.0000   0.0000   0.0000   0.0084   0.0000   0.0000   0.0000   0.0030
   0.0000   0.0000   0.0000   0.8840   0.0000   0.0000  -0.0030   0.0000   0.0000   0.0000  -0.0084   0.0000   0.0000   0.0000
   0.0041   0.0000   0.0000   0.0000   0.8440   0.0000   0.0000   0.0159   0.0000   0.0000   0.0000  -0.0011   0.0000   0.0000
   0.0000   0.0041   0.0000   0.0000   0.0000   0.8647   0.0000   0.0000  -0.0095   0.0000   0.0000   0.0000   0.0024   0.0000
   0.0000   0.0000   0.0000  -0.0030   0.0000   0.0000   0.0159   0.0000   0.0000   0.0000  -0.0002   0.0000   0.0000   0.0000
  -0.0024   0.0000   0.0000   0.0000   0.0159   0.0000   0.0000   0.0143   0.0000   0.0000   0.0000  -0.0023   0.0000   0.0000
   0.0000   0.0011   0.0000   0.0000   0.0000  -0.0095   0.0000   0.0000   0.0127   0.0000   0.0000   0.0000  -0.0023   0.0000
   0.0000   0.0000   0.0084   0.0000   0.0000   0.0000   0.0000   0.0000   0.0000   0.0132   0.0000   0.0000   0.0000  -0.0002
   0.0000   0.0000   0.0000  -0.0084   0.0000   0.0000  -0.0002   0.0000   0.0000   0.0000   0.0132   0.0000   0.0000   0.0000
   0.0095   0.0000   0.0000   0.0000  -0.0011   0.0000   0.0000  -0.0023   0.0000   0.0000   0.0000   0.0127   0.0000   0.0000
   0.0000  -0.0159   0.0000   0.0000   0.0000   0.0024   0.0000   0.0000  -0.0023   0.0000   0.0000   0.0000   0.0143   0.0000
   0.0000   0.0000   0.0030   0.0000   0.0000   0.0000   0.0000   0.0000   0.0000  -0.0002   0.0000   0.0000   0.0000   0.0159
************  NKS  ************
 NI=  1 NI_GLOBAL=  1
   0.8642   0.8642   0.8642   0.8642   0.8642   0.8642   0.0140   0.0140   0.0140   0.0140   0.0140   0.0140   0.0140   0.0140
 NELE_LOC TOTAL:
           5.2976860891805329
              CALC_DA_BND takes  0 hours  0 minutes and    0.19 seconds (CPU).
                          takes  0 hours  0 minutes and    0.09 seconds (WALL).
************  DA-  ************
 NI=  1 NI_GLOBAL=  1
  -0.0130  -0.0143  -0.0124  -0.0124  -0.0143  -0.0130  -0.0036  -0.0032  -0.0027  -0.0029  -0.0029  -0.0027  -0.0032  -0.0036
************  DAA  ************
 NI=  1 NI_GLOBAL=  1
  -0.0132  -0.0132  -0.0132  -0.0132  -0.0132  -0.0132  -0.0031  -0.0031  -0.0031  -0.0031  -0.0031  -0.0031  -0.0031  -0.0031
 NI=  1 VDC=    1.3526
************  LA2  ************
 NI=  1 NI_GLOBAL=  1
  -2.2774  -2.2774  -2.2774  -2.2774  -2.2774  -2.2774  -2.1807  -2.1807  -2.1807  -2.1807  -2.1807  -2.1807  -2.1807  -2.1807
 NI=  1 PHI-step gap=  0.13E+00
************  RAA  ************
 NI=  1 NI_GLOBAL=  1
   0.8712   0.8712   0.8712   0.8712   0.8712   0.8712   0.9006   0.9006   0.9006   0.9006   0.9006   0.9006   0.9006   0.9006
************  NC0  ************
 NI=  1 NI_GLOBAL=  1
   0.8644   0.8644   0.8644   0.8644   0.8644   0.8644   0.0140   0.0140   0.0140   0.0140   0.0140   0.0140   0.0140   0.0140
                  CALC_LC takes  0 hours  7 minutes and   33.72 seconds (CPU).
                          takes  0 hours  7 minutes and   33.62 seconds (WALL).
                GUTZ_FCN1 takes  0 hours  7 minutes and   34.68 seconds (CPU).
                          takes  0 hours  7 minutes and   34.12 seconds (WALL).
************  DIF_X  ************
   -0.000260121948    0.000032790010
    0.000146245013    0.000001679826
 ITER1=  1 MAXERR=    0.00026012
************   WH%X  ************
    0.87165414    0.90065059
    0.85319084    1.02535286
************  RIN  ************
 NI=  1 NI_GLOBAL=  1
   0.8717   0.8717   0.8717   0.8717   0.8717   0.8717   0.9007   0.9007   0.9007   0.9007   0.9007   0.9007   0.9007   0.9007
************  LA1  ************
 NI=  1 NI_GLOBAL=  1
   0.8532   0.8532   0.8532   0.8532   0.8532   0.8532   1.0254   1.0254   1.0254   1.0254   1.0254   1.0254   1.0254   1.0254
             CALC_BAND_AL takes  0 hours  0 minutes and    0.65 seconds (CPU).
                          takes  0 hours  0 minutes and    0.33 seconds (WALL).
 ILOOP            1
 ILOOP            2
   FERMI ENERGY AT   0.860902905102030     
   SUM RULE OF TETRAHEDRON INTEGRATION CHECKED 
   number of occupied bands:          18
   highest energy:  0.875696429998485     
************  NK-  ************
 NI=  1 NI_GLOBAL=  1
   0.8648   0.8442   0.8841   0.8841   0.8442   0.8648   0.0159   0.0143   0.0127   0.0132   0.0132   0.0127   0.0143   0.0159
************  NNK  ************
 NI=  1 NI_GLOBAL=  1
   0.8648   0.0000   0.0000   0.0000   0.0041   0.0000   0.0000  -0.0024   0.0000   0.0000   0.0000   0.0095   0.0000   0.0000
   0.0000   0.8442   0.0000   0.0000   0.0000   0.0041   0.0000   0.0000   0.0011   0.0000   0.0000   0.0000  -0.0159   0.0000
   0.0000   0.0000   0.8841   0.0000   0.0000   0.0000   0.0000   0.0000   0.0000   0.0084   0.0000   0.0000   0.0000   0.0030
   0.0000   0.0000   0.0000   0.8841   0.0000   0.0000  -0.0030   0.0000   0.0000   0.0000  -0.0084   0.0000   0.0000   0.0000
   0.0041   0.0000   0.0000   0.0000   0.8442   0.0000   0.0000   0.0159   0.0000   0.0000   0.0000  -0.0011   0.0000   0.0000
   0.0000   0.0041   0.0000   0.0000   0.0000   0.8648   0.0000   0.0000  -0.0095   0.0000   0.0000   0.0000   0.0024   0.0000
   0.0000   0.0000   0.0000  -0.0030   0.0000   0.0000   0.0159   0.0000   0.0000   0.0000  -0.0002   0.0000   0.0000   0.0000
  -0.0024   0.0000   0.0000   0.0000   0.0159   0.0000   0.0000   0.0143   0.0000   0.0000   0.0000  -0.0023   0.0000   0.0000
   0.0000   0.0011   0.0000   0.0000   0.0000  -0.0095   0.0000   0.0000   0.0127   0.0000   0.0000   0.0000  -0.0023   0.0000
   0.0000   0.0000   0.0084   0.0000   0.0000   0.0000   0.0000   0.0000   0.0000   0.0132   0.0000   0.0000   0.0000  -0.0002
   0.0000   0.0000   0.0000  -0.0084   0.0000   0.0000  -0.0002   0.0000   0.0000   0.0000   0.0132   0.0000   0.0000   0.0000
   0.0095   0.0000   0.0000   0.0000  -0.0011   0.0000   0.0000  -0.0023   0.0000   0.0000   0.0000   0.0127   0.0000   0.0000
   0.0000  -0.0159   0.0000   0.0000   0.0000   0.0024   0.0000   0.0000  -0.0023   0.0000   0.0000   0.0000   0.0143   0.0000
   0.0000   0.0000   0.0030   0.0000   0.0000   0.0000   0.0000   0.0000   0.0000  -0.0002   0.0000   0.0000   0.0000   0.0159
************  NKS  ************
 NI=  1 NI_GLOBAL=  1
   0.8644   0.8644   0.8644   0.8644   0.8644   0.8644   0.0140   0.0140   0.0140   0.0140   0.0140   0.0140   0.0140   0.0140
 NELE_LOC TOTAL:
           5.2985818288503550
              CALC_DA_BND takes  0 hours  0 minutes and    0.19 seconds (CPU).
                          takes  0 hours  0 minutes and    0.12 seconds (WALL).
************  DA-  ************
 NI=  1 NI_GLOBAL=  1
  -0.0130  -0.0143  -0.0124  -0.0124  -0.0143  -0.0130  -0.0036  -0.0032  -0.0027  -0.0029  -0.0029  -0.0027  -0.0032  -0.0036
************  DAA  ************
 NI=  1 NI_GLOBAL=  1
  -0.0132  -0.0132  -0.0132  -0.0132  -0.0132  -0.0132  -0.0031  -0.0031  -0.0031  -0.0031  -0.0031  -0.0031  -0.0031  -0.0031
 NI=  1 VDC=    1.3526
************  LA2  ************
 NI=  1 NI_GLOBAL=  1
  -2.2774  -2.2774  -2.2774  -2.2774  -2.2774  -2.2774  -2.1806  -2.1806  -2.1806  -2.1806  -2.1806  -2.1806  -2.1806  -2.1806
 NI=  1 PHI-step gap=  0.13E+00
************  RAA  ************
 NI=  1 NI_GLOBAL=  1
   0.8716   0.8716   0.8716   0.8716   0.8716   0.8716   0.9006   0.9006   0.9006   0.9006   0.9006   0.9006   0.9006   0.9006
************  NC0  ************
 NI=  1 NI_GLOBAL=  1
   0.8644   0.8644   0.8644   0.8644   0.8644   0.8644   0.0140   0.0140   0.0140   0.0140   0.0140   0.0140   0.0140   0.0140
                  CALC_LC takes  0 hours 12 minutes and   19.23 seconds (CPU).
                          takes  0 hours 12 minutes and   19.11 seconds (WALL).
                GUTZ_FCN1 takes  0 hours 12 minutes and   20.21 seconds (CPU).
                          takes  0 hours 12 minutes and   19.62 seconds (WALL).
************  DIF_X  ************
   -0.000010435333   -0.000003315857
    0.000003398384    0.000000537769
 ITER1=  2 MAXERR=    0.00001044
************   WH%X  ************
    0.87165339    0.90063029
    0.85318900    1.02534405
************  RIN  ************
 NI=  1 NI_GLOBAL=  1
   0.8717   0.8717   0.8717   0.8717   0.8717   0.8717   0.9006   0.9006   0.9006   0.9006   0.9006   0.9006   0.9006   0.9006
************  LA1  ************
 NI=  1 NI_GLOBAL=  1
   0.8532   0.8532   0.8532   0.8532   0.8532   0.8532   1.0253   1.0253   1.0253   1.0253   1.0253   1.0253   1.0253   1.0253
             CALC_BAND_AL takes  0 hours  0 minutes and    0.65 seconds (CPU).
                          takes  0 hours  0 minutes and    0.33 seconds (WALL).
 ILOOP            1
   FERMI ENERGY AT   0.860901454610687     
   SUM RULE OF TETRAHEDRON INTEGRATION CHECKED 
   number of occupied bands:          18
   highest energy:  0.875695848162332     
************  NK-  ************
 NI=  1 NI_GLOBAL=  1
   0.8648   0.8442   0.8841   0.8841   0.8442   0.8648   0.0159   0.0143   0.0127   0.0132   0.0132   0.0127   0.0143   0.0159
************  NNK  ************
 NI=  1 NI_GLOBAL=  1
   0.8648   0.0000   0.0000   0.0000   0.0041   0.0000   0.0000  -0.0024   0.0000   0.0000   0.0000   0.0095   0.0000   0.0000
   0.0000   0.8442   0.0000   0.0000   0.0000   0.0041   0.0000   0.0000   0.0011   0.0000   0.0000   0.0000  -0.0159   0.0000
   0.0000   0.0000   0.8841   0.0000   0.0000   0.0000   0.0000   0.0000   0.0000   0.0084   0.0000   0.0000   0.0000   0.0030
   0.0000   0.0000   0.0000   0.8841   0.0000   0.0000  -0.0030   0.0000   0.0000   0.0000  -0.0084   0.0000   0.0000   0.0000
   0.0041   0.0000   0.0000   0.0000   0.8442   0.0000   0.0000   0.0159   0.0000   0.0000   0.0000  -0.0011   0.0000   0.0000
   0.0000   0.0041   0.0000   0.0000   0.0000   0.8648   0.0000   0.0000  -0.0095   0.0000   0.0000   0.0000   0.0024   0.0000
   0.0000   0.0000   0.0000  -0.0030   0.0000   0.0000   0.0159   0.0000   0.0000   0.0000  -0.0002   0.0000   0.0000   0.0000
  -0.0024   0.0000   0.0000   0.0000   0.0159   0.0000   0.0000   0.0143   0.0000   0.0000   0.0000  -0.0023   0.0000   0.0000
   0.0000   0.0011   0.0000   0.0000   0.0000  -0.0095   0.0000   0.0000   0.0127   0.0000   0.0000   0.0000  -0.0023   0.0000
   0.0000   0.0000   0.0084   0.0000   0.0000   0.0000   0.0000   0.0000   0.0000   0.0132   0.0000   0.0000   0.0000  -0.0002
   0.0000   0.0000   0.0000  -0.0084   0.0000   0.0000  -0.0002   0.0000   0.0000   0.0000   0.0132   0.0000   0.0000   0.0000
   0.0095   0.0000   0.0000   0.0000  -0.0011   0.0000   0.0000  -0.0023   0.0000   0.0000   0.0000   0.0127   0.0000   0.0000
   0.0000  -0.0159   0.0000   0.0000   0.0000   0.0024   0.0000   0.0000  -0.0023   0.0000   0.0000   0.0000   0.0143   0.0000
   0.0000   0.0000   0.0030   0.0000   0.0000   0.0000   0.0000   0.0000   0.0000  -0.0002   0.0000   0.0000   0.0000   0.0159
************  NKS  ************
 NI=  1 NI_GLOBAL=  1
   0.8644   0.8644   0.8644   0.8644   0.8644   0.8644   0.0140   0.0140   0.0140   0.0140   0.0140   0.0140   0.0140   0.0140
 NELE_LOC TOTAL:
           5.2985986008815660
              CALC_DA_BND takes  0 hours  0 minutes and    0.13 seconds (CPU).
                          takes  0 hours  0 minutes and    0.12 seconds (WALL).
************  DA-  ************
 NI=  1 NI_GLOBAL=  1
  -0.0130  -0.0143  -0.0124  -0.0124  -0.0143  -0.0130  -0.0036  -0.0032  -0.0027  -0.0029  -0.0029  -0.0027  -0.0032  -0.0036
************  DAA  ************
 NI=  1 NI_GLOBAL=  1
  -0.0132  -0.0132  -0.0132  -0.0132  -0.0132  -0.0132  -0.0031  -0.0031  -0.0031  -0.0031  -0.0031  -0.0031  -0.0031  -0.0031
 NI=  1 VDC=    1.3526
************  LA2  ************
 NI=  1 NI_GLOBAL=  1
  -2.2774  -2.2774  -2.2774  -2.2774  -2.2774  -2.2774  -2.1806  -2.1806  -2.1806  -2.1806  -2.1806  -2.1806  -2.1806  -2.1806
 NI=  1 PHI-step gap=  0.13E+00
************  RAA  ************
 NI=  1 NI_GLOBAL=  1
   0.8717   0.8717   0.8717   0.8717   0.8717   0.8717   0.9006   0.9006   0.9006   0.9006   0.9006   0.9006   0.9006   0.9006
************  NC0  ************
 NI=  1 NI_GLOBAL=  1
   0.8644   0.8644   0.8644   0.8644   0.8644   0.8644   0.0140   0.0140   0.0140   0.0140   0.0140   0.0140   0.0140   0.0140
                  CALC_LC takes  0 hours 12 minutes and   15.46 seconds (CPU).
                          takes  0 hours 12 minutes and   15.39 seconds (WALL).
                GUTZ_FCN1 takes  0 hours 12 minutes and   16.37 seconds (CPU).
                          takes  0 hours 12 minutes and   15.91 seconds (WALL).
************  DIF_X  ************
   -0.000002670346    0.000001592257
    0.000000758849    0.000000044459
 ITER1=  3 MAXERR=    0.00000267
************   WH%X  ************
    0.87165293    0.90063062
    0.85318861    1.02534375
************  RIN  ************
 NI=  1 NI_GLOBAL=  1
   0.8717   0.8717   0.8717   0.8717   0.8717   0.8717   0.9006   0.9006   0.9006   0.9006   0.9006   0.9006   0.9006   0.9006
************  LA1  ************
 NI=  1 NI_GLOBAL=  1
   0.8532   0.8532   0.8532   0.8532   0.8532   0.8532   1.0253   1.0253   1.0253   1.0253   1.0253   1.0253   1.0253   1.0253
             CALC_BAND_AL takes  0 hours  0 minutes and    0.65 seconds (CPU).
                          takes  0 hours  0 minutes and    0.33 seconds (WALL).
 ILOOP            1
   FERMI ENERGY AT   0.860901454610687     
   SUM RULE OF TETRAHEDRON INTEGRATION CHECKED 
   number of occupied bands:          18
   highest energy:  0.875695721047906     
************  NK-  ************
 NI=  1 NI_GLOBAL=  1
   0.8648   0.8442   0.8841   0.8841   0.8442   0.8648   0.0159   0.0143   0.0127   0.0132   0.0132   0.0127   0.0143   0.0159
************  NNK  ************
 NI=  1 NI_GLOBAL=  1
   0.8648   0.0000   0.0000   0.0000   0.0041   0.0000   0.0000  -0.0024   0.0000   0.0000   0.0000   0.0095   0.0000   0.0000
   0.0000   0.8442   0.0000   0.0000   0.0000   0.0041   0.0000   0.0000   0.0011   0.0000   0.0000   0.0000  -0.0159   0.0000
   0.0000   0.0000   0.8841   0.0000   0.0000   0.0000   0.0000   0.0000   0.0000   0.0084   0.0000   0.0000   0.0000   0.0030
   0.0000   0.0000   0.0000   0.8841   0.0000   0.0000  -0.0030   0.0000   0.0000   0.0000  -0.0084   0.0000   0.0000   0.0000
   0.0041   0.0000   0.0000   0.0000   0.8442   0.0000   0.0000   0.0159   0.0000   0.0000   0.0000  -0.0011   0.0000   0.0000
   0.0000   0.0041   0.0000   0.0000   0.0000   0.8648   0.0000   0.0000  -0.0095   0.0000   0.0000   0.0000   0.0024   0.0000
   0.0000   0.0000   0.0000  -0.0030   0.0000   0.0000   0.0159   0.0000   0.0000   0.0000  -0.0002   0.0000   0.0000   0.0000
  -0.0024   0.0000   0.0000   0.0000   0.0159   0.0000   0.0000   0.0143   0.0000   0.0000   0.0000  -0.0023   0.0000   0.0000
   0.0000   0.0011   0.0000   0.0000   0.0000  -0.0095   0.0000   0.0000   0.0127   0.0000   0.0000   0.0000  -0.0023   0.0000
   0.0000   0.0000   0.0084   0.0000   0.0000   0.0000   0.0000   0.0000   0.0000   0.0132   0.0000   0.0000   0.0000  -0.0002
   0.0000   0.0000   0.0000  -0.0084   0.0000   0.0000  -0.0002   0.0000   0.0000   0.0000   0.0132   0.0000   0.0000   0.0000
   0.0095   0.0000   0.0000   0.0000  -0.0011   0.0000   0.0000  -0.0023   0.0000   0.0000   0.0000   0.0127   0.0000   0.0000
   0.0000  -0.0159   0.0000   0.0000   0.0000   0.0024   0.0000   0.0000  -0.0023   0.0000   0.0000   0.0000   0.0143   0.0000
   0.0000   0.0000   0.0030   0.0000   0.0000   0.0000   0.0000   0.0000   0.0000  -0.0002   0.0000   0.0000   0.0000   0.0159
************  NKS  ************
 NI=  1 NI_GLOBAL=  1
   0.8644   0.8644   0.8644   0.8644   0.8644   0.8644   0.0140   0.0140   0.0140   0.0140   0.0140   0.0140   0.0140   0.0140
 NELE_LOC TOTAL:
           5.2986131136998171
              CALC_DA_BND takes  0 hours  0 minutes and    0.14 seconds (CPU).
                          takes  0 hours  0 minutes and    0.11 seconds (WALL).
************  DA-  ************
 NI=  1 NI_GLOBAL=  1
  -0.0130  -0.0143  -0.0124  -0.0124  -0.0143  -0.0130  -0.0036  -0.0032  -0.0027  -0.0029  -0.0029  -0.0027  -0.0032  -0.0036
************  DAA  ************
 NI=  1 NI_GLOBAL=  1
  -0.0132  -0.0132  -0.0132  -0.0132  -0.0132  -0.0132  -0.0031  -0.0031  -0.0031  -0.0031  -0.0031  -0.0031  -0.0031  -0.0031
 NI=  1 VDC=    1.3526
************  LA2  ************
 NI=  1 NI_GLOBAL=  1
  -2.2774  -2.2774  -2.2774  -2.2774  -2.2774  -2.2774  -2.1806  -2.1806  -2.1806  -2.1806  -2.1806  -2.1806  -2.1806  -2.1806
 NI=  1 PHI-step gap=  0.13E+00
************  RAA  ************
 NI=  1 NI_GLOBAL=  1
   0.8717   0.8717   0.8717   0.8717   0.8717   0.8717   0.9006   0.9006   0.9006   0.9006   0.9006   0.9006   0.9006   0.9006
************  NC0  ************
 NI=  1 NI_GLOBAL=  1
   0.8644   0.8644   0.8644   0.8644   0.8644   0.8644   0.0140   0.0140   0.0140   0.0140   0.0140   0.0140   0.0140   0.0140
                  CALC_LC takes  0 hours 12 minutes and   19.76 seconds (CPU).
                          takes  0 hours 12 minutes and   19.70 seconds (WALL).
                GUTZ_FCN1 takes  0 hours 12 minutes and   20.69 seconds (CPU).
                          takes  0 hours 12 minutes and   20.22 seconds (WALL).
************  DIF_X  ************
    0.000003885038   -0.000003011137
   -0.000001051583   -0.000000104691
 ITER1=  4 MAXERR=    0.00000389
************   WH%X  ************
    0.87165329    0.90063070
    0.85318884    1.02534413
************  RIN  ************
 NI=  1 NI_GLOBAL=  1
   0.8717   0.8717   0.8717   0.8717   0.8717   0.8717   0.9006   0.9006   0.9006   0.9006   0.9006   0.9006   0.9006   0.9006
************  LA1  ************
 NI=  1 NI_GLOBAL=  1
   0.8532   0.8532   0.8532   0.8532   0.8532   0.8532   1.0253   1.0253   1.0253   1.0253   1.0253   1.0253   1.0253   1.0253
             CALC_BAND_AL takes  0 hours  0 minutes and    0.65 seconds (CPU).
                          takes  0 hours  0 minutes and    0.31 seconds (WALL).
 ILOOP            1
   FERMI ENERGY AT   0.860901454610687     
   SUM RULE OF TETRAHEDRON INTEGRATION CHECKED 
   number of occupied bands:          18
   highest energy:  0.875695798431627     
************  NK-  ************
 NI=  1 NI_GLOBAL=  1
   0.8648   0.8442   0.8841   0.8841   0.8442   0.8648   0.0159   0.0143   0.0127   0.0132   0.0132   0.0127   0.0143   0.0159
************  NNK  ************
 NI=  1 NI_GLOBAL=  1
   0.8648   0.0000   0.0000   0.0000   0.0041   0.0000   0.0000  -0.0024   0.0000   0.0000   0.0000   0.0095   0.0000   0.0000
   0.0000   0.8442   0.0000   0.0000   0.0000   0.0041   0.0000   0.0000   0.0011   0.0000   0.0000   0.0000  -0.0159   0.0000
   0.0000   0.0000   0.8841   0.0000   0.0000   0.0000   0.0000   0.0000   0.0000   0.0084   0.0000   0.0000   0.0000   0.0030
   0.0000   0.0000   0.0000   0.8841   0.0000   0.0000  -0.0030   0.0000   0.0000   0.0000  -0.0084   0.0000   0.0000   0.0000
   0.0041   0.0000   0.0000   0.0000   0.8442   0.0000   0.0000   0.0159   0.0000   0.0000   0.0000  -0.0011   0.0000   0.0000
   0.0000   0.0041   0.0000   0.0000   0.0000   0.8648   0.0000   0.0000  -0.0095   0.0000   0.0000   0.0000   0.0024   0.0000
   0.0000   0.0000   0.0000  -0.0030   0.0000   0.0000   0.0159   0.0000   0.0000   0.0000  -0.0002   0.0000   0.0000   0.0000
  -0.0024   0.0000   0.0000   0.0000   0.0159   0.0000   0.0000   0.0143   0.0000   0.0000   0.0000  -0.0023   0.0000   0.0000
   0.0000   0.0011   0.0000   0.0000   0.0000  -0.0095   0.0000   0.0000   0.0127   0.0000   0.0000   0.0000  -0.0023   0.0000
   0.0000   0.0000   0.0084   0.0000   0.0000   0.0000   0.0000   0.0000   0.0000   0.0132   0.0000   0.0000   0.0000  -0.0002
   0.0000   0.0000   0.0000  -0.0084   0.0000   0.0000  -0.0002   0.0000   0.0000   0.0000   0.0132   0.0000   0.0000   0.0000
   0.0095   0.0000   0.0000   0.0000  -0.0011   0.0000   0.0000  -0.0023   0.0000   0.0000   0.0000   0.0127   0.0000   0.0000
   0.0000  -0.0159   0.0000   0.0000   0.0000   0.0024   0.0000   0.0000  -0.0023   0.0000   0.0000   0.0000   0.0143   0.0000
   0.0000   0.0000   0.0030   0.0000   0.0000   0.0000   0.0000   0.0000   0.0000  -0.0002   0.0000   0.0000   0.0000   0.0159
************  NKS  ************
 NI=  1 NI_GLOBAL=  1
   0.8644   0.8644   0.8644   0.8644   0.8644   0.8644   0.0140   0.0140   0.0140   0.0140   0.0140   0.0140   0.0140   0.0140
 NELE_LOC TOTAL:
           5.2986046290356494
              CALC_DA_BND takes  0 hours  0 minutes and    0.12 seconds (CPU).
                          takes  0 hours  0 minutes and    0.12 seconds (WALL).
************  DA-  ************
 NI=  1 NI_GLOBAL=  1
  -0.0130  -0.0143  -0.0124  -0.0124  -0.0143  -0.0130  -0.0036  -0.0032  -0.0027  -0.0029  -0.0029  -0.0027  -0.0032  -0.0036
************  DAA  ************
 NI=  1 NI_GLOBAL=  1
  -0.0132  -0.0132  -0.0132  -0.0132  -0.0132  -0.0132  -0.0031  -0.0031  -0.0031  -0.0031  -0.0031  -0.0031  -0.0031  -0.0031
 NI=  1 VDC=    1.3526
************  LA2  ************
 NI=  1 NI_GLOBAL=  1
  -2.2774  -2.2774  -2.2774  -2.2774  -2.2774  -2.2774  -2.1806  -2.1806  -2.1806  -2.1806  -2.1806  -2.1806  -2.1806  -2.1806
 NI=  1 PHI-step gap=  0.13E+00
************  RAA  ************
 NI=  1 NI_GLOBAL=  1
   0.8717   0.8717   0.8717   0.8717   0.8717   0.8717   0.9006   0.9006   0.9006   0.9006   0.9006   0.9006   0.9006   0.9006
************  NC0  ************
 NI=  1 NI_GLOBAL=  1
   0.8644   0.8644   0.8644   0.8644   0.8644   0.8644   0.0140   0.0140   0.0140   0.0140   0.0140   0.0140   0.0140   0.0140
                  CALC_LC takes  0 hours 10 minutes and   28.64 seconds (CPU).
                          takes  0 hours 10 minutes and   28.62 seconds (WALL).
                GUTZ_FCN1 takes  0 hours 10 minutes and   29.55 seconds (CPU).
                          takes  0 hours 10 minutes and   29.12 seconds (WALL).
************  DIF_X  ************
    0.000000026376   -0.000000028218
   -0.000000006978   -0.000000000178
 ITER1=  5 MAXERR=    0.00000003
************   WH%X  ************
    0.87165328    0.90063067
    0.85318883    1.02534412
************  RIN  ************
 NI=  1 NI_GLOBAL=  1
   0.8717   0.8717   0.8717   0.8717   0.8717   0.8717   0.9006   0.9006   0.9006   0.9006   0.9006   0.9006   0.9006   0.9006
************  LA1  ************
 NI=  1 NI_GLOBAL=  1
   0.8532   0.8532   0.8532   0.8532   0.8532   0.8532   1.0253   1.0253   1.0253   1.0253   1.0253   1.0253   1.0253   1.0253
             CALC_BAND_AL takes  0 hours  0 minutes and    0.63 seconds (CPU).
                          takes  0 hours  0 minutes and    0.33 seconds (WALL).
 ILOOP            1
   FERMI ENERGY AT   0.860901454610687     
   SUM RULE OF TETRAHEDRON INTEGRATION CHECKED 
   number of occupied bands:          18
   highest energy:  0.875695798080876     
************  NK-  ************
 NI=  1 NI_GLOBAL=  1
   0.8648   0.8442   0.8841   0.8841   0.8442   0.8648   0.0159   0.0143   0.0127   0.0132   0.0132   0.0127   0.0143   0.0159
************  NNK  ************
 NI=  1 NI_GLOBAL=  1
   0.8648   0.0000   0.0000   0.0000   0.0041   0.0000   0.0000  -0.0024   0.0000   0.0000   0.0000   0.0095   0.0000   0.0000
   0.0000   0.8442   0.0000   0.0000   0.0000   0.0041   0.0000   0.0000   0.0011   0.0000   0.0000   0.0000  -0.0159   0.0000
   0.0000   0.0000   0.8841   0.0000   0.0000   0.0000   0.0000   0.0000   0.0000   0.0084   0.0000   0.0000   0.0000   0.0030
   0.0000   0.0000   0.0000   0.8841   0.0000   0.0000  -0.0030   0.0000   0.0000   0.0000  -0.0084   0.0000   0.0000   0.0000
   0.0041   0.0000   0.0000   0.0000   0.8442   0.0000   0.0000   0.0159   0.0000   0.0000   0.0000  -0.0011   0.0000   0.0000
   0.0000   0.0041   0.0000   0.0000   0.0000   0.8648   0.0000   0.0000  -0.0095   0.0000   0.0000   0.0000   0.0024   0.0000
   0.0000   0.0000   0.0000  -0.0030   0.0000   0.0000   0.0159   0.0000   0.0000   0.0000  -0.0002   0.0000   0.0000   0.0000
  -0.0024   0.0000   0.0000   0.0000   0.0159   0.0000   0.0000   0.0143   0.0000   0.0000   0.0000  -0.0023   0.0000   0.0000
   0.0000   0.0011   0.0000   0.0000   0.0000  -0.0095   0.0000   0.0000   0.0127   0.0000   0.0000   0.0000  -0.0023   0.0000
   0.0000   0.0000   0.0084   0.0000   0.0000   0.0000   0.0000   0.0000   0.0000   0.0132   0.0000   0.0000   0.0000  -0.0002
   0.0000   0.0000   0.0000  -0.0084   0.0000   0.0000  -0.0002   0.0000   0.0000   0.0000   0.0132   0.0000   0.0000   0.0000
   0.0095   0.0000   0.0000   0.0000  -0.0011   0.0000   0.0000  -0.0023   0.0000   0.0000   0.0000   0.0127   0.0000   0.0000
   0.0000  -0.0159   0.0000   0.0000   0.0000   0.0024   0.0000   0.0000  -0.0023   0.0000   0.0000   0.0000   0.0143   0.0000
   0.0000   0.0000   0.0030   0.0000   0.0000   0.0000   0.0000   0.0000   0.0000  -0.0002   0.0000   0.0000   0.0000   0.0159
************  NKS  ************
 NI=  1 NI_GLOBAL=  1
   0.8644   0.8644   0.8644   0.8644   0.8644   0.8644   0.0140   0.0140   0.0140   0.0140   0.0140   0.0140   0.0140   0.0140
 NELE_LOC TOTAL:
           5.2986046670206806
              CALC_DA_BND takes  0 hours  0 minutes and    0.11 seconds (CPU).
                          takes  0 hours  0 minutes and    0.09 seconds (WALL).
************  DA-  ************
 NI=  1 NI_GLOBAL=  1
  -0.0130  -0.0143  -0.0124  -0.0124  -0.0143  -0.0130  -0.0036  -0.0032  -0.0027  -0.0029  -0.0029  -0.0027  -0.0032  -0.0036
************  DAA  ************
 NI=  1 NI_GLOBAL=  1
  -0.0132  -0.0132  -0.0132  -0.0132  -0.0132  -0.0132  -0.0031  -0.0031  -0.0031  -0.0031  -0.0031  -0.0031  -0.0031  -0.0031
 NI=  1 VDC=    1.3526
************  LA2  ************
 NI=  1 NI_GLOBAL=  1
  -2.2774  -2.2774  -2.2774  -2.2774  -2.2774  -2.2774  -2.1806  -2.1806  -2.1806  -2.1806  -2.1806  -2.1806  -2.1806  -2.1806
 NI=  1 PHI-step gap=  0.13E+00
************  RAA  ************
 NI=  1 NI_GLOBAL=  1
   0.8717   0.8717   0.8717   0.8717   0.8717   0.8717   0.9006   0.9006   0.9006   0.9006   0.9006   0.9006   0.9006   0.9006
************  NC0  ************
 NI=  1 NI_GLOBAL=  1
   0.8644   0.8644   0.8644   0.8644   0.8644   0.8644   0.0140   0.0140   0.0140   0.0140   0.0140   0.0140   0.0140   0.0140
                  CALC_LC takes  0 hours  8 minutes and    1.67 seconds (CPU).
                          takes  0 hours  8 minutes and    1.69 seconds (WALL).
                GUTZ_FCN1 takes  0 hours  8 minutes and    2.47 seconds (CPU).
                          takes  0 hours  8 minutes and    2.17 seconds (WALL).
************  DIF_X  ************
    0.000000041361   -0.000000032190
   -0.000000011218   -0.000000001090
 ITER1=  6 MAXERR=    0.00000004
************   WH%X  ************
    0.87165329    0.90063067
    0.85318884    1.02534412
************  RIN  ************
 NI=  1 NI_GLOBAL=  1
   0.8717   0.8717   0.8717   0.8717   0.8717   0.8717   0.9006   0.9006   0.9006   0.9006   0.9006   0.9006   0.9006   0.9006
************  LA1  ************
 NI=  1 NI_GLOBAL=  1
   0.8532   0.8532   0.8532   0.8532   0.8532   0.8532   1.0253   1.0253   1.0253   1.0253   1.0253   1.0253   1.0253   1.0253
             CALC_BAND_AL takes  0 hours  0 minutes and    0.63 seconds (CPU).
                          takes  0 hours  0 minutes and    0.30 seconds (WALL).
 ILOOP            1
   FERMI ENERGY AT   0.860901454610687     
   SUM RULE OF TETRAHEDRON INTEGRATION CHECKED 
   number of occupied bands:          18
   highest energy:  0.875695798836564     
************  NK-  ************
 NI=  1 NI_GLOBAL=  1
   0.8648   0.8442   0.8841   0.8841   0.8442   0.8648   0.0159   0.0143   0.0127   0.0132   0.0132   0.0127   0.0143   0.0159
************  NNK  ************
 NI=  1 NI_GLOBAL=  1
   0.8648   0.0000   0.0000   0.0000   0.0041   0.0000   0.0000  -0.0024   0.0000   0.0000   0.0000   0.0095   0.0000   0.0000
   0.0000   0.8442   0.0000   0.0000   0.0000   0.0041   0.0000   0.0000   0.0011   0.0000   0.0000   0.0000  -0.0159   0.0000
   0.0000   0.0000   0.8841   0.0000   0.0000   0.0000   0.0000   0.0000   0.0000   0.0084   0.0000   0.0000   0.0000   0.0030
   0.0000   0.0000   0.0000   0.8841   0.0000   0.0000  -0.0030   0.0000   0.0000   0.0000  -0.0084   0.0000   0.0000   0.0000
   0.0041   0.0000   0.0000   0.0000   0.8442   0.0000   0.0000   0.0159   0.0000   0.0000   0.0000  -0.0011   0.0000   0.0000
   0.0000   0.0041   0.0000   0.0000   0.0000   0.8648   0.0000   0.0000  -0.0095   0.0000   0.0000   0.0000   0.0024   0.0000
   0.0000   0.0000   0.0000  -0.0030   0.0000   0.0000   0.0159   0.0000   0.0000   0.0000  -0.0002   0.0000   0.0000   0.0000
  -0.0024   0.0000   0.0000   0.0000   0.0159   0.0000   0.0000   0.0143   0.0000   0.0000   0.0000  -0.0023   0.0000   0.0000
   0.0000   0.0011   0.0000   0.0000   0.0000  -0.0095   0.0000   0.0000   0.0127   0.0000   0.0000   0.0000  -0.0023   0.0000
   0.0000   0.0000   0.0084   0.0000   0.0000   0.0000   0.0000   0.0000   0.0000   0.0132   0.0000   0.0000   0.0000  -0.0002
   0.0000   0.0000   0.0000  -0.0084   0.0000   0.0000  -0.0002   0.0000   0.0000   0.0000   0.0132   0.0000   0.0000   0.0000
   0.0095   0.0000   0.0000   0.0000  -0.0011   0.0000   0.0000  -0.0023   0.0000   0.0000   0.0000   0.0127   0.0000   0.0000
   0.0000  -0.0159   0.0000   0.0000   0.0000   0.0024   0.0000   0.0000  -0.0023   0.0000   0.0000   0.0000   0.0143   0.0000
   0.0000   0.0000   0.0030   0.0000   0.0000   0.0000   0.0000   0.0000   0.0000  -0.0002   0.0000   0.0000   0.0000   0.0159
************  NKS  ************
 NI=  1 NI_GLOBAL=  1
   0.8644   0.8644   0.8644   0.8644   0.8644   0.8644   0.0140   0.0140   0.0140   0.0140   0.0140   0.0140   0.0140   0.0140
 NELE_LOC TOTAL:
           5.2986045838958127
              CALC_DA_BND takes  0 hours  0 minutes and    0.11 seconds (CPU).
                          takes  0 hours  0 minutes and    0.12 seconds (WALL).
************  DA-  ************
 NI=  1 NI_GLOBAL=  1
  -0.0130  -0.0143  -0.0124  -0.0124  -0.0143  -0.0130  -0.0036  -0.0032  -0.0027  -0.0029  -0.0029  -0.0027  -0.0032  -0.0036
************  DAA  ************
 NI=  1 NI_GLOBAL=  1
  -0.0132  -0.0132  -0.0132  -0.0132  -0.0132  -0.0132  -0.0031  -0.0031  -0.0031  -0.0031  -0.0031  -0.0031  -0.0031  -0.0031
 NI=  1 VDC=    1.3526
************  LA2  ************
 NI=  1 NI_GLOBAL=  1
  -2.2774  -2.2774  -2.2774  -2.2774  -2.2774  -2.2774  -2.1806  -2.1806  -2.1806  -2.1806  -2.1806  -2.1806  -2.1806  -2.1806
 NI=  1 PHI-step gap=  0.13E+00
************  RAA  ************
 NI=  1 NI_GLOBAL=  1
   0.8717   0.8717   0.8717   0.8717   0.8717   0.8717   0.9006   0.9006   0.9006   0.9006   0.9006   0.9006   0.9006   0.9006
************  NC0  ************
 NI=  1 NI_GLOBAL=  1
   0.8644   0.8644   0.8644   0.8644   0.8644   0.8644   0.0140   0.0140   0.0140   0.0140   0.0140   0.0140   0.0140   0.0140
                  CALC_LC takes  0 hours  8 minutes and    5.21 seconds (CPU).
                          takes  0 hours  8 minutes and    5.19 seconds (WALL).
                GUTZ_FCN1 takes  0 hours  8 minutes and    6.05 seconds (CPU).
                          takes  0 hours  8 minutes and    5.67 seconds (WALL).
************  DIF_X  ************
    0.000000003569   -0.000000002859
   -0.000000000966   -0.000000000089
 ITER1=  7 MAXERR=    0.00000000
 NFJAC=   0
 SOLVE1 FINISHED WITH       7 ITERATIONS.
               GUTZ_SOLVE takes  1 hours 11 minutes and   10.01 seconds (CPU).
                          takes  1 hours 11 minutes and    6.84 seconds (WALL).
 MAX. NELF1 DIFF=    0.00451460
               CALC_PJRHO takes  0 hours  0 minutes and    0.48 seconds (CPU).
                          takes  0 hours  0 minutes and    0.38 seconds (WALL).
 NI=  1 SUM_PHY-SUM_KS=     -0.00000001 WOULD BE RENORMALIZED
************  NC1  ************
 NI=  1 NI_GLOBAL=  1
   0.8434   0.8434   0.8434   0.8434   0.8434   0.8434   0.0297   0.0297   0.0297   0.0297   0.0297   0.0297   0.0297   0.0297
               CALC_NCPHY takes  0 hours  0 minutes and   49.68 seconds (CPU).
                          takes  0 hours  0 minutes and   49.56 seconds (WALL).
 GYZ%PJ%EGAMM:
     7.97361
 ENG%GAMM:     7.97361
 ENG%POT2:     3.16669
 EDCLA1(NI) ARRAY:
    -4.540
 EDCUJ(NI) ARRAY:
    -3.232
 EDCUJV(NI) ARRAY:
    -7.167
 EDC(NI) ARRAY:
    -7.773
 ENG%DBLC:    -7.77251
 ENG%DC1 :    -4.54003
 ENG%DC2 :    -3.23248
 ENG%DC2V:    -7.16703
 DC_E_STD_TO_E_V:    -3.93455
 ENG%BAND:    -1.72826
 ENG%DL(DEEP LEVEL):    -8.23272
 ENG%TB=    -1.52716
 ENG%TB-DC2=     1.70532
 NI=  1 OCC_CONFIG_WEIGHT:
        OCC= 0 WEIGHT=   0.00000
        OCC= 1 WEIGHT=   0.00000
        OCC= 2 WEIGHT=   0.00001
        OCC= 3 WEIGHT=   0.00162
        OCC= 4 WEIGHT=   0.06987
        OCC= 5 WEIGHT=   0.56763
        OCC= 6 WEIGHT=   0.35010
        OCC= 7 WEIGHT=   0.01069
        OCC= 8 WEIGHT=   0.00009
        OCC= 9 WEIGHT=   0.00000
                 CALC_RCW takes  0 hours  0 minutes and    0.00 seconds (CPU).
                          takes  0 hours  0 minutes and    0.00 seconds (WALL).
 NI=  1 J2=    8.4399
                 CALC_SLJ takes  0 hours  0 minutes and    0.00 seconds (CPU).
                          takes  0 hours  0 minutes and    0.00 seconds (WALL).
 NI=  1 ENTANGLEMENT ENTROPY=      2.8301
           CALC_ENTANGLES takes  0 hours  0 minutes and    1.09 seconds (CPU).
                          takes  0 hours  0 minutes and    0.94 seconds (WALL).
 CORRELATED SUBSPACE, SUM_FERWT=      7.9999980 SUM_KSWT=      7.9999980
 MAX OFF DIAGONAL KS.WT=    0.001796
 MAX/MIN R=    0.900631    0.871653
                CALC_KSWT takes  0 hours  0 minutes and    0.02 seconds (CPU).
                          takes  0 hours  0 minutes and    0.00 seconds (WALL).
                    TOTAL takes  1 hours 13 minutes and    6.11 seconds (CPU).
                          takes  1 hours 13 minutes and    1.67 seconds (WALL).
