******Program DMFT: Computes Gloc and Delta for Dynamical Mean Field Theory calculation ******
 CALCULATION WITH COMPLEX VECTORS
 CALCULATION WITH SOC VECTORS REQUIRED
 Running DMFT in mpi mode
  
 numkpt=         286
   0.00000   0.00000   0.00000   1.00000
   0.04762   0.04762   0.00000  12.00000
   0.09524   0.09524   0.00000  12.00000
   0.14286   0.14286   0.00000  12.00000
   0.19048   0.19048   0.00000  12.00000
   0.23810   0.23810   0.00000  12.00000
   0.28571   0.28571   0.00000  12.00000
   0.33333   0.33333   0.00000  12.00000
   0.38095   0.38095   0.00000  12.00000
   0.42857   0.42857   0.00000  12.00000
   0.47619   0.47619   0.00000  12.00000
   0.09524   0.04762   0.04762  24.00000
   0.14286   0.09524   0.04762  48.00000
   0.19048   0.14286   0.04762  48.00000
   0.23810   0.19048   0.04762  48.00000
   0.28571   0.23810   0.04762  48.00000
   0.33333   0.28571   0.04762  48.00000
   0.38095   0.33333   0.04762  48.00000
   0.42857   0.38095   0.04762  48.00000
   0.47619   0.42857   0.04762  48.00000
   0.52381   0.47619   0.04762  24.00000
   0.19048   0.09524   0.09524  24.00000
   0.23810   0.14286   0.09524  48.00000
   0.28571   0.19048   0.09524  48.00000
   0.33333   0.23810   0.09524  48.00000
   0.38095   0.28571   0.09524  48.00000
   0.42857   0.33333   0.09524  48.00000
   0.47619   0.38095   0.09524  48.00000
   0.52381   0.42857   0.09524  48.00000
   0.28571   0.14286   0.14286  24.00000
   0.33333   0.19048   0.14286  48.00000
   0.38095   0.23810   0.14286  48.00000
   0.42857   0.28571   0.14286  48.00000
   0.47619   0.33333   0.14286  48.00000
   0.52381   0.38095   0.14286  48.00000
   0.57143   0.42857   0.14286  24.00000
   0.38095   0.19048   0.19048  24.00000
   0.42857   0.23810   0.19048  48.00000
   0.47619   0.28571   0.19048  48.00000
   0.52381   0.33333   0.19048  48.00000
   0.57143   0.38095   0.19048  48.00000
   0.47619   0.23810   0.23810  24.00000
   0.52381   0.28571   0.23810  48.00000
   0.57143   0.33333   0.23810  48.00000
   0.61905   0.38095   0.23810  24.00000
   0.57143   0.28571   0.28571  24.00000
   0.61905   0.33333   0.28571  48.00000
   0.66667   0.33333   0.33333   8.00000
   0.09524   0.09524   0.09524   8.00000
   0.14286   0.14286   0.09524  24.00000
   0.19048   0.19048   0.09524  24.00000
   0.23810   0.23810   0.09524  24.00000
   0.28571   0.28571   0.09524  24.00000
   0.33333   0.33333   0.09524  24.00000
   0.38095   0.38095   0.09524  24.00000
   0.42857   0.42857   0.09524  24.00000
   0.47619   0.47619   0.09524  24.00000
   1.00000   1.00000   0.09524   6.00000
   0.19048   0.14286   0.14286  24.00000
   0.23810   0.19048   0.14286  48.00000
   0.28571   0.23810   0.14286  48.00000
   0.33333   0.28571   0.14286  48.00000
   0.38095   0.33333   0.14286  48.00000
   0.42857   0.38095   0.14286  48.00000
   0.47619   0.42857   0.14286  48.00000
   0.52381   0.47619   0.14286  24.00000
   1.00000   0.95238   0.14286  24.00000
   0.28571   0.19048   0.19048  24.00000
   0.33333   0.23810   0.19048  48.00000
   0.38095   0.28571   0.19048  48.00000
   0.42857   0.33333   0.19048  48.00000
   0.47619   0.38095   0.19048  48.00000
   0.52381   0.42857   0.19048  48.00000
   1.00000   0.90476   0.19048  24.00000
   1.04762   0.95238   0.19048  24.00000
   0.38095   0.23810   0.23810  24.00000
   0.42857   0.28571   0.23810  48.00000
   0.47619   0.33333   0.23810  48.00000
   0.52381   0.38095   0.23810  48.00000
   0.57143   0.42857   0.23810  24.00000
   1.00000   0.85714   0.23810  24.00000
   1.04762   0.90476   0.23810  48.00000
   0.47619   0.28571   0.28571  24.00000
   0.52381   0.33333   0.28571  48.00000
   0.57143   0.38095   0.28571  48.00000
   1.00000   0.80952   0.28571  24.00000
   1.04762   0.85714   0.28571  48.00000
   1.09524   0.90476   0.28571  24.00000
   0.57143   0.33333   0.33333  24.00000
   0.61905   0.38095   0.33333  24.00000
   1.00000   0.76190   0.33333  24.00000
   1.04762   0.80952   0.33333  48.00000
   1.09524   0.85714   0.33333  48.00000
   1.00000   0.71429   0.38095  24.00000
   1.04762   0.76190   0.38095  48.00000
   1.09524   0.80952   0.38095  48.00000
   1.14286   0.85714   0.38095  24.00000
   1.00000   0.66667   0.42857  24.00000
   1.04762   0.71429   0.42857  48.00000
   1.09524   0.76190   0.42857  48.00000
   1.14286   0.80952   0.42857  48.00000
   1.00000   0.61905   0.47619  24.00000
   1.04762   0.66667   0.47619  48.00000
   1.09524   0.71429   0.47619  48.00000
   1.14286   0.76190   0.47619  48.00000
   1.19048   0.80952   0.47619  24.00000
   1.00000   0.57143   0.52381  24.00000
   1.04762   0.61905   0.52381  48.00000
   1.09524   0.66667   0.52381  48.00000
   1.14286   0.71429   0.52381  48.00000
   1.19048   0.76190   0.52381  48.00000
   1.04762   0.57143   0.57143  24.00000
   1.09524   0.61905   0.57143  48.00000
   1.14286   0.66667   0.57143  48.00000
   1.19048   0.71429   0.57143  48.00000
   1.23810   0.76190   0.57143  24.00000
   1.14286   0.61905   0.61905  24.00000
   1.19048   0.66667   0.61905  48.00000
   1.23810   0.71429   0.61905  48.00000
   1.23810   0.66667   0.66667  24.00000
   1.28571   0.71429   0.66667  24.00000
   0.19048   0.19048   0.19048   8.00000
   0.23810   0.23810   0.19048  24.00000
   0.28571   0.28571   0.19048  24.00000
   0.33333   0.33333   0.19048  24.00000
   0.38095   0.38095   0.19048  24.00000
   0.42857   0.42857   0.19048  24.00000
   0.47619   0.47619   0.19048  24.00000
   1.00000   1.00000   0.19048   6.00000
   0.28571   0.23810   0.23810  24.00000
   0.33333   0.28571   0.23810  48.00000
   0.38095   0.33333   0.23810  48.00000
   0.42857   0.38095   0.23810  48.00000
   0.47619   0.42857   0.23810  48.00000
   0.52381   0.47619   0.23810  24.00000
   1.00000   0.95238   0.23810  24.00000
   0.38095   0.28571   0.28571  24.00000
   0.42857   0.33333   0.28571  48.00000
   0.47619   0.38095   0.28571  48.00000
   0.52381   0.42857   0.28571  48.00000
   1.00000   0.90476   0.28571  24.00000
   1.04762   0.95238   0.28571  24.00000
   0.47619   0.33333   0.33333  24.00000
   0.52381   0.38095   0.33333  48.00000
   0.57143   0.42857   0.33333  24.00000
   1.00000   0.85714   0.33333  24.00000
   1.04762   0.90476   0.33333  48.00000
   0.57143   0.38095   0.38095  24.00000
   1.00000   0.80952   0.38095  24.00000
   1.04762   0.85714   0.38095  48.00000
   1.09524   0.90476   0.38095  24.00000
   1.00000   0.76190   0.42857  24.00000
   1.04762   0.80952   0.42857  48.00000
   1.09524   0.85714   0.42857  48.00000
   1.00000   0.71429   0.47619  24.00000
   1.04762   0.76190   0.47619  48.00000
   1.09524   0.80952   0.47619  48.00000
   1.14286   0.85714   0.47619  24.00000
   1.00000   0.66667   0.52381  24.00000
   1.04762   0.71429   0.52381  48.00000
   1.09524   0.76190   0.52381  48.00000
   1.14286   0.80952   0.52381  48.00000
   1.00000   0.61905   0.57143  24.00000
   1.04762   0.66667   0.57143  48.00000
   1.09524   0.71429   0.57143  48.00000
   1.14286   0.76190   0.57143  48.00000
   1.19048   0.80952   0.57143  24.00000
   1.04762   0.61905   0.61905  24.00000
   1.09524   0.66667   0.61905  48.00000
   1.14286   0.71429   0.61905  48.00000
   1.19048   0.76190   0.61905  48.00000
   1.14286   0.66667   0.66667  24.00000
   1.19048   0.71429   0.66667  48.00000
   1.23810   0.76190   0.66667  24.00000
   1.23810   0.71429   0.71429  24.00000
   0.28571   0.28571   0.28571   8.00000
   0.33333   0.33333   0.28571  24.00000
   0.38095   0.38095   0.28571  24.00000
   0.42857   0.42857   0.28571  24.00000
   0.47619   0.47619   0.28571  24.00000
   1.00000   1.00000   0.28571   6.00000
   0.38095   0.33333   0.33333  24.00000
   0.42857   0.38095   0.33333  48.00000
   0.47619   0.42857   0.33333  48.00000
   0.52381   0.47619   0.33333  24.00000
   1.00000   0.95238   0.33333  24.00000
   0.47619   0.38095   0.38095  24.00000
   0.52381   0.42857   0.38095  48.00000
   1.00000   0.90476   0.38095  24.00000
   1.04762   0.95238   0.38095  24.00000
   0.57143   0.42857   0.42857   8.00000
   1.00000   0.85714   0.42857  24.00000
   1.04762   0.90476   0.42857  48.00000
   1.00000   0.80952   0.47619  24.00000
   1.04762   0.85714   0.47619  48.00000
   1.09524   0.90476   0.47619  24.00000
   1.00000   0.76190   0.52381  24.00000
   1.04762   0.80952   0.52381  48.00000
   1.09524   0.85714   0.52381  48.00000
   1.00000   0.71429   0.57143  24.00000
   1.04762   0.76190   0.57143  48.00000
   1.09524   0.80952   0.57143  48.00000
   1.14286   0.85714   0.57143  24.00000
   1.00000   0.66667   0.61905  24.00000
   1.04762   0.71429   0.61905  48.00000
   1.09524   0.76190   0.61905  48.00000
   1.14286   0.80952   0.61905  48.00000
   1.04762   0.66667   0.66667  24.00000
   1.09524   0.71429   0.66667  48.00000
   1.14286   0.76190   0.66667  48.00000
   1.19048   0.80952   0.66667  24.00000
   1.14286   0.71429   0.71429  24.00000
   1.19048   0.76190   0.71429  48.00000
   1.23810   0.76190   0.76190   8.00000
   0.38095   0.38095   0.38095   8.00000
   0.42857   0.42857   0.38095  24.00000
   0.47619   0.47619   0.38095  24.00000
   1.00000   1.00000   0.38095   6.00000
   0.47619   0.42857   0.42857  24.00000
   0.52381   0.47619   0.42857  24.00000
   1.00000   0.95238   0.42857  24.00000
   1.00000   0.90476   0.47619  24.00000
   1.04762   0.95238   0.47619  24.00000
   1.00000   0.85714   0.52381  24.00000
   1.04762   0.90476   0.52381  48.00000
   1.00000   0.80952   0.57143  24.00000
   1.04762   0.85714   0.57143  48.00000
   1.09524   0.90476   0.57143  24.00000
   1.00000   0.76190   0.61905  24.00000
   1.04762   0.80952   0.61905  48.00000
   1.09524   0.85714   0.61905  48.00000
   1.00000   0.71429   0.66667  24.00000
   1.04762   0.76190   0.66667  48.00000
   1.09524   0.80952   0.66667  48.00000
   1.14286   0.85714   0.66667  24.00000
   1.04762   0.71429   0.71429  24.00000
   1.09524   0.76190   0.71429  48.00000
   1.14286   0.80952   0.71429  48.00000
   1.14286   0.76190   0.76190  24.00000
   1.19048   0.80952   0.76190  24.00000
   0.47619   0.47619   0.47619   8.00000
   1.00000   1.00000   0.47619   6.00000
   1.00000   0.95238   0.52381  24.00000
   1.00000   0.90476   0.57143  24.00000
   1.04762   0.95238   0.57143  24.00000
   1.00000   0.85714   0.61905  24.00000
   1.04762   0.90476   0.61905  48.00000
   1.00000   0.80952   0.66667  24.00000
   1.04762   0.85714   0.66667  48.00000
   1.09524   0.90476   0.66667  24.00000
   1.00000   0.76190   0.71429  24.00000
   1.04762   0.80952   0.71429  48.00000
   1.09524   0.85714   0.71429  48.00000
   1.04762   0.76190   0.76190  24.00000
   1.09524   0.80952   0.76190  48.00000
   1.14286   0.85714   0.76190  24.00000
   1.14286   0.80952   0.80952  24.00000
   1.00000   1.00000   0.57143   6.00000
   1.00000   0.95238   0.61905  24.00000
   1.00000   0.90476   0.66667  24.00000
   1.04762   0.95238   0.66667  24.00000
   1.00000   0.85714   0.71429  24.00000
   1.04762   0.90476   0.71429  48.00000
   1.00000   0.80952   0.76190  24.00000
   1.04762   0.85714   0.76190  48.00000
   1.09524   0.90476   0.76190  24.00000
   1.04762   0.80952   0.80952  24.00000
   1.09524   0.85714   0.80952  48.00000
   1.14286   0.85714   0.85714   8.00000
   1.00000   1.00000   0.66667   6.00000
   1.00000   0.95238   0.71429  24.00000
   1.00000   0.90476   0.76190  24.00000
   1.04762   0.95238   0.76190  24.00000
   1.00000   0.85714   0.80952  24.00000
   1.04762   0.90476   0.80952  48.00000
   1.04762   0.85714   0.85714  24.00000
   1.09524   0.90476   0.85714  24.00000
   1.00000   1.00000   0.76190   6.00000
   1.00000   0.95238   0.80952  24.00000
   1.00000   0.90476   0.85714  24.00000
   1.04762   0.95238   0.85714  24.00000
   1.04762   0.90476   0.90476  24.00000
   1.00000   1.00000   0.85714   6.00000
   1.00000   0.95238   0.90476  24.00000
   1.04762   0.95238   0.95238   8.00000
   1.00000   1.00000   0.95238   6.00000




                              --------------------------------------------------
                                 S T R U C T U R A L   I N F O R M A T I O N
                              --------------------------------------------------


   SUBSTANCE                    = cubic body-centered  (epsilon Pu)                                               

   LATTICE                      = B   
   LATTICE CONSTANTS ARE        =    6.8196930   6.8196930   6.8196930
   NUMBER OF ATOMS IN UNITCELL  =   1
   MODE OF CALCULATION IS       = RELA
 IORD=          48
 FNAMES=
 ./epsilon_Pu_9.vectorso_1                                                      
                                                                                
                                           
 ./epsilon_Pu_9.vectorsodn_1                                                    
                                                                                
                                           
 epsilon_Pu_9.energyso_1                                                        
                                                                                
                                           
 epsilon_Pu_9.energysodn_1                                                      
                                                                                
                                           
  BR1,  BR2
   0.92133   0.00000   0.00000      0.00000   0.92133   0.92133
   0.00000   0.92133   0.00000      0.92133   0.00000   0.92133
   0.00000   0.00000   0.92133      0.92133   0.92133   0.00000
 projector corrected--must be 1,2, or 3! Now projector= 2
 Energy window:   -0.4410 < E <      0.441
 Projected density of states calculation for  1 atoms
--------- atom  1 -------------
l=  3  qsplit=  4
 Symmetrization over eq. k-points is performed
 ********** Start Reading Cix file *************
  Correlated block number           1
  Correlated index=
  1  0  0  0  0  0  0  0  0  0  0  0  0  0
  0  1  0  0  0  0  0  0  0  0  0  0  0  0
  0  0  1  0  0  0  0  0  0  0  0  0  0  0
  0  0  0  1  0  0  0  0  0  0  0  0  0  0
  0  0  0  0  1  0  0  0  0  0  0  0  0  0
  0  0  0  0  0  1  0  0  0  0  0  0  0  0
  0  0  0  0  0  0  2  0  0  0  0  0  0  0
  0  0  0  0  0  0  0  2  0  0  0  0  0  0
  0  0  0  0  0  0  0  0  2  0  0  0  0  0
  0  0  0  0  0  0  0  0  0  2  0  0  0  0
  0  0  0  0  0  0  0  0  0  0  2  0  0  0
  0  0  0  0  0  0  0  0  0  0  0  2  0  0
  0  0  0  0  0  0  0  0  0  0  0  0  2  0
  0  0  0  0  0  0  0  0  0  0  0  0  0  2
  Real part of unitary matrix=
  0.9258  0.0000  0.0000  0.0000  0.0000  0.0000  0.0000  0.0000 -0.3780  0.0000  0.0000  0.0000  0.0000  0.0000
  0.0000  0.8452  0.0000  0.0000  0.0000  0.0000  0.0000  0.0000  0.0000 -0.5345  0.0000  0.0000  0.0000  0.0000
  0.0000  0.0000  0.7559  0.0000  0.0000  0.0000  0.0000  0.0000  0.0000  0.0000 -0.6547  0.0000  0.0000  0.0000
  0.0000  0.0000  0.0000  0.6547  0.0000  0.0000  0.0000  0.0000  0.0000  0.0000  0.0000 -0.7559  0.0000  0.0000
  0.0000  0.0000  0.0000  0.0000  0.5345  0.0000  0.0000  0.0000  0.0000  0.0000  0.0000  0.0000 -0.8452  0.0000
  0.0000  0.0000  0.0000  0.0000  0.0000  0.3780  0.0000  0.0000  0.0000  0.0000  0.0000  0.0000  0.0000 -0.9258
  0.0000  0.0000  0.0000  0.0000  0.0000  0.0000  0.0000  1.0000  0.0000  0.0000  0.0000  0.0000  0.0000  0.0000
  0.3780  0.0000  0.0000  0.0000  0.0000  0.0000  0.0000  0.0000  0.9258  0.0000  0.0000  0.0000  0.0000  0.0000
  0.0000  0.5345  0.0000  0.0000  0.0000  0.0000  0.0000  0.0000  0.0000  0.8452  0.0000  0.0000  0.0000  0.0000
  0.0000  0.0000  0.6547  0.0000  0.0000  0.0000  0.0000  0.0000  0.0000  0.0000  0.7559  0.0000  0.0000  0.0000
  0.0000  0.0000  0.0000  0.7559  0.0000  0.0000  0.0000  0.0000  0.0000  0.0000  0.0000  0.6547  0.0000  0.0000
  0.0000  0.0000  0.0000  0.0000  0.8452  0.0000  0.0000  0.0000  0.0000  0.0000  0.0000  0.0000  0.5345  0.0000
  0.0000  0.0000  0.0000  0.0000  0.0000  0.9258  0.0000  0.0000  0.0000  0.0000  0.0000  0.0000  0.0000  0.3780
  0.0000  0.0000  0.0000  0.0000  0.0000  0.0000  1.0000  0.0000  0.0000  0.0000  0.0000  0.0000  0.0000  0.0000
  Imaginary part of unitary matrix=
  0.0000  0.0000  0.0000  0.0000  0.0000  0.0000  0.0000  0.0000  0.0000  0.0000  0.0000  0.0000  0.0000  0.0000
  0.0000  0.0000  0.0000  0.0000  0.0000  0.0000  0.0000  0.0000  0.0000  0.0000  0.0000  0.0000  0.0000  0.0000
  0.0000  0.0000  0.0000  0.0000  0.0000  0.0000  0.0000  0.0000  0.0000  0.0000  0.0000  0.0000  0.0000  0.0000
  0.0000  0.0000  0.0000  0.0000  0.0000  0.0000  0.0000  0.0000  0.0000  0.0000  0.0000  0.0000  0.0000  0.0000
  0.0000  0.0000  0.0000  0.0000  0.0000  0.0000  0.0000  0.0000  0.0000  0.0000  0.0000  0.0000  0.0000  0.0000
  0.0000  0.0000  0.0000  0.0000  0.0000  0.0000  0.0000  0.0000  0.0000  0.0000  0.0000  0.0000  0.0000  0.0000
  0.0000  0.0000  0.0000  0.0000  0.0000  0.0000  0.0000  0.0000  0.0000  0.0000  0.0000  0.0000  0.0000  0.0000
  0.0000  0.0000  0.0000  0.0000  0.0000  0.0000  0.0000  0.0000  0.0000  0.0000  0.0000  0.0000  0.0000  0.0000
  0.0000  0.0000  0.0000  0.0000  0.0000  0.0000  0.0000  0.0000  0.0000  0.0000  0.0000  0.0000  0.0000  0.0000
  0.0000  0.0000  0.0000  0.0000  0.0000  0.0000  0.0000  0.0000  0.0000  0.0000  0.0000  0.0000  0.0000  0.0000
  0.0000  0.0000  0.0000  0.0000  0.0000  0.0000  0.0000  0.0000  0.0000  0.0000  0.0000  0.0000  0.0000  0.0000
  0.0000  0.0000  0.0000  0.0000  0.0000  0.0000  0.0000  0.0000  0.0000  0.0000  0.0000  0.0000  0.0000  0.0000
  0.0000  0.0000  0.0000  0.0000  0.0000  0.0000  0.0000  0.0000  0.0000  0.0000  0.0000  0.0000  0.0000  0.0000
  0.0000  0.0000  0.0000  0.0000  0.0000  0.0000  0.0000  0.0000  0.0000  0.0000  0.0000  0.0000  0.0000  0.0000
  At least one transformation matrix is not Identity
 Magnetic system with s-o coupling; M theta, phi:  0.0000  0.0000
 Inside ROTDEF
Operation  1 transforms atom   1 from first atom   1
Actual position of atom  1 is:  0.000000    0.000000    0.000000
 
Combined transformation (acting on k-point) for correlated atoms
including users rotation and internal local rotation
catom  1 atom   1
   0.92133   0.00000   0.00000
   0.00000  -0.92133   0.00000
   0.00000   0.00000  -0.92133
 
 
 SPIN COORD SYSTEM:
    1.000000    0.000000    0.000000
    0.000000    1.000000    0.000000
    0.000000    0.000000    1.000000
 
 in global cartezian coordinates:
    1.000000    0.000000    0.000000
    0.000000   -1.000000    0.000000
    0.000000    0.000000   -1.000000
 ____________________________
 in spin coordinates:
    1.000000    0.000000    0.000000
    0.000000   -1.000000    0.000000
    0.000000    0.000000   -1.000000
           1   3.14159265358979       -1.00000000000000     
 
 in global cartezian coordinates:
    0.000000    1.000000    0.000000
   -1.000000    0.000000    0.000000
    0.000000    0.000000   -1.000000
 ____________________________
 in spin coordinates:
    0.000000    1.000000    0.000000
   -1.000000    0.000000    0.000000
    0.000000    0.000000   -1.000000
           2   1.57079632679490        1.00000000000000     
 
 in global cartezian coordinates:
    1.000000    0.000000    0.000000
    0.000000    0.000000   -1.000000
    0.000000   -1.000000    0.000000
 ____________________________
 in spin coordinates:
    1.000000    0.000000    0.000000
    0.000000    0.000000   -1.000000
    0.000000   -1.000000    0.000000
           3   1.57079632679490       0.000000000000000E+000
 
 symm. operation            3  removed !!!! so-det=  0.000000000000000E+000
 in global cartezian coordinates:
    0.000000    0.000000    1.000000
   -1.000000    0.000000    0.000000
    0.000000   -1.000000    0.000000
 ____________________________
 in spin coordinates:
    0.000000    0.000000    1.000000
   -1.000000    0.000000    0.000000
    0.000000   -1.000000    0.000000
           4   1.57079632679490       0.000000000000000E+000
 
 symm. operation            4  removed !!!! so-det=  0.000000000000000E+000
 in global cartezian coordinates:
    0.000000    1.000000    0.000000
    0.000000    0.000000   -1.000000
   -1.000000    0.000000    0.000000
 ____________________________
 in spin coordinates:
    0.000000    1.000000    0.000000
    0.000000    0.000000   -1.000000
   -1.000000    0.000000    0.000000
           5 NaN                      0.000000000000000E+000
 
 symm. operation            5  removed !!!! so-det=  0.000000000000000E+000
 in global cartezian coordinates:
    0.000000    0.000000    1.000000
    0.000000   -1.000000    0.000000
   -1.000000    0.000000    0.000000
 ____________________________
 in spin coordinates:
    0.000000    0.000000    1.000000
    0.000000   -1.000000    0.000000
   -1.000000    0.000000    0.000000
           6   1.57079632679490       0.000000000000000E+000
 
 symm. operation            6  removed !!!! so-det=  0.000000000000000E+000
 in global cartezian coordinates:
   -1.000000    0.000000    0.000000
    0.000000   -1.000000    0.000000
    0.000000    0.000000   -1.000000
 ____________________________
 in spin coordinates:
   -1.000000    0.000000    0.000000
    0.000000   -1.000000    0.000000
    0.000000    0.000000   -1.000000
           7  0.000000000000000E+000   1.00000000000000     
 
 in global cartezian coordinates:
    0.000000    1.000000    0.000000
    1.000000    0.000000    0.000000
    0.000000    0.000000   -1.000000
 ____________________________
 in spin coordinates:
    0.000000    1.000000    0.000000
    1.000000    0.000000    0.000000
    0.000000    0.000000   -1.000000
           8   1.57079632679490       -1.00000000000000     
 
 in global cartezian coordinates:
   -1.000000    0.000000    0.000000
    0.000000    0.000000   -1.000000
    0.000000   -1.000000    0.000000
 ____________________________
 in spin coordinates:
   -1.000000    0.000000    0.000000
    0.000000    0.000000   -1.000000
    0.000000   -1.000000    0.000000
           9   1.57079632679490       0.000000000000000E+000
 
 symm. operation            9  removed !!!! so-det=  0.000000000000000E+000
 in global cartezian coordinates:
    0.000000    0.000000    1.000000
    1.000000    0.000000    0.000000
    0.000000   -1.000000    0.000000
 ____________________________
 in spin coordinates:
    0.000000    0.000000    1.000000
    1.000000    0.000000    0.000000
    0.000000   -1.000000    0.000000
          10   1.57079632679490       0.000000000000000E+000
 
 symm. operation           10  removed !!!! so-det=  0.000000000000000E+000
 in global cartezian coordinates:
    0.000000    1.000000    0.000000
    0.000000    0.000000   -1.000000
    1.000000    0.000000    0.000000
 ____________________________
 in spin coordinates:
    0.000000    1.000000    0.000000
    0.000000    0.000000   -1.000000
    1.000000    0.000000    0.000000
          11 NaN                      0.000000000000000E+000
 
 symm. operation           11  removed !!!! so-det=  0.000000000000000E+000
 in global cartezian coordinates:
    0.000000    0.000000    1.000000
    0.000000   -1.000000    0.000000
    1.000000    0.000000    0.000000
 ____________________________
 in spin coordinates:
    0.000000    0.000000    1.000000
    0.000000   -1.000000    0.000000
    1.000000    0.000000    0.000000
          12   1.57079632679490       0.000000000000000E+000
 
 symm. operation           12  removed !!!! so-det=  0.000000000000000E+000
 in global cartezian coordinates:
    0.000000   -1.000000    0.000000
   -1.000000    0.000000    0.000000
    0.000000    0.000000   -1.000000
 ____________________________
 in spin coordinates:
    0.000000   -1.000000    0.000000
   -1.000000    0.000000    0.000000
    0.000000    0.000000   -1.000000
          13   4.71238898038469       -1.00000000000000     
 
 in global cartezian coordinates:
    1.000000    0.000000    0.000000
    0.000000    1.000000    0.000000
    0.000000    0.000000   -1.000000
 ____________________________
 in spin coordinates:
    1.000000    0.000000    0.000000
    0.000000    1.000000    0.000000
    0.000000    0.000000   -1.000000
          14   3.14159274101257        1.00000000000000     
 
 in global cartezian coordinates:
    0.000000   -1.000000    0.000000
    0.000000    0.000000   -1.000000
   -1.000000    0.000000    0.000000
 ____________________________
 in spin coordinates:
    0.000000   -1.000000    0.000000
    0.000000    0.000000   -1.000000
   -1.000000    0.000000    0.000000
          15 NaN                      0.000000000000000E+000
 
 symm. operation           15  removed !!!! so-det=  0.000000000000000E+000
 in global cartezian coordinates:
    0.000000    0.000000    1.000000
    0.000000    1.000000    0.000000
   -1.000000    0.000000    0.000000
 ____________________________
 in spin coordinates:
    0.000000    0.000000    1.000000
    0.000000    1.000000    0.000000
   -1.000000    0.000000    0.000000
          16   1.57079632679490       0.000000000000000E+000
 
 symm. operation           16  removed !!!! so-det=  0.000000000000000E+000
 in global cartezian coordinates:
    1.000000    0.000000    0.000000
    0.000000    0.000000   -1.000000
    0.000000    1.000000    0.000000
 ____________________________
 in spin coordinates:
    1.000000    0.000000    0.000000
    0.000000    0.000000   -1.000000
    0.000000    1.000000    0.000000
          17   1.57079632679490       0.000000000000000E+000
 
 symm. operation           17  removed !!!! so-det=  0.000000000000000E+000
 in global cartezian coordinates:
    0.000000    0.000000    1.000000
   -1.000000    0.000000    0.000000
    0.000000    1.000000    0.000000
 ____________________________
 in spin coordinates:
    0.000000    0.000000    1.000000
   -1.000000    0.000000    0.000000
    0.000000    1.000000    0.000000
          18   1.57079632679490       0.000000000000000E+000
 
 symm. operation           18  removed !!!! so-det=  0.000000000000000E+000
 in global cartezian coordinates:
    0.000000    0.000000   -1.000000
   -1.000000    0.000000    0.000000
    0.000000   -1.000000    0.000000
 ____________________________
 in spin coordinates:
    0.000000    0.000000   -1.000000
   -1.000000    0.000000    0.000000
    0.000000   -1.000000    0.000000
          19   1.57079632679490       0.000000000000000E+000
 
 symm. operation           19  removed !!!! so-det=  0.000000000000000E+000
 in global cartezian coordinates:
    1.000000    0.000000    0.000000
    0.000000    0.000000    1.000000
    0.000000   -1.000000    0.000000
 ____________________________
 in spin coordinates:
    1.000000    0.000000    0.000000
    0.000000    0.000000    1.000000
    0.000000   -1.000000    0.000000
          20   1.57079632679490       0.000000000000000E+000
 
 symm. operation           20  removed !!!! so-det=  0.000000000000000E+000
 in global cartezian coordinates:
    0.000000    0.000000   -1.000000
    0.000000   -1.000000    0.000000
   -1.000000    0.000000    0.000000
 ____________________________
 in spin coordinates:
    0.000000    0.000000   -1.000000
    0.000000   -1.000000    0.000000
   -1.000000    0.000000    0.000000
          21   1.57079632679490       0.000000000000000E+000
 
 symm. operation           21  removed !!!! so-det=  0.000000000000000E+000
 in global cartezian coordinates:
    0.000000    1.000000    0.000000
    0.000000    0.000000    1.000000
   -1.000000    0.000000    0.000000
 ____________________________
 in spin coordinates:
    0.000000    1.000000    0.000000
    0.000000    0.000000    1.000000
   -1.000000    0.000000    0.000000
          22 NaN                      0.000000000000000E+000
 
 symm. operation           22  removed !!!! so-det=  0.000000000000000E+000
 in global cartezian coordinates:
    1.000000    0.000000    0.000000
    0.000000   -1.000000    0.000000
    0.000000    0.000000    1.000000
 ____________________________
 in spin coordinates:
    1.000000    0.000000    0.000000
    0.000000   -1.000000    0.000000
    0.000000    0.000000    1.000000
          23   6.28318539460237       -1.00000000000000     
 
 in global cartezian coordinates:
    0.000000    1.000000    0.000000
   -1.000000    0.000000    0.000000
    0.000000    0.000000    1.000000
 ____________________________
 in spin coordinates:
    0.000000    1.000000    0.000000
   -1.000000    0.000000    0.000000
    0.000000    0.000000    1.000000
          24  -1.57079632679490        1.00000000000000     
 
 in global cartezian coordinates:
    0.000000   -1.000000    0.000000
    1.000000    0.000000    0.000000
    0.000000    0.000000   -1.000000
 ____________________________
 in spin coordinates:
    0.000000   -1.000000    0.000000
    1.000000    0.000000    0.000000
    0.000000    0.000000   -1.000000
          25  -1.57079632679490        1.00000000000000     
 
 in global cartezian coordinates:
   -1.000000    0.000000    0.000000
    0.000000    1.000000    0.000000
    0.000000    0.000000   -1.000000
 ____________________________
 in spin coordinates:
   -1.000000    0.000000    0.000000
    0.000000    1.000000    0.000000
    0.000000    0.000000   -1.000000
          26   6.28318539460237       -1.00000000000000     
 
 in global cartezian coordinates:
    0.000000   -1.000000    0.000000
    0.000000    0.000000   -1.000000
    1.000000    0.000000    0.000000
 ____________________________
 in spin coordinates:
    0.000000   -1.000000    0.000000
    0.000000    0.000000   -1.000000
    1.000000    0.000000    0.000000
          27 NaN                      0.000000000000000E+000
 
 symm. operation           27  removed !!!! so-det=  0.000000000000000E+000
 in global cartezian coordinates:
    0.000000    0.000000    1.000000
    0.000000    1.000000    0.000000
    1.000000    0.000000    0.000000
 ____________________________
 in spin coordinates:
    0.000000    0.000000    1.000000
    0.000000    1.000000    0.000000
    1.000000    0.000000    0.000000
          28   1.57079632679490       0.000000000000000E+000
 
 symm. operation           28  removed !!!! so-det=  0.000000000000000E+000
 in global cartezian coordinates:
   -1.000000    0.000000    0.000000
    0.000000    0.000000   -1.000000
    0.000000    1.000000    0.000000
 ____________________________
 in spin coordinates:
   -1.000000    0.000000    0.000000
    0.000000    0.000000   -1.000000
    0.000000    1.000000    0.000000
          29   1.57079632679490       0.000000000000000E+000
 
 symm. operation           29  removed !!!! so-det=  0.000000000000000E+000
 in global cartezian coordinates:
    0.000000    0.000000    1.000000
    1.000000    0.000000    0.000000
    0.000000    1.000000    0.000000
 ____________________________
 in spin coordinates:
    0.000000    0.000000    1.000000
    1.000000    0.000000    0.000000
    0.000000    1.000000    0.000000
          30   1.57079632679490       0.000000000000000E+000
 
 symm. operation           30  removed !!!! so-det=  0.000000000000000E+000
 in global cartezian coordinates:
    0.000000    0.000000   -1.000000
    1.000000    0.000000    0.000000
    0.000000   -1.000000    0.000000
 ____________________________
 in spin coordinates:
    0.000000    0.000000   -1.000000
    1.000000    0.000000    0.000000
    0.000000   -1.000000    0.000000
          31   1.57079632679490       0.000000000000000E+000
 
 symm. operation           31  removed !!!! so-det=  0.000000000000000E+000
 in global cartezian coordinates:
   -1.000000    0.000000    0.000000
    0.000000    0.000000    1.000000
    0.000000   -1.000000    0.000000
 ____________________________
 in spin coordinates:
   -1.000000    0.000000    0.000000
    0.000000    0.000000    1.000000
    0.000000   -1.000000    0.000000
          32   1.57079632679490       0.000000000000000E+000
 
 symm. operation           32  removed !!!! so-det=  0.000000000000000E+000
 in global cartezian coordinates:
    0.000000    0.000000   -1.000000
    0.000000   -1.000000    0.000000
    1.000000    0.000000    0.000000
 ____________________________
 in spin coordinates:
    0.000000    0.000000   -1.000000
    0.000000   -1.000000    0.000000
    1.000000    0.000000    0.000000
          33   1.57079632679490       0.000000000000000E+000
 
 symm. operation           33  removed !!!! so-det=  0.000000000000000E+000
 in global cartezian coordinates:
    0.000000    1.000000    0.000000
    0.000000    0.000000    1.000000
    1.000000    0.000000    0.000000
 ____________________________
 in spin coordinates:
    0.000000    1.000000    0.000000
    0.000000    0.000000    1.000000
    1.000000    0.000000    0.000000
          34 NaN                      0.000000000000000E+000
 
 symm. operation           34  removed !!!! so-det=  0.000000000000000E+000
 in global cartezian coordinates:
   -1.000000    0.000000    0.000000
    0.000000   -1.000000    0.000000
    0.000000    0.000000    1.000000
 ____________________________
 in spin coordinates:
   -1.000000    0.000000    0.000000
    0.000000   -1.000000    0.000000
    0.000000    0.000000    1.000000
          35   3.14159274101257        1.00000000000000     
 
 in global cartezian coordinates:
    0.000000    1.000000    0.000000
    1.000000    0.000000    0.000000
    0.000000    0.000000    1.000000
 ____________________________
 in spin coordinates:
    0.000000    1.000000    0.000000
    1.000000    0.000000    0.000000
    0.000000    0.000000    1.000000
          36   4.71238898038469       -1.00000000000000     
 
 in global cartezian coordinates:
    0.000000    0.000000   -1.000000
    0.000000    1.000000    0.000000
   -1.000000    0.000000    0.000000
 ____________________________
 in spin coordinates:
    0.000000    0.000000   -1.000000
    0.000000    1.000000    0.000000
   -1.000000    0.000000    0.000000
          37   1.57079632679490       0.000000000000000E+000
 
 symm. operation           37  removed !!!! so-det=  0.000000000000000E+000
 in global cartezian coordinates:
    0.000000   -1.000000    0.000000
    0.000000    0.000000    1.000000
   -1.000000    0.000000    0.000000
 ____________________________
 in spin coordinates:
    0.000000   -1.000000    0.000000
    0.000000    0.000000    1.000000
   -1.000000    0.000000    0.000000
          38 NaN                      0.000000000000000E+000
 
 symm. operation           38  removed !!!! so-det=  0.000000000000000E+000
 in global cartezian coordinates:
    0.000000    0.000000   -1.000000
   -1.000000    0.000000    0.000000
    0.000000    1.000000    0.000000
 ____________________________
 in spin coordinates:
    0.000000    0.000000   -1.000000
   -1.000000    0.000000    0.000000
    0.000000    1.000000    0.000000
          39   1.57079632679490       0.000000000000000E+000
 
 symm. operation           39  removed !!!! so-det=  0.000000000000000E+000
 in global cartezian coordinates:
    1.000000    0.000000    0.000000
    0.000000    0.000000    1.000000
    0.000000    1.000000    0.000000
 ____________________________
 in spin coordinates:
    1.000000    0.000000    0.000000
    0.000000    0.000000    1.000000
    0.000000    1.000000    0.000000
          40   1.57079632679490       0.000000000000000E+000
 
 symm. operation           40  removed !!!! so-det=  0.000000000000000E+000
 in global cartezian coordinates:
    0.000000   -1.000000    0.000000
   -1.000000    0.000000    0.000000
    0.000000    0.000000    1.000000
 ____________________________
 in spin coordinates:
    0.000000   -1.000000    0.000000
   -1.000000    0.000000    0.000000
    0.000000    0.000000    1.000000
          41   1.57079632679490       -1.00000000000000     
 
 in global cartezian coordinates:
    1.000000    0.000000    0.000000
    0.000000    1.000000    0.000000
    0.000000    0.000000    1.000000
 ____________________________
 in spin coordinates:
    1.000000    0.000000    0.000000
    0.000000    1.000000    0.000000
    0.000000    0.000000    1.000000
          42  0.000000000000000E+000   1.00000000000000     
 
 in global cartezian coordinates:
    0.000000    0.000000   -1.000000
    0.000000    1.000000    0.000000
    1.000000    0.000000    0.000000
 ____________________________
 in spin coordinates:
    0.000000    0.000000   -1.000000
    0.000000    1.000000    0.000000
    1.000000    0.000000    0.000000
          43   1.57079632679490       0.000000000000000E+000
 
 symm. operation           43  removed !!!! so-det=  0.000000000000000E+000
 in global cartezian coordinates:
    0.000000   -1.000000    0.000000
    0.000000    0.000000    1.000000
    1.000000    0.000000    0.000000
 ____________________________
 in spin coordinates:
    0.000000   -1.000000    0.000000
    0.000000    0.000000    1.000000
    1.000000    0.000000    0.000000
          44 NaN                      0.000000000000000E+000
 
 symm. operation           44  removed !!!! so-det=  0.000000000000000E+000
 in global cartezian coordinates:
    0.000000    0.000000   -1.000000
    1.000000    0.000000    0.000000
    0.000000    1.000000    0.000000
 ____________________________
 in spin coordinates:
    0.000000    0.000000   -1.000000
    1.000000    0.000000    0.000000
    0.000000    1.000000    0.000000
          45   1.57079632679490       0.000000000000000E+000
 
 symm. operation           45  removed !!!! so-det=  0.000000000000000E+000
 in global cartezian coordinates:
   -1.000000    0.000000    0.000000
    0.000000    0.000000    1.000000
    0.000000    1.000000    0.000000
 ____________________________
 in spin coordinates:
   -1.000000    0.000000    0.000000
    0.000000    0.000000    1.000000
    0.000000    1.000000    0.000000
          46   1.57079632679490       0.000000000000000E+000
 
 symm. operation           46  removed !!!! so-det=  0.000000000000000E+000
 in global cartezian coordinates:
    0.000000   -1.000000    0.000000
    1.000000    0.000000    0.000000
    0.000000    0.000000    1.000000
 ____________________________
 in spin coordinates:
    0.000000   -1.000000    0.000000
    1.000000    0.000000    0.000000
    0.000000    0.000000    1.000000
          47   1.57079632679490        1.00000000000000     
 
 in global cartezian coordinates:
   -1.000000    0.000000    0.000000
    0.000000    1.000000    0.000000
    0.000000    0.000000    1.000000
 ____________________________
 in spin coordinates:
   -1.000000    0.000000    0.000000
    0.000000    1.000000    0.000000
    0.000000    0.000000    1.000000
          48   3.14159265358979       -1.00000000000000     
 
 Original and SO-compatible symops changed:          48          16
 FNAME=
 epsilon_Pu_9.energyso_1                                                        
                                                                                
                                                     60
 FNAME=
 epsilon_Pu_9.energysodn_1                                                      
                                                                                
                                                     59
 BZ-integration with TETRA-program.   icor=: 1
 Equal occupancy of degenerate states, tol=: 0.1E-05
 call eord...
 call dos...
 ILOOP            1
 ILOOP            2
   FERMI ENERGY AT    1.22825609173055     
 RESULT OF INTEGRATION:      15.999999999412; SHOULD BE:      15.999999999900
   SUM RULE OF TETRAHEDRON INTEGRATION CHECKED 
 call eweigh...
   number of occupied bands:          18
   highest energy:   1.23937010048964     
 FERMI-LDA=   1.228 Ryd,  16.711 eV.
 ABSOLUTE EMIN=   0.787 Ryd.  10.711 eV.
 ABSOLUTE EMAX=   1.669 Ryd.  22.711 eV.


:NLDA  : NUMBER OF ELECTRONS          =  16.000

:FLDA  : F E R M I - ENERGY           =   1.22826
 
 ********** Information about the atomic index arrays ************
 iatom=           1
 isort=           1
 csort=           1
 maxucase=           1
icase, iucase, jatom, latom=     1     1     1     1
 
 *****  Arrays for correlated blocks ******
 norbitals=           1
 maxdim2=          14
iorbital( 1, 1)=   1
cix( 1, 1)=   1
icase,lcase,icix,iorb,nind1,ip1,iSx=    1    1    1    1   14    1    1
icase,lcase,icix,iorb,nind1,ip1,iSx=    1    1    1    1   14    2    2
icase,lcase,icix,iorb,nind1,ip1,iSx=    1    1    1    1   14    3    3
icase,lcase,icix,iorb,nind1,ip1,iSx=    1    1    1    1   14    4    4
icase,lcase,icix,iorb,nind1,ip1,iSx=    1    1    1    1   14    5    5
icase,lcase,icix,iorb,nind1,ip1,iSx=    1    1    1    1   14    6    6
icase,lcase,icix,iorb,nind1,ip1,iSx=    1    1    1    1   14    7    7
icase,lcase,icix,iorb,nind1,ip1,iSx=    1    1    1    1   14    8    8
icase,lcase,icix,iorb,nind1,ip1,iSx=    1    1    1    1   14    9    9
icase,lcase,icix,iorb,nind1,ip1,iSx=    1    1    1    1   14   10   10
icase,lcase,icix,iorb,nind1,ip1,iSx=    1    1    1    1   14   11   11
icase,lcase,icix,iorb,nind1,ip1,iSx=    1    1    1    1   14   12   12
icase,lcase,icix,iorb,nind1,ip1,iSx=    1    1    1    1   14   13   13
icase,lcase,icix,iorb,nind1,ip1,iSx=    1    1    1    1   14   14   14
cixdim( 1)=14
noccur( 1, 1)=   6
noccur( 2, 1)=   8
iSx( 1, 1)=  1
iSx( 2, 1)=  2
iSx( 3, 1)=  3
iSx( 4, 1)=  4
iSx( 5, 1)=  5
iSx( 6, 1)=  6
iSx( 7, 1)=  7
iSx( 8, 1)=  8
iSx( 9, 1)=  9
iSx(10, 1)= 10
iSx(11, 1)= 11
iSx(12, 1)= 12
iSx(13, 1)= 13
iSx(14, 1)= 14
nindo( 1)= 14
CF for iorb1= 1 iorb2= 1
    0.92582010     0.00000000       0.00000000     0.00000000       0.00000000     0.00000000       0.00000000     0.00000000       0.00000000     0.00000000       0.00000000     0.00000000       0.00000000     0.00000000       0.00000000     0.00000000      -0.37796447     0.00000000       0.00000000     0.00000000       0.00000000     0.00000000       0.00000000     0.00000000       0.00000000     0.00000000       0.00000000     0.00000000   
    0.00000000     0.00000000       0.84515425     0.00000000       0.00000000     0.00000000       0.00000000     0.00000000       0.00000000     0.00000000       0.00000000     0.00000000       0.00000000     0.00000000       0.00000000     0.00000000       0.00000000     0.00000000      -0.53452248     0.00000000       0.00000000     0.00000000       0.00000000     0.00000000       0.00000000     0.00000000       0.00000000     0.00000000   
    0.00000000     0.00000000       0.00000000     0.00000000       0.75592895     0.00000000       0.00000000     0.00000000       0.00000000     0.00000000       0.00000000     0.00000000       0.00000000     0.00000000       0.00000000     0.00000000       0.00000000     0.00000000       0.00000000     0.00000000      -0.65465367     0.00000000       0.00000000     0.00000000       0.00000000     0.00000000       0.00000000     0.00000000   
    0.00000000     0.00000000       0.00000000     0.00000000       0.00000000     0.00000000       0.65465367     0.00000000       0.00000000     0.00000000       0.00000000     0.00000000       0.00000000     0.00000000       0.00000000     0.00000000       0.00000000     0.00000000       0.00000000     0.00000000       0.00000000     0.00000000      -0.75592895     0.00000000       0.00000000     0.00000000       0.00000000     0.00000000   
    0.00000000     0.00000000       0.00000000     0.00000000       0.00000000     0.00000000       0.00000000     0.00000000       0.53452248     0.00000000       0.00000000     0.00000000       0.00000000     0.00000000       0.00000000     0.00000000       0.00000000     0.00000000       0.00000000     0.00000000       0.00000000     0.00000000       0.00000000     0.00000000      -0.84515425     0.00000000       0.00000000     0.00000000   
    0.00000000     0.00000000       0.00000000     0.00000000       0.00000000     0.00000000       0.00000000     0.00000000       0.00000000     0.00000000       0.37796447     0.00000000       0.00000000     0.00000000       0.00000000     0.00000000       0.00000000     0.00000000       0.00000000     0.00000000       0.00000000     0.00000000       0.00000000     0.00000000       0.00000000     0.00000000      -0.92582010     0.00000000   
    0.00000000     0.00000000       0.00000000     0.00000000       0.00000000     0.00000000       0.00000000     0.00000000       0.00000000     0.00000000       0.00000000     0.00000000       0.00000000     0.00000000       1.00000000     0.00000000       0.00000000     0.00000000       0.00000000     0.00000000       0.00000000     0.00000000       0.00000000     0.00000000       0.00000000     0.00000000       0.00000000     0.00000000   
    0.37796447     0.00000000       0.00000000     0.00000000       0.00000000     0.00000000       0.00000000     0.00000000       0.00000000     0.00000000       0.00000000     0.00000000       0.00000000     0.00000000       0.00000000     0.00000000       0.92582010     0.00000000       0.00000000     0.00000000       0.00000000     0.00000000       0.00000000     0.00000000       0.00000000     0.00000000       0.00000000     0.00000000   
    0.00000000     0.00000000       0.53452248     0.00000000       0.00000000     0.00000000       0.00000000     0.00000000       0.00000000     0.00000000       0.00000000     0.00000000       0.00000000     0.00000000       0.00000000     0.00000000       0.00000000     0.00000000       0.84515425     0.00000000       0.00000000     0.00000000       0.00000000     0.00000000       0.00000000     0.00000000       0.00000000     0.00000000   
    0.00000000     0.00000000       0.00000000     0.00000000       0.65465367     0.00000000       0.00000000     0.00000000       0.00000000     0.00000000       0.00000000     0.00000000       0.00000000     0.00000000       0.00000000     0.00000000       0.00000000     0.00000000       0.00000000     0.00000000       0.75592895     0.00000000       0.00000000     0.00000000       0.00000000     0.00000000       0.00000000     0.00000000   
    0.00000000     0.00000000       0.00000000     0.00000000       0.00000000     0.00000000       0.75592895     0.00000000       0.00000000     0.00000000       0.00000000     0.00000000       0.00000000     0.00000000       0.00000000     0.00000000       0.00000000     0.00000000       0.00000000     0.00000000       0.00000000     0.00000000       0.65465367     0.00000000       0.00000000     0.00000000       0.00000000     0.00000000   
    0.00000000     0.00000000       0.00000000     0.00000000       0.00000000     0.00000000       0.00000000     0.00000000       0.84515425     0.00000000       0.00000000     0.00000000       0.00000000     0.00000000       0.00000000     0.00000000       0.00000000     0.00000000       0.00000000     0.00000000       0.00000000     0.00000000       0.00000000     0.00000000       0.53452248     0.00000000       0.00000000     0.00000000   
    0.00000000     0.00000000       0.00000000     0.00000000       0.00000000     0.00000000       0.00000000     0.00000000       0.00000000     0.00000000       0.92582010     0.00000000       0.00000000     0.00000000       0.00000000     0.00000000       0.00000000     0.00000000       0.00000000     0.00000000       0.00000000     0.00000000       0.00000000     0.00000000       0.00000000     0.00000000       0.37796447     0.00000000   
    0.00000000     0.00000000       0.00000000     0.00000000       0.00000000     0.00000000       0.00000000     0.00000000       0.00000000     0.00000000       0.00000000     0.00000000       1.00000000     0.00000000       0.00000000     0.00000000       0.00000000     0.00000000       0.00000000     0.00000000       0.00000000     0.00000000       0.00000000     0.00000000       0.00000000     0.00000000       0.00000000     0.00000000   
Rspin for iorb=  1
 angles=  0.000000000000000E+000   3.14159265358979       0.000000000000000E+000
  0.000000000000000E+000  0.000000000000000E+000  0.000000000000000E+000
 Rspin=
    0.000000    0.000000      0.000000    1.000000
    0.000000    1.000000      0.000000    0.000000
 Calculation for atom  1 which has iucase=  1
 ATPAR for spin up

          ATOMIC PARAMETERS FOR Pu  0+    

           ENERGY PARAMETERS ARE   0.99  -1.28   0.99   0.99

           L     U(R)          U'(R)         DU/DE        DU'/DE      NORM-U'
           0  0.550834E+00  0.815032E+00  0.112831E+00 -0.225786E+00
           1  0.537355E+00 -0.203762E-03 -0.144133E+00 -0.402551E+00
           2 -0.618185E+00  0.230227E-01  0.984299E-01  0.346330E+00
           3 -0.318271E+00  0.124526E+00  0.363157E+00  0.537823E+00
LO COEFFICIENT: l,A,B,C   0          0.65514    -3.19834     0.00000     0.00000
 
LO COEFFICIENT: l,A,B,C   0          0.32183     0.00000     0.77958     0.00000
 
LO COEFFICIENT: l,A,B,C   1          0.87939     3.27855     0.00000     0.00000
 
LO COEFFICIENT: l,A,B,C   1          0.27231     0.00000    -1.24177     0.00000
 
LO COEFFICIENT: l,A,B,C   2          0.85278     5.35585     0.00000     0.00000
 
LO COEFFICIENT: l,A,B,C   3          0.93972     0.82357     0.00000     0.00000
 
 ATPAR for spin down

          ATOMIC PARAMETERS FOR Pu  0+    

           ENERGY PARAMETERS ARE   0.99  -1.28   0.99   0.99

           L     U(R)          U'(R)         DU/DE        DU'/DE      NORM-U'
           0  0.550834E+00  0.815032E+00  0.112831E+00 -0.225786E+00
           1  0.537355E+00 -0.203762E-03 -0.144133E+00 -0.402551E+00
           2 -0.618185E+00  0.230227E-01  0.984299E-01  0.346330E+00
           3 -0.318271E+00  0.124526E+00  0.363157E+00  0.537823E+00
LO COEFFICIENT: l,A,B,C   0          0.65514    -3.19834     0.00000     0.00000
 
LO COEFFICIENT: l,A,B,C   0          0.32183     0.00000     0.77958     0.00000
 
LO COEFFICIENT: l,A,B,C   1          0.87939     3.27855     0.00000     0.00000
 
LO COEFFICIENT: l,A,B,C   1          0.27231     0.00000    -1.24177     0.00000
 
LO COEFFICIENT: l,A,B,C   2          0.85278     5.35585     0.00000     0.00000
 
LO COEFFICIENT: l,A,B,C   3          0.93972     0.82357     0.00000     0.00000
 
 L1=           0  L2=           0
 RADIAL INTEGRALS:
           1           1                 1           1   1.00000000000000     
           1           3                 1           1  0.575293938537458     
           1           1                 1           2   1.00000000000000     
           1           3                 1           2  0.575293938537458     
           1           1                 2           1   1.00000000000000     
           1           3                 2           1  0.575293938537458     
           1           1                 2           2   1.00000000000000     
           1           3                 2           2  0.575293938537458     
           2           2                 1           1  5.579999470547158E-002
           2           3                 1           1 -0.190954300723878     
           2           2                 1           2  5.579999470547158E-002
           2           3                 1           2 -0.190954300723878     
           2           2                 2           1  5.579999470547158E-002
           2           3                 2           1 -0.190954300723878     
           2           2                 2           2  5.579999470547158E-002
           2           3                 2           2 -0.190954300723878     
           3           1                 1           1  0.575293938537458     
           3           2                 1           1 -0.190954300723878     
           3           3                 1           1   1.00000000000000     
           3           1                 1           2  0.575293938537458     
           3           2                 1           2 -0.190954300723878     
           3           3                 1           2   1.00000000000000     
           3           1                 2           1  0.575293938537458     
           3           2                 2           1 -0.190954300723878     
           3           3                 2           1   1.00000000000000     
           3           1                 2           2  0.575293938537458     
           3           2                 2           2 -0.190954300723878     
           3           3                 2           2   1.00000000000000     
 L1=           1  L2=           1
 RADIAL INTEGRALS:
           1           1                 1           1   1.00000000000000     
           1           3                 1           1  0.911048030866337     
           1           1                 1           2   1.00000000000000     
           1           3                 1           2  0.911048030866337     
           1           1                 2           1   1.00000000000000     
           1           3                 2           1  0.911048030866337     
           1           1                 2           2   1.00000000000000     
           1           3                 2           2  0.911048030866337     
           2           2                 1           1  2.108753688399570E-002
           2           3                 1           1  5.970783526580644E-002
           2           2                 1           2  2.108753688399570E-002
           2           3                 1           2  5.970783526580644E-002
           2           2                 2           1  2.108753688399570E-002
           2           3                 2           1  5.970783526580644E-002
           2           2                 2           2  2.108753688399570E-002
           2           3                 2           2  5.970783526580644E-002
           3           1                 1           1  0.911048030866337     
           3           2                 1           1  5.970783526580644E-002
           3           3                 1           1   1.00000000000000     
           3           1                 1           2  0.911048030866337     
           3           2                 1           2  5.970783526580644E-002
           3           3                 1           2   1.00000000000000     
           3           1                 2           1  0.911048030866337     
           3           2                 2           1  5.970783526580644E-002
           3           3                 2           1   1.00000000000000     
           3           1                 2           2  0.911048030866337     
           3           2                 2           2  5.970783526580644E-002
           3           3                 2           2   1.00000000000000     
 L1=           2  L2=           2
 RADIAL INTEGRALS:
           1           1                 1           1   1.00000000000000     
           1           1                 1           2   1.00000000000000     
           1           1                 2           1   1.00000000000000     
           1           1                 2           2   1.00000000000000     
           2           2                 1           1  9.508977709004378E-003
           2           2                 1           2  9.508977709004378E-003
           2           2                 2           1  9.508977709004378E-003
           2           2                 2           2  9.508977709004378E-003
 L1=           3  L2=           3
 RADIAL INTEGRALS:
           1           1                 1           1   1.00000000000000     
           1           1                 1           2   1.00000000000000     
           1           1                 2           1   1.00000000000000     
           1           1                 2           2   1.00000000000000     
           2           2                 1           1  0.172388334364764     
           2           2                 1           2  0.172388334364764     
           2           2                 2           1  0.172388334364764     
           2           2                 2           2  0.172388334364764     
Saving potential parameters for atom 1 into  1
pr_proc=143  tot-k=286
 ------------------------------------------------------------------------------


   =====>>> CPU TIME SUMMARY

            TOTAL       :      1.2
 OMP_NUM_THREADS= 2
 GUTZ_SOLVER VO.1.5 BUILT ON Jan 19 2014 AT22:25:59
 NT=  1 SEC_N%DIM=   10 WITH ID:
           1       2      16     107     471    1472    3474    6477    9909   12912
       14914
 MEAN U/J:  0.2940  0.0265
 NEL_FIX_VDC1=      5.20
 ATOM DEPENDENT NELF1:
      5.1996
 DCMIX_A=  0.200000
 SYMMETRICALLY NON-EQUIVALENT ATOMS:
          1
 VARIATIONAL-SETUP-NON-EQUIVALENT ATOMS:
          1
 COMPLEMENTARY VARIATIONAL-SETUP-EQUIVALENT ATOMS:

 GYZ%SYM%IDSUM:
  1
 DIM(X_Gutz)=  4
 CALC SET: GAPJ-SHFT FULL       -JH-PROJ SLATER    VAR-FIXDC    Ryd.   
 NT= 1
 LOCAL INTERACTION PART   :
 U              :   0.2940
 J              :   0.0265
 FOCK SPACE PART:
 NA             :  7
 FS%OCC(1) L.B. :  0
 FS%OCC(2) U.B. :  9
 FS%DIM         :     14913
 HL%OCC(1) L.B. :  0
 HL%OCC(2) U.B. :  9
 ISO= 2 ISPIN_IN= 1 ISPIN= 1 ISPO= 2
 BND%NMAX=  72
 BZ INTEGRATION WITH TETRA METHOD, ICOR= 1
 EQUAL OCCUPANCY OF DEGENERATE STATES, TOL= 0.1E-05
 VALENCE ELECTRONS: TOTAL=    16.0
                    CORRELATED PART=     8.0
 SYM%IDI/IDF=  1 16
 BND%NMAXIN=   26
      GUTZ5_INI_CORR_UVEK takes  0 hours  0 minutes and    0.04 seconds (CPU).
                          takes  0 hours  0 minutes and    0.04 seconds (WALL).
                 SETUP_TB takes  0 hours  0 minutes and    1.20 seconds (CPU).
                          takes  0 hours  0 minutes and    0.60 seconds (WALL).
************  EL-  ************
 NI=  1 NI_GLOBAL=  1
   1.2370   1.2340   1.2301   1.2301   1.2340   1.2370   1.3176   1.3146   1.3128   1.3072   1.3072   1.3128   1.3146   1.3176
************  EL=  ************
 NI=  1 NI_GLOBAL=  1
   1.2370   0.0000   0.0000   0.0000   0.0025   0.0000   0.0000   0.0011   0.0000   0.0000   0.0000  -0.0017   0.0000   0.0000
   0.0000   1.2340   0.0000   0.0000   0.0000   0.0025   0.0000   0.0000   0.0006   0.0000   0.0000   0.0000   0.0060   0.0000
   0.0000   0.0000   1.2301   0.0000   0.0000   0.0000   0.0000   0.0000   0.0000   0.0037   0.0000   0.0000   0.0000   0.0000
   0.0000   0.0000   0.0000   1.2301   0.0000   0.0000   0.0000   0.0000   0.0000   0.0000  -0.0037   0.0000   0.0000   0.0000
   0.0025   0.0000   0.0000   0.0000   1.2340   0.0000   0.0000  -0.0060   0.0000   0.0000   0.0000  -0.0006   0.0000   0.0000
   0.0000   0.0025   0.0000   0.0000   0.0000   1.2370   0.0000   0.0000   0.0017   0.0000   0.0000   0.0000  -0.0011   0.0000
   0.0000   0.0000   0.0000   0.0000   0.0000   0.0000   1.3176   0.0000   0.0000   0.0000   0.0006   0.0000   0.0000   0.0000
   0.0011   0.0000   0.0000   0.0000  -0.0060   0.0000   0.0000   1.3146   0.0000   0.0000   0.0000   0.0043   0.0000   0.0000
   0.0000   0.0006   0.0000   0.0000   0.0000   0.0017   0.0000   0.0000   1.3128   0.0000   0.0000   0.0000   0.0043   0.0000
   0.0000   0.0000   0.0037   0.0000   0.0000   0.0000   0.0000   0.0000   0.0000   1.3072   0.0000   0.0000   0.0000   0.0006
   0.0000   0.0000   0.0000  -0.0037   0.0000   0.0000   0.0006   0.0000   0.0000   0.0000   1.3072   0.0000   0.0000   0.0000
  -0.0017   0.0000   0.0000   0.0000  -0.0006   0.0000   0.0000   0.0043   0.0000   0.0000   0.0000   1.3128   0.0000   0.0000
   0.0000   0.0060   0.0000   0.0000   0.0000  -0.0011   0.0000   0.0000   0.0043   0.0000   0.0000   0.0000   1.3146   0.0000
   0.0000   0.0000   0.0000   0.0000   0.0000   0.0000   0.0000   0.0000   0.0000   0.0006   0.0000   0.0000   0.0000   1.3176
 NI=  1 LOCAL ORBITAL LEVEL CENTER(ELC)=   1.279
************  EL0  ************
 NI=  1 NI_GLOBAL=  1
   1.2337   1.2337   1.2337   1.2337   1.2337   1.2337   1.3130   1.3130   1.3130   1.3130   1.3130   1.3130   1.3130   1.3130
************  ELL  ************
 NI=  1 NI_GLOBAL=  1
   1.2337   0.0000   0.0000   0.0000   0.0000   0.0000   0.0000   0.0000   0.0000   0.0000   0.0000   0.0000   0.0000   0.0000
   0.0000   1.2337   0.0000   0.0000   0.0000   0.0000   0.0000   0.0000   0.0000   0.0000   0.0000   0.0000   0.0000   0.0000
   0.0000   0.0000   1.2337   0.0000   0.0000   0.0000   0.0000   0.0000   0.0000   0.0000   0.0000   0.0000   0.0000   0.0000
   0.0000   0.0000   0.0000   1.2337   0.0000   0.0000   0.0000   0.0000   0.0000   0.0000   0.0000   0.0000   0.0000   0.0000
   0.0000   0.0000   0.0000   0.0000   1.2337   0.0000   0.0000   0.0000   0.0000   0.0000   0.0000   0.0000   0.0000   0.0000
   0.0000   0.0000   0.0000   0.0000   0.0000   1.2337   0.0000   0.0000   0.0000   0.0000   0.0000   0.0000   0.0000   0.0000
   0.0000   0.0000   0.0000   0.0000   0.0000   0.0000   1.3130   0.0000   0.0000   0.0000   0.0000   0.0000   0.0000   0.0000
   0.0000   0.0000   0.0000   0.0000   0.0000   0.0000   0.0000   1.3130   0.0000   0.0000   0.0000   0.0000   0.0000   0.0000
   0.0000   0.0000   0.0000   0.0000   0.0000   0.0000   0.0000   0.0000   1.3130   0.0000   0.0000   0.0000   0.0000   0.0000
   0.0000   0.0000   0.0000   0.0000   0.0000   0.0000   0.0000   0.0000   0.0000   1.3130   0.0000   0.0000   0.0000   0.0000
   0.0000   0.0000   0.0000   0.0000   0.0000   0.0000   0.0000   0.0000   0.0000   0.0000   1.3130   0.0000   0.0000   0.0000
   0.0000   0.0000   0.0000   0.0000   0.0000   0.0000   0.0000   0.0000   0.0000   0.0000   0.0000   1.3130   0.0000   0.0000
   0.0000   0.0000   0.0000   0.0000   0.0000   0.0000   0.0000   0.0000   0.0000   0.0000   0.0000   0.0000   1.3130   0.0000
   0.0000   0.0000   0.0000   0.0000   0.0000   0.0000   0.0000   0.0000   0.0000   0.0000   0.0000   0.0000   0.0000   1.3130
                  GET_EL0 takes  0 hours  0 minutes and    0.01 seconds (CPU).
                          takes  0 hours  0 minutes and    0.02 seconds (WALL).
 There are  4 blocks of bands, with band energy windows:
  -2.186  -2.141 |   -0.648  -0.545 |   -0.100   0.135 |    0.826   4.483 | 
 Band window indices:
         1      2 |          3      4 |          5      8 |          9     73 | 
 Band width
       0.044   |         0.102   |         0.235   |         3.657   |  
 Band gap
       1.494   |         0.446   |         0.691   |  
 CORRELATED BLOCK: EMIN/EMIX=    0.8260    1.6680
 CORRELATED BAND WIDTH=   0.842
         GUTZ_RED_PRJ_NEQ takes  0 hours  1 minutes and    1.67 seconds (CPU).
                          takes  0 hours  1 minutes and    1.50 seconds (WALL).
 NI=  1 DIM_PHIK=   41227 HL%DIM=  14913
       ID_PHIK_N=
      1      2      4     33    264   1639   6153  15546  27321  36714
  41228
       ID_PHIK_J=
      1      2      3      4      8      9     18     19     28     29
     33     37     73    122    171    220    245    254    263    264
    300    349    638    807   1168   1364   1533   1582   1631   1635
   1639   1739   2180   2964   3864   4705   5381   5781   6037   6118
   6143   6152   6153   6349   6710   8079   9448  11564  12933  14377
  14953  15353  15474  15538  15542  15546  15835  16796  18560  21060
  23176  24940  26165  26841  27165  27286  27311  27320  27321  27517
  27878  29247  30616  32732  34101  35545  36121  36521  36642  36706
  36710  36714  36814  37255  38039  38939  39780  40456  40856  41112
  41193  41218  41227  41228
          GUTZ_SET_PRJ_EQ takes  0 hours  0 minutes and    0.00 seconds (CPU).
                          takes  0 hours  0 minutes and    0.00 seconds (WALL).
************   WH%X  ************
    0.89797324    0.91213342
    1.18890758    1.34826026
************  RIN  ************
 NI=  1 NI_GLOBAL=  1
   0.8980   0.8980   0.8980   0.8980   0.8980   0.8980   0.9121   0.9121   0.9121   0.9121   0.9121   0.9121   0.9121   0.9121
************  LA1  ************
 NI=  1 NI_GLOBAL=  1
   1.1889   1.1889   1.1889   1.1889   1.1889   1.1889   1.3483   1.3483   1.3483   1.3483   1.3483   1.3483   1.3483   1.3483
             CALC_BAND_AL takes  0 hours  0 minutes and    0.53 seconds (CPU).
                          takes  0 hours  0 minutes and    0.27 seconds (WALL).
 ILOOP            1
 ILOOP            2
   FERMI ENERGY AT    1.19881878289106     
   SUM RULE OF TETRAHEDRON INTEGRATION CHECKED 
   number of occupied bands:          18
   highest energy:   1.24242721180059     
************  NK-  ************
 NI=  1 NI_GLOBAL=  1
   0.8196   0.7724   0.8334   0.8334   0.7724   0.8196   0.0345   0.0602   0.0426   0.0375   0.0375   0.0426   0.0602   0.0345
************  NNK  ************
 NI=  1 NI_GLOBAL=  1
   0.8196   0.0000   0.0000   0.0000  -0.0443   0.0000   0.0000  -0.0269   0.0000   0.0000   0.0000  -0.0058   0.0000   0.0000
   0.0000   0.7724   0.0000   0.0000   0.0000  -0.0443   0.0000   0.0000   0.0245   0.0000   0.0000   0.0000  -0.0023   0.0000
   0.0000   0.0000   0.8334   0.0000   0.0000   0.0000   0.0000   0.0000   0.0000  -0.0148   0.0000   0.0000   0.0000  -0.0207
   0.0000   0.0000   0.0000   0.8334   0.0000   0.0000   0.0207   0.0000   0.0000   0.0000   0.0148   0.0000   0.0000   0.0000
  -0.0443   0.0000   0.0000   0.0000   0.7724   0.0000   0.0000   0.0023   0.0000   0.0000   0.0000  -0.0245   0.0000   0.0000
   0.0000  -0.0443   0.0000   0.0000   0.0000   0.8196   0.0000   0.0000   0.0058   0.0000   0.0000   0.0000   0.0269   0.0000
   0.0000   0.0000   0.0000   0.0207   0.0000   0.0000   0.0345   0.0000   0.0000   0.0000   0.0013   0.0000   0.0000   0.0000
  -0.0269   0.0000   0.0000   0.0000   0.0023   0.0000   0.0000   0.0602   0.0000   0.0000   0.0000   0.0018   0.0000   0.0000
   0.0000   0.0245   0.0000   0.0000   0.0000   0.0058   0.0000   0.0000   0.0426   0.0000   0.0000   0.0000   0.0018   0.0000
   0.0000   0.0000  -0.0148   0.0000   0.0000   0.0000   0.0000   0.0000   0.0000   0.0375   0.0000   0.0000   0.0000   0.0013
   0.0000   0.0000   0.0000   0.0148   0.0000   0.0000   0.0013   0.0000   0.0000   0.0000   0.0375   0.0000   0.0000   0.0000
  -0.0058   0.0000   0.0000   0.0000  -0.0245   0.0000   0.0000   0.0018   0.0000   0.0000   0.0000   0.0426   0.0000   0.0000
   0.0000  -0.0023   0.0000   0.0000   0.0000   0.0269   0.0000   0.0000   0.0018   0.0000   0.0000   0.0000   0.0602   0.0000
   0.0000   0.0000  -0.0207   0.0000   0.0000   0.0000   0.0000   0.0000   0.0000   0.0013   0.0000   0.0000   0.0000   0.0345
************  NKS  ************
 NI=  1 NI_GLOBAL=  1
   0.8085   0.8085   0.8085   0.8085   0.8085   0.8085   0.0437   0.0437   0.0437   0.0437   0.0437   0.0437   0.0437   0.0437
 NELE_LOC TOTAL:
           5.2004454683733012
              CALC_DA_BND takes  0 hours  0 minutes and    0.08 seconds (CPU).
                          takes  0 hours  0 minutes and    0.09 seconds (WALL).
************  DA-  ************
 NI=  1 NI_GLOBAL=  1
  -0.0222  -0.0238  -0.0202  -0.0202  -0.0238  -0.0222  -0.0074  -0.0129  -0.0091  -0.0081  -0.0081  -0.0091  -0.0129  -0.0074
************  DAA  ************
 NI=  1 NI_GLOBAL=  1
  -0.0221  -0.0221  -0.0221  -0.0221  -0.0221  -0.0221  -0.0094  -0.0094  -0.0094  -0.0094  -0.0094  -0.0094  -0.0094  -0.0094
 NI=  1 VDC=    1.3261
************  LA2  ************
 NI=  1 NI_GLOBAL=  1
  -2.5940  -2.5940  -2.5940  -2.5940  -2.5940  -2.5940  -2.4877  -2.4877  -2.4877  -2.4877  -2.4877  -2.4877  -2.4877  -2.4877
 NI=  1 PHI-step gap=  0.15E+00
************  RAA  ************
 NI=  1 NI_GLOBAL=  1
   0.8979   0.8979   0.8979   0.8979   0.8979   0.8979   0.9122   0.9122   0.9122   0.9122   0.9122   0.9122   0.9122   0.9122
************  NC0  ************
 NI=  1 NI_GLOBAL=  1
   0.8085   0.8085   0.8085   0.8085   0.8085   0.8085   0.0437   0.0437   0.0437   0.0437   0.0437   0.0437   0.0437   0.0437
                  CALC_LC takes  0 hours  5 minutes and   11.50 seconds (CPU).
                          takes  0 hours  5 minutes and   11.36 seconds (WALL).
                GUTZ_FCN1 takes  0 hours  5 minutes and   12.36 seconds (CPU).
                          takes  0 hours  5 minutes and   11.91 seconds (WALL).
************  DIF_X  ************
   -0.000036494849    0.000024686726
    0.000022442684    0.000002723854
 ITER1=  1 MAXERR=    0.00003649
************   WH%X  ************
    0.89798338    0.91213575
    1.18889390    1.34825484
************  RIN  ************
 NI=  1 NI_GLOBAL=  1
   0.8980   0.8980   0.8980   0.8980   0.8980   0.8980   0.9121   0.9121   0.9121   0.9121   0.9121   0.9121   0.9121   0.9121
************  LA1  ************
 NI=  1 NI_GLOBAL=  1
   1.1889   1.1889   1.1889   1.1889   1.1889   1.1889   1.3483   1.3483   1.3483   1.3483   1.3483   1.3483   1.3483   1.3483
             CALC_BAND_AL takes  0 hours  0 minutes and    0.53 seconds (CPU).
                          takes  0 hours  0 minutes and    0.27 seconds (WALL).
 ILOOP            1
 ILOOP            2
   FERMI ENERGY AT    1.19881009847528     
   SUM RULE OF TETRAHEDRON INTEGRATION CHECKED 
   number of occupied bands:          18
   highest energy:   1.24242449362924     
************  NK-  ************
 NI=  1 NI_GLOBAL=  1
   0.8196   0.7724   0.8334   0.8334   0.7724   0.8196   0.0345   0.0602   0.0426   0.0375   0.0375   0.0426   0.0602   0.0345
************  NNK  ************
 NI=  1 NI_GLOBAL=  1
   0.8196   0.0000   0.0000   0.0000  -0.0443   0.0000   0.0000  -0.0269   0.0000   0.0000   0.0000  -0.0058   0.0000   0.0000
   0.0000   0.7724   0.0000   0.0000   0.0000  -0.0443   0.0000   0.0000   0.0245   0.0000   0.0000   0.0000  -0.0023   0.0000
   0.0000   0.0000   0.8334   0.0000   0.0000   0.0000   0.0000   0.0000   0.0000  -0.0148   0.0000   0.0000   0.0000  -0.0207
   0.0000   0.0000   0.0000   0.8334   0.0000   0.0000   0.0207   0.0000   0.0000   0.0000   0.0148   0.0000   0.0000   0.0000
  -0.0443   0.0000   0.0000   0.0000   0.7724   0.0000   0.0000   0.0023   0.0000   0.0000   0.0000  -0.0245   0.0000   0.0000
   0.0000  -0.0443   0.0000   0.0000   0.0000   0.8196   0.0000   0.0000   0.0058   0.0000   0.0000   0.0000   0.0269   0.0000
   0.0000   0.0000   0.0000   0.0207   0.0000   0.0000   0.0345   0.0000   0.0000   0.0000   0.0013   0.0000   0.0000   0.0000
  -0.0269   0.0000   0.0000   0.0000   0.0023   0.0000   0.0000   0.0602   0.0000   0.0000   0.0000   0.0018   0.0000   0.0000
   0.0000   0.0245   0.0000   0.0000   0.0000   0.0058   0.0000   0.0000   0.0426   0.0000   0.0000   0.0000   0.0018   0.0000
   0.0000   0.0000  -0.0148   0.0000   0.0000   0.0000   0.0000   0.0000   0.0000   0.0375   0.0000   0.0000   0.0000   0.0013
   0.0000   0.0000   0.0000   0.0148   0.0000   0.0000   0.0013   0.0000   0.0000   0.0000   0.0375   0.0000   0.0000   0.0000
  -0.0058   0.0000   0.0000   0.0000  -0.0245   0.0000   0.0000   0.0018   0.0000   0.0000   0.0000   0.0426   0.0000   0.0000
   0.0000  -0.0023   0.0000   0.0000   0.0000   0.0269   0.0000   0.0000   0.0018   0.0000   0.0000   0.0000   0.0602   0.0000
   0.0000   0.0000  -0.0207   0.0000   0.0000   0.0000   0.0000   0.0000   0.0000   0.0013   0.0000   0.0000   0.0000   0.0345
************  NKS  ************
 NI=  1 NI_GLOBAL=  1
   0.8085   0.8085   0.8085   0.8085   0.8085   0.8085   0.0437   0.0437   0.0437   0.0437   0.0437   0.0437   0.0437   0.0437
 NELE_LOC TOTAL:
           5.2005983893803718
              CALC_DA_BND takes  0 hours  0 minutes and    0.08 seconds (CPU).
                          takes  0 hours  0 minutes and    0.09 seconds (WALL).
************  DA-  ************
 NI=  1 NI_GLOBAL=  1
  -0.0222  -0.0238  -0.0202  -0.0202  -0.0238  -0.0222  -0.0074  -0.0129  -0.0091  -0.0081  -0.0081  -0.0091  -0.0129  -0.0074
************  DAA  ************
 NI=  1 NI_GLOBAL=  1
  -0.0221  -0.0221  -0.0221  -0.0221  -0.0221  -0.0221  -0.0094  -0.0094  -0.0094  -0.0094  -0.0094  -0.0094  -0.0094  -0.0094
 NI=  1 VDC=    1.3261
************  LA2  ************
 NI=  1 NI_GLOBAL=  1
  -2.5940  -2.5940  -2.5940  -2.5940  -2.5940  -2.5940  -2.4877  -2.4877  -2.4877  -2.4877  -2.4877  -2.4877  -2.4877  -2.4877
 NI=  1 PHI-step gap=  0.15E+00
************  RAA  ************
 NI=  1 NI_GLOBAL=  1
   0.8980   0.8980   0.8980   0.8980   0.8980   0.8980   0.9121   0.9121   0.9121   0.9121   0.9121   0.9121   0.9121   0.9121
************  NC0  ************
 NI=  1 NI_GLOBAL=  1
   0.8085   0.8085   0.8085   0.8085   0.8085   0.8085   0.0437   0.0437   0.0437   0.0437   0.0437   0.0437   0.0437   0.0437
                  CALC_LC takes  0 hours  5 minutes and   11.42 seconds (CPU).
                          takes  0 hours  5 minutes and   11.30 seconds (WALL).
                GUTZ_FCN1 takes  0 hours  5 minutes and   12.26 seconds (CPU).
                          takes  0 hours  5 minutes and   11.86 seconds (WALL).
************  DIF_X  ************
   -0.000000902514   -0.000000069269
   -0.000000179266    0.000000040867
 ITER1=  2 MAXERR=    0.00000090
************   WH%X  ************
    0.89798202    0.91213511
    1.18889396    1.34825437
************  RIN  ************
 NI=  1 NI_GLOBAL=  1
   0.8980   0.8980   0.8980   0.8980   0.8980   0.8980   0.9121   0.9121   0.9121   0.9121   0.9121   0.9121   0.9121   0.9121
************  LA1  ************
 NI=  1 NI_GLOBAL=  1
   1.1889   1.1889   1.1889   1.1889   1.1889   1.1889   1.3483   1.3483   1.3483   1.3483   1.3483   1.3483   1.3483   1.3483
             CALC_BAND_AL takes  0 hours  0 minutes and    0.53 seconds (CPU).
                          takes  0 hours  0 minutes and    0.27 seconds (WALL).
 ILOOP            1
 ILOOP            2
   FERMI ENERGY AT    1.19881011219888     
   SUM RULE OF TETRAHEDRON INTEGRATION CHECKED 
   number of occupied bands:          18
   highest energy:   1.24242445893680     
************  NK-  ************
 NI=  1 NI_GLOBAL=  1
   0.8196   0.7724   0.8334   0.8334   0.7724   0.8196   0.0345   0.0602   0.0426   0.0375   0.0375   0.0426   0.0602   0.0345
************  NNK  ************
 NI=  1 NI_GLOBAL=  1
   0.8196   0.0000   0.0000   0.0000  -0.0443   0.0000   0.0000  -0.0269   0.0000   0.0000   0.0000  -0.0058   0.0000   0.0000
   0.0000   0.7724   0.0000   0.0000   0.0000  -0.0443   0.0000   0.0000   0.0245   0.0000   0.0000   0.0000  -0.0023   0.0000
   0.0000   0.0000   0.8334   0.0000   0.0000   0.0000   0.0000   0.0000   0.0000  -0.0148   0.0000   0.0000   0.0000  -0.0207
   0.0000   0.0000   0.0000   0.8334   0.0000   0.0000   0.0207   0.0000   0.0000   0.0000   0.0148   0.0000   0.0000   0.0000
  -0.0443   0.0000   0.0000   0.0000   0.7724   0.0000   0.0000   0.0023   0.0000   0.0000   0.0000  -0.0245   0.0000   0.0000
   0.0000  -0.0443   0.0000   0.0000   0.0000   0.8196   0.0000   0.0000   0.0058   0.0000   0.0000   0.0000   0.0269   0.0000
   0.0000   0.0000   0.0000   0.0207   0.0000   0.0000   0.0345   0.0000   0.0000   0.0000   0.0013   0.0000   0.0000   0.0000
  -0.0269   0.0000   0.0000   0.0000   0.0023   0.0000   0.0000   0.0602   0.0000   0.0000   0.0000   0.0018   0.0000   0.0000
   0.0000   0.0245   0.0000   0.0000   0.0000   0.0058   0.0000   0.0000   0.0426   0.0000   0.0000   0.0000   0.0018   0.0000
   0.0000   0.0000  -0.0148   0.0000   0.0000   0.0000   0.0000   0.0000   0.0000   0.0375   0.0000   0.0000   0.0000   0.0013
   0.0000   0.0000   0.0000   0.0148   0.0000   0.0000   0.0013   0.0000   0.0000   0.0000   0.0375   0.0000   0.0000   0.0000
  -0.0058   0.0000   0.0000   0.0000  -0.0245   0.0000   0.0000   0.0018   0.0000   0.0000   0.0000   0.0426   0.0000   0.0000
   0.0000  -0.0023   0.0000   0.0000   0.0000   0.0269   0.0000   0.0000   0.0018   0.0000   0.0000   0.0000   0.0602   0.0000
   0.0000   0.0000  -0.0207   0.0000   0.0000   0.0000   0.0000   0.0000   0.0000   0.0013   0.0000   0.0000   0.0000   0.0345
************  NKS  ************
 NI=  1 NI_GLOBAL=  1
   0.8085   0.8085   0.8085   0.8085   0.8085   0.8085   0.0437   0.0437   0.0437   0.0437   0.0437   0.0437   0.0437   0.0437
 NELE_LOC TOTAL:
           5.2005982726576256
              CALC_DA_BND takes  0 hours  0 minutes and    0.08 seconds (CPU).
                          takes  0 hours  0 minutes and    0.08 seconds (WALL).
************  DA-  ************
 NI=  1 NI_GLOBAL=  1
  -0.0222  -0.0238  -0.0202  -0.0202  -0.0238  -0.0222  -0.0074  -0.0129  -0.0091  -0.0081  -0.0081  -0.0091  -0.0129  -0.0074
************  DAA  ************
 NI=  1 NI_GLOBAL=  1
  -0.0221  -0.0221  -0.0221  -0.0221  -0.0221  -0.0221  -0.0094  -0.0094  -0.0094  -0.0094  -0.0094  -0.0094  -0.0094  -0.0094
 NI=  1 VDC=    1.3261
************  LA2  ************
 NI=  1 NI_GLOBAL=  1
  -2.5940  -2.5940  -2.5940  -2.5940  -2.5940  -2.5940  -2.4877  -2.4877  -2.4877  -2.4877  -2.4877  -2.4877  -2.4877  -2.4877
 NI=  1 PHI-step gap=  0.15E+00
************  RAA  ************
 NI=  1 NI_GLOBAL=  1
   0.8980   0.8980   0.8980   0.8980   0.8980   0.8980   0.9121   0.9121   0.9121   0.9121   0.9121   0.9121   0.9121   0.9121
************  NC0  ************
 NI=  1 NI_GLOBAL=  1
   0.8085   0.8085   0.8085   0.8085   0.8085   0.8085   0.0437   0.0437   0.0437   0.0437   0.0437   0.0437   0.0437   0.0437
                  CALC_LC takes  0 hours  5 minutes and   11.68 seconds (CPU).
                          takes  0 hours  5 minutes and   11.52 seconds (WALL).
                GUTZ_FCN1 takes  0 hours  5 minutes and   12.57 seconds (CPU).
                          takes  0 hours  5 minutes and   12.06 seconds (WALL).
************  DIF_X  ************
    0.000000233960   -0.000000301904
   -0.000000122333   -0.000000037689
 ITER1=  3 MAXERR=    0.00000030
************   WH%X  ************
    0.89798202    0.91213518
    1.18889405    1.34825450
************  RIN  ************
 NI=  1 NI_GLOBAL=  1
   0.8980   0.8980   0.8980   0.8980   0.8980   0.8980   0.9121   0.9121   0.9121   0.9121   0.9121   0.9121   0.9121   0.9121
************  LA1  ************
 NI=  1 NI_GLOBAL=  1
   1.1889   1.1889   1.1889   1.1889   1.1889   1.1889   1.3483   1.3483   1.3483   1.3483   1.3483   1.3483   1.3483   1.3483
             CALC_BAND_AL takes  0 hours  0 minutes and    0.53 seconds (CPU).
                          takes  0 hours  0 minutes and    0.27 seconds (WALL).
 ILOOP            1
 ILOOP            2
   FERMI ENERGY AT    1.19881016994977     
   SUM RULE OF TETRAHEDRON INTEGRATION CHECKED 
   number of occupied bands:          18
   highest energy:   1.24242448122831     
************  NK-  ************
 NI=  1 NI_GLOBAL=  1
   0.8196   0.7724   0.8334   0.8334   0.7724   0.8196   0.0345   0.0602   0.0426   0.0375   0.0375   0.0426   0.0602   0.0345
************  NNK  ************
 NI=  1 NI_GLOBAL=  1
   0.8196   0.0000   0.0000   0.0000  -0.0443   0.0000   0.0000  -0.0269   0.0000   0.0000   0.0000  -0.0058   0.0000   0.0000
   0.0000   0.7724   0.0000   0.0000   0.0000  -0.0443   0.0000   0.0000   0.0245   0.0000   0.0000   0.0000  -0.0023   0.0000
   0.0000   0.0000   0.8334   0.0000   0.0000   0.0000   0.0000   0.0000   0.0000  -0.0148   0.0000   0.0000   0.0000  -0.0207
   0.0000   0.0000   0.0000   0.8334   0.0000   0.0000   0.0207   0.0000   0.0000   0.0000   0.0148   0.0000   0.0000   0.0000
  -0.0443   0.0000   0.0000   0.0000   0.7724   0.0000   0.0000   0.0023   0.0000   0.0000   0.0000  -0.0245   0.0000   0.0000
   0.0000  -0.0443   0.0000   0.0000   0.0000   0.8196   0.0000   0.0000   0.0058   0.0000   0.0000   0.0000   0.0269   0.0000
   0.0000   0.0000   0.0000   0.0207   0.0000   0.0000   0.0345   0.0000   0.0000   0.0000   0.0013   0.0000   0.0000   0.0000
  -0.0269   0.0000   0.0000   0.0000   0.0023   0.0000   0.0000   0.0602   0.0000   0.0000   0.0000   0.0018   0.0000   0.0000
   0.0000   0.0245   0.0000   0.0000   0.0000   0.0058   0.0000   0.0000   0.0426   0.0000   0.0000   0.0000   0.0018   0.0000
   0.0000   0.0000  -0.0148   0.0000   0.0000   0.0000   0.0000   0.0000   0.0000   0.0375   0.0000   0.0000   0.0000   0.0013
   0.0000   0.0000   0.0000   0.0148   0.0000   0.0000   0.0013   0.0000   0.0000   0.0000   0.0375   0.0000   0.0000   0.0000
  -0.0058   0.0000   0.0000   0.0000  -0.0245   0.0000   0.0000   0.0018   0.0000   0.0000   0.0000   0.0426   0.0000   0.0000
   0.0000  -0.0023   0.0000   0.0000   0.0000   0.0269   0.0000   0.0000   0.0018   0.0000   0.0000   0.0000   0.0602   0.0000
   0.0000   0.0000  -0.0207   0.0000   0.0000   0.0000   0.0000   0.0000   0.0000   0.0013   0.0000   0.0000   0.0000   0.0345
************  NKS  ************
 NI=  1 NI_GLOBAL=  1
   0.8085   0.8085   0.8085   0.8085   0.8085   0.8085   0.0437   0.0437   0.0437   0.0437   0.0437   0.0437   0.0437   0.0437
 NELE_LOC TOTAL:
           5.2005972790373800
              CALC_DA_BND takes  0 hours  0 minutes and    0.09 seconds (CPU).
                          takes  0 hours  0 minutes and    0.09 seconds (WALL).
************  DA-  ************
 NI=  1 NI_GLOBAL=  1
  -0.0222  -0.0238  -0.0202  -0.0202  -0.0238  -0.0222  -0.0074  -0.0129  -0.0091  -0.0081  -0.0081  -0.0091  -0.0129  -0.0074
************  DAA  ************
 NI=  1 NI_GLOBAL=  1
  -0.0221  -0.0221  -0.0221  -0.0221  -0.0221  -0.0221  -0.0094  -0.0094  -0.0094  -0.0094  -0.0094  -0.0094  -0.0094  -0.0094
 NI=  1 VDC=    1.3261
************  LA2  ************
 NI=  1 NI_GLOBAL=  1
  -2.5940  -2.5940  -2.5940  -2.5940  -2.5940  -2.5940  -2.4877  -2.4877  -2.4877  -2.4877  -2.4877  -2.4877  -2.4877  -2.4877
 NI=  1 PHI-step gap=  0.15E+00
************  RAA  ************
 NI=  1 NI_GLOBAL=  1
   0.8980   0.8980   0.8980   0.8980   0.8980   0.8980   0.9121   0.9121   0.9121   0.9121   0.9121   0.9121   0.9121   0.9121
************  NC0  ************
 NI=  1 NI_GLOBAL=  1
   0.8085   0.8085   0.8085   0.8085   0.8085   0.8085   0.0437   0.0437   0.0437   0.0437   0.0437   0.0437   0.0437   0.0437
                  CALC_LC takes  0 hours  5 minutes and   32.40 seconds (CPU).
                          takes  0 hours  5 minutes and   32.41 seconds (WALL).
                GUTZ_FCN1 takes  0 hours  5 minutes and   33.32 seconds (CPU).
                          takes  0 hours  5 minutes and   32.97 seconds (WALL).
************  DIF_X  ************
   -0.000000011153    0.000000008229
    0.000000003900    0.000000002678
 ITER1=  4 MAXERR=    0.00000001
************   WH%X  ************
    0.89798201    0.91213516
    1.18889404    1.34825449
************  RIN  ************
 NI=  1 NI_GLOBAL=  1
   0.8980   0.8980   0.8980   0.8980   0.8980   0.8980   0.9121   0.9121   0.9121   0.9121   0.9121   0.9121   0.9121   0.9121
************  LA1  ************
 NI=  1 NI_GLOBAL=  1
   1.1889   1.1889   1.1889   1.1889   1.1889   1.1889   1.3483   1.3483   1.3483   1.3483   1.3483   1.3483   1.3483   1.3483
             CALC_BAND_AL takes  0 hours  0 minutes and    0.54 seconds (CPU).
                          takes  0 hours  0 minutes and    0.27 seconds (WALL).
 ILOOP            1
 ILOOP            2
   FERMI ENERGY AT    1.19881016799061     
   SUM RULE OF TETRAHEDRON INTEGRATION CHECKED 
   number of occupied bands:          18
   highest energy:   1.24242448024186     
************  NK-  ************
 NI=  1 NI_GLOBAL=  1
   0.8196   0.7724   0.8334   0.8334   0.7724   0.8196   0.0345   0.0602   0.0426   0.0375   0.0375   0.0426   0.0602   0.0345
************  NNK  ************
 NI=  1 NI_GLOBAL=  1
   0.8196   0.0000   0.0000   0.0000  -0.0443   0.0000   0.0000  -0.0269   0.0000   0.0000   0.0000  -0.0058   0.0000   0.0000
   0.0000   0.7724   0.0000   0.0000   0.0000  -0.0443   0.0000   0.0000   0.0245   0.0000   0.0000   0.0000  -0.0023   0.0000
   0.0000   0.0000   0.8334   0.0000   0.0000   0.0000   0.0000   0.0000   0.0000  -0.0148   0.0000   0.0000   0.0000  -0.0207
   0.0000   0.0000   0.0000   0.8334   0.0000   0.0000   0.0207   0.0000   0.0000   0.0000   0.0148   0.0000   0.0000   0.0000
  -0.0443   0.0000   0.0000   0.0000   0.7724   0.0000   0.0000   0.0023   0.0000   0.0000   0.0000  -0.0245   0.0000   0.0000
   0.0000  -0.0443   0.0000   0.0000   0.0000   0.8196   0.0000   0.0000   0.0058   0.0000   0.0000   0.0000   0.0269   0.0000
   0.0000   0.0000   0.0000   0.0207   0.0000   0.0000   0.0345   0.0000   0.0000   0.0000   0.0013   0.0000   0.0000   0.0000
  -0.0269   0.0000   0.0000   0.0000   0.0023   0.0000   0.0000   0.0602   0.0000   0.0000   0.0000   0.0018   0.0000   0.0000
   0.0000   0.0245   0.0000   0.0000   0.0000   0.0058   0.0000   0.0000   0.0426   0.0000   0.0000   0.0000   0.0018   0.0000
   0.0000   0.0000  -0.0148   0.0000   0.0000   0.0000   0.0000   0.0000   0.0000   0.0375   0.0000   0.0000   0.0000   0.0013
   0.0000   0.0000   0.0000   0.0148   0.0000   0.0000   0.0013   0.0000   0.0000   0.0000   0.0375   0.0000   0.0000   0.0000
  -0.0058   0.0000   0.0000   0.0000  -0.0245   0.0000   0.0000   0.0018   0.0000   0.0000   0.0000   0.0426   0.0000   0.0000
   0.0000  -0.0023   0.0000   0.0000   0.0000   0.0269   0.0000   0.0000   0.0018   0.0000   0.0000   0.0000   0.0602   0.0000
   0.0000   0.0000  -0.0207   0.0000   0.0000   0.0000   0.0000   0.0000   0.0000   0.0013   0.0000   0.0000   0.0000   0.0345
************  NKS  ************
 NI=  1 NI_GLOBAL=  1
   0.8085   0.8085   0.8085   0.8085   0.8085   0.8085   0.0437   0.0437   0.0437   0.0437   0.0437   0.0437   0.0437   0.0437
 NELE_LOC TOTAL:
           5.2005973147097899
              CALC_DA_BND takes  0 hours  0 minutes and    0.09 seconds (CPU).
                          takes  0 hours  0 minutes and    0.09 seconds (WALL).
************  DA-  ************
 NI=  1 NI_GLOBAL=  1
  -0.0222  -0.0238  -0.0202  -0.0202  -0.0238  -0.0222  -0.0074  -0.0129  -0.0091  -0.0081  -0.0081  -0.0091  -0.0129  -0.0074
************  DAA  ************
 NI=  1 NI_GLOBAL=  1
  -0.0221  -0.0221  -0.0221  -0.0221  -0.0221  -0.0221  -0.0094  -0.0094  -0.0094  -0.0094  -0.0094  -0.0094  -0.0094  -0.0094
 NI=  1 VDC=    1.3261
************  LA2  ************
 NI=  1 NI_GLOBAL=  1
  -2.5940  -2.5940  -2.5940  -2.5940  -2.5940  -2.5940  -2.4877  -2.4877  -2.4877  -2.4877  -2.4877  -2.4877  -2.4877  -2.4877
 NI=  1 PHI-step gap=  0.15E+00
************  RAA  ************
 NI=  1 NI_GLOBAL=  1
   0.8980   0.8980   0.8980   0.8980   0.8980   0.8980   0.9121   0.9121   0.9121   0.9121   0.9121   0.9121   0.9121   0.9121
************  NC0  ************
 NI=  1 NI_GLOBAL=  1
   0.8085   0.8085   0.8085   0.8085   0.8085   0.8085   0.0437   0.0437   0.0437   0.0437   0.0437   0.0437   0.0437   0.0437
                  CALC_LC takes  0 hours  6 minutes and   34.66 seconds (CPU).
                          takes  0 hours  6 minutes and   34.53 seconds (WALL).
                GUTZ_FCN1 takes  0 hours  6 minutes and   35.54 seconds (CPU).
                          takes  0 hours  6 minutes and   35.09 seconds (WALL).
************  DIF_X  ************
   -0.000000000790    0.000000000721
    0.000000000388    0.000000000149
 ITER1=  5 MAXERR=    0.00000000
 NFJAC=   0
 SOLVE1 FINISHED WITH       5 ITERATIONS.
               GUTZ_SOLVE takes  0 hours 27 minutes and   46.05 seconds (CPU).
                          takes  0 hours 27 minutes and   43.90 seconds (WALL).
 MAX. NELF1 DIFF=    0.00095856
               CALC_PJRHO takes  0 hours  0 minutes and    0.52 seconds (CPU).
                          takes  0 hours  0 minutes and    0.37 seconds (WALL).
 NI=  1 SUM_PHY-SUM_KS=      0.00000000 WOULD BE RENORMALIZED
************  NC1  ************
 NI=  1 NI_GLOBAL=  1
   0.7953   0.7953   0.7953   0.7953   0.7953   0.7953   0.0536   0.0536   0.0536   0.0536   0.0536   0.0536   0.0536   0.0536
               CALC_NCPHY takes  0 hours  0 minutes and   49.66 seconds (CPU).
                          takes  0 hours  0 minutes and   49.50 seconds (WALL).
 GYZ%PJ%EGAMM:
     9.52076
 ENG%GAMM:     9.52076
 ENG%POT2:     3.07093
 EDCLA1(NI) ARRAY:
    -6.239
 EDCUJ(NI) ARRAY:
    -3.101
 EDCUJV(NI) ARRAY:
    -6.897
 EDC(NI) ARRAY:
    -9.340
 ENG%DBLC:    -9.33983
 ENG%DC1 :    -6.23869
 ENG%DC2 :    -3.10114
 ENG%DC2V:    -6.89655
 DC_E_STD_TO_E_V:    -3.79541
 ENG%BAND:     3.52466
 ENG%DL(DEEP LEVEL):    -5.57453
 ENG%TB=     3.70558
 ENG%TB-DC2=     6.80673
 NI=  1 OCC_CONFIG_WEIGHT:
        OCC= 0 WEIGHT=   0.00000
        OCC= 1 WEIGHT=   0.00000
        OCC= 2 WEIGHT=   0.00011
        OCC= 3 WEIGHT=   0.00722
        OCC= 4 WEIGHT=   0.13402
        OCC= 5 WEIGHT=   0.53500
        OCC= 6 WEIGHT=   0.29850
        OCC= 7 WEIGHT=   0.02455
        OCC= 8 WEIGHT=   0.00059
        OCC= 9 WEIGHT=   0.00001
                 CALC_RCW takes  0 hours  0 minutes and    0.00 seconds (CPU).
                          takes  0 hours  0 minutes and    0.00 seconds (WALL).
 NI=  1 J2=   14.1351
                 CALC_SLJ takes  0 hours  0 minutes and    0.00 seconds (CPU).
                          takes  0 hours  0 minutes and    0.00 seconds (WALL).
 NI=  1 ENTANGLEMENT ENTROPY=      4.1892
           CALC_ENTANGLES takes  0 hours  0 minutes and    0.98 seconds (CPU).
                          takes  0 hours  0 minutes and    0.92 seconds (WALL).
 CORRELATED SUBSPACE, SUM_FERWT=      8.0000000 SUM_KSWT=      8.0000000
 MAX OFF DIAGONAL KS.WT=    0.001983
 MAX/MIN R=    0.912135    0.897982
                CALC_KSWT takes  0 hours  0 minutes and    0.03 seconds (CPU).
                          takes  0 hours  0 minutes and    0.01 seconds (WALL).
                    TOTAL takes  0 hours 29 minutes and   40.64 seconds (CPU).
                          takes  0 hours 29 minutes and   37.24 seconds (WALL).
