******Program DMFT: Computes Gloc and Delta for Dynamical Mean Field Theory calculation ******
 CALCULATION WITH COMPLEX VECTORS
 CALCULATION WITH SOC VECTORS REQUIRED
 Running DMFT in mpi mode
  
 numkpt=         286
   0.00000   0.00000   0.00000   1.00000
   0.04762   0.04762  -0.04762   8.00000
   0.09524   0.09524  -0.09524   8.00000
   0.14286   0.14286  -0.14286   8.00000
   0.19048   0.19048  -0.19048   8.00000
   0.23810   0.23810  -0.23810   8.00000
   0.28571   0.28571  -0.28571   8.00000
   0.33333   0.33333  -0.33333   8.00000
   0.38095   0.38095  -0.38095   8.00000
   0.42857   0.42857  -0.42857   8.00000
   0.47619   0.47619  -0.47619   8.00000
   0.09524   0.00000   0.00000   6.00000
   0.14286   0.04762  -0.04762  24.00000
   0.19048   0.09524  -0.09524  24.00000
   0.23810   0.14286  -0.14286  24.00000
   0.28571   0.19048  -0.19048  24.00000
   0.33333   0.23810  -0.23810  24.00000
   0.38095   0.28571  -0.28571  24.00000
   0.42857   0.33333  -0.33333  24.00000
   0.47619   0.38095  -0.38095  24.00000
   0.52381   0.42857  -0.42857  24.00000
   0.57143   0.47619  -0.47619  24.00000
   0.61905   0.52381  -0.52381  24.00000
   0.66667   0.57143  -0.57143  24.00000
   0.71429   0.61905  -0.61905  24.00000
   0.76190   0.66667  -0.66667  24.00000
   0.80952   0.71429  -0.71429  24.00000
   0.85714   0.76190  -0.76190  24.00000
   0.90476   0.80952  -0.80952  24.00000
   0.95238   0.85714  -0.85714  24.00000
   1.00000   0.90476  -0.90476  12.00000
   0.19048   0.00000   0.00000   6.00000
   0.23810   0.04762  -0.04762  24.00000
   0.28571   0.09524  -0.09524  24.00000
   0.33333   0.14286  -0.14286  24.00000
   0.38095   0.19048  -0.19048  24.00000
   0.42857   0.23810  -0.23810  24.00000
   0.47619   0.28571  -0.28571  24.00000
   0.52381   0.33333  -0.33333  24.00000
   0.57143   0.38095  -0.38095  24.00000
   0.61905   0.42857  -0.42857  24.00000
   0.66667   0.47619  -0.47619  24.00000
   0.71429   0.52381  -0.52381  24.00000
   0.76190   0.57143  -0.57143  24.00000
   0.80952   0.61905  -0.61905  24.00000
   0.85714   0.66667  -0.66667  24.00000
   0.90476   0.71429  -0.71429  24.00000
   0.95238   0.76190  -0.76190  24.00000
   1.00000   0.80952  -0.80952  12.00000
   0.28571   0.00000   0.00000   6.00000
   0.33333   0.04762  -0.04762  24.00000
   0.38095   0.09524  -0.09524  24.00000
   0.42857   0.14286  -0.14286  24.00000
   0.47619   0.19048  -0.19048  24.00000
   0.52381   0.23810  -0.23810  24.00000
   0.57143   0.28571  -0.28571  24.00000
   0.61905   0.33333  -0.33333  24.00000
   0.66667   0.38095  -0.38095  24.00000
   0.71429   0.42857  -0.42857  24.00000
   0.76190   0.47619  -0.47619  24.00000
   0.80952   0.52381  -0.52381  24.00000
   0.85714   0.57143  -0.57143  24.00000
   0.90476   0.61905  -0.61905  24.00000
   0.95238   0.66667  -0.66667  24.00000
   1.00000   0.71429  -0.71429  12.00000
   0.38095   0.00000   0.00000   6.00000
   0.42857   0.04762  -0.04762  24.00000
   0.47619   0.09524  -0.09524  24.00000
   0.52381   0.14286  -0.14286  24.00000
   0.57143   0.19048  -0.19048  24.00000
   0.61905   0.23810  -0.23810  24.00000
   0.66667   0.28571  -0.28571  24.00000
   0.71429   0.33333  -0.33333  24.00000
   0.76190   0.38095  -0.38095  24.00000
   0.80952   0.42857  -0.42857  24.00000
   0.85714   0.47619  -0.47619  24.00000
   0.90476   0.52381  -0.52381  24.00000
   0.95238   0.57143  -0.57143  24.00000
   1.00000   0.61905  -0.61905  12.00000
   0.47619   0.00000   0.00000   6.00000
   0.52381   0.04762  -0.04762  24.00000
   0.57143   0.09524  -0.09524  24.00000
   0.61905   0.14286  -0.14286  24.00000
   0.66667   0.19048  -0.19048  24.00000
   0.71429   0.23810  -0.23810  24.00000
   0.76190   0.28571  -0.28571  24.00000
   0.80952   0.33333  -0.33333  24.00000
   0.85714   0.38095  -0.38095  24.00000
   0.90476   0.42857  -0.42857  24.00000
   0.95238   0.47619  -0.47619  24.00000
   1.00000   0.52381  -0.52381  12.00000
   0.57143   0.00000   0.00000   6.00000
   0.61905   0.04762  -0.04762  24.00000
   0.66667   0.09524  -0.09524  24.00000
   0.71429   0.14286  -0.14286  24.00000
   0.76190   0.19048  -0.19048  24.00000
   0.80952   0.23810  -0.23810  24.00000
   0.85714   0.28571  -0.28571  24.00000
   0.90476   0.33333  -0.33333  24.00000
   0.95238   0.38095  -0.38095  24.00000
   1.00000   0.42857  -0.42857  12.00000
   0.66667   0.00000   0.00000   6.00000
   0.71429   0.04762  -0.04762  24.00000
   0.76190   0.09524  -0.09524  24.00000
   0.80952   0.14286  -0.14286  24.00000
   0.85714   0.19048  -0.19048  24.00000
   0.90476   0.23810  -0.23810  24.00000
   0.95238   0.28571  -0.28571  24.00000
   1.00000   0.33333  -0.33333  12.00000
   0.76190   0.00000   0.00000   6.00000
   0.80952   0.04762  -0.04762  24.00000
   0.85714   0.09524  -0.09524  24.00000
   0.90476   0.14286  -0.14286  24.00000
   0.95238   0.19048  -0.19048  24.00000
   1.00000   0.23810  -0.23810  12.00000
   0.85714   0.00000   0.00000   6.00000
   0.90476   0.04762  -0.04762  24.00000
   0.95238   0.09524  -0.09524  24.00000
   1.00000   0.14286  -0.14286  12.00000
   0.95238   0.00000   0.00000   6.00000
   1.00000   0.04762  -0.04762  12.00000
   0.19048   0.09524   0.00000  24.00000
   0.23810   0.14286  -0.04762  48.00000
   0.28571   0.19048  -0.09524  48.00000
   0.33333   0.23810  -0.14286  48.00000
   0.38095   0.28571  -0.19048  48.00000
   0.42857   0.33333  -0.23810  48.00000
   0.47619   0.38095  -0.28571  48.00000
   0.52381   0.42857  -0.33333  48.00000
   0.57143   0.47619  -0.38095  48.00000
   0.28571   0.09524   0.00000  24.00000
   0.33333   0.14286  -0.04762  48.00000
   0.38095   0.19048  -0.09524  48.00000
   0.42857   0.23810  -0.14286  48.00000
   0.47619   0.28571  -0.19048  48.00000
   0.52381   0.33333  -0.23810  48.00000
   0.57143   0.38095  -0.28571  48.00000
   0.61905   0.42857  -0.33333  48.00000
   0.66667   0.47619  -0.38095  48.00000
   0.71429   0.52381  -0.42857  48.00000
   0.76190   0.57143  -0.47619  48.00000
   0.80952   0.61905  -0.52381  48.00000
   0.85714   0.66667  -0.57143  48.00000
   0.90476   0.71429  -0.61905  48.00000
   0.95238   0.76190  -0.66667  48.00000
   1.00000   0.80952  -0.71429  24.00000
   0.38095   0.09524   0.00000  24.00000
   0.42857   0.14286  -0.04762  48.00000
   0.47619   0.19048  -0.09524  48.00000
   0.52381   0.23810  -0.14286  48.00000
   0.57143   0.28571  -0.19048  48.00000
   0.61905   0.33333  -0.23810  48.00000
   0.66667   0.38095  -0.28571  48.00000
   0.71429   0.42857  -0.33333  48.00000
   0.76190   0.47619  -0.38095  48.00000
   0.80952   0.52381  -0.42857  48.00000
   0.85714   0.57143  -0.47619  48.00000
   0.90476   0.61905  -0.52381  48.00000
   0.95238   0.66667  -0.57143  48.00000
   1.00000   0.71429  -0.61905  24.00000
   0.47619   0.09524   0.00000  24.00000
   0.52381   0.14286  -0.04762  48.00000
   0.57143   0.19048  -0.09524  48.00000
   0.61905   0.23810  -0.14286  48.00000
   0.66667   0.28571  -0.19048  48.00000
   0.71429   0.33333  -0.23810  48.00000
   0.76190   0.38095  -0.28571  48.00000
   0.80952   0.42857  -0.33333  48.00000
   0.85714   0.47619  -0.38095  48.00000
   0.90476   0.52381  -0.42857  48.00000
   0.95238   0.57143  -0.47619  48.00000
   1.00000   0.61905  -0.52381  24.00000
   0.57143   0.09524   0.00000  24.00000
   0.61905   0.14286  -0.04762  48.00000
   0.66667   0.19048  -0.09524  48.00000
   0.71429   0.23810  -0.14286  48.00000
   0.76190   0.28571  -0.19048  48.00000
   0.80952   0.33333  -0.23810  48.00000
   0.85714   0.38095  -0.28571  48.00000
   0.90476   0.42857  -0.33333  48.00000
   0.95238   0.47619  -0.38095  48.00000
   1.00000   0.52381  -0.42857  24.00000
   0.66667   0.09524   0.00000  24.00000
   0.71429   0.14286  -0.04762  48.00000
   0.76190   0.19048  -0.09524  48.00000
   0.80952   0.23810  -0.14286  48.00000
   0.85714   0.28571  -0.19048  48.00000
   0.90476   0.33333  -0.23810  48.00000
   0.95238   0.38095  -0.28571  48.00000
   1.00000   0.42857  -0.33333  24.00000
   0.76190   0.09524   0.00000  24.00000
   0.80952   0.14286  -0.04762  48.00000
   0.85714   0.19048  -0.09524  48.00000
   0.90476   0.23810  -0.14286  48.00000
   0.95238   0.28571  -0.19048  48.00000
   1.00000   0.33333  -0.23810  24.00000
   0.85714   0.09524   0.00000  24.00000
   0.90476   0.14286  -0.04762  48.00000
   0.95238   0.19048  -0.09524  48.00000
   1.00000   0.23810  -0.14286  24.00000
   0.95238   0.09524   0.00000  24.00000
   1.00000   0.14286  -0.04762  24.00000
   0.38095   0.19048   0.00000  24.00000
   0.42857   0.23810  -0.04762  48.00000
   0.47619   0.28571  -0.09524  48.00000
   0.52381   0.33333  -0.14286  48.00000
   0.57143   0.38095  -0.19048  48.00000
   0.61905   0.42857  -0.23810  48.00000
   0.66667   0.47619  -0.28571  48.00000
   0.47619   0.19048   0.00000  24.00000
   0.52381   0.23810  -0.04762  48.00000
   0.57143   0.28571  -0.09524  48.00000
   0.61905   0.33333  -0.14286  48.00000
   0.66667   0.38095  -0.19048  48.00000
   0.71429   0.42857  -0.23810  48.00000
   0.76190   0.47619  -0.28571  48.00000
   0.80952   0.52381  -0.33333  48.00000
   0.85714   0.57143  -0.38095  48.00000
   0.90476   0.61905  -0.42857  48.00000
   0.95238   0.66667  -0.47619  48.00000
   1.00000   0.71429  -0.52381  24.00000
   0.57143   0.19048   0.00000  24.00000
   0.61905   0.23810  -0.04762  48.00000
   0.66667   0.28571  -0.09524  48.00000
   0.71429   0.33333  -0.14286  48.00000
   0.76190   0.38095  -0.19048  48.00000
   0.80952   0.42857  -0.23810  48.00000
   0.85714   0.47619  -0.28571  48.00000
   0.90476   0.52381  -0.33333  48.00000
   0.95238   0.57143  -0.38095  48.00000
   1.00000   0.61905  -0.42857  24.00000
   0.66667   0.19048   0.00000  24.00000
   0.71429   0.23810  -0.04762  48.00000
   0.76190   0.28571  -0.09524  48.00000
   0.80952   0.33333  -0.14286  48.00000
   0.85714   0.38095  -0.19048  48.00000
   0.90476   0.42857  -0.23810  48.00000
   0.95238   0.47619  -0.28571  48.00000
   1.00000   0.52381  -0.33333  24.00000
   0.76190   0.19048   0.00000  24.00000
   0.80952   0.23810  -0.04762  48.00000
   0.85714   0.28571  -0.09524  48.00000
   0.90476   0.33333  -0.14286  48.00000
   0.95238   0.38095  -0.19048  48.00000
   1.00000   0.42857  -0.23810  24.00000
   0.85714   0.19048   0.00000  24.00000
   0.90476   0.23810  -0.04762  48.00000
   0.95238   0.28571  -0.09524  48.00000
   1.00000   0.33333  -0.14286  24.00000
   0.95238   0.19048   0.00000  24.00000
   1.00000   0.23810  -0.04762  24.00000
   0.57143   0.28571   0.00000  24.00000
   0.61905   0.33333  -0.04762  48.00000
   0.66667   0.38095  -0.09524  48.00000
   0.71429   0.42857  -0.14286  48.00000
   0.76190   0.47619  -0.19048  48.00000
   0.66667   0.28571   0.00000  24.00000
   0.71429   0.33333  -0.04762  48.00000
   0.76190   0.38095  -0.09524  48.00000
   0.80952   0.42857  -0.14286  48.00000
   0.85714   0.47619  -0.19048  48.00000
   0.90476   0.52381  -0.23810  48.00000
   0.95238   0.57143  -0.28571  48.00000
   1.00000   0.61905  -0.33333  24.00000
   0.76190   0.28571   0.00000  24.00000
   0.80952   0.33333  -0.04762  48.00000
   0.85714   0.38095  -0.09524  48.00000
   0.90476   0.42857  -0.14286  48.00000
   0.95238   0.47619  -0.19048  48.00000
   1.00000   0.52381  -0.23810  24.00000
   0.85714   0.28571   0.00000  24.00000
   0.90476   0.33333  -0.04762  48.00000
   0.95238   0.38095  -0.09524  48.00000
   1.00000   0.42857  -0.14286  24.00000
   0.95238   0.28571   0.00000  24.00000
   1.00000   0.33333  -0.04762  24.00000
   0.76190   0.38095   0.00000  24.00000
   0.80952   0.42857  -0.04762  48.00000
   0.85714   0.47619  -0.09524  48.00000
   0.85714   0.38095   0.00000  24.00000
   0.90476   0.42857  -0.04762  48.00000
   0.95238   0.47619  -0.09524  48.00000
   1.00000   0.52381  -0.14286  24.00000
   0.95238   0.38095   0.00000  24.00000
   1.00000   0.42857  -0.04762  24.00000
   0.95238   0.47619   0.00000  24.00000




                              --------------------------------------------------
                                 S T R U C T U R A L   I N F O R M A T I O N
                              --------------------------------------------------


   SUBSTANCE                    = cubic fcc  (delta)                                                              

   LATTICE                      = F   
   LATTICE CONSTANTS ARE        =    9.1629180   9.1629180   9.1629180
   NUMBER OF ATOMS IN UNITCELL  =   1
   MODE OF CALCULATION IS       = RELA
 IORD=          48
 FNAMES=
 ./delta_Pu_14.vectorso_1                                                       
                                                                                
                                           
 ./delta_Pu_14.vectorsodn_1                                                     
                                                                                
                                           
 delta_Pu_14.energyso_1                                                         
                                                                                
                                           
 delta_Pu_14.energysodn_1                                                       
                                                                                
                                           
  BR1,  BR2
   0.68572   0.00000   0.00000     -0.68572   0.68572   0.68572
   0.00000   0.68572   0.00000      0.68572  -0.68572   0.68572
   0.00000   0.00000   0.68572      0.68572   0.68572  -0.68572
 projector corrected--must be 1,2, or 3! Now projector= 2
 Energy window:   -0.4410 < E <      0.441
 Projected density of states calculation for  1 atoms
--------- atom  1 -------------
l=  3  qsplit=  4
 Symmetrization over eq. k-points is performed
 ********** Start Reading Cix file *************
  Correlated block number           1
  Correlated index=
  1  0  0  0  0  0  0  0  0  0  0  0  0  0
  0  1  0  0  0  0  0  0  0  0  0  0  0  0
  0  0  1  0  0  0  0  0  0  0  0  0  0  0
  0  0  0  1  0  0  0  0  0  0  0  0  0  0
  0  0  0  0  1  0  0  0  0  0  0  0  0  0
  0  0  0  0  0  1  0  0  0  0  0  0  0  0
  0  0  0  0  0  0  2  0  0  0  0  0  0  0
  0  0  0  0  0  0  0  2  0  0  0  0  0  0
  0  0  0  0  0  0  0  0  2  0  0  0  0  0
  0  0  0  0  0  0  0  0  0  2  0  0  0  0
  0  0  0  0  0  0  0  0  0  0  2  0  0  0
  0  0  0  0  0  0  0  0  0  0  0  2  0  0
  0  0  0  0  0  0  0  0  0  0  0  0  2  0
  0  0  0  0  0  0  0  0  0  0  0  0  0  2
  Real part of unitary matrix=
  0.9258  0.0000  0.0000  0.0000  0.0000  0.0000  0.0000  0.0000 -0.3780  0.0000  0.0000  0.0000  0.0000  0.0000
  0.0000  0.8452  0.0000  0.0000  0.0000  0.0000  0.0000  0.0000  0.0000 -0.5345  0.0000  0.0000  0.0000  0.0000
  0.0000  0.0000  0.7559  0.0000  0.0000  0.0000  0.0000  0.0000  0.0000  0.0000 -0.6547  0.0000  0.0000  0.0000
  0.0000  0.0000  0.0000  0.6547  0.0000  0.0000  0.0000  0.0000  0.0000  0.0000  0.0000 -0.7559  0.0000  0.0000
  0.0000  0.0000  0.0000  0.0000  0.5345  0.0000  0.0000  0.0000  0.0000  0.0000  0.0000  0.0000 -0.8452  0.0000
  0.0000  0.0000  0.0000  0.0000  0.0000  0.3780  0.0000  0.0000  0.0000  0.0000  0.0000  0.0000  0.0000 -0.9258
  0.0000  0.0000  0.0000  0.0000  0.0000  0.0000  0.0000  1.0000  0.0000  0.0000  0.0000  0.0000  0.0000  0.0000
  0.3780  0.0000  0.0000  0.0000  0.0000  0.0000  0.0000  0.0000  0.9258  0.0000  0.0000  0.0000  0.0000  0.0000
  0.0000  0.5345  0.0000  0.0000  0.0000  0.0000  0.0000  0.0000  0.0000  0.8452  0.0000  0.0000  0.0000  0.0000
  0.0000  0.0000  0.6547  0.0000  0.0000  0.0000  0.0000  0.0000  0.0000  0.0000  0.7559  0.0000  0.0000  0.0000
  0.0000  0.0000  0.0000  0.7559  0.0000  0.0000  0.0000  0.0000  0.0000  0.0000  0.0000  0.6547  0.0000  0.0000
  0.0000  0.0000  0.0000  0.0000  0.8452  0.0000  0.0000  0.0000  0.0000  0.0000  0.0000  0.0000  0.5345  0.0000
  0.0000  0.0000  0.0000  0.0000  0.0000  0.9258  0.0000  0.0000  0.0000  0.0000  0.0000  0.0000  0.0000  0.3780
  0.0000  0.0000  0.0000  0.0000  0.0000  0.0000  1.0000  0.0000  0.0000  0.0000  0.0000  0.0000  0.0000  0.0000
  Imaginary part of unitary matrix=
  0.0000  0.0000  0.0000  0.0000  0.0000  0.0000  0.0000  0.0000  0.0000  0.0000  0.0000  0.0000  0.0000  0.0000
  0.0000  0.0000  0.0000  0.0000  0.0000  0.0000  0.0000  0.0000  0.0000  0.0000  0.0000  0.0000  0.0000  0.0000
  0.0000  0.0000  0.0000  0.0000  0.0000  0.0000  0.0000  0.0000  0.0000  0.0000  0.0000  0.0000  0.0000  0.0000
  0.0000  0.0000  0.0000  0.0000  0.0000  0.0000  0.0000  0.0000  0.0000  0.0000  0.0000  0.0000  0.0000  0.0000
  0.0000  0.0000  0.0000  0.0000  0.0000  0.0000  0.0000  0.0000  0.0000  0.0000  0.0000  0.0000  0.0000  0.0000
  0.0000  0.0000  0.0000  0.0000  0.0000  0.0000  0.0000  0.0000  0.0000  0.0000  0.0000  0.0000  0.0000  0.0000
  0.0000  0.0000  0.0000  0.0000  0.0000  0.0000  0.0000  0.0000  0.0000  0.0000  0.0000  0.0000  0.0000  0.0000
  0.0000  0.0000  0.0000  0.0000  0.0000  0.0000  0.0000  0.0000  0.0000  0.0000  0.0000  0.0000  0.0000  0.0000
  0.0000  0.0000  0.0000  0.0000  0.0000  0.0000  0.0000  0.0000  0.0000  0.0000  0.0000  0.0000  0.0000  0.0000
  0.0000  0.0000  0.0000  0.0000  0.0000  0.0000  0.0000  0.0000  0.0000  0.0000  0.0000  0.0000  0.0000  0.0000
  0.0000  0.0000  0.0000  0.0000  0.0000  0.0000  0.0000  0.0000  0.0000  0.0000  0.0000  0.0000  0.0000  0.0000
  0.0000  0.0000  0.0000  0.0000  0.0000  0.0000  0.0000  0.0000  0.0000  0.0000  0.0000  0.0000  0.0000  0.0000
  0.0000  0.0000  0.0000  0.0000  0.0000  0.0000  0.0000  0.0000  0.0000  0.0000  0.0000  0.0000  0.0000  0.0000
  0.0000  0.0000  0.0000  0.0000  0.0000  0.0000  0.0000  0.0000  0.0000  0.0000  0.0000  0.0000  0.0000  0.0000
  At least one transformation matrix is not Identity
 Magnetic system with s-o coupling; M theta, phi:  0.0000  0.0000
 Inside ROTDEF
Operation  1 transforms atom   1 from first atom   1
Actual position of atom  1 is:  0.000000    0.000000    0.000000
 
Combined transformation (acting on k-point) for correlated atoms
including users rotation and internal local rotation
catom  1 atom   1
   0.68572   0.00000   0.00000
   0.00000  -0.68572   0.00000
   0.00000   0.00000  -0.68572
 
 
 SPIN COORD SYSTEM:
    1.000000    0.000000    0.000000
    0.000000    1.000000    0.000000
    0.000000    0.000000    1.000000
 
 in global cartezian coordinates:
    1.000000    0.000000    0.000000
    0.000000   -1.000000    0.000000
    0.000000    0.000000   -1.000000
 ____________________________
 in spin coordinates:
    1.000000    0.000000    0.000000
    0.000000   -1.000000    0.000000
    0.000000    0.000000   -1.000000
           1   3.14159265358979       -1.00000000000000     
 
 in global cartezian coordinates:
    1.000000    0.000000    0.000000
    0.000000    0.000000   -1.000000
    0.000000   -1.000000    0.000000
 ____________________________
 in spin coordinates:
    1.000000    0.000000    0.000000
    0.000000    0.000000   -1.000000
    0.000000   -1.000000    0.000000
           2   1.57079632679490       0.000000000000000E+000
 
 symm. operation            2  removed !!!! so-det=  0.000000000000000E+000
 in global cartezian coordinates:
   -1.000000    0.000000    0.000000
    0.000000   -1.000000    0.000000
    0.000000    0.000000   -1.000000
 ____________________________
 in spin coordinates:
   -1.000000    0.000000    0.000000
    0.000000   -1.000000    0.000000
    0.000000    0.000000   -1.000000
           3  0.000000000000000E+000   1.00000000000000     
 
 in global cartezian coordinates:
   -1.000000    0.000000    0.000000
    0.000000    0.000000   -1.000000
    0.000000   -1.000000    0.000000
 ____________________________
 in spin coordinates:
   -1.000000    0.000000    0.000000
    0.000000    0.000000   -1.000000
    0.000000   -1.000000    0.000000
           4   1.57079632679490       0.000000000000000E+000
 
 symm. operation            4  removed !!!! so-det=  0.000000000000000E+000
 in global cartezian coordinates:
    0.000000   -1.000000    0.000000
    1.000000    0.000000    0.000000
    0.000000    0.000000   -1.000000
 ____________________________
 in spin coordinates:
    0.000000   -1.000000    0.000000
    1.000000    0.000000    0.000000
    0.000000    0.000000   -1.000000
           5  -1.57079632679490        1.00000000000000     
 
 in global cartezian coordinates:
    0.000000   -1.000000    0.000000
    0.000000    0.000000   -1.000000
    1.000000    0.000000    0.000000
 ____________________________
 in spin coordinates:
    0.000000   -1.000000    0.000000
    0.000000    0.000000   -1.000000
    1.000000    0.000000    0.000000
           6 NaN                      0.000000000000000E+000
 
 symm. operation            6  removed !!!! so-det=  0.000000000000000E+000
 in global cartezian coordinates:
    0.000000    1.000000    0.000000
    1.000000    0.000000    0.000000
    0.000000    0.000000   -1.000000
 ____________________________
 in spin coordinates:
    0.000000    1.000000    0.000000
    1.000000    0.000000    0.000000
    0.000000    0.000000   -1.000000
           7   1.57079632679490       -1.00000000000000     
 
 in global cartezian coordinates:
    0.000000    1.000000    0.000000
    0.000000    0.000000   -1.000000
    1.000000    0.000000    0.000000
 ____________________________
 in spin coordinates:
    0.000000    1.000000    0.000000
    0.000000    0.000000   -1.000000
    1.000000    0.000000    0.000000
           8 NaN                      0.000000000000000E+000
 
 symm. operation            8  removed !!!! so-det=  0.000000000000000E+000
 in global cartezian coordinates:
    0.000000    0.000000   -1.000000
    1.000000    0.000000    0.000000
    0.000000   -1.000000    0.000000
 ____________________________
 in spin coordinates:
    0.000000    0.000000   -1.000000
    1.000000    0.000000    0.000000
    0.000000   -1.000000    0.000000
           9   1.57079632679490       0.000000000000000E+000
 
 symm. operation            9  removed !!!! so-det=  0.000000000000000E+000
 in global cartezian coordinates:
    0.000000    0.000000   -1.000000
    0.000000   -1.000000    0.000000
    1.000000    0.000000    0.000000
 ____________________________
 in spin coordinates:
    0.000000    0.000000   -1.000000
    0.000000   -1.000000    0.000000
    1.000000    0.000000    0.000000
          10   1.57079632679490       0.000000000000000E+000
 
 symm. operation           10  removed !!!! so-det=  0.000000000000000E+000
 in global cartezian coordinates:
    0.000000    0.000000    1.000000
    1.000000    0.000000    0.000000
    0.000000   -1.000000    0.000000
 ____________________________
 in spin coordinates:
    0.000000    0.000000    1.000000
    1.000000    0.000000    0.000000
    0.000000   -1.000000    0.000000
          11   1.57079632679490       0.000000000000000E+000
 
 symm. operation           11  removed !!!! so-det=  0.000000000000000E+000
 in global cartezian coordinates:
    0.000000    0.000000    1.000000
    0.000000   -1.000000    0.000000
    1.000000    0.000000    0.000000
 ____________________________
 in spin coordinates:
    0.000000    0.000000    1.000000
    0.000000   -1.000000    0.000000
    1.000000    0.000000    0.000000
          12   1.57079632679490       0.000000000000000E+000
 
 symm. operation           12  removed !!!! so-det=  0.000000000000000E+000
 in global cartezian coordinates:
    0.000000   -1.000000    0.000000
   -1.000000    0.000000    0.000000
    0.000000    0.000000   -1.000000
 ____________________________
 in spin coordinates:
    0.000000   -1.000000    0.000000
   -1.000000    0.000000    0.000000
    0.000000    0.000000   -1.000000
          13   4.71238898038469       -1.00000000000000     
 
 in global cartezian coordinates:
    0.000000    1.000000    0.000000
   -1.000000    0.000000    0.000000
    0.000000    0.000000   -1.000000
 ____________________________
 in spin coordinates:
    0.000000    1.000000    0.000000
   -1.000000    0.000000    0.000000
    0.000000    0.000000   -1.000000
          14   1.57079632679490        1.00000000000000     
 
 in global cartezian coordinates:
    0.000000   -1.000000    0.000000
    0.000000    0.000000   -1.000000
   -1.000000    0.000000    0.000000
 ____________________________
 in spin coordinates:
    0.000000   -1.000000    0.000000
    0.000000    0.000000   -1.000000
   -1.000000    0.000000    0.000000
          15 NaN                      0.000000000000000E+000
 
 symm. operation           15  removed !!!! so-det=  0.000000000000000E+000
 in global cartezian coordinates:
    0.000000    1.000000    0.000000
    0.000000    0.000000   -1.000000
   -1.000000    0.000000    0.000000
 ____________________________
 in spin coordinates:
    0.000000    1.000000    0.000000
    0.000000    0.000000   -1.000000
   -1.000000    0.000000    0.000000
          16 NaN                      0.000000000000000E+000
 
 symm. operation           16  removed !!!! so-det=  0.000000000000000E+000
 in global cartezian coordinates:
    1.000000    0.000000    0.000000
    0.000000    1.000000    0.000000
    0.000000    0.000000   -1.000000
 ____________________________
 in spin coordinates:
    1.000000    0.000000    0.000000
    0.000000    1.000000    0.000000
    0.000000    0.000000   -1.000000
          17   3.14159274101257        1.00000000000000     
 
 in global cartezian coordinates:
   -1.000000    0.000000    0.000000
    0.000000    1.000000    0.000000
    0.000000    0.000000   -1.000000
 ____________________________
 in spin coordinates:
   -1.000000    0.000000    0.000000
    0.000000    1.000000    0.000000
    0.000000    0.000000   -1.000000
          18   6.28318539460237       -1.00000000000000     
 
 in global cartezian coordinates:
    1.000000    0.000000    0.000000
    0.000000    0.000000   -1.000000
    0.000000    1.000000    0.000000
 ____________________________
 in spin coordinates:
    1.000000    0.000000    0.000000
    0.000000    0.000000   -1.000000
    0.000000    1.000000    0.000000
          19   1.57079632679490       0.000000000000000E+000
 
 symm. operation           19  removed !!!! so-det=  0.000000000000000E+000
 in global cartezian coordinates:
   -1.000000    0.000000    0.000000
    0.000000    0.000000   -1.000000
    0.000000    1.000000    0.000000
 ____________________________
 in spin coordinates:
   -1.000000    0.000000    0.000000
    0.000000    0.000000   -1.000000
    0.000000    1.000000    0.000000
          20   1.57079632679490       0.000000000000000E+000
 
 symm. operation           20  removed !!!! so-det=  0.000000000000000E+000
 in global cartezian coordinates:
    0.000000    0.000000   -1.000000
   -1.000000    0.000000    0.000000
    0.000000   -1.000000    0.000000
 ____________________________
 in spin coordinates:
    0.000000    0.000000   -1.000000
   -1.000000    0.000000    0.000000
    0.000000   -1.000000    0.000000
          21   1.57079632679490       0.000000000000000E+000
 
 symm. operation           21  removed !!!! so-det=  0.000000000000000E+000
 in global cartezian coordinates:
    0.000000    0.000000   -1.000000
    0.000000   -1.000000    0.000000
   -1.000000    0.000000    0.000000
 ____________________________
 in spin coordinates:
    0.000000    0.000000   -1.000000
    0.000000   -1.000000    0.000000
   -1.000000    0.000000    0.000000
          22   1.57079632679490       0.000000000000000E+000
 
 symm. operation           22  removed !!!! so-det=  0.000000000000000E+000
 in global cartezian coordinates:
    0.000000    0.000000    1.000000
   -1.000000    0.000000    0.000000
    0.000000   -1.000000    0.000000
 ____________________________
 in spin coordinates:
    0.000000    0.000000    1.000000
   -1.000000    0.000000    0.000000
    0.000000   -1.000000    0.000000
          23   1.57079632679490       0.000000000000000E+000
 
 symm. operation           23  removed !!!! so-det=  0.000000000000000E+000
 in global cartezian coordinates:
    0.000000    0.000000    1.000000
    0.000000   -1.000000    0.000000
   -1.000000    0.000000    0.000000
 ____________________________
 in spin coordinates:
    0.000000    0.000000    1.000000
    0.000000   -1.000000    0.000000
   -1.000000    0.000000    0.000000
          24   1.57079632679490       0.000000000000000E+000
 
 symm. operation           24  removed !!!! so-det=  0.000000000000000E+000
 in global cartezian coordinates:
    0.000000    0.000000   -1.000000
    0.000000    1.000000    0.000000
    1.000000    0.000000    0.000000
 ____________________________
 in spin coordinates:
    0.000000    0.000000   -1.000000
    0.000000    1.000000    0.000000
    1.000000    0.000000    0.000000
          25   1.57079632679490       0.000000000000000E+000
 
 symm. operation           25  removed !!!! so-det=  0.000000000000000E+000
 in global cartezian coordinates:
    0.000000    0.000000   -1.000000
    1.000000    0.000000    0.000000
    0.000000    1.000000    0.000000
 ____________________________
 in spin coordinates:
    0.000000    0.000000   -1.000000
    1.000000    0.000000    0.000000
    0.000000    1.000000    0.000000
          26   1.57079632679490       0.000000000000000E+000
 
 symm. operation           26  removed !!!! so-det=  0.000000000000000E+000
 in global cartezian coordinates:
    0.000000    0.000000    1.000000
    0.000000    1.000000    0.000000
    1.000000    0.000000    0.000000
 ____________________________
 in spin coordinates:
    0.000000    0.000000    1.000000
    0.000000    1.000000    0.000000
    1.000000    0.000000    0.000000
          27   1.57079632679490       0.000000000000000E+000
 
 symm. operation           27  removed !!!! so-det=  0.000000000000000E+000
 in global cartezian coordinates:
    0.000000    0.000000    1.000000
    1.000000    0.000000    0.000000
    0.000000    1.000000    0.000000
 ____________________________
 in spin coordinates:
    0.000000    0.000000    1.000000
    1.000000    0.000000    0.000000
    0.000000    1.000000    0.000000
          28   1.57079632679490       0.000000000000000E+000
 
 symm. operation           28  removed !!!! so-det=  0.000000000000000E+000
 in global cartezian coordinates:
    1.000000    0.000000    0.000000
    0.000000    0.000000    1.000000
    0.000000   -1.000000    0.000000
 ____________________________
 in spin coordinates:
    1.000000    0.000000    0.000000
    0.000000    0.000000    1.000000
    0.000000   -1.000000    0.000000
          29   1.57079632679490       0.000000000000000E+000
 
 symm. operation           29  removed !!!! so-det=  0.000000000000000E+000
 in global cartezian coordinates:
   -1.000000    0.000000    0.000000
    0.000000    0.000000    1.000000
    0.000000   -1.000000    0.000000
 ____________________________
 in spin coordinates:
   -1.000000    0.000000    0.000000
    0.000000    0.000000    1.000000
    0.000000   -1.000000    0.000000
          30   1.57079632679490       0.000000000000000E+000
 
 symm. operation           30  removed !!!! so-det=  0.000000000000000E+000
 in global cartezian coordinates:
    1.000000    0.000000    0.000000
    0.000000   -1.000000    0.000000
    0.000000    0.000000    1.000000
 ____________________________
 in spin coordinates:
    1.000000    0.000000    0.000000
    0.000000   -1.000000    0.000000
    0.000000    0.000000    1.000000
          31   6.28318539460237       -1.00000000000000     
 
 in global cartezian coordinates:
   -1.000000    0.000000    0.000000
    0.000000   -1.000000    0.000000
    0.000000    0.000000    1.000000
 ____________________________
 in spin coordinates:
   -1.000000    0.000000    0.000000
    0.000000   -1.000000    0.000000
    0.000000    0.000000    1.000000
          32   3.14159274101257        1.00000000000000     
 
 in global cartezian coordinates:
    0.000000   -1.000000    0.000000
    0.000000    0.000000    1.000000
    1.000000    0.000000    0.000000
 ____________________________
 in spin coordinates:
    0.000000   -1.000000    0.000000
    0.000000    0.000000    1.000000
    1.000000    0.000000    0.000000
          33 NaN                      0.000000000000000E+000
 
 symm. operation           33  removed !!!! so-det=  0.000000000000000E+000
 in global cartezian coordinates:
    0.000000    1.000000    0.000000
    0.000000    0.000000    1.000000
    1.000000    0.000000    0.000000
 ____________________________
 in spin coordinates:
    0.000000    1.000000    0.000000
    0.000000    0.000000    1.000000
    1.000000    0.000000    0.000000
          34 NaN                      0.000000000000000E+000
 
 symm. operation           34  removed !!!! so-det=  0.000000000000000E+000
 in global cartezian coordinates:
    0.000000   -1.000000    0.000000
    1.000000    0.000000    0.000000
    0.000000    0.000000    1.000000
 ____________________________
 in spin coordinates:
    0.000000   -1.000000    0.000000
    1.000000    0.000000    0.000000
    0.000000    0.000000    1.000000
          35   1.57079632679490        1.00000000000000     
 
 in global cartezian coordinates:
    0.000000    1.000000    0.000000
    1.000000    0.000000    0.000000
    0.000000    0.000000    1.000000
 ____________________________
 in spin coordinates:
    0.000000    1.000000    0.000000
    1.000000    0.000000    0.000000
    0.000000    0.000000    1.000000
          36   4.71238898038469       -1.00000000000000     
 
 in global cartezian coordinates:
    0.000000    0.000000   -1.000000
    0.000000    1.000000    0.000000
   -1.000000    0.000000    0.000000
 ____________________________
 in spin coordinates:
    0.000000    0.000000   -1.000000
    0.000000    1.000000    0.000000
   -1.000000    0.000000    0.000000
          37   1.57079632679490       0.000000000000000E+000
 
 symm. operation           37  removed !!!! so-det=  0.000000000000000E+000
 in global cartezian coordinates:
    0.000000    0.000000   -1.000000
   -1.000000    0.000000    0.000000
    0.000000    1.000000    0.000000
 ____________________________
 in spin coordinates:
    0.000000    0.000000   -1.000000
   -1.000000    0.000000    0.000000
    0.000000    1.000000    0.000000
          38   1.57079632679490       0.000000000000000E+000
 
 symm. operation           38  removed !!!! so-det=  0.000000000000000E+000
 in global cartezian coordinates:
    0.000000    0.000000    1.000000
    0.000000    1.000000    0.000000
   -1.000000    0.000000    0.000000
 ____________________________
 in spin coordinates:
    0.000000    0.000000    1.000000
    0.000000    1.000000    0.000000
   -1.000000    0.000000    0.000000
          39   1.57079632679490       0.000000000000000E+000
 
 symm. operation           39  removed !!!! so-det=  0.000000000000000E+000
 in global cartezian coordinates:
    0.000000    0.000000    1.000000
   -1.000000    0.000000    0.000000
    0.000000    1.000000    0.000000
 ____________________________
 in spin coordinates:
    0.000000    0.000000    1.000000
   -1.000000    0.000000    0.000000
    0.000000    1.000000    0.000000
          40   1.57079632679490       0.000000000000000E+000
 
 symm. operation           40  removed !!!! so-det=  0.000000000000000E+000
 in global cartezian coordinates:
    0.000000   -1.000000    0.000000
    0.000000    0.000000    1.000000
   -1.000000    0.000000    0.000000
 ____________________________
 in spin coordinates:
    0.000000   -1.000000    0.000000
    0.000000    0.000000    1.000000
   -1.000000    0.000000    0.000000
          41 NaN                      0.000000000000000E+000
 
 symm. operation           41  removed !!!! so-det=  0.000000000000000E+000
 in global cartezian coordinates:
    0.000000   -1.000000    0.000000
   -1.000000    0.000000    0.000000
    0.000000    0.000000    1.000000
 ____________________________
 in spin coordinates:
    0.000000   -1.000000    0.000000
   -1.000000    0.000000    0.000000
    0.000000    0.000000    1.000000
          42   1.57079632679490       -1.00000000000000     
 
 in global cartezian coordinates:
    0.000000    1.000000    0.000000
    0.000000    0.000000    1.000000
   -1.000000    0.000000    0.000000
 ____________________________
 in spin coordinates:
    0.000000    1.000000    0.000000
    0.000000    0.000000    1.000000
   -1.000000    0.000000    0.000000
          43 NaN                      0.000000000000000E+000
 
 symm. operation           43  removed !!!! so-det=  0.000000000000000E+000
 in global cartezian coordinates:
    0.000000    1.000000    0.000000
   -1.000000    0.000000    0.000000
    0.000000    0.000000    1.000000
 ____________________________
 in spin coordinates:
    0.000000    1.000000    0.000000
   -1.000000    0.000000    0.000000
    0.000000    0.000000    1.000000
          44  -1.57079632679490        1.00000000000000     
 
 in global cartezian coordinates:
    1.000000    0.000000    0.000000
    0.000000    0.000000    1.000000
    0.000000    1.000000    0.000000
 ____________________________
 in spin coordinates:
    1.000000    0.000000    0.000000
    0.000000    0.000000    1.000000
    0.000000    1.000000    0.000000
          45   1.57079632679490       0.000000000000000E+000
 
 symm. operation           45  removed !!!! so-det=  0.000000000000000E+000
 in global cartezian coordinates:
    1.000000    0.000000    0.000000
    0.000000    1.000000    0.000000
    0.000000    0.000000    1.000000
 ____________________________
 in spin coordinates:
    1.000000    0.000000    0.000000
    0.000000    1.000000    0.000000
    0.000000    0.000000    1.000000
          46  0.000000000000000E+000   1.00000000000000     
 
 in global cartezian coordinates:
   -1.000000    0.000000    0.000000
    0.000000    0.000000    1.000000
    0.000000    1.000000    0.000000
 ____________________________
 in spin coordinates:
   -1.000000    0.000000    0.000000
    0.000000    0.000000    1.000000
    0.000000    1.000000    0.000000
          47   1.57079632679490       0.000000000000000E+000
 
 symm. operation           47  removed !!!! so-det=  0.000000000000000E+000
 in global cartezian coordinates:
   -1.000000    0.000000    0.000000
    0.000000    1.000000    0.000000
    0.000000    0.000000    1.000000
 ____________________________
 in spin coordinates:
   -1.000000    0.000000    0.000000
    0.000000    1.000000    0.000000
    0.000000    0.000000    1.000000
          48   3.14159265358979       -1.00000000000000     
 
 Original and SO-compatible symops changed:          48          16
 FNAME=
 delta_Pu_14.energyso_1                                                         
                                                                                
                                                     60
 FNAME=
 delta_Pu_14.energysodn_1                                                       
                                                                                
                                                     59
 BZ-integration with TETRA-program.   icor=: 1
 Equal occupancy of degenerate states, tol=: 0.1E-05
 call eord...
 call dos...
 ILOOP            1
 ILOOP            2
   FERMI ENERGY AT    1.00327402189105     
 RESULT OF INTEGRATION:      15.999999999301; SHOULD BE:      15.999999999900
   SUM RULE OF TETRAHEDRON INTEGRATION CHECKED 
 call eweigh...
   number of occupied bands:          18
   highest energy:   1.00780378725881     
 FERMI-LDA=   1.003 Ryd,  13.650 eV.
 ABSOLUTE EMIN=   0.562 Ryd.   7.650 eV.
 ABSOLUTE EMAX=   1.444 Ryd.  19.650 eV.


:NLDA  : NUMBER OF ELECTRONS          =  16.000

:FLDA  : F E R M I - ENERGY           =   1.00327
 
 ********** Information about the atomic index arrays ************
 iatom=           1
 isort=           1
 csort=           1
 maxucase=           1
icase, iucase, jatom, latom=     1     1     1     1
 
 *****  Arrays for correlated blocks ******
 norbitals=           1
 maxdim2=          14
iorbital( 1, 1)=   1
cix( 1, 1)=   1
icase,lcase,icix,iorb,nind1,ip1,iSx=    1    1    1    1   14    1    1
icase,lcase,icix,iorb,nind1,ip1,iSx=    1    1    1    1   14    2    2
icase,lcase,icix,iorb,nind1,ip1,iSx=    1    1    1    1   14    3    3
icase,lcase,icix,iorb,nind1,ip1,iSx=    1    1    1    1   14    4    4
icase,lcase,icix,iorb,nind1,ip1,iSx=    1    1    1    1   14    5    5
icase,lcase,icix,iorb,nind1,ip1,iSx=    1    1    1    1   14    6    6
icase,lcase,icix,iorb,nind1,ip1,iSx=    1    1    1    1   14    7    7
icase,lcase,icix,iorb,nind1,ip1,iSx=    1    1    1    1   14    8    8
icase,lcase,icix,iorb,nind1,ip1,iSx=    1    1    1    1   14    9    9
icase,lcase,icix,iorb,nind1,ip1,iSx=    1    1    1    1   14   10   10
icase,lcase,icix,iorb,nind1,ip1,iSx=    1    1    1    1   14   11   11
icase,lcase,icix,iorb,nind1,ip1,iSx=    1    1    1    1   14   12   12
icase,lcase,icix,iorb,nind1,ip1,iSx=    1    1    1    1   14   13   13
icase,lcase,icix,iorb,nind1,ip1,iSx=    1    1    1    1   14   14   14
cixdim( 1)=14
noccur( 1, 1)=   6
noccur( 2, 1)=   8
iSx( 1, 1)=  1
iSx( 2, 1)=  2
iSx( 3, 1)=  3
iSx( 4, 1)=  4
iSx( 5, 1)=  5
iSx( 6, 1)=  6
iSx( 7, 1)=  7
iSx( 8, 1)=  8
iSx( 9, 1)=  9
iSx(10, 1)= 10
iSx(11, 1)= 11
iSx(12, 1)= 12
iSx(13, 1)= 13
iSx(14, 1)= 14
nindo( 1)= 14
CF for iorb1= 1 iorb2= 1
    0.92582010     0.00000000       0.00000000     0.00000000       0.00000000     0.00000000       0.00000000     0.00000000       0.00000000     0.00000000       0.00000000     0.00000000       0.00000000     0.00000000       0.00000000     0.00000000      -0.37796447     0.00000000       0.00000000     0.00000000       0.00000000     0.00000000       0.00000000     0.00000000       0.00000000     0.00000000       0.00000000     0.00000000   
    0.00000000     0.00000000       0.84515425     0.00000000       0.00000000     0.00000000       0.00000000     0.00000000       0.00000000     0.00000000       0.00000000     0.00000000       0.00000000     0.00000000       0.00000000     0.00000000       0.00000000     0.00000000      -0.53452248     0.00000000       0.00000000     0.00000000       0.00000000     0.00000000       0.00000000     0.00000000       0.00000000     0.00000000   
    0.00000000     0.00000000       0.00000000     0.00000000       0.75592895     0.00000000       0.00000000     0.00000000       0.00000000     0.00000000       0.00000000     0.00000000       0.00000000     0.00000000       0.00000000     0.00000000       0.00000000     0.00000000       0.00000000     0.00000000      -0.65465367     0.00000000       0.00000000     0.00000000       0.00000000     0.00000000       0.00000000     0.00000000   
    0.00000000     0.00000000       0.00000000     0.00000000       0.00000000     0.00000000       0.65465367     0.00000000       0.00000000     0.00000000       0.00000000     0.00000000       0.00000000     0.00000000       0.00000000     0.00000000       0.00000000     0.00000000       0.00000000     0.00000000       0.00000000     0.00000000      -0.75592895     0.00000000       0.00000000     0.00000000       0.00000000     0.00000000   
    0.00000000     0.00000000       0.00000000     0.00000000       0.00000000     0.00000000       0.00000000     0.00000000       0.53452248     0.00000000       0.00000000     0.00000000       0.00000000     0.00000000       0.00000000     0.00000000       0.00000000     0.00000000       0.00000000     0.00000000       0.00000000     0.00000000       0.00000000     0.00000000      -0.84515425     0.00000000       0.00000000     0.00000000   
    0.00000000     0.00000000       0.00000000     0.00000000       0.00000000     0.00000000       0.00000000     0.00000000       0.00000000     0.00000000       0.37796447     0.00000000       0.00000000     0.00000000       0.00000000     0.00000000       0.00000000     0.00000000       0.00000000     0.00000000       0.00000000     0.00000000       0.00000000     0.00000000       0.00000000     0.00000000      -0.92582010     0.00000000   
    0.00000000     0.00000000       0.00000000     0.00000000       0.00000000     0.00000000       0.00000000     0.00000000       0.00000000     0.00000000       0.00000000     0.00000000       0.00000000     0.00000000       1.00000000     0.00000000       0.00000000     0.00000000       0.00000000     0.00000000       0.00000000     0.00000000       0.00000000     0.00000000       0.00000000     0.00000000       0.00000000     0.00000000   
    0.37796447     0.00000000       0.00000000     0.00000000       0.00000000     0.00000000       0.00000000     0.00000000       0.00000000     0.00000000       0.00000000     0.00000000       0.00000000     0.00000000       0.00000000     0.00000000       0.92582010     0.00000000       0.00000000     0.00000000       0.00000000     0.00000000       0.00000000     0.00000000       0.00000000     0.00000000       0.00000000     0.00000000   
    0.00000000     0.00000000       0.53452248     0.00000000       0.00000000     0.00000000       0.00000000     0.00000000       0.00000000     0.00000000       0.00000000     0.00000000       0.00000000     0.00000000       0.00000000     0.00000000       0.00000000     0.00000000       0.84515425     0.00000000       0.00000000     0.00000000       0.00000000     0.00000000       0.00000000     0.00000000       0.00000000     0.00000000   
    0.00000000     0.00000000       0.00000000     0.00000000       0.65465367     0.00000000       0.00000000     0.00000000       0.00000000     0.00000000       0.00000000     0.00000000       0.00000000     0.00000000       0.00000000     0.00000000       0.00000000     0.00000000       0.00000000     0.00000000       0.75592895     0.00000000       0.00000000     0.00000000       0.00000000     0.00000000       0.00000000     0.00000000   
    0.00000000     0.00000000       0.00000000     0.00000000       0.00000000     0.00000000       0.75592895     0.00000000       0.00000000     0.00000000       0.00000000     0.00000000       0.00000000     0.00000000       0.00000000     0.00000000       0.00000000     0.00000000       0.00000000     0.00000000       0.00000000     0.00000000       0.65465367     0.00000000       0.00000000     0.00000000       0.00000000     0.00000000   
    0.00000000     0.00000000       0.00000000     0.00000000       0.00000000     0.00000000       0.00000000     0.00000000       0.84515425     0.00000000       0.00000000     0.00000000       0.00000000     0.00000000       0.00000000     0.00000000       0.00000000     0.00000000       0.00000000     0.00000000       0.00000000     0.00000000       0.00000000     0.00000000       0.53452248     0.00000000       0.00000000     0.00000000   
    0.00000000     0.00000000       0.00000000     0.00000000       0.00000000     0.00000000       0.00000000     0.00000000       0.00000000     0.00000000       0.92582010     0.00000000       0.00000000     0.00000000       0.00000000     0.00000000       0.00000000     0.00000000       0.00000000     0.00000000       0.00000000     0.00000000       0.00000000     0.00000000       0.00000000     0.00000000       0.37796447     0.00000000   
    0.00000000     0.00000000       0.00000000     0.00000000       0.00000000     0.00000000       0.00000000     0.00000000       0.00000000     0.00000000       0.00000000     0.00000000       1.00000000     0.00000000       0.00000000     0.00000000       0.00000000     0.00000000       0.00000000     0.00000000       0.00000000     0.00000000       0.00000000     0.00000000       0.00000000     0.00000000       0.00000000     0.00000000   
Rspin for iorb=  1
 angles=  0.000000000000000E+000   3.14159265358979       0.000000000000000E+000
  0.000000000000000E+000  0.000000000000000E+000  0.000000000000000E+000
 Rspin=
    0.000000    0.000000      0.000000    1.000000
    0.000000    1.000000      0.000000    0.000000
 Calculation for atom  1 which has iucase=  1
 ATPAR for spin up

          ATOMIC PARAMETERS FOR Pu  0+    

           ENERGY PARAMETERS ARE   0.76  -1.38   0.76   0.76

           L     U(R)          U'(R)         DU/DE        DU'/DE      NORM-U'
           0  0.550386E+00  0.815310E+00  0.112906E+00 -0.225802E+00
           1  0.517745E+00 -0.546258E-01 -0.148626E+00 -0.402176E+00
           2 -0.617713E+00  0.247979E-01  0.984579E-01  0.346310E+00
           3 -0.319590E+00  0.124238E+00  0.361610E+00  0.536531E+00
LO COEFFICIENT: l,A,B,C   0          0.65570    -3.19633     0.00000     0.00000
 
LO COEFFICIENT: l,A,B,C   0          0.32225     0.00000     0.77917     0.00000
 
LO COEFFICIENT: l,A,B,C   1          0.88677     3.08909     0.00000     0.00000
 
LO COEFFICIENT: l,A,B,C   1          0.28457     0.00000    -1.25514     0.00000
 
LO COEFFICIENT: l,A,B,C   2          0.85294     5.35124     0.00000     0.00000
 
LO COEFFICIENT: l,A,B,C   3          0.93923     0.83009     0.00000     0.00000
 
 ATPAR for spin down

          ATOMIC PARAMETERS FOR Pu  0+    

           ENERGY PARAMETERS ARE   0.76  -1.38   0.76   0.76

           L     U(R)          U'(R)         DU/DE        DU'/DE      NORM-U'
           0  0.550386E+00  0.815310E+00  0.112906E+00 -0.225802E+00
           1  0.517745E+00 -0.546258E-01 -0.148626E+00 -0.402176E+00
           2 -0.617713E+00  0.247979E-01  0.984579E-01  0.346310E+00
           3 -0.319590E+00  0.124238E+00  0.361610E+00  0.536531E+00
LO COEFFICIENT: l,A,B,C   0          0.65570    -3.19633     0.00000     0.00000
 
LO COEFFICIENT: l,A,B,C   0          0.32225     0.00000     0.77917     0.00000
 
LO COEFFICIENT: l,A,B,C   1          0.88677     3.08909     0.00000     0.00000
 
LO COEFFICIENT: l,A,B,C   1          0.28457     0.00000    -1.25514     0.00000
 
LO COEFFICIENT: l,A,B,C   2          0.85294     5.35124     0.00000     0.00000
 
LO COEFFICIENT: l,A,B,C   3          0.93923     0.83009     0.00000     0.00000
 
 L1=           0  L2=           0
 RADIAL INTEGRALS:
           1           1                 1           1   1.00000000000000     
           1           3                 1           1  0.575578986850574     
           1           1                 1           2   1.00000000000000     
           1           3                 1           2  0.575578986850574     
           1           1                 2           1   1.00000000000000     
           1           3                 2           1  0.575578986850574     
           1           1                 2           2   1.00000000000000     
           1           3                 2           2  0.575578986850574     
           2           2                 1           1  5.579820371630342E-002
           2           3                 1           1 -0.190904727180829     
           2           2                 1           2  5.579820371630342E-002
           2           3                 1           2 -0.190904727180829     
           2           2                 2           1  5.579820371630342E-002
           2           3                 2           1 -0.190904727180829     
           2           2                 2           2  5.579820371630342E-002
           2           3                 2           2 -0.190904727180829     
           3           1                 1           1  0.575578986850574     
           3           2                 1           1 -0.190904727180829     
           3           3                 1           1  0.999999999999999     
           3           1                 1           2  0.575578986850574     
           3           2                 1           2 -0.190904727180829     
           3           3                 1           2  0.999999999999999     
           3           1                 2           1  0.575578986850574     
           3           2                 2           1 -0.190904727180829     
           3           3                 2           1  0.999999999999999     
           3           1                 2           2  0.575578986850574     
           3           2                 2           2 -0.190904727180829     
           3           3                 2           2  0.999999999999999     
 L1=           1  L2=           1
 RADIAL INTEGRALS:
           1           1                 1           1   1.00000000000000     
           1           3                 1           1  0.918823328359941     
           1           1                 1           2   1.00000000000000     
           1           3                 1           2  0.918823328359941     
           1           1                 2           1   1.00000000000000     
           1           3                 2           1  0.918823328359941     
           1           1                 2           2   1.00000000000000     
           1           3                 2           2  0.918823328359941     
           2           2                 1           1  2.238910587772897E-002
           2           3                 1           1  5.891155171121080E-002
           2           2                 1           2  2.238910587772897E-002
           2           3                 1           2  5.891155171121080E-002
           2           2                 2           1  2.238910587772897E-002
           2           3                 2           1  5.891155171121080E-002
           2           2                 2           2  2.238910587772897E-002
           2           3                 2           2  5.891155171121080E-002
           3           1                 1           1  0.918823328359941     
           3           2                 1           1  5.891155171121080E-002
           3           3                 1           1   1.00000000000000     
           3           1                 1           2  0.918823328359941     
           3           2                 1           2  5.891155171121080E-002
           3           3                 1           2   1.00000000000000     
           3           1                 2           1  0.918823328359941     
           3           2                 2           1  5.891155171121080E-002
           3           3                 2           1   1.00000000000000     
           3           1                 2           2  0.918823328359941     
           3           2                 2           2  5.891155171121080E-002
           3           3                 2           2   1.00000000000000     
 L1=           2  L2=           2
 RADIAL INTEGRALS:
           1           1                 1           1   1.00000000000000     
           1           1                 1           2   1.00000000000000     
           1           1                 2           1   1.00000000000000     
           1           1                 2           2   1.00000000000000     
           2           2                 1           1  9.515949087601351E-003
           2           2                 1           2  9.515949087601351E-003
           2           2                 2           1  9.515949087601351E-003
           2           2                 2           2  9.515949087601351E-003
 L1=           3  L2=           3
 RADIAL INTEGRALS:
           1           1                 1           1   1.00000000000000     
           1           1                 1           2   1.00000000000000     
           1           1                 2           1   1.00000000000000     
           1           1                 2           2   1.00000000000000     
           2           2                 1           1  0.171034283135374     
           2           2                 1           2  0.171034283135374     
           2           2                 2           1  0.171034283135374     
           2           2                 2           2  0.171034283135374     
Saving potential parameters for atom 1 into  1
pr_proc=143  tot-k=286
 ------------------------------------------------------------------------------


   =====>>> CPU TIME SUMMARY

            TOTAL       :      1.3
 OMP_NUM_THREADS= 2
 GUTZ_SOLVER VO.1.5 BUILT ON Jan 19 2014 AT22:25:59
 NT=  1 SEC_N%DIM=   10 WITH ID:
           1       2      16     107     471    1472    3474    6477    9909   12912
       14914
 MEAN U/J:  0.2940  0.0265
 NEL_FIX_VDC1=      5.24
 ATOM DEPENDENT NELF1:
      5.2427
 DCMIX_A=  0.200000
 SYMMETRICALLY NON-EQUIVALENT ATOMS:
          1
 VARIATIONAL-SETUP-NON-EQUIVALENT ATOMS:
          1
 COMPLEMENTARY VARIATIONAL-SETUP-EQUIVALENT ATOMS:

 GYZ%SYM%IDSUM:
  1
 DIM(X_Gutz)=  4
 CALC SET: GAPJ-SHFT FULL       -JH-PROJ SLATER    VAR-FIXDC    Ryd.   
 NT= 1
 LOCAL INTERACTION PART   :
 U              :   0.2940
 J              :   0.0265
 FOCK SPACE PART:
 NA             :  7
 FS%OCC(1) L.B. :  0
 FS%OCC(2) U.B. :  9
 FS%DIM         :     14913
 HL%OCC(1) L.B. :  0
 HL%OCC(2) U.B. :  9
 ISO= 2 ISPIN_IN= 1 ISPIN= 1 ISPO= 2
 BND%NMAX=  82
 BZ INTEGRATION WITH TETRA METHOD, ICOR= 1
 EQUAL OCCUPANCY OF DEGENERATE STATES, TOL= 0.1E-05
 VALENCE ELECTRONS: TOTAL=    16.0
                    CORRELATED PART=     8.0
 SYM%IDI/IDF=  1 16
 BND%NMAXIN=   26
      GUTZ5_INI_CORR_UVEK takes  0 hours  0 minutes and    0.04 seconds (CPU).
                          takes  0 hours  0 minutes and    0.03 seconds (WALL).
                 SETUP_TB takes  0 hours  0 minutes and    1.33 seconds (CPU).
                          takes  0 hours  0 minutes and    0.67 seconds (WALL).
************  EL-  ************
 NI=  1 NI_GLOBAL=  1
   1.0069   1.0055   1.0065   1.0065   1.0055   1.0069   1.0871   1.0849   1.0852   1.0853   1.0853   1.0852   1.0849   1.0871
************  EL=  ************
 NI=  1 NI_GLOBAL=  1
   1.0069   0.0000   0.0000   0.0000   0.0002   0.0000   0.0000   0.0010   0.0000   0.0000   0.0000   0.0020   0.0000   0.0000
   0.0000   1.0055   0.0000   0.0000   0.0000   0.0002   0.0000   0.0000  -0.0001   0.0000   0.0000   0.0000  -0.0020   0.0000
   0.0000   0.0000   1.0065   0.0000   0.0000   0.0000   0.0000   0.0000   0.0000  -0.0003   0.0000   0.0000   0.0000   0.0012
   0.0000   0.0000   0.0000   1.0065   0.0000   0.0000  -0.0012   0.0000   0.0000   0.0000   0.0003   0.0000   0.0000   0.0000
   0.0002   0.0000   0.0000   0.0000   1.0055   0.0000   0.0000   0.0020   0.0000   0.0000   0.0000   0.0001   0.0000   0.0000
   0.0000   0.0002   0.0000   0.0000   0.0000   1.0069   0.0000   0.0000  -0.0020   0.0000   0.0000   0.0000  -0.0010   0.0000
   0.0000   0.0000   0.0000  -0.0012   0.0000   0.0000   1.0871   0.0000   0.0000   0.0000   0.0011   0.0000   0.0000   0.0000
   0.0010   0.0000   0.0000   0.0000   0.0020   0.0000   0.0000   1.0849   0.0000   0.0000   0.0000  -0.0001   0.0000   0.0000
   0.0000  -0.0001   0.0000   0.0000   0.0000  -0.0020   0.0000   0.0000   1.0852   0.0000   0.0000   0.0000  -0.0001   0.0000
   0.0000   0.0000  -0.0003   0.0000   0.0000   0.0000   0.0000   0.0000   0.0000   1.0853   0.0000   0.0000   0.0000   0.0011
   0.0000   0.0000   0.0000   0.0003   0.0000   0.0000   0.0011   0.0000   0.0000   0.0000   1.0853   0.0000   0.0000   0.0000
   0.0020   0.0000   0.0000   0.0000   0.0001   0.0000   0.0000  -0.0001   0.0000   0.0000   0.0000   1.0852   0.0000   0.0000
   0.0000  -0.0020   0.0000   0.0000   0.0000  -0.0010   0.0000   0.0000  -0.0001   0.0000   0.0000   0.0000   1.0849   0.0000
   0.0000   0.0000   0.0012   0.0000   0.0000   0.0000   0.0000   0.0000   0.0000   0.0011   0.0000   0.0000   0.0000   1.0871
 NI=  1 LOCAL ORBITAL LEVEL CENTER(ELC)=   1.052
************  EL0  ************
 NI=  1 NI_GLOBAL=  1
   1.0063   1.0063   1.0063   1.0063   1.0063   1.0063   1.0856   1.0856   1.0856   1.0856   1.0856   1.0856   1.0856   1.0856
************  ELL  ************
 NI=  1 NI_GLOBAL=  1
   1.0063   0.0000   0.0000   0.0000   0.0000   0.0000   0.0000   0.0000   0.0000   0.0000   0.0000   0.0000   0.0000   0.0000
   0.0000   1.0063   0.0000   0.0000   0.0000   0.0000   0.0000   0.0000   0.0000   0.0000   0.0000   0.0000   0.0000   0.0000
   0.0000   0.0000   1.0063   0.0000   0.0000   0.0000   0.0000   0.0000   0.0000   0.0000   0.0000   0.0000   0.0000   0.0000
   0.0000   0.0000   0.0000   1.0063   0.0000   0.0000   0.0000   0.0000   0.0000   0.0000   0.0000   0.0000   0.0000   0.0000
   0.0000   0.0000   0.0000   0.0000   1.0063   0.0000   0.0000   0.0000   0.0000   0.0000   0.0000   0.0000   0.0000   0.0000
   0.0000   0.0000   0.0000   0.0000   0.0000   1.0063   0.0000   0.0000   0.0000   0.0000   0.0000   0.0000   0.0000   0.0000
   0.0000   0.0000   0.0000   0.0000   0.0000   0.0000   1.0856   0.0000   0.0000   0.0000   0.0000   0.0000   0.0000   0.0000
   0.0000   0.0000   0.0000   0.0000   0.0000   0.0000   0.0000   1.0856   0.0000   0.0000   0.0000   0.0000   0.0000   0.0000
   0.0000   0.0000   0.0000   0.0000   0.0000   0.0000   0.0000   0.0000   1.0856   0.0000   0.0000   0.0000   0.0000   0.0000
   0.0000   0.0000   0.0000   0.0000   0.0000   0.0000   0.0000   0.0000   0.0000   1.0856   0.0000   0.0000   0.0000   0.0000
   0.0000   0.0000   0.0000   0.0000   0.0000   0.0000   0.0000   0.0000   0.0000   0.0000   1.0856   0.0000   0.0000   0.0000
   0.0000   0.0000   0.0000   0.0000   0.0000   0.0000   0.0000   0.0000   0.0000   0.0000   0.0000   1.0856   0.0000   0.0000
   0.0000   0.0000   0.0000   0.0000   0.0000   0.0000   0.0000   0.0000   0.0000   0.0000   0.0000   0.0000   1.0856   0.0000
   0.0000   0.0000   0.0000   0.0000   0.0000   0.0000   0.0000   0.0000   0.0000   0.0000   0.0000   0.0000   0.0000   1.0856
                  GET_EL0 takes  0 hours  0 minutes and    0.01 seconds (CPU).
                          takes  0 hours  0 minutes and    0.00 seconds (WALL).
 There are  4 blocks of bands, with band energy windows:
  -2.402  -2.387 |   -0.853  -0.799 |   -0.294  -0.143 |    0.594   4.499 | 
 Band window indices:
         1      2 |          3      4 |          5      8 |          9     83 | 
 Band width
       0.015   |         0.054   |         0.151   |         3.906   |  
 Band gap
       1.533   |         0.505   |         0.736   |  
 CORRELATED BLOCK: EMIN/EMIX=    0.5937    1.4442
 CORRELATED BAND WIDTH=   0.851
         GUTZ_RED_PRJ_NEQ takes  0 hours  1 minutes and    3.13 seconds (CPU).
                          takes  0 hours  1 minutes and    3.00 seconds (WALL).
 NI=  1 DIM_PHIK=   41227 HL%DIM=  14913
       ID_PHIK_N=
      1      2      4     33    264   1639   6153  15546  27321  36714
  41228
       ID_PHIK_J=
      1      2      3      4      8      9     18     19     28     29
     33     37     73    122    171    220    245    254    263    264
    300    349    638    807   1168   1364   1533   1582   1631   1635
   1639   1739   2180   2964   3864   4705   5381   5781   6037   6118
   6143   6152   6153   6349   6710   8079   9448  11564  12933  14377
  14953  15353  15474  15538  15542  15546  15835  16796  18560  21060
  23176  24940  26165  26841  27165  27286  27311  27320  27321  27517
  27878  29247  30616  32732  34101  35545  36121  36521  36642  36706
  36710  36714  36814  37255  38039  38939  39780  40456  40856  41112
  41193  41218  41227  41228
          GUTZ_SET_PRJ_EQ takes  0 hours  0 minutes and    0.00 seconds (CPU).
                          takes  0 hours  0 minutes and    0.00 seconds (WALL).
************   WH%X  ************
    0.87478376    0.90412338
    0.95890018    1.12684437
************  RIN  ************
 NI=  1 NI_GLOBAL=  1
   0.8748   0.8748   0.8748   0.8748   0.8748   0.8748   0.9041   0.9041   0.9041   0.9041   0.9041   0.9041   0.9041   0.9041
************  LA1  ************
 NI=  1 NI_GLOBAL=  1
   0.9589   0.9589   0.9589   0.9589   0.9589   0.9589   1.1268   1.1268   1.1268   1.1268   1.1268   1.1268   1.1268   1.1268
             CALC_BAND_AL takes  0 hours  0 minutes and    0.62 seconds (CPU).
                          takes  0 hours  0 minutes and    0.30 seconds (WALL).
 ILOOP            1
 ILOOP            2
   FERMI ENERGY AT   0.967633445923474     
   SUM RULE OF TETRAHEDRON INTEGRATION CHECKED 
   number of occupied bands:          18
   highest energy:  0.984398779537808     
************  NK-  ************
 NI=  1 NI_GLOBAL=  1
   0.8457   0.8247   0.8698   0.8698   0.8247   0.8457   0.0231   0.0208   0.0190   0.0192   0.0192   0.0190   0.0208   0.0231
************  NNK  ************
 NI=  1 NI_GLOBAL=  1
   0.8457   0.0000   0.0000   0.0000   0.0005   0.0000   0.0000  -0.0010   0.0000   0.0000   0.0000   0.0074   0.0000   0.0000
   0.0000   0.8247   0.0000   0.0000   0.0000   0.0005   0.0000   0.0000  -0.0009   0.0000   0.0000   0.0000  -0.0137   0.0000
   0.0000   0.0000   0.8698   0.0000   0.0000   0.0000   0.0000   0.0000   0.0000   0.0126   0.0000   0.0000   0.0000   0.0007
   0.0000   0.0000   0.0000   0.8698   0.0000   0.0000  -0.0007   0.0000   0.0000   0.0000  -0.0126   0.0000   0.0000   0.0000
   0.0005   0.0000   0.0000   0.0000   0.8247   0.0000   0.0000   0.0137   0.0000   0.0000   0.0000   0.0009   0.0000   0.0000
   0.0000   0.0005   0.0000   0.0000   0.0000   0.8457   0.0000   0.0000  -0.0074   0.0000   0.0000   0.0000   0.0010   0.0000
   0.0000   0.0000   0.0000  -0.0007   0.0000   0.0000   0.0231   0.0000   0.0000   0.0000  -0.0004   0.0000   0.0000   0.0000
  -0.0010   0.0000   0.0000   0.0000   0.0137   0.0000   0.0000   0.0208   0.0000   0.0000   0.0000  -0.0031   0.0000   0.0000
   0.0000  -0.0009   0.0000   0.0000   0.0000  -0.0074   0.0000   0.0000   0.0190   0.0000   0.0000   0.0000  -0.0031   0.0000
   0.0000   0.0000   0.0126   0.0000   0.0000   0.0000   0.0000   0.0000   0.0000   0.0192   0.0000   0.0000   0.0000  -0.0004
   0.0000   0.0000   0.0000  -0.0126   0.0000   0.0000  -0.0004   0.0000   0.0000   0.0000   0.0192   0.0000   0.0000   0.0000
   0.0074   0.0000   0.0000   0.0000   0.0009   0.0000   0.0000  -0.0031   0.0000   0.0000   0.0000   0.0190   0.0000   0.0000
   0.0000  -0.0137   0.0000   0.0000   0.0000   0.0010   0.0000   0.0000  -0.0031   0.0000   0.0000   0.0000   0.0208   0.0000
   0.0000   0.0000   0.0007   0.0000   0.0000   0.0000   0.0000   0.0000   0.0000  -0.0004   0.0000   0.0000   0.0000   0.0231
************  NKS  ************
 NI=  1 NI_GLOBAL=  1
   0.8467   0.8467   0.8467   0.8467   0.8467   0.8467   0.0205   0.0205   0.0205   0.0205   0.0205   0.0205   0.0205   0.0205
 NELE_LOC TOTAL:
           5.2448404382419227
              CALC_DA_BND takes  0 hours  0 minutes and    0.10 seconds (CPU).
                          takes  0 hours  0 minutes and    0.09 seconds (WALL).
************  DA-  ************
 NI=  1 NI_GLOBAL=  1
  -0.0151  -0.0164  -0.0144  -0.0144  -0.0164  -0.0151  -0.0052  -0.0047  -0.0041  -0.0043  -0.0043  -0.0041  -0.0047  -0.0052
************  DAA  ************
 NI=  1 NI_GLOBAL=  1
  -0.0153  -0.0153  -0.0153  -0.0153  -0.0153  -0.0153  -0.0046  -0.0046  -0.0046  -0.0046  -0.0046  -0.0046  -0.0046  -0.0046
 NI=  1 VDC=    1.3382
************  LA2  ************
 NI=  1 NI_GLOBAL=  1
  -2.3687  -2.3687  -2.3687  -2.3687  -2.3687  -2.3687  -2.2690  -2.2690  -2.2690  -2.2690  -2.2690  -2.2690  -2.2690  -2.2690
 NI=  1 PHI-step gap=  0.14E+00
************  RAA  ************
 NI=  1 NI_GLOBAL=  1
   0.8745   0.8745   0.8745   0.8745   0.8745   0.8745   0.9042   0.9042   0.9042   0.9042   0.9042   0.9042   0.9042   0.9042
************  NC0  ************
 NI=  1 NI_GLOBAL=  1
   0.8469   0.8469   0.8469   0.8469   0.8469   0.8469   0.0205   0.0205   0.0205   0.0205   0.0205   0.0205   0.0205   0.0205
                  CALC_LC takes  0 hours  7 minutes and   50.41 seconds (CPU).
                          takes  0 hours  7 minutes and   50.38 seconds (WALL).
                GUTZ_FCN1 takes  0 hours  7 minutes and   51.24 seconds (CPU).
                          takes  0 hours  7 minutes and   50.84 seconds (WALL).
************  DIF_X  ************
   -0.000277475606    0.000069207256
    0.000158300053    0.000003844361
 ITER1=  1 MAXERR=    0.00027748
************   WH%X  ************
    0.87492942    0.90416299
    0.95880497    1.12683761
************  RIN  ************
 NI=  1 NI_GLOBAL=  1
   0.8749   0.8749   0.8749   0.8749   0.8749   0.8749   0.9042   0.9042   0.9042   0.9042   0.9042   0.9042   0.9042   0.9042
************  LA1  ************
 NI=  1 NI_GLOBAL=  1
   0.9588   0.9588   0.9588   0.9588   0.9588   0.9588   1.1268   1.1268   1.1268   1.1268   1.1268   1.1268   1.1268   1.1268
             CALC_BAND_AL takes  0 hours  0 minutes and    0.62 seconds (CPU).
                          takes  0 hours  0 minutes and    0.31 seconds (WALL).
 ILOOP            1
 ILOOP            2
   FERMI ENERGY AT   0.967569783831812     
   SUM RULE OF TETRAHEDRON INTEGRATION CHECKED 
   number of occupied bands:          18
   highest energy:  0.984370978663532     
************  NK-  ************
 NI=  1 NI_GLOBAL=  1
   0.8459   0.8249   0.8700   0.8700   0.8249   0.8459   0.0231   0.0208   0.0190   0.0192   0.0192   0.0190   0.0208   0.0231
************  NNK  ************
 NI=  1 NI_GLOBAL=  1
   0.8459   0.0000   0.0000   0.0000   0.0005   0.0000   0.0000  -0.0011   0.0000   0.0000   0.0000   0.0074   0.0000   0.0000
   0.0000   0.8249   0.0000   0.0000   0.0000   0.0005   0.0000   0.0000  -0.0009   0.0000   0.0000   0.0000  -0.0137   0.0000
   0.0000   0.0000   0.8700   0.0000   0.0000   0.0000   0.0000   0.0000   0.0000   0.0126   0.0000   0.0000   0.0000   0.0007
   0.0000   0.0000   0.0000   0.8700   0.0000   0.0000  -0.0007   0.0000   0.0000   0.0000  -0.0126   0.0000   0.0000   0.0000
   0.0005   0.0000   0.0000   0.0000   0.8249   0.0000   0.0000   0.0137   0.0000   0.0000   0.0000   0.0009   0.0000   0.0000
   0.0000   0.0005   0.0000   0.0000   0.0000   0.8459   0.0000   0.0000  -0.0074   0.0000   0.0000   0.0000   0.0011   0.0000
   0.0000   0.0000   0.0000  -0.0007   0.0000   0.0000   0.0231   0.0000   0.0000   0.0000  -0.0004   0.0000   0.0000   0.0000
  -0.0011   0.0000   0.0000   0.0000   0.0137   0.0000   0.0000   0.0208   0.0000   0.0000   0.0000  -0.0031   0.0000   0.0000
   0.0000  -0.0009   0.0000   0.0000   0.0000  -0.0074   0.0000   0.0000   0.0190   0.0000   0.0000   0.0000  -0.0031   0.0000
   0.0000   0.0000   0.0126   0.0000   0.0000   0.0000   0.0000   0.0000   0.0000   0.0192   0.0000   0.0000   0.0000  -0.0004
   0.0000   0.0000   0.0000  -0.0126   0.0000   0.0000  -0.0004   0.0000   0.0000   0.0000   0.0192   0.0000   0.0000   0.0000
   0.0074   0.0000   0.0000   0.0000   0.0009   0.0000   0.0000  -0.0031   0.0000   0.0000   0.0000   0.0190   0.0000   0.0000
   0.0000  -0.0137   0.0000   0.0000   0.0000   0.0011   0.0000   0.0000  -0.0031   0.0000   0.0000   0.0000   0.0208   0.0000
   0.0000   0.0000   0.0007   0.0000   0.0000   0.0000   0.0000   0.0000   0.0000  -0.0004   0.0000   0.0000   0.0000   0.0231
************  NKS  ************
 NI=  1 NI_GLOBAL=  1
   0.8469   0.8469   0.8469   0.8469   0.8469   0.8469   0.0205   0.0205   0.0205   0.0205   0.0205   0.0205   0.0205   0.0205
 NELE_LOC TOTAL:
           5.2457741763322590
              CALC_DA_BND takes  0 hours  0 minutes and    0.12 seconds (CPU).
                          takes  0 hours  0 minutes and    0.11 seconds (WALL).
************  DA-  ************
 NI=  1 NI_GLOBAL=  1
  -0.0151  -0.0164  -0.0144  -0.0144  -0.0164  -0.0151  -0.0052  -0.0047  -0.0041  -0.0043  -0.0043  -0.0041  -0.0047  -0.0052
************  DAA  ************
 NI=  1 NI_GLOBAL=  1
  -0.0153  -0.0153  -0.0153  -0.0153  -0.0153  -0.0153  -0.0045  -0.0045  -0.0045  -0.0045  -0.0045  -0.0045  -0.0045  -0.0045
 NI=  1 VDC=    1.3382
************  LA2  ************
 NI=  1 NI_GLOBAL=  1
  -2.3687  -2.3687  -2.3687  -2.3687  -2.3687  -2.3687  -2.2689  -2.2689  -2.2689  -2.2689  -2.2689  -2.2689  -2.2689  -2.2689
 NI=  1 PHI-step gap=  0.14E+00
************  RAA  ************
 NI=  1 NI_GLOBAL=  1
   0.8749   0.8749   0.8749   0.8749   0.8749   0.8749   0.9042   0.9042   0.9042   0.9042   0.9042   0.9042   0.9042   0.9042
************  NC0  ************
 NI=  1 NI_GLOBAL=  1
   0.8469   0.8469   0.8469   0.8469   0.8469   0.8469   0.0205   0.0205   0.0205   0.0205   0.0205   0.0205   0.0205   0.0205
                  CALC_LC takes  0 hours  8 minutes and   33.75 seconds (CPU).
                          takes  0 hours  8 minutes and   33.67 seconds (WALL).
                GUTZ_FCN1 takes  0 hours  8 minutes and   34.62 seconds (CPU).
                          takes  0 hours  8 minutes and   34.16 seconds (WALL).
************  DIF_X  ************
   -0.000008814424   -0.000002472081
    0.000002425967    0.000000648455
 ITER1=  2 MAXERR=    0.00000881
************   WH%X  ************
    0.87492619    0.90414622
    0.95880364    1.12682993
************  RIN  ************
 NI=  1 NI_GLOBAL=  1
   0.8749   0.8749   0.8749   0.8749   0.8749   0.8749   0.9041   0.9041   0.9041   0.9041   0.9041   0.9041   0.9041   0.9041
************  LA1  ************
 NI=  1 NI_GLOBAL=  1
   0.9588   0.9588   0.9588   0.9588   0.9588   0.9588   1.1268   1.1268   1.1268   1.1268   1.1268   1.1268   1.1268   1.1268
             CALC_BAND_AL takes  0 hours  0 minutes and    0.62 seconds (CPU).
                          takes  0 hours  0 minutes and    0.31 seconds (WALL).
 ILOOP            1
 ILOOP            2
   FERMI ENERGY AT   0.967568770279170     
   SUM RULE OF TETRAHEDRON INTEGRATION CHECKED 
   number of occupied bands:          18
   highest energy:  0.984370413987102     
************  NK-  ************
 NI=  1 NI_GLOBAL=  1
   0.8459   0.8249   0.8700   0.8700   0.8249   0.8459   0.0231   0.0208   0.0190   0.0192   0.0192   0.0190   0.0208   0.0231
************  NNK  ************
 NI=  1 NI_GLOBAL=  1
   0.8459   0.0000   0.0000   0.0000   0.0005   0.0000   0.0000  -0.0011   0.0000   0.0000   0.0000   0.0074   0.0000   0.0000
   0.0000   0.8249   0.0000   0.0000   0.0000   0.0005   0.0000   0.0000  -0.0009   0.0000   0.0000   0.0000  -0.0137   0.0000
   0.0000   0.0000   0.8700   0.0000   0.0000   0.0000   0.0000   0.0000   0.0000   0.0126   0.0000   0.0000   0.0000   0.0007
   0.0000   0.0000   0.0000   0.8700   0.0000   0.0000  -0.0007   0.0000   0.0000   0.0000  -0.0126   0.0000   0.0000   0.0000
   0.0005   0.0000   0.0000   0.0000   0.8249   0.0000   0.0000   0.0137   0.0000   0.0000   0.0000   0.0009   0.0000   0.0000
   0.0000   0.0005   0.0000   0.0000   0.0000   0.8459   0.0000   0.0000  -0.0074   0.0000   0.0000   0.0000   0.0011   0.0000
   0.0000   0.0000   0.0000  -0.0007   0.0000   0.0000   0.0231   0.0000   0.0000   0.0000  -0.0004   0.0000   0.0000   0.0000
  -0.0011   0.0000   0.0000   0.0000   0.0137   0.0000   0.0000   0.0208   0.0000   0.0000   0.0000  -0.0031   0.0000   0.0000
   0.0000  -0.0009   0.0000   0.0000   0.0000  -0.0074   0.0000   0.0000   0.0190   0.0000   0.0000   0.0000  -0.0031   0.0000
   0.0000   0.0000   0.0126   0.0000   0.0000   0.0000   0.0000   0.0000   0.0000   0.0192   0.0000   0.0000   0.0000  -0.0004
   0.0000   0.0000   0.0000  -0.0126   0.0000   0.0000  -0.0004   0.0000   0.0000   0.0000   0.0192   0.0000   0.0000   0.0000
   0.0074   0.0000   0.0000   0.0000   0.0009   0.0000   0.0000  -0.0031   0.0000   0.0000   0.0000   0.0190   0.0000   0.0000
   0.0000  -0.0137   0.0000   0.0000   0.0000   0.0011   0.0000   0.0000  -0.0031   0.0000   0.0000   0.0000   0.0208   0.0000
   0.0000   0.0000   0.0007   0.0000   0.0000   0.0000   0.0000   0.0000   0.0000  -0.0004   0.0000   0.0000   0.0000   0.0231
************  NKS  ************
 NI=  1 NI_GLOBAL=  1
   0.8469   0.8469   0.8469   0.8469   0.8469   0.8469   0.0205   0.0205   0.0205   0.0205   0.0205   0.0205   0.0205   0.0205
 NELE_LOC TOTAL:
           5.2457906383154773
              CALC_DA_BND takes  0 hours  0 minutes and    0.10 seconds (CPU).
                          takes  0 hours  0 minutes and    0.11 seconds (WALL).
************  DA-  ************
 NI=  1 NI_GLOBAL=  1
  -0.0151  -0.0164  -0.0144  -0.0144  -0.0164  -0.0151  -0.0052  -0.0047  -0.0041  -0.0043  -0.0043  -0.0041  -0.0047  -0.0052
************  DAA  ************
 NI=  1 NI_GLOBAL=  1
  -0.0153  -0.0153  -0.0153  -0.0153  -0.0153  -0.0153  -0.0045  -0.0045  -0.0045  -0.0045  -0.0045  -0.0045  -0.0045  -0.0045
 NI=  1 VDC=    1.3382
************  LA2  ************
 NI=  1 NI_GLOBAL=  1
  -2.3687  -2.3687  -2.3687  -2.3687  -2.3687  -2.3687  -2.2689  -2.2689  -2.2689  -2.2689  -2.2689  -2.2689  -2.2689  -2.2689
 NI=  1 PHI-step gap=  0.14E+00
************  RAA  ************
 NI=  1 NI_GLOBAL=  1
   0.8749   0.8749   0.8749   0.8749   0.8749   0.8749   0.9041   0.9041   0.9041   0.9041   0.9041   0.9041   0.9041   0.9041
************  NC0  ************
 NI=  1 NI_GLOBAL=  1
   0.8469   0.8469   0.8469   0.8469   0.8469   0.8469   0.0205   0.0205   0.0205   0.0205   0.0205   0.0205   0.0205   0.0205
                  CALC_LC takes  0 hours  8 minutes and   33.77 seconds (CPU).
                          takes  0 hours  8 minutes and   33.70 seconds (WALL).
                GUTZ_FCN1 takes  0 hours  8 minutes and   34.62 seconds (CPU).
                          takes  0 hours  8 minutes and   34.19 seconds (WALL).
************  DIF_X  ************
   -0.000000473717   -0.000000070891
    0.000000144315   -0.000000016377
 ITER1=  3 MAXERR=    0.00000047
************   WH%X  ************
    0.87492609    0.90414657
    0.95880358    1.12683009
************  RIN  ************
 NI=  1 NI_GLOBAL=  1
   0.8749   0.8749   0.8749   0.8749   0.8749   0.8749   0.9041   0.9041   0.9041   0.9041   0.9041   0.9041   0.9041   0.9041
************  LA1  ************
 NI=  1 NI_GLOBAL=  1
   0.9588   0.9588   0.9588   0.9588   0.9588   0.9588   1.1268   1.1268   1.1268   1.1268   1.1268   1.1268   1.1268   1.1268
             CALC_BAND_AL takes  0 hours  0 minutes and    0.62 seconds (CPU).
                          takes  0 hours  0 minutes and    0.33 seconds (WALL).
 ILOOP            1
 ILOOP            2
   FERMI ENERGY AT   0.967568726928061     
   SUM RULE OF TETRAHEDRON INTEGRATION CHECKED 
   number of occupied bands:          18
   highest energy:  0.984370394334857     
************  NK-  ************
 NI=  1 NI_GLOBAL=  1
   0.8459   0.8249   0.8700   0.8700   0.8249   0.8459   0.0231   0.0208   0.0190   0.0192   0.0192   0.0190   0.0208   0.0231
************  NNK  ************
 NI=  1 NI_GLOBAL=  1
   0.8459   0.0000   0.0000   0.0000   0.0005   0.0000   0.0000  -0.0011   0.0000   0.0000   0.0000   0.0074   0.0000   0.0000
   0.0000   0.8249   0.0000   0.0000   0.0000   0.0005   0.0000   0.0000  -0.0009   0.0000   0.0000   0.0000  -0.0137   0.0000
   0.0000   0.0000   0.8700   0.0000   0.0000   0.0000   0.0000   0.0000   0.0000   0.0126   0.0000   0.0000   0.0000   0.0007
   0.0000   0.0000   0.0000   0.8700   0.0000   0.0000  -0.0007   0.0000   0.0000   0.0000  -0.0126   0.0000   0.0000   0.0000
   0.0005   0.0000   0.0000   0.0000   0.8249   0.0000   0.0000   0.0137   0.0000   0.0000   0.0000   0.0009   0.0000   0.0000
   0.0000   0.0005   0.0000   0.0000   0.0000   0.8459   0.0000   0.0000  -0.0074   0.0000   0.0000   0.0000   0.0011   0.0000
   0.0000   0.0000   0.0000  -0.0007   0.0000   0.0000   0.0231   0.0000   0.0000   0.0000  -0.0004   0.0000   0.0000   0.0000
  -0.0011   0.0000   0.0000   0.0000   0.0137   0.0000   0.0000   0.0208   0.0000   0.0000   0.0000  -0.0031   0.0000   0.0000
   0.0000  -0.0009   0.0000   0.0000   0.0000  -0.0074   0.0000   0.0000   0.0190   0.0000   0.0000   0.0000  -0.0031   0.0000
   0.0000   0.0000   0.0126   0.0000   0.0000   0.0000   0.0000   0.0000   0.0000   0.0192   0.0000   0.0000   0.0000  -0.0004
   0.0000   0.0000   0.0000  -0.0126   0.0000   0.0000  -0.0004   0.0000   0.0000   0.0000   0.0192   0.0000   0.0000   0.0000
   0.0074   0.0000   0.0000   0.0000   0.0009   0.0000   0.0000  -0.0031   0.0000   0.0000   0.0000   0.0190   0.0000   0.0000
   0.0000  -0.0137   0.0000   0.0000   0.0000   0.0011   0.0000   0.0000  -0.0031   0.0000   0.0000   0.0000   0.0208   0.0000
   0.0000   0.0000   0.0007   0.0000   0.0000   0.0000   0.0000   0.0000   0.0000  -0.0004   0.0000   0.0000   0.0000   0.0231
************  NKS  ************
 NI=  1 NI_GLOBAL=  1
   0.8469   0.8469   0.8469   0.8469   0.8469   0.8469   0.0205   0.0205   0.0205   0.0205   0.0205   0.0205   0.0205   0.0205
 NELE_LOC TOTAL:
           5.2457913218513355
              CALC_DA_BND takes  0 hours  0 minutes and    0.20 seconds (CPU).
                          takes  0 hours  0 minutes and    0.11 seconds (WALL).
************  DA-  ************
 NI=  1 NI_GLOBAL=  1
  -0.0151  -0.0164  -0.0144  -0.0144  -0.0164  -0.0151  -0.0052  -0.0047  -0.0041  -0.0043  -0.0043  -0.0041  -0.0047  -0.0052
************  DAA  ************
 NI=  1 NI_GLOBAL=  1
  -0.0153  -0.0153  -0.0153  -0.0153  -0.0153  -0.0153  -0.0045  -0.0045  -0.0045  -0.0045  -0.0045  -0.0045  -0.0045  -0.0045
 NI=  1 VDC=    1.3382
************  LA2  ************
 NI=  1 NI_GLOBAL=  1
  -2.3687  -2.3687  -2.3687  -2.3687  -2.3687  -2.3687  -2.2689  -2.2689  -2.2689  -2.2689  -2.2689  -2.2689  -2.2689  -2.2689
 NI=  1 PHI-step gap=  0.14E+00
************  RAA  ************
 NI=  1 NI_GLOBAL=  1
   0.8749   0.8749   0.8749   0.8749   0.8749   0.8749   0.9041   0.9041   0.9041   0.9041   0.9041   0.9041   0.9041   0.9041
************  NC0  ************
 NI=  1 NI_GLOBAL=  1
   0.8469   0.8469   0.8469   0.8469   0.8469   0.8469   0.0205   0.0205   0.0205   0.0205   0.0205   0.0205   0.0205   0.0205
                  CALC_LC takes  0 hours  8 minutes and   33.69 seconds (CPU).
                          takes  0 hours  8 minutes and   33.69 seconds (WALL).
                GUTZ_FCN1 takes  0 hours  8 minutes and   34.64 seconds (CPU).
                          takes  0 hours  8 minutes and   34.19 seconds (WALL).
************  DIF_X  ************
   -0.000000010503   -0.000000008862
    0.000000003199    0.000000001388
 ITER1=  4 MAXERR=    0.00000001
************   WH%X  ************
    0.87492609    0.90414653
    0.95880358    1.12683008
************  RIN  ************
 NI=  1 NI_GLOBAL=  1
   0.8749   0.8749   0.8749   0.8749   0.8749   0.8749   0.9041   0.9041   0.9041   0.9041   0.9041   0.9041   0.9041   0.9041
************  LA1  ************
 NI=  1 NI_GLOBAL=  1
   0.9588   0.9588   0.9588   0.9588   0.9588   0.9588   1.1268   1.1268   1.1268   1.1268   1.1268   1.1268   1.1268   1.1268
             CALC_BAND_AL takes  0 hours  0 minutes and    0.62 seconds (CPU).
                          takes  0 hours  0 minutes and    0.33 seconds (WALL).
 ILOOP            1
 ILOOP            2
   FERMI ENERGY AT   0.967568725499863     
   SUM RULE OF TETRAHEDRON INTEGRATION CHECKED 
   number of occupied bands:          18
   highest energy:  0.984370393533601     
************  NK-  ************
 NI=  1 NI_GLOBAL=  1
   0.8459   0.8249   0.8700   0.8700   0.8249   0.8459   0.0231   0.0208   0.0190   0.0192   0.0192   0.0190   0.0208   0.0231
************  NNK  ************
 NI=  1 NI_GLOBAL=  1
   0.8459   0.0000   0.0000   0.0000   0.0005   0.0000   0.0000  -0.0011   0.0000   0.0000   0.0000   0.0074   0.0000   0.0000
   0.0000   0.8249   0.0000   0.0000   0.0000   0.0005   0.0000   0.0000  -0.0009   0.0000   0.0000   0.0000  -0.0137   0.0000
   0.0000   0.0000   0.8700   0.0000   0.0000   0.0000   0.0000   0.0000   0.0000   0.0126   0.0000   0.0000   0.0000   0.0007
   0.0000   0.0000   0.0000   0.8700   0.0000   0.0000  -0.0007   0.0000   0.0000   0.0000  -0.0126   0.0000   0.0000   0.0000
   0.0005   0.0000   0.0000   0.0000   0.8249   0.0000   0.0000   0.0137   0.0000   0.0000   0.0000   0.0009   0.0000   0.0000
   0.0000   0.0005   0.0000   0.0000   0.0000   0.8459   0.0000   0.0000  -0.0074   0.0000   0.0000   0.0000   0.0011   0.0000
   0.0000   0.0000   0.0000  -0.0007   0.0000   0.0000   0.0231   0.0000   0.0000   0.0000  -0.0004   0.0000   0.0000   0.0000
  -0.0011   0.0000   0.0000   0.0000   0.0137   0.0000   0.0000   0.0208   0.0000   0.0000   0.0000  -0.0031   0.0000   0.0000
   0.0000  -0.0009   0.0000   0.0000   0.0000  -0.0074   0.0000   0.0000   0.0190   0.0000   0.0000   0.0000  -0.0031   0.0000
   0.0000   0.0000   0.0126   0.0000   0.0000   0.0000   0.0000   0.0000   0.0000   0.0192   0.0000   0.0000   0.0000  -0.0004
   0.0000   0.0000   0.0000  -0.0126   0.0000   0.0000  -0.0004   0.0000   0.0000   0.0000   0.0192   0.0000   0.0000   0.0000
   0.0074   0.0000   0.0000   0.0000   0.0009   0.0000   0.0000  -0.0031   0.0000   0.0000   0.0000   0.0190   0.0000   0.0000
   0.0000  -0.0137   0.0000   0.0000   0.0000   0.0011   0.0000   0.0000  -0.0031   0.0000   0.0000   0.0000   0.0208   0.0000
   0.0000   0.0000   0.0007   0.0000   0.0000   0.0000   0.0000   0.0000   0.0000  -0.0004   0.0000   0.0000   0.0000   0.0231
************  NKS  ************
 NI=  1 NI_GLOBAL=  1
   0.8469   0.8469   0.8469   0.8469   0.8469   0.8469   0.0205   0.0205   0.0205   0.0205   0.0205   0.0205   0.0205   0.0205
 NELE_LOC TOTAL:
           5.2457913460305150
              CALC_DA_BND takes  0 hours  0 minutes and    0.15 seconds (CPU).
                          takes  0 hours  0 minutes and    0.11 seconds (WALL).
************  DA-  ************
 NI=  1 NI_GLOBAL=  1
  -0.0151  -0.0164  -0.0144  -0.0144  -0.0164  -0.0151  -0.0052  -0.0047  -0.0041  -0.0043  -0.0043  -0.0041  -0.0047  -0.0052
************  DAA  ************
 NI=  1 NI_GLOBAL=  1
  -0.0153  -0.0153  -0.0153  -0.0153  -0.0153  -0.0153  -0.0045  -0.0045  -0.0045  -0.0045  -0.0045  -0.0045  -0.0045  -0.0045
 NI=  1 VDC=    1.3382
************  LA2  ************
 NI=  1 NI_GLOBAL=  1
  -2.3687  -2.3687  -2.3687  -2.3687  -2.3687  -2.3687  -2.2689  -2.2689  -2.2689  -2.2689  -2.2689  -2.2689  -2.2689  -2.2689
 NI=  1 PHI-step gap=  0.14E+00
************  RAA  ************
 NI=  1 NI_GLOBAL=  1
   0.8749   0.8749   0.8749   0.8749   0.8749   0.8749   0.9041   0.9041   0.9041   0.9041   0.9041   0.9041   0.9041   0.9041
************  NC0  ************
 NI=  1 NI_GLOBAL=  1
   0.8469   0.8469   0.8469   0.8469   0.8469   0.8469   0.0205   0.0205   0.0205   0.0205   0.0205   0.0205   0.0205   0.0205
                  CALC_LC takes  0 hours  8 minutes and   14.69 seconds (CPU).
                          takes  0 hours  8 minutes and   14.58 seconds (WALL).
                GUTZ_FCN1 takes  0 hours  8 minutes and   15.60 seconds (CPU).
                          takes  0 hours  8 minutes and   15.08 seconds (WALL).
************  DIF_X  ************
   -0.000000000764   -0.000000000778
    0.000000000232    0.000000000114
 ITER1=  5 MAXERR=    0.00000000
 NFJAC=   0
 SOLVE1 FINISHED WITH       5 ITERATIONS.
               GUTZ_SOLVE takes  0 hours 41 minutes and   50.72 seconds (CPU).
                          takes  0 hours 41 minutes and   48.45 seconds (WALL).
 MAX. NELF1 DIFF=    0.00308352
               CALC_PJRHO takes  0 hours  0 minutes and    0.49 seconds (CPU).
                          takes  0 hours  0 minutes and    0.38 seconds (WALL).
 NI=  1 SUM_PHY-SUM_KS=      0.00000000 WOULD BE RENORMALIZED
************  NC1  ************
 NI=  1 NI_GLOBAL=  1
   0.8284   0.8284   0.8284   0.8284   0.8284   0.8284   0.0344   0.0344   0.0344   0.0344   0.0344   0.0344   0.0344   0.0344
               CALC_NCPHY takes  0 hours  0 minutes and   49.55 seconds (CPU).
                          takes  0 hours  0 minutes and   49.39 seconds (WALL).
 GYZ%PJ%EGAMM:
     8.40546
 ENG%GAMM:     8.40546
 ENG%POT2:     3.10489
 EDCLA1(NI) ARRAY:
    -5.057
 EDCUJ(NI) ARRAY:
    -3.161
 EDCUJV(NI) ARRAY:
    -7.020
 EDC(NI) ARRAY:
    -8.219
 ENG%DBLC:    -8.21865
 ENG%DC1 :    -5.05728
 ENG%DC2 :    -3.16137
 ENG%DC2V:    -7.01992
 DC_E_STD_TO_E_V:    -3.85855
 ENG%BAND:    -0.07327
 ENG%DL(DEEP LEVEL):    -7.39579
 ENG%TB=     0.11354
 ENG%TB-DC2=     3.27491
 NI=  1 OCC_CONFIG_WEIGHT:
        OCC= 0 WEIGHT=   0.00000
        OCC= 1 WEIGHT=   0.00000
        OCC= 2 WEIGHT=   0.00002
        OCC= 3 WEIGHT=   0.00279
        OCC= 4 WEIGHT=   0.09201
        OCC= 5 WEIGHT=   0.57537
        OCC= 6 WEIGHT=   0.31630
        OCC= 7 WEIGHT=   0.01335
        OCC= 8 WEIGHT=   0.00015
        OCC= 9 WEIGHT=   0.00000
                 CALC_RCW takes  0 hours  0 minutes and    0.00 seconds (CPU).
                          takes  0 hours  0 minutes and    0.00 seconds (WALL).
 NI=  1 J2=    9.9679
                 CALC_SLJ takes  0 hours  0 minutes and    0.00 seconds (CPU).
                          takes  0 hours  0 minutes and    0.00 seconds (WALL).
 NI=  1 ENTANGLEMENT ENTROPY=      3.2095
           CALC_ENTANGLES takes  0 hours  0 minutes and    1.05 seconds (CPU).
                          takes  0 hours  0 minutes and    0.92 seconds (WALL).
 CORRELATED SUBSPACE, SUM_FERWT=      8.0000000 SUM_KSWT=      8.0000000
 MAX OFF DIAGONAL KS.WT=    0.001809
 MAX/MIN R=    0.904147    0.874926
                CALC_KSWT takes  0 hours  0 minutes and    0.02 seconds (CPU).
                          takes  0 hours  0 minutes and    0.00 seconds (WALL).
                    TOTAL takes  0 hours 43 minutes and   46.73 seconds (CPU).
                          takes  0 hours 43 minutes and   43.19 seconds (WALL).
