******Program DMFT: Computes Gloc and Delta for Dynamical Mean Field Theory calculation ******
 CALCULATION WITH COMPLEX VECTORS
 CALCULATION WITH SOC VECTORS REQUIRED
 Running DMFT in mpi mode
  
 numkpt=         726
   0.00000   0.00000   0.00000   1.00000
   0.04762   0.04762   0.00000   4.00000
   0.09524   0.09524   0.00000   4.00000
   0.14286   0.14286   0.00000   4.00000
   0.19048   0.19048   0.00000   4.00000
   0.23810   0.23810   0.00000   4.00000
   0.28571   0.28571   0.00000   4.00000
   0.33333   0.33333   0.00000   4.00000
   0.38095   0.38095   0.00000   4.00000
   0.42857   0.42857   0.00000   4.00000
   0.47619   0.47619   0.00000   4.00000
   0.04762   0.00000   0.04762   8.00000
   0.09524   0.04762   0.04762  16.00000
   0.14286   0.09524   0.04762  16.00000
   0.19048   0.14286   0.04762  16.00000
   0.23810   0.19048   0.04762  16.00000
   0.28571   0.23810   0.04762  16.00000
   0.33333   0.28571   0.04762  16.00000
   0.38095   0.33333   0.04762  16.00000
   0.42857   0.38095   0.04762  16.00000
   0.47619   0.42857   0.04762  16.00000
   0.52381   0.47619   0.04762   8.00000
   0.09524   0.00000   0.09524   8.00000
   0.14286   0.04762   0.09524  16.00000
   0.19048   0.09524   0.09524  16.00000
   0.23810   0.14286   0.09524  16.00000
   0.28571   0.19048   0.09524  16.00000
   0.33333   0.23810   0.09524  16.00000
   0.38095   0.28571   0.09524  16.00000
   0.42857   0.33333   0.09524  16.00000
   0.47619   0.38095   0.09524  16.00000
   0.52381   0.42857   0.09524  16.00000
   1.04762   0.95238   0.09524   8.00000
   0.14286   0.00000   0.14286   8.00000
   0.19048   0.04762   0.14286  16.00000
   0.23810   0.09524   0.14286  16.00000
   0.28571   0.14286   0.14286  16.00000
   0.33333   0.19048   0.14286  16.00000
   0.38095   0.23810   0.14286  16.00000
   0.42857   0.28571   0.14286  16.00000
   0.47619   0.33333   0.14286  16.00000
   0.52381   0.38095   0.14286  16.00000
   0.57143   0.42857   0.14286   8.00000
   1.04762   0.90476   0.14286  16.00000
   0.19048   0.00000   0.19048   8.00000
   0.23810   0.04762   0.19048  16.00000
   0.28571   0.09524   0.19048  16.00000
   0.33333   0.14286   0.19048  16.00000
   0.38095   0.19048   0.19048  16.00000
   0.42857   0.23810   0.19048  16.00000
   0.47619   0.28571   0.19048  16.00000
   0.52381   0.33333   0.19048  16.00000
   0.57143   0.38095   0.19048  16.00000
   1.04762   0.85714   0.19048  16.00000
   1.09524   0.90476   0.19048   8.00000
   0.23810   0.00000   0.23810   8.00000
   0.28571   0.04762   0.23810  16.00000
   0.33333   0.09524   0.23810  16.00000
   0.38095   0.14286   0.23810  16.00000
   0.42857   0.19048   0.23810  16.00000
   0.47619   0.23810   0.23810  16.00000
   0.52381   0.28571   0.23810  16.00000
   0.57143   0.33333   0.23810  16.00000
   0.61905   0.38095   0.23810   8.00000
   1.04762   0.80952   0.23810  16.00000
   1.09524   0.85714   0.23810  16.00000
   0.28571   0.00000   0.28571   8.00000
   0.33333   0.04762   0.28571  16.00000
   0.38095   0.09524   0.28571  16.00000
   0.42857   0.14286   0.28571  16.00000
   0.47619   0.19048   0.28571  16.00000
   0.52381   0.23810   0.28571  16.00000
   0.57143   0.28571   0.28571  16.00000
   0.61905   0.33333   0.28571  16.00000
   1.04762   0.76190   0.28571  16.00000
   1.09524   0.80952   0.28571  16.00000
   1.14286   0.85714   0.28571   8.00000
   0.33333   0.00000   0.33333   8.00000
   0.38095   0.04762   0.33333  16.00000
   0.42857   0.09524   0.33333  16.00000
   0.47619   0.14286   0.33333  16.00000
   0.52381   0.19048   0.33333  16.00000
   0.57143   0.23810   0.33333  16.00000
   0.61905   0.28571   0.33333  16.00000
   0.66667   0.33333   0.33333   8.00000
   1.04762   0.71429   0.33333  16.00000
   1.09524   0.76190   0.33333  16.00000
   1.14286   0.80952   0.33333  16.00000
   0.38095   0.00000   0.38095   8.00000
   0.42857   0.04762   0.38095  16.00000
   0.47619   0.09524   0.38095  16.00000
   0.52381   0.14286   0.38095  16.00000
   0.57143   0.19048   0.38095  16.00000
   0.61905   0.23810   0.38095  16.00000
   0.66667   0.28571   0.38095  16.00000
   1.04762   0.66667   0.38095  16.00000
   1.09524   0.71429   0.38095  16.00000
   1.14286   0.76190   0.38095  16.00000
   1.19048   0.80952   0.38095   8.00000
   0.42857   0.00000   0.42857   8.00000
   0.47619   0.04762   0.42857  16.00000
   0.52381   0.09524   0.42857  16.00000
   0.57143   0.14286   0.42857  16.00000
   0.61905   0.19048   0.42857  16.00000
   0.66667   0.23810   0.42857  16.00000
   0.71429   0.28571   0.42857   8.00000
   1.04762   0.61905   0.42857  16.00000
   1.09524   0.66667   0.42857  16.00000
   1.14286   0.71429   0.42857  16.00000
   1.19048   0.76190   0.42857  16.00000
   0.47619   0.00000   0.47619   8.00000
   0.52381   0.04762   0.47619  16.00000
   0.57143   0.09524   0.47619  16.00000
   0.61905   0.14286   0.47619  16.00000
   0.66667   0.19048   0.47619  16.00000
   0.71429   0.23810   0.47619  16.00000
   1.04762   0.57143   0.47619  16.00000
   1.09524   0.61905   0.47619  16.00000
   1.14286   0.66667   0.47619  16.00000
   1.19048   0.71429   0.47619  16.00000
   1.23810   0.76190   0.47619   8.00000
   0.09524   0.09524   0.09524   8.00000
   0.14286   0.14286   0.09524   8.00000
   0.19048   0.19048   0.09524   8.00000
   0.23810   0.23810   0.09524   8.00000
   0.28571   0.28571   0.09524   8.00000
   0.33333   0.33333   0.09524   8.00000
   0.38095   0.38095   0.09524   8.00000
   0.42857   0.42857   0.09524   8.00000
   0.47619   0.47619   0.09524   8.00000
   1.00000   1.00000   0.09524   2.00000
   0.14286   0.09524   0.14286  16.00000
   0.19048   0.14286   0.14286  16.00000
   0.23810   0.19048   0.14286  16.00000
   0.28571   0.23810   0.14286  16.00000
   0.33333   0.28571   0.14286  16.00000
   0.38095   0.33333   0.14286  16.00000
   0.42857   0.38095   0.14286  16.00000
   0.47619   0.42857   0.14286  16.00000
   0.52381   0.47619   0.14286   8.00000
   1.00000   0.95238   0.14286   8.00000
   0.19048   0.09524   0.19048  16.00000
   0.23810   0.14286   0.19048  16.00000
   0.28571   0.19048   0.19048  16.00000
   0.33333   0.23810   0.19048  16.00000
   0.38095   0.28571   0.19048  16.00000
   0.42857   0.33333   0.19048  16.00000
   0.47619   0.38095   0.19048  16.00000
   0.52381   0.42857   0.19048  16.00000
   1.00000   0.90476   0.19048   8.00000
   1.04762   0.95238   0.19048   8.00000
   0.23810   0.09524   0.23810  16.00000
   0.28571   0.14286   0.23810  16.00000
   0.33333   0.19048   0.23810  16.00000
   0.38095   0.23810   0.23810  16.00000
   0.42857   0.28571   0.23810  16.00000
   0.47619   0.33333   0.23810  16.00000
   0.52381   0.38095   0.23810  16.00000
   0.57143   0.42857   0.23810   8.00000
   1.00000   0.85714   0.23810   8.00000
   1.04762   0.90476   0.23810  16.00000
   0.28571   0.09524   0.28571  16.00000
   0.33333   0.14286   0.28571  16.00000
   0.38095   0.19048   0.28571  16.00000
   0.42857   0.23810   0.28571  16.00000
   0.47619   0.28571   0.28571  16.00000
   0.52381   0.33333   0.28571  16.00000
   0.57143   0.38095   0.28571  16.00000
   1.00000   0.80952   0.28571   8.00000
   1.04762   0.85714   0.28571  16.00000
   1.09524   0.90476   0.28571   8.00000
   0.33333   0.09524   0.33333  16.00000
   0.38095   0.14286   0.33333  16.00000
   0.42857   0.19048   0.33333  16.00000
   0.47619   0.23810   0.33333  16.00000
   0.52381   0.28571   0.33333  16.00000
   0.57143   0.33333   0.33333  16.00000
   0.61905   0.38095   0.33333   8.00000
   1.00000   0.76190   0.33333   8.00000
   1.04762   0.80952   0.33333  16.00000
   1.09524   0.85714   0.33333  16.00000
   0.38095   0.09524   0.38095  16.00000
   0.42857   0.14286   0.38095  16.00000
   0.47619   0.19048   0.38095  16.00000
   0.52381   0.23810   0.38095  16.00000
   0.57143   0.28571   0.38095  16.00000
   0.61905   0.33333   0.38095  16.00000
   1.00000   0.71429   0.38095   8.00000
   1.04762   0.76190   0.38095  16.00000
   1.09524   0.80952   0.38095  16.00000
   1.14286   0.85714   0.38095   8.00000
   0.42857   0.09524   0.42857  16.00000
   0.47619   0.14286   0.42857  16.00000
   0.52381   0.19048   0.42857  16.00000
   0.57143   0.23810   0.42857  16.00000
   0.61905   0.28571   0.42857  16.00000
   0.66667   0.33333   0.42857   8.00000
   1.00000   0.66667   0.42857   8.00000
   1.04762   0.71429   0.42857  16.00000
   1.09524   0.76190   0.42857  16.00000
   1.14286   0.80952   0.42857  16.00000
   0.47619   0.09524   0.47619  16.00000
   0.52381   0.14286   0.47619  16.00000
   0.57143   0.19048   0.47619  16.00000
   0.61905   0.23810   0.47619  16.00000
   0.66667   0.28571   0.47619  16.00000
   1.00000   0.61905   0.47619   8.00000
   1.04762   0.66667   0.47619  16.00000
   1.09524   0.71429   0.47619  16.00000
   1.14286   0.76190   0.47619  16.00000
   1.19048   0.80952   0.47619   8.00000
   0.57143   0.14286   0.52381  16.00000
   0.61905   0.19048   0.52381  16.00000
   0.66667   0.23810   0.52381  16.00000
   0.71429   0.28571   0.52381   8.00000
   1.00000   0.57143   0.52381   8.00000
   1.04762   0.61905   0.52381  16.00000
   1.09524   0.66667   0.52381  16.00000
   1.14286   0.71429   0.52381  16.00000
   1.19048   0.76190   0.52381  16.00000
   0.61905   0.14286   0.57143  16.00000
   0.66667   0.19048   0.57143  16.00000
   0.71429   0.23810   0.57143  16.00000
   1.00000   0.52381   0.57143   8.00000
   1.04762   0.57143   0.57143  16.00000
   1.09524   0.61905   0.57143  16.00000
   1.14286   0.66667   0.57143  16.00000
   1.19048   0.71429   0.57143  16.00000
   1.23810   0.76190   0.57143   8.00000
   0.66667   0.14286   0.61905  16.00000
   0.71429   0.19048   0.61905  16.00000
   0.76190   0.23810   0.61905   8.00000
   1.00000   0.47619   0.61905   8.00000
   1.04762   0.52381   0.61905  16.00000
   1.09524   0.57143   0.61905  16.00000
   1.14286   0.61905   0.61905  16.00000
   1.19048   0.66667   0.61905  16.00000
   1.23810   0.71429   0.61905  16.00000
   0.71429   0.14286   0.66667  16.00000
   0.76190   0.19048   0.66667  16.00000
   1.00000   0.42857   0.66667   8.00000
   1.04762   0.47619   0.66667  16.00000
   1.09524   0.52381   0.66667  16.00000
   1.14286   0.57143   0.66667  16.00000
   1.19048   0.61905   0.66667  16.00000
   1.23810   0.66667   0.66667  16.00000
   1.28571   0.71429   0.66667   8.00000
   0.76190   0.14286   0.71429  16.00000
   0.80952   0.19048   0.71429   8.00000
   1.00000   0.38095   0.71429   8.00000
   1.04762   0.42857   0.71429  16.00000
   1.09524   0.47619   0.71429  16.00000
   1.14286   0.52381   0.71429  16.00000
   1.19048   0.57143   0.71429  16.00000
   1.23810   0.61905   0.71429  16.00000
   1.28571   0.66667   0.71429  16.00000
   0.80952   0.14286   0.76190  16.00000
   1.00000   0.33333   0.76190   8.00000
   1.04762   0.38095   0.76190  16.00000
   1.09524   0.42857   0.76190  16.00000
   1.14286   0.47619   0.76190  16.00000
   1.19048   0.52381   0.76190  16.00000
   1.23810   0.57143   0.76190  16.00000
   1.28571   0.61905   0.76190  16.00000
   1.33333   0.66667   0.76190   8.00000
   0.85714   0.14286   0.80952   8.00000
   1.00000   0.28571   0.80952   8.00000
   1.04762   0.33333   0.80952  16.00000
   1.09524   0.38095   0.80952  16.00000
   1.14286   0.42857   0.80952  16.00000
   1.19048   0.47619   0.80952  16.00000
   1.23810   0.52381   0.80952  16.00000
   1.28571   0.57143   0.80952  16.00000
   1.33333   0.61905   0.80952  16.00000
   1.00000   0.23810   0.85714   8.00000
   1.04762   0.28571   0.85714  16.00000
   1.09524   0.33333   0.85714  16.00000
   1.14286   0.38095   0.85714  16.00000
   1.19048   0.42857   0.85714  16.00000
   1.23810   0.47619   0.85714  16.00000
   1.28571   0.52381   0.85714  16.00000
   1.33333   0.57143   0.85714  16.00000
   1.38095   0.61905   0.85714   8.00000
   1.00000   0.19048   0.90476   8.00000
   1.04762   0.23810   0.90476  16.00000
   1.09524   0.28571   0.90476  16.00000
   1.14286   0.33333   0.90476  16.00000
   1.19048   0.38095   0.90476  16.00000
   1.23810   0.42857   0.90476  16.00000
   1.28571   0.47619   0.90476  16.00000
   1.33333   0.52381   0.90476  16.00000
   1.38095   0.57143   0.90476  16.00000
   1.00000   0.14286   0.95238   8.00000
   1.04762   0.19048   0.95238  16.00000
   1.09524   0.23810   0.95238  16.00000
   1.14286   0.28571   0.95238  16.00000
   1.19048   0.33333   0.95238  16.00000
   1.23810   0.38095   0.95238  16.00000
   1.28571   0.42857   0.95238  16.00000
   1.33333   0.47619   0.95238  16.00000
   1.38095   0.52381   0.95238  16.00000
   1.42857   0.57143   0.95238   8.00000
   1.00000   0.09524   1.00000   4.00000
   1.04762   0.14286   1.00000   8.00000
   1.09524   0.19048   1.00000   8.00000
   1.14286   0.23810   1.00000   8.00000
   1.19048   0.28571   1.00000   8.00000
   1.23810   0.33333   1.00000   8.00000
   1.28571   0.38095   1.00000   8.00000
   1.33333   0.42857   1.00000   8.00000
   1.38095   0.47619   1.00000   8.00000
   1.42857   0.52381   1.00000   8.00000
   0.19048   0.19048   0.19048   8.00000
   0.23810   0.23810   0.19048   8.00000
   0.28571   0.28571   0.19048   8.00000
   0.33333   0.33333   0.19048   8.00000
   0.38095   0.38095   0.19048   8.00000
   0.42857   0.42857   0.19048   8.00000
   0.47619   0.47619   0.19048   8.00000
   1.00000   1.00000   0.19048   2.00000
   0.23810   0.19048   0.23810  16.00000
   0.28571   0.23810   0.23810  16.00000
   0.33333   0.28571   0.23810  16.00000
   0.38095   0.33333   0.23810  16.00000
   0.42857   0.38095   0.23810  16.00000
   0.47619   0.42857   0.23810  16.00000
   0.52381   0.47619   0.23810   8.00000
   1.00000   0.95238   0.23810   8.00000
   0.28571   0.19048   0.28571  16.00000
   0.33333   0.23810   0.28571  16.00000
   0.38095   0.28571   0.28571  16.00000
   0.42857   0.33333   0.28571  16.00000
   0.47619   0.38095   0.28571  16.00000
   0.52381   0.42857   0.28571  16.00000
   1.00000   0.90476   0.28571   8.00000
   1.04762   0.95238   0.28571   8.00000
   0.33333   0.19048   0.33333  16.00000
   0.38095   0.23810   0.33333  16.00000
   0.42857   0.28571   0.33333  16.00000
   0.47619   0.33333   0.33333  16.00000
   0.52381   0.38095   0.33333  16.00000
   0.57143   0.42857   0.33333   8.00000
   1.00000   0.85714   0.33333   8.00000
   1.04762   0.90476   0.33333  16.00000
   0.38095   0.19048   0.38095  16.00000
   0.42857   0.23810   0.38095  16.00000
   0.47619   0.28571   0.38095  16.00000
   0.52381   0.33333   0.38095  16.00000
   0.57143   0.38095   0.38095  16.00000
   1.00000   0.80952   0.38095   8.00000
   1.04762   0.85714   0.38095  16.00000
   1.09524   0.90476   0.38095   8.00000
   0.42857   0.19048   0.42857  16.00000
   0.47619   0.23810   0.42857  16.00000
   0.52381   0.28571   0.42857  16.00000
   0.57143   0.33333   0.42857  16.00000
   0.61905   0.38095   0.42857   8.00000
   1.00000   0.76190   0.42857   8.00000
   1.04762   0.80952   0.42857  16.00000
   1.09524   0.85714   0.42857  16.00000
   0.47619   0.19048   0.47619  16.00000
   0.52381   0.23810   0.47619  16.00000
   0.57143   0.28571   0.47619  16.00000
   0.61905   0.33333   0.47619  16.00000
   1.00000   0.71429   0.47619   8.00000
   1.04762   0.76190   0.47619  16.00000
   1.09524   0.80952   0.47619  16.00000
   1.14286   0.85714   0.47619   8.00000
   0.57143   0.23810   0.52381  16.00000
   0.61905   0.28571   0.52381  16.00000
   0.66667   0.33333   0.52381   8.00000
   1.00000   0.66667   0.52381   8.00000
   1.04762   0.71429   0.52381  16.00000
   1.09524   0.76190   0.52381  16.00000
   1.14286   0.80952   0.52381  16.00000
   0.61905   0.23810   0.57143  16.00000
   0.66667   0.28571   0.57143  16.00000
   1.00000   0.61905   0.57143   8.00000
   1.04762   0.66667   0.57143  16.00000
   1.09524   0.71429   0.57143  16.00000
   1.14286   0.76190   0.57143  16.00000
   1.19048   0.80952   0.57143   8.00000
   0.66667   0.23810   0.61905  16.00000
   0.71429   0.28571   0.61905   8.00000
   1.00000   0.57143   0.61905   8.00000
   1.04762   0.61905   0.61905  16.00000
   1.09524   0.66667   0.61905  16.00000
   1.14286   0.71429   0.61905  16.00000
   1.19048   0.76190   0.61905  16.00000
   0.71429   0.23810   0.66667  16.00000
   1.00000   0.52381   0.66667   8.00000
   1.04762   0.57143   0.66667  16.00000
   1.09524   0.61905   0.66667  16.00000
   1.14286   0.66667   0.66667  16.00000
   1.19048   0.71429   0.66667  16.00000
   1.23810   0.76190   0.66667   8.00000
   0.76190   0.23810   0.71429   8.00000
   1.00000   0.47619   0.71429   8.00000
   1.04762   0.52381   0.71429  16.00000
   1.09524   0.57143   0.71429  16.00000
   1.14286   0.61905   0.71429  16.00000
   1.19048   0.66667   0.71429  16.00000
   1.23810   0.71429   0.71429  16.00000
   1.00000   0.42857   0.76190   8.00000
   1.04762   0.47619   0.76190  16.00000
   1.09524   0.52381   0.76190  16.00000
   1.14286   0.57143   0.76190  16.00000
   1.19048   0.61905   0.76190  16.00000
   1.23810   0.66667   0.76190  16.00000
   1.28571   0.71429   0.76190   8.00000
   1.00000   0.38095   0.80952   8.00000
   1.04762   0.42857   0.80952  16.00000
   1.09524   0.47619   0.80952  16.00000
   1.14286   0.52381   0.80952  16.00000
   1.19048   0.57143   0.80952  16.00000
   1.23810   0.61905   0.80952  16.00000
   1.28571   0.66667   0.80952  16.00000
   1.00000   0.33333   0.85714   8.00000
   1.04762   0.38095   0.85714  16.00000
   1.09524   0.42857   0.85714  16.00000
   1.14286   0.47619   0.85714  16.00000
   1.19048   0.52381   0.85714  16.00000
   1.23810   0.57143   0.85714  16.00000
   1.28571   0.61905   0.85714  16.00000
   1.33333   0.66667   0.85714   8.00000
   1.00000   0.28571   0.90476   8.00000
   1.04762   0.33333   0.90476  16.00000
   1.09524   0.38095   0.90476  16.00000
   1.14286   0.42857   0.90476  16.00000
   1.19048   0.47619   0.90476  16.00000
   1.23810   0.52381   0.90476  16.00000
   1.28571   0.57143   0.90476  16.00000
   1.33333   0.61905   0.90476  16.00000
   1.00000   0.23810   0.95238   8.00000
   1.04762   0.28571   0.95238  16.00000
   1.09524   0.33333   0.95238  16.00000
   1.14286   0.38095   0.95238  16.00000
   1.19048   0.42857   0.95238  16.00000
   1.23810   0.47619   0.95238  16.00000
   1.28571   0.52381   0.95238  16.00000
   1.33333   0.57143   0.95238  16.00000
   1.38095   0.61905   0.95238   8.00000
   1.00000   0.19048   1.00000   4.00000
   1.04762   0.23810   1.00000   8.00000
   1.09524   0.28571   1.00000   8.00000
   1.14286   0.33333   1.00000   8.00000
   1.19048   0.38095   1.00000   8.00000
   1.23810   0.42857   1.00000   8.00000
   1.28571   0.47619   1.00000   8.00000
   1.33333   0.52381   1.00000   8.00000
   1.38095   0.57143   1.00000   8.00000
   0.28571   0.28571   0.28571   8.00000
   0.33333   0.33333   0.28571   8.00000
   0.38095   0.38095   0.28571   8.00000
   0.42857   0.42857   0.28571   8.00000
   0.47619   0.47619   0.28571   8.00000
   1.00000   1.00000   0.28571   2.00000
   0.33333   0.28571   0.33333  16.00000
   0.38095   0.33333   0.33333  16.00000
   0.42857   0.38095   0.33333  16.00000
   0.47619   0.42857   0.33333  16.00000
   0.52381   0.47619   0.33333   8.00000
   1.00000   0.95238   0.33333   8.00000
   0.38095   0.28571   0.38095  16.00000
   0.42857   0.33333   0.38095  16.00000
   0.47619   0.38095   0.38095  16.00000
   0.52381   0.42857   0.38095  16.00000
   1.00000   0.90476   0.38095   8.00000
   1.04762   0.95238   0.38095   8.00000
   0.42857   0.28571   0.42857  16.00000
   0.47619   0.33333   0.42857  16.00000
   0.52381   0.38095   0.42857  16.00000
   0.57143   0.42857   0.42857   8.00000
   1.00000   0.85714   0.42857   8.00000
   1.04762   0.90476   0.42857  16.00000
   0.47619   0.28571   0.47619  16.00000
   0.52381   0.33333   0.47619  16.00000
   0.57143   0.38095   0.47619  16.00000
   1.00000   0.80952   0.47619   8.00000
   1.04762   0.85714   0.47619  16.00000
   1.09524   0.90476   0.47619   8.00000
   0.57143   0.33333   0.52381  16.00000
   0.61905   0.38095   0.52381   8.00000
   1.00000   0.76190   0.52381   8.00000
   1.04762   0.80952   0.52381  16.00000
   1.09524   0.85714   0.52381  16.00000
   0.61905   0.33333   0.57143  16.00000
   1.00000   0.71429   0.57143   8.00000
   1.04762   0.76190   0.57143  16.00000
   1.09524   0.80952   0.57143  16.00000
   1.14286   0.85714   0.57143   8.00000
   0.66667   0.33333   0.61905   8.00000
   1.00000   0.66667   0.61905   8.00000
   1.04762   0.71429   0.61905  16.00000
   1.09524   0.76190   0.61905  16.00000
   1.14286   0.80952   0.61905  16.00000
   1.00000   0.61905   0.66667   8.00000
   1.04762   0.66667   0.66667  16.00000
   1.09524   0.71429   0.66667  16.00000
   1.14286   0.76190   0.66667  16.00000
   1.19048   0.80952   0.66667   8.00000
   1.00000   0.57143   0.71429   8.00000
   1.04762   0.61905   0.71429  16.00000
   1.09524   0.66667   0.71429  16.00000
   1.14286   0.71429   0.71429  16.00000
   1.19048   0.76190   0.71429  16.00000
   1.00000   0.52381   0.76190   8.00000
   1.04762   0.57143   0.76190  16.00000
   1.09524   0.61905   0.76190  16.00000
   1.14286   0.66667   0.76190  16.00000
   1.19048   0.71429   0.76190  16.00000
   1.23810   0.76190   0.76190   8.00000
   1.00000   0.47619   0.80952   8.00000
   1.04762   0.52381   0.80952  16.00000
   1.09524   0.57143   0.80952  16.00000
   1.14286   0.61905   0.80952  16.00000
   1.19048   0.66667   0.80952  16.00000
   1.23810   0.71429   0.80952  16.00000
   1.00000   0.42857   0.85714   8.00000
   1.04762   0.47619   0.85714  16.00000
   1.09524   0.52381   0.85714  16.00000
   1.14286   0.57143   0.85714  16.00000
   1.19048   0.61905   0.85714  16.00000
   1.23810   0.66667   0.85714  16.00000
   1.28571   0.71429   0.85714   8.00000
   1.00000   0.38095   0.90476   8.00000
   1.04762   0.42857   0.90476  16.00000
   1.09524   0.47619   0.90476  16.00000
   1.14286   0.52381   0.90476  16.00000
   1.19048   0.57143   0.90476  16.00000
   1.23810   0.61905   0.90476  16.00000
   1.28571   0.66667   0.90476  16.00000
   1.00000   0.33333   0.95238   8.00000
   1.04762   0.38095   0.95238  16.00000
   1.09524   0.42857   0.95238  16.00000
   1.14286   0.47619   0.95238  16.00000
   1.19048   0.52381   0.95238  16.00000
   1.23810   0.57143   0.95238  16.00000
   1.28571   0.61905   0.95238  16.00000
   1.33333   0.66667   0.95238   8.00000
   1.00000   0.28571   1.00000   4.00000
   1.04762   0.33333   1.00000   8.00000
   1.09524   0.38095   1.00000   8.00000
   1.14286   0.42857   1.00000   8.00000
   1.19048   0.47619   1.00000   8.00000
   1.23810   0.52381   1.00000   8.00000
   1.28571   0.57143   1.00000   8.00000
   1.33333   0.61905   1.00000   8.00000
   0.38095   0.38095   0.38095   8.00000
   0.42857   0.42857   0.38095   8.00000
   0.47619   0.47619   0.38095   8.00000
   1.00000   1.00000   0.38095   2.00000
   0.42857   0.38095   0.42857  16.00000
   0.47619   0.42857   0.42857  16.00000
   0.52381   0.47619   0.42857   8.00000
   1.00000   0.95238   0.42857   8.00000
   0.47619   0.38095   0.47619  16.00000
   0.52381   0.42857   0.47619  16.00000
   1.00000   0.90476   0.47619   8.00000
   1.04762   0.95238   0.47619   8.00000
   0.57143   0.42857   0.52381   8.00000
   1.00000   0.85714   0.52381   8.00000
   1.04762   0.90476   0.52381  16.00000
   1.00000   0.80952   0.57143   8.00000
   1.04762   0.85714   0.57143  16.00000
   1.09524   0.90476   0.57143   8.00000
   1.00000   0.76190   0.61905   8.00000
   1.04762   0.80952   0.61905  16.00000
   1.09524   0.85714   0.61905  16.00000
   1.00000   0.71429   0.66667   8.00000
   1.04762   0.76190   0.66667  16.00000
   1.09524   0.80952   0.66667  16.00000
   1.14286   0.85714   0.66667   8.00000
   1.00000   0.66667   0.71429   8.00000
   1.04762   0.71429   0.71429  16.00000
   1.09524   0.76190   0.71429  16.00000
   1.14286   0.80952   0.71429  16.00000
   1.00000   0.61905   0.76190   8.00000
   1.04762   0.66667   0.76190  16.00000
   1.09524   0.71429   0.76190  16.00000
   1.14286   0.76190   0.76190  16.00000
   1.19048   0.80952   0.76190   8.00000
   1.00000   0.57143   0.80952   8.00000
   1.04762   0.61905   0.80952  16.00000
   1.09524   0.66667   0.80952  16.00000
   1.14286   0.71429   0.80952  16.00000
   1.19048   0.76190   0.80952  16.00000
   1.00000   0.52381   0.85714   8.00000
   1.04762   0.57143   0.85714  16.00000
   1.09524   0.61905   0.85714  16.00000
   1.14286   0.66667   0.85714  16.00000
   1.19048   0.71429   0.85714  16.00000
   1.23810   0.76190   0.85714   8.00000
   1.00000   0.47619   0.90476   8.00000
   1.04762   0.52381   0.90476  16.00000
   1.09524   0.57143   0.90476  16.00000
   1.14286   0.61905   0.90476  16.00000
   1.19048   0.66667   0.90476  16.00000
   1.23810   0.71429   0.90476  16.00000
   1.00000   0.42857   0.95238   8.00000
   1.04762   0.47619   0.95238  16.00000
   1.09524   0.52381   0.95238  16.00000
   1.14286   0.57143   0.95238  16.00000
   1.19048   0.61905   0.95238  16.00000
   1.23810   0.66667   0.95238  16.00000
   1.28571   0.71429   0.95238   8.00000
   1.00000   0.38095   1.00000   4.00000
   1.04762   0.42857   1.00000   8.00000
   1.09524   0.47619   1.00000   8.00000
   1.14286   0.52381   1.00000   8.00000
   1.19048   0.57143   1.00000   8.00000
   1.23810   0.61905   1.00000   8.00000
   1.28571   0.66667   1.00000   8.00000
   0.47619   0.47619   0.47619   8.00000
   1.00000   1.00000   0.47619   2.00000
   1.00000   0.95238   0.52381   8.00000
   1.00000   0.90476   0.57143   8.00000
   1.04762   0.95238   0.57143   8.00000
   1.00000   0.85714   0.61905   8.00000
   1.04762   0.90476   0.61905  16.00000
   1.00000   0.80952   0.66667   8.00000
   1.04762   0.85714   0.66667  16.00000
   1.09524   0.90476   0.66667   8.00000
   1.00000   0.76190   0.71429   8.00000
   1.04762   0.80952   0.71429  16.00000
   1.09524   0.85714   0.71429  16.00000
   1.00000   0.71429   0.76190   8.00000
   1.04762   0.76190   0.76190  16.00000
   1.09524   0.80952   0.76190  16.00000
   1.14286   0.85714   0.76190   8.00000
   1.00000   0.66667   0.80952   8.00000
   1.04762   0.71429   0.80952  16.00000
   1.09524   0.76190   0.80952  16.00000
   1.14286   0.80952   0.80952  16.00000
   1.00000   0.61905   0.85714   8.00000
   1.04762   0.66667   0.85714  16.00000
   1.09524   0.71429   0.85714  16.00000
   1.14286   0.76190   0.85714  16.00000
   1.19048   0.80952   0.85714   8.00000
   1.00000   0.57143   0.90476   8.00000
   1.04762   0.61905   0.90476  16.00000
   1.09524   0.66667   0.90476  16.00000
   1.14286   0.71429   0.90476  16.00000
   1.19048   0.76190   0.90476  16.00000
   1.00000   0.52381   0.95238   8.00000
   1.04762   0.57143   0.95238  16.00000
   1.09524   0.61905   0.95238  16.00000
   1.14286   0.66667   0.95238  16.00000
   1.19048   0.71429   0.95238  16.00000
   1.23810   0.76190   0.95238   8.00000
   1.00000   0.47619   1.00000   4.00000
   1.04762   0.52381   1.00000   8.00000
   1.09524   0.57143   1.00000   8.00000
   1.14286   0.61905   1.00000   8.00000
   1.19048   0.66667   1.00000   8.00000
   1.23810   0.71429   1.00000   8.00000
   1.00000   1.00000   0.57143   2.00000
   1.00000   0.95238   0.61905   8.00000
   1.00000   0.90476   0.66667   8.00000
   1.04762   0.95238   0.66667   8.00000
   1.00000   0.85714   0.71429   8.00000
   1.04762   0.90476   0.71429  16.00000
   1.00000   0.80952   0.76190   8.00000
   1.04762   0.85714   0.76190  16.00000
   1.09524   0.90476   0.76190   8.00000
   1.00000   0.76190   0.80952   8.00000
   1.04762   0.80952   0.80952  16.00000
   1.09524   0.85714   0.80952  16.00000
   1.00000   0.71429   0.85714   8.00000
   1.04762   0.76190   0.85714  16.00000
   1.09524   0.80952   0.85714  16.00000
   1.14286   0.85714   0.85714   8.00000
   1.00000   0.66667   0.90476   8.00000
   1.04762   0.71429   0.90476  16.00000
   1.09524   0.76190   0.90476  16.00000
   1.14286   0.80952   0.90476  16.00000
   1.00000   0.61905   0.95238   8.00000
   1.04762   0.66667   0.95238  16.00000
   1.09524   0.71429   0.95238  16.00000
   1.14286   0.76190   0.95238  16.00000
   1.19048   0.80952   0.95238   8.00000
   1.00000   0.57143   1.00000   4.00000
   1.04762   0.61905   1.00000   8.00000
   1.09524   0.66667   1.00000   8.00000
   1.14286   0.71429   1.00000   8.00000
   1.19048   0.76190   1.00000   8.00000
   1.00000   1.00000   0.66667   2.00000
   1.00000   0.95238   0.71429   8.00000
   1.00000   0.90476   0.76190   8.00000
   1.04762   0.95238   0.76190   8.00000
   1.00000   0.85714   0.80952   8.00000
   1.04762   0.90476   0.80952  16.00000
   1.00000   0.80952   0.85714   8.00000
   1.04762   0.85714   0.85714  16.00000
   1.09524   0.90476   0.85714   8.00000
   1.00000   0.76190   0.90476   8.00000
   1.04762   0.80952   0.90476  16.00000
   1.09524   0.85714   0.90476  16.00000
   1.00000   0.71429   0.95238   8.00000
   1.04762   0.76190   0.95238  16.00000
   1.09524   0.80952   0.95238  16.00000
   1.14286   0.85714   0.95238   8.00000
   1.00000   0.66667   1.00000   4.00000
   1.04762   0.71429   1.00000   8.00000
   1.09524   0.76190   1.00000   8.00000
   1.14286   0.80952   1.00000   8.00000
   1.00000   1.00000   0.76190   2.00000
   1.00000   0.95238   0.80952   8.00000
   1.00000   0.90476   0.85714   8.00000
   1.04762   0.95238   0.85714   8.00000
   1.00000   0.85714   0.90476   8.00000
   1.04762   0.90476   0.90476  16.00000
   1.00000   0.80952   0.95238   8.00000
   1.04762   0.85714   0.95238  16.00000
   1.09524   0.90476   0.95238   8.00000
   1.00000   0.76190   1.00000   4.00000
   1.04762   0.80952   1.00000   8.00000
   1.09524   0.85714   1.00000   8.00000
   1.00000   1.00000   0.85714   2.00000
   1.00000   0.95238   0.90476   8.00000
   1.00000   0.90476   0.95238   8.00000
   1.04762   0.95238   0.95238   8.00000
   1.00000   0.85714   1.00000   4.00000
   1.04762   0.90476   1.00000   8.00000
   1.00000   1.00000   0.95238   2.00000
   1.00000   0.95238   1.00000   4.00000




                              --------------------------------------------------
                                 S T R U C T U R A L   I N F O R M A T I O N
                              --------------------------------------------------


   SUBSTANCE                    = tetragonal body-centered  (delta')                                              

   LATTICE                      = B   
   LATTICE CONSTANTS ARE        =    5.7237640   5.7237640   7.6214000
   NUMBER OF ATOMS IN UNITCELL  =   1
   MODE OF CALCULATION IS       = RELA
 IORD=          16
 FNAMES=
 ./deltaprime_Pu_4.vectorso_1                                                   
                                                                                
                                           
 ./deltaprime_Pu_4.vectorsodn_1                                                 
                                                                                
                                           
 deltaprime_Pu_4.energyso_1                                                     
                                                                                
                                           
 deltaprime_Pu_4.energysodn_1                                                   
                                                                                
                                           
  BR1,  BR2
   1.09774   0.00000   0.00000      0.00000   1.09774   1.09774
   0.00000   1.09774   0.00000      1.09774   0.00000   1.09774
   0.00000   0.00000   0.82441      0.82441   0.82441   0.00000
 projector corrected--must be 1,2, or 3! Now projector= 2
 Energy window:   -0.4410 < E <      0.441
 Projected density of states calculation for  1 atoms
--------- atom  1 -------------
l=  3  qsplit=  4
 Symmetrization over eq. k-points is performed
 ********** Start Reading Cix file *************
  Correlated block number           1
  Correlated index=
  1  0  0  0  0  0  0  0  0  0  0  0  0  0
  0  1  0  0  0  0  0  0  0  0  0  0  0  0
  0  0  1  0  0  0  0  0  0  0  0  0  0  0
  0  0  0  1  0  0  0  0  0  0  0  0  0  0
  0  0  0  0  1  0  0  0  0  0  0  0  0  0
  0  0  0  0  0  1  0  0  0  0  0  0  0  0
  0  0  0  0  0  0  2  0  0  0  0  0  0  0
  0  0  0  0  0  0  0  2  0  0  0  0  0  0
  0  0  0  0  0  0  0  0  2  0  0  0  0  0
  0  0  0  0  0  0  0  0  0  2  0  0  0  0
  0  0  0  0  0  0  0  0  0  0  2  0  0  0
  0  0  0  0  0  0  0  0  0  0  0  2  0  0
  0  0  0  0  0  0  0  0  0  0  0  0  2  0
  0  0  0  0  0  0  0  0  0  0  0  0  0  2
  Real part of unitary matrix=
  0.9258  0.0000  0.0000  0.0000  0.0000  0.0000  0.0000  0.0000 -0.3780  0.0000  0.0000  0.0000  0.0000  0.0000
  0.0000  0.8452  0.0000  0.0000  0.0000  0.0000  0.0000  0.0000  0.0000 -0.5345  0.0000  0.0000  0.0000  0.0000
  0.0000  0.0000  0.7559  0.0000  0.0000  0.0000  0.0000  0.0000  0.0000  0.0000 -0.6547  0.0000  0.0000  0.0000
  0.0000  0.0000  0.0000  0.6547  0.0000  0.0000  0.0000  0.0000  0.0000  0.0000  0.0000 -0.7559  0.0000  0.0000
  0.0000  0.0000  0.0000  0.0000  0.5345  0.0000  0.0000  0.0000  0.0000  0.0000  0.0000  0.0000 -0.8452  0.0000
  0.0000  0.0000  0.0000  0.0000  0.0000  0.3780  0.0000  0.0000  0.0000  0.0000  0.0000  0.0000  0.0000 -0.9258
  0.0000  0.0000  0.0000  0.0000  0.0000  0.0000  0.0000  1.0000  0.0000  0.0000  0.0000  0.0000  0.0000  0.0000
  0.3780  0.0000  0.0000  0.0000  0.0000  0.0000  0.0000  0.0000  0.9258  0.0000  0.0000  0.0000  0.0000  0.0000
  0.0000  0.5345  0.0000  0.0000  0.0000  0.0000  0.0000  0.0000  0.0000  0.8452  0.0000  0.0000  0.0000  0.0000
  0.0000  0.0000  0.6547  0.0000  0.0000  0.0000  0.0000  0.0000  0.0000  0.0000  0.7559  0.0000  0.0000  0.0000
  0.0000  0.0000  0.0000  0.7559  0.0000  0.0000  0.0000  0.0000  0.0000  0.0000  0.0000  0.6547  0.0000  0.0000
  0.0000  0.0000  0.0000  0.0000  0.8452  0.0000  0.0000  0.0000  0.0000  0.0000  0.0000  0.0000  0.5345  0.0000
  0.0000  0.0000  0.0000  0.0000  0.0000  0.9258  0.0000  0.0000  0.0000  0.0000  0.0000  0.0000  0.0000  0.3780
  0.0000  0.0000  0.0000  0.0000  0.0000  0.0000  1.0000  0.0000  0.0000  0.0000  0.0000  0.0000  0.0000  0.0000
  Imaginary part of unitary matrix=
  0.0000  0.0000  0.0000  0.0000  0.0000  0.0000  0.0000  0.0000  0.0000  0.0000  0.0000  0.0000  0.0000  0.0000
  0.0000  0.0000  0.0000  0.0000  0.0000  0.0000  0.0000  0.0000  0.0000  0.0000  0.0000  0.0000  0.0000  0.0000
  0.0000  0.0000  0.0000  0.0000  0.0000  0.0000  0.0000  0.0000  0.0000  0.0000  0.0000  0.0000  0.0000  0.0000
  0.0000  0.0000  0.0000  0.0000  0.0000  0.0000  0.0000  0.0000  0.0000  0.0000  0.0000  0.0000  0.0000  0.0000
  0.0000  0.0000  0.0000  0.0000  0.0000  0.0000  0.0000  0.0000  0.0000  0.0000  0.0000  0.0000  0.0000  0.0000
  0.0000  0.0000  0.0000  0.0000  0.0000  0.0000  0.0000  0.0000  0.0000  0.0000  0.0000  0.0000  0.0000  0.0000
  0.0000  0.0000  0.0000  0.0000  0.0000  0.0000  0.0000  0.0000  0.0000  0.0000  0.0000  0.0000  0.0000  0.0000
  0.0000  0.0000  0.0000  0.0000  0.0000  0.0000  0.0000  0.0000  0.0000  0.0000  0.0000  0.0000  0.0000  0.0000
  0.0000  0.0000  0.0000  0.0000  0.0000  0.0000  0.0000  0.0000  0.0000  0.0000  0.0000  0.0000  0.0000  0.0000
  0.0000  0.0000  0.0000  0.0000  0.0000  0.0000  0.0000  0.0000  0.0000  0.0000  0.0000  0.0000  0.0000  0.0000
  0.0000  0.0000  0.0000  0.0000  0.0000  0.0000  0.0000  0.0000  0.0000  0.0000  0.0000  0.0000  0.0000  0.0000
  0.0000  0.0000  0.0000  0.0000  0.0000  0.0000  0.0000  0.0000  0.0000  0.0000  0.0000  0.0000  0.0000  0.0000
  0.0000  0.0000  0.0000  0.0000  0.0000  0.0000  0.0000  0.0000  0.0000  0.0000  0.0000  0.0000  0.0000  0.0000
  0.0000  0.0000  0.0000  0.0000  0.0000  0.0000  0.0000  0.0000  0.0000  0.0000  0.0000  0.0000  0.0000  0.0000
  At least one transformation matrix is not Identity
 Magnetic system with s-o coupling; M theta, phi:  0.0000  0.0000
 Inside ROTDEF
Operation  1 transforms atom   1 from first atom   1
Actual position of atom  1 is:  0.000000    0.000000    0.000000
 
Combined transformation (acting on k-point) for correlated atoms
including users rotation and internal local rotation
catom  1 atom   1
   1.09774   0.00000   0.00000
   0.00000  -1.09774   0.00000
   0.00000   0.00000  -0.82441
 
 
 SPIN COORD SYSTEM:
    1.000000    0.000000    0.000000
    0.000000    1.000000    0.000000
    0.000000    0.000000    1.000000
 
 in global cartezian coordinates:
    1.000000    0.000000    0.000000
    0.000000   -1.000000    0.000000
    0.000000    0.000000   -1.000000
 ____________________________
 in spin coordinates:
    1.000000    0.000000    0.000000
    0.000000   -1.000000    0.000000
    0.000000    0.000000   -1.000000
           1   3.14159265358979       -1.00000000000000     
 
 in global cartezian coordinates:
    0.000000    1.000000    0.000000
   -1.000000    0.000000    0.000000
    0.000000    0.000000   -1.000000
 ____________________________
 in spin coordinates:
    0.000000    1.000000    0.000000
   -1.000000    0.000000    0.000000
    0.000000    0.000000   -1.000000
           2   1.57079632679490        1.00000000000000     
 
 in global cartezian coordinates:
   -1.000000    0.000000    0.000000
    0.000000   -1.000000    0.000000
    0.000000    0.000000   -1.000000
 ____________________________
 in spin coordinates:
   -1.000000    0.000000    0.000000
    0.000000   -1.000000    0.000000
    0.000000    0.000000   -1.000000
           3  0.000000000000000E+000   1.00000000000000     
 
 in global cartezian coordinates:
    0.000000    1.000000    0.000000
    1.000000    0.000000    0.000000
    0.000000    0.000000   -1.000000
 ____________________________
 in spin coordinates:
    0.000000    1.000000    0.000000
    1.000000    0.000000    0.000000
    0.000000    0.000000   -1.000000
           4   1.57079632679490       -1.00000000000000     
 
 in global cartezian coordinates:
    0.000000   -1.000000    0.000000
   -1.000000    0.000000    0.000000
    0.000000    0.000000   -1.000000
 ____________________________
 in spin coordinates:
    0.000000   -1.000000    0.000000
   -1.000000    0.000000    0.000000
    0.000000    0.000000   -1.000000
           5   4.71238898038469       -1.00000000000000     
 
 in global cartezian coordinates:
    1.000000    0.000000    0.000000
    0.000000    1.000000    0.000000
    0.000000    0.000000   -1.000000
 ____________________________
 in spin coordinates:
    1.000000    0.000000    0.000000
    0.000000    1.000000    0.000000
    0.000000    0.000000   -1.000000
           6   3.14159274101257        1.00000000000000     
 
 in global cartezian coordinates:
    1.000000    0.000000    0.000000
    0.000000   -1.000000    0.000000
    0.000000    0.000000    1.000000
 ____________________________
 in spin coordinates:
    1.000000    0.000000    0.000000
    0.000000   -1.000000    0.000000
    0.000000    0.000000    1.000000
           7   6.28318539460237       -1.00000000000000     
 
 in global cartezian coordinates:
    0.000000    1.000000    0.000000
   -1.000000    0.000000    0.000000
    0.000000    0.000000    1.000000
 ____________________________
 in spin coordinates:
    0.000000    1.000000    0.000000
   -1.000000    0.000000    0.000000
    0.000000    0.000000    1.000000
           8  -1.57079632679490        1.00000000000000     
 
 in global cartezian coordinates:
    0.000000   -1.000000    0.000000
    1.000000    0.000000    0.000000
    0.000000    0.000000   -1.000000
 ____________________________
 in spin coordinates:
    0.000000   -1.000000    0.000000
    1.000000    0.000000    0.000000
    0.000000    0.000000   -1.000000
           9  -1.57079632679490        1.00000000000000     
 
 in global cartezian coordinates:
   -1.000000    0.000000    0.000000
    0.000000    1.000000    0.000000
    0.000000    0.000000   -1.000000
 ____________________________
 in spin coordinates:
   -1.000000    0.000000    0.000000
    0.000000    1.000000    0.000000
    0.000000    0.000000   -1.000000
          10   6.28318539460237       -1.00000000000000     
 
 in global cartezian coordinates:
   -1.000000    0.000000    0.000000
    0.000000   -1.000000    0.000000
    0.000000    0.000000    1.000000
 ____________________________
 in spin coordinates:
   -1.000000    0.000000    0.000000
    0.000000   -1.000000    0.000000
    0.000000    0.000000    1.000000
          11   3.14159274101257        1.00000000000000     
 
 in global cartezian coordinates:
    0.000000    1.000000    0.000000
    1.000000    0.000000    0.000000
    0.000000    0.000000    1.000000
 ____________________________
 in spin coordinates:
    0.000000    1.000000    0.000000
    1.000000    0.000000    0.000000
    0.000000    0.000000    1.000000
          12   4.71238898038469       -1.00000000000000     
 
 in global cartezian coordinates:
    0.000000   -1.000000    0.000000
   -1.000000    0.000000    0.000000
    0.000000    0.000000    1.000000
 ____________________________
 in spin coordinates:
    0.000000   -1.000000    0.000000
   -1.000000    0.000000    0.000000
    0.000000    0.000000    1.000000
          13   1.57079632679490       -1.00000000000000     
 
 in global cartezian coordinates:
    1.000000    0.000000    0.000000
    0.000000    1.000000    0.000000
    0.000000    0.000000    1.000000
 ____________________________
 in spin coordinates:
    1.000000    0.000000    0.000000
    0.000000    1.000000    0.000000
    0.000000    0.000000    1.000000
          14  0.000000000000000E+000   1.00000000000000     
 
 in global cartezian coordinates:
    0.000000   -1.000000    0.000000
    1.000000    0.000000    0.000000
    0.000000    0.000000    1.000000
 ____________________________
 in spin coordinates:
    0.000000   -1.000000    0.000000
    1.000000    0.000000    0.000000
    0.000000    0.000000    1.000000
          15   1.57079632679490        1.00000000000000     
 
 in global cartezian coordinates:
   -1.000000    0.000000    0.000000
    0.000000    1.000000    0.000000
    0.000000    0.000000    1.000000
 ____________________________
 in spin coordinates:
   -1.000000    0.000000    0.000000
    0.000000    1.000000    0.000000
    0.000000    0.000000    1.000000
          16   3.14159265358979       -1.00000000000000     
 
 FNAME=
 deltaprime_Pu_4.energyso_1                                                     
                                                                                
                                                     60
 FNAME=
 deltaprime_Pu_4.energysodn_1                                                   
                                                                                
                                                     59
 BZ-integration with TETRA-program.   icor=: 1
 Equal occupancy of degenerate states, tol=: 0.1E-05
 call eord...
 call dos...
 ILOOP            1
 ILOOP            2
   FERMI ENERGY AT    1.58801882986005     
 RESULT OF INTEGRATION:      15.999999999707; SHOULD BE:      15.999999999900
   SUM RULE OF TETRAHEDRON INTEGRATION CHECKED 
 call eweigh...
   number of occupied bands:          18
   highest energy:   1.60444288928826     
 FERMI-LDA=   1.588 Ryd,  21.606 eV.
 ABSOLUTE EMIN=   1.147 Ryd.  15.606 eV.
 ABSOLUTE EMAX=   2.029 Ryd.  27.606 eV.


:NLDA  : NUMBER OF ELECTRONS          =  16.000

:FLDA  : F E R M I - ENERGY           =   1.58802
 
 ********** Information about the atomic index arrays ************
 iatom=           1
 isort=           1
 csort=           1
 maxucase=           1
icase, iucase, jatom, latom=     1     1     1     1
 
 *****  Arrays for correlated blocks ******
 norbitals=           1
 maxdim2=          14
iorbital( 1, 1)=   1
cix( 1, 1)=   1
icase,lcase,icix,iorb,nind1,ip1,iSx=    1    1    1    1   14    1    1
icase,lcase,icix,iorb,nind1,ip1,iSx=    1    1    1    1   14    2    2
icase,lcase,icix,iorb,nind1,ip1,iSx=    1    1    1    1   14    3    3
icase,lcase,icix,iorb,nind1,ip1,iSx=    1    1    1    1   14    4    4
icase,lcase,icix,iorb,nind1,ip1,iSx=    1    1    1    1   14    5    5
icase,lcase,icix,iorb,nind1,ip1,iSx=    1    1    1    1   14    6    6
icase,lcase,icix,iorb,nind1,ip1,iSx=    1    1    1    1   14    7    7
icase,lcase,icix,iorb,nind1,ip1,iSx=    1    1    1    1   14    8    8
icase,lcase,icix,iorb,nind1,ip1,iSx=    1    1    1    1   14    9    9
icase,lcase,icix,iorb,nind1,ip1,iSx=    1    1    1    1   14   10   10
icase,lcase,icix,iorb,nind1,ip1,iSx=    1    1    1    1   14   11   11
icase,lcase,icix,iorb,nind1,ip1,iSx=    1    1    1    1   14   12   12
icase,lcase,icix,iorb,nind1,ip1,iSx=    1    1    1    1   14   13   13
icase,lcase,icix,iorb,nind1,ip1,iSx=    1    1    1    1   14   14   14
cixdim( 1)=14
noccur( 1, 1)=   6
noccur( 2, 1)=   8
iSx( 1, 1)=  1
iSx( 2, 1)=  2
iSx( 3, 1)=  3
iSx( 4, 1)=  4
iSx( 5, 1)=  5
iSx( 6, 1)=  6
iSx( 7, 1)=  7
iSx( 8, 1)=  8
iSx( 9, 1)=  9
iSx(10, 1)= 10
iSx(11, 1)= 11
iSx(12, 1)= 12
iSx(13, 1)= 13
iSx(14, 1)= 14
nindo( 1)= 14
CF for iorb1= 1 iorb2= 1
    0.92582010     0.00000000       0.00000000     0.00000000       0.00000000     0.00000000       0.00000000     0.00000000       0.00000000     0.00000000       0.00000000     0.00000000       0.00000000     0.00000000       0.00000000     0.00000000      -0.37796447     0.00000000       0.00000000     0.00000000       0.00000000     0.00000000       0.00000000     0.00000000       0.00000000     0.00000000       0.00000000     0.00000000   
    0.00000000     0.00000000       0.84515425     0.00000000       0.00000000     0.00000000       0.00000000     0.00000000       0.00000000     0.00000000       0.00000000     0.00000000       0.00000000     0.00000000       0.00000000     0.00000000       0.00000000     0.00000000      -0.53452248     0.00000000       0.00000000     0.00000000       0.00000000     0.00000000       0.00000000     0.00000000       0.00000000     0.00000000   
    0.00000000     0.00000000       0.00000000     0.00000000       0.75592895     0.00000000       0.00000000     0.00000000       0.00000000     0.00000000       0.00000000     0.00000000       0.00000000     0.00000000       0.00000000     0.00000000       0.00000000     0.00000000       0.00000000     0.00000000      -0.65465367     0.00000000       0.00000000     0.00000000       0.00000000     0.00000000       0.00000000     0.00000000   
    0.00000000     0.00000000       0.00000000     0.00000000       0.00000000     0.00000000       0.65465367     0.00000000       0.00000000     0.00000000       0.00000000     0.00000000       0.00000000     0.00000000       0.00000000     0.00000000       0.00000000     0.00000000       0.00000000     0.00000000       0.00000000     0.00000000      -0.75592895     0.00000000       0.00000000     0.00000000       0.00000000     0.00000000   
    0.00000000     0.00000000       0.00000000     0.00000000       0.00000000     0.00000000       0.00000000     0.00000000       0.53452248     0.00000000       0.00000000     0.00000000       0.00000000     0.00000000       0.00000000     0.00000000       0.00000000     0.00000000       0.00000000     0.00000000       0.00000000     0.00000000       0.00000000     0.00000000      -0.84515425     0.00000000       0.00000000     0.00000000   
    0.00000000     0.00000000       0.00000000     0.00000000       0.00000000     0.00000000       0.00000000     0.00000000       0.00000000     0.00000000       0.37796447     0.00000000       0.00000000     0.00000000       0.00000000     0.00000000       0.00000000     0.00000000       0.00000000     0.00000000       0.00000000     0.00000000       0.00000000     0.00000000       0.00000000     0.00000000      -0.92582010     0.00000000   
    0.00000000     0.00000000       0.00000000     0.00000000       0.00000000     0.00000000       0.00000000     0.00000000       0.00000000     0.00000000       0.00000000     0.00000000       0.00000000     0.00000000       1.00000000     0.00000000       0.00000000     0.00000000       0.00000000     0.00000000       0.00000000     0.00000000       0.00000000     0.00000000       0.00000000     0.00000000       0.00000000     0.00000000   
    0.37796447     0.00000000       0.00000000     0.00000000       0.00000000     0.00000000       0.00000000     0.00000000       0.00000000     0.00000000       0.00000000     0.00000000       0.00000000     0.00000000       0.00000000     0.00000000       0.92582010     0.00000000       0.00000000     0.00000000       0.00000000     0.00000000       0.00000000     0.00000000       0.00000000     0.00000000       0.00000000     0.00000000   
    0.00000000     0.00000000       0.53452248     0.00000000       0.00000000     0.00000000       0.00000000     0.00000000       0.00000000     0.00000000       0.00000000     0.00000000       0.00000000     0.00000000       0.00000000     0.00000000       0.00000000     0.00000000       0.84515425     0.00000000       0.00000000     0.00000000       0.00000000     0.00000000       0.00000000     0.00000000       0.00000000     0.00000000   
    0.00000000     0.00000000       0.00000000     0.00000000       0.65465367     0.00000000       0.00000000     0.00000000       0.00000000     0.00000000       0.00000000     0.00000000       0.00000000     0.00000000       0.00000000     0.00000000       0.00000000     0.00000000       0.00000000     0.00000000       0.75592895     0.00000000       0.00000000     0.00000000       0.00000000     0.00000000       0.00000000     0.00000000   
    0.00000000     0.00000000       0.00000000     0.00000000       0.00000000     0.00000000       0.75592895     0.00000000       0.00000000     0.00000000       0.00000000     0.00000000       0.00000000     0.00000000       0.00000000     0.00000000       0.00000000     0.00000000       0.00000000     0.00000000       0.00000000     0.00000000       0.65465367     0.00000000       0.00000000     0.00000000       0.00000000     0.00000000   
    0.00000000     0.00000000       0.00000000     0.00000000       0.00000000     0.00000000       0.00000000     0.00000000       0.84515425     0.00000000       0.00000000     0.00000000       0.00000000     0.00000000       0.00000000     0.00000000       0.00000000     0.00000000       0.00000000     0.00000000       0.00000000     0.00000000       0.00000000     0.00000000       0.53452248     0.00000000       0.00000000     0.00000000   
    0.00000000     0.00000000       0.00000000     0.00000000       0.00000000     0.00000000       0.00000000     0.00000000       0.00000000     0.00000000       0.92582010     0.00000000       0.00000000     0.00000000       0.00000000     0.00000000       0.00000000     0.00000000       0.00000000     0.00000000       0.00000000     0.00000000       0.00000000     0.00000000       0.00000000     0.00000000       0.37796447     0.00000000   
    0.00000000     0.00000000       0.00000000     0.00000000       0.00000000     0.00000000       0.00000000     0.00000000       0.00000000     0.00000000       0.00000000     0.00000000       1.00000000     0.00000000       0.00000000     0.00000000       0.00000000     0.00000000       0.00000000     0.00000000       0.00000000     0.00000000       0.00000000     0.00000000       0.00000000     0.00000000       0.00000000     0.00000000   
Rspin for iorb=  1
 angles=  0.000000000000000E+000   3.14159265358979       0.000000000000000E+000
  0.000000000000000E+000  0.000000000000000E+000  0.000000000000000E+000
 Rspin=
    0.000000    0.000000      0.000000    1.000000
    0.000000    1.000000      0.000000    0.000000
 Calculation for atom  1 which has iucase=  1
 ATPAR for spin up

          ATOMIC PARAMETERS FOR Pu  0+    

           ENERGY PARAMETERS ARE   1.37  -0.93   1.37   1.37

           L     U(R)          U'(R)         DU/DE        DU'/DE      NORM-U'
           0  0.552750E+00  0.809298E+00  0.111213E+00 -0.228543E+00
           1  0.537682E+00 -0.548947E-03 -0.144035E+00 -0.402214E+00
           2 -0.616547E+00  0.302620E-01  0.986994E-01  0.346081E+00
           3 -0.310980E+00  0.135213E+00  0.366928E+00  0.536314E+00
LO COEFFICIENT: l,A,B,C   0          0.65009    -3.23105     0.00000     0.00000
 
LO COEFFICIENT: l,A,B,C   0          0.32158     0.00000     0.78075     0.00000
 
LO COEFFICIENT: l,A,B,C   1          0.87922     3.28212     0.00000     0.00000
 
LO COEFFICIENT: l,A,B,C   1          0.26224     0.00000    -1.23251     0.00000
 
LO COEFFICIENT: l,A,B,C   2          0.85345     5.33127     0.00000     0.00000
 
LO COEFFICIENT: l,A,B,C   3          0.94226     0.79859     0.00000     0.00000
 
 ATPAR for spin down

          ATOMIC PARAMETERS FOR Pu  0+    

           ENERGY PARAMETERS ARE   1.37  -0.93   1.37   1.37

           L     U(R)          U'(R)         DU/DE        DU'/DE      NORM-U'
           0  0.552750E+00  0.809298E+00  0.111213E+00 -0.228543E+00
           1  0.537682E+00 -0.548947E-03 -0.144035E+00 -0.402214E+00
           2 -0.616547E+00  0.302620E-01  0.986994E-01  0.346081E+00
           3 -0.310980E+00  0.135213E+00  0.366928E+00  0.536314E+00
LO COEFFICIENT: l,A,B,C   0          0.65009    -3.23105     0.00000     0.00000
 
LO COEFFICIENT: l,A,B,C   0          0.32158     0.00000     0.78075     0.00000
 
LO COEFFICIENT: l,A,B,C   1          0.87922     3.28212     0.00000     0.00000
 
LO COEFFICIENT: l,A,B,C   1          0.26224     0.00000    -1.23251     0.00000
 
LO COEFFICIENT: l,A,B,C   2          0.85345     5.33127     0.00000     0.00000
 
LO COEFFICIENT: l,A,B,C   3          0.94226     0.79859     0.00000     0.00000
 
 L1=           0  L2=           0
 RADIAL INTEGRALS:
           1           1                 1           1   1.00000000000000     
           1           3                 1           1  0.571574891360539     
           1           1                 1           2   1.00000000000000     
           1           3                 1           2  0.571574891360539     
           1           1                 2           1   1.00000000000000     
           1           3                 2           1  0.571574891360539     
           1           1                 2           2   1.00000000000000     
           1           3                 2           2  0.571574891360539     
           2           2                 1           1  5.530701703764031E-002
           2           3                 1           1 -0.190670126634439     
           2           2                 1           2  5.530701703764031E-002
           2           3                 1           2 -0.190670126634439     
           2           2                 2           1  5.530701703764031E-002
           2           3                 2           1 -0.190670126634439     
           2           2                 2           2  5.530701703764031E-002
           2           3                 2           2 -0.190670126634439     
           3           1                 1           1  0.571574891360539     
           3           2                 1           1 -0.190670126634439     
           3           3                 1           1   1.00000000000000     
           3           1                 1           2  0.571574891360539     
           3           2                 1           2 -0.190670126634439     
           3           3                 1           2   1.00000000000000     
           3           1                 2           1  0.571574891360539     
           3           2                 2           1 -0.190670126634439     
           3           3                 2           1   1.00000000000000     
           3           1                 2           2  0.571574891360539     
           3           2                 2           2 -0.190670126634439     
           3           3                 2           2   1.00000000000000     
 L1=           1  L2=           1
 RADIAL INTEGRALS:
           1           1                 1           1   1.00000000000000     
           1           3                 1           1  0.909387477400491     
           1           1                 1           2   1.00000000000000     
           1           3                 1           2  0.909387477400491     
           1           1                 2           1   1.00000000000000     
           1           3                 2           1  0.909387477400491     
           1           1                 2           2   1.00000000000000     
           1           3                 2           2  0.909387477400491     
           2           2                 1           1  2.106989870967898E-002
           2           3                 1           1  6.020817427541977E-002
           2           2                 1           2  2.106989870967898E-002
           2           3                 1           2  6.020817427541977E-002
           2           2                 2           1  2.106989870967898E-002
           2           3                 2           1  6.020817427541977E-002
           2           2                 2           2  2.106989870967898E-002
           2           3                 2           2  6.020817427541977E-002
           3           1                 1           1  0.909387477400491     
           3           2                 1           1  6.020817427541977E-002
           3           3                 1           1   1.00000000000000     
           3           1                 1           2  0.909387477400491     
           3           2                 1           2  6.020817427541977E-002
           3           3                 1           2   1.00000000000000     
           3           1                 2           1  0.909387477400491     
           3           2                 2           1  6.020817427541977E-002
           3           3                 2           1   1.00000000000000     
           3           1                 2           2  0.909387477400491     
           3           2                 2           2  6.020817427541977E-002
           3           3                 2           2   1.00000000000000     
 L1=           2  L2=           2
 RADIAL INTEGRALS:
           1           1                 1           1   1.00000000000000     
           1           1                 1           2   1.00000000000000     
           1           1                 2           1   1.00000000000000     
           1           1                 2           2   1.00000000000000     
           2           2                 1           1  9.556514211696954E-003
           2           2                 1           2  9.556514211696954E-003
           2           2                 2           1  9.556514211696954E-003
           2           2                 2           2  9.556514211696954E-003
 L1=           3  L2=           3
 RADIAL INTEGRALS:
           1           1                 1           1   1.00000000000000     
           1           1                 1           2   1.00000000000000     
           1           1                 2           1   1.00000000000000     
           1           1                 2           2   1.00000000000000     
           2           2                 1           1  0.175842066051322     
           2           2                 1           2  0.175842066051322     
           2           2                 2           1  0.175842066051322     
           2           2                 2           2  0.175842066051322     
Saving potential parameters for atom 1 into  1
pr_proc=363  tot-k=726
 ------------------------------------------------------------------------------


   =====>>> CPU TIME SUMMARY

            TOTAL       :      2.2
 OMP_NUM_THREADS= 2
 GUTZ_SOLVER VO.1.5 BUILT ON Jan 19 2014 AT22:25:59
 NT=  1 SEC_N%DIM=   10 WITH ID:
           1       2      16     107     471    1472    3474    6477    9909   12912
       14914
 MEAN U/J:  0.2940  0.0265
 NEL_FIX_VDC1=      5.23
 ATOM DEPENDENT NELF1:
      5.2318
 DCMIX_A=  0.200000
 SYMMETRICALLY NON-EQUIVALENT ATOMS:
          1
 VARIATIONAL-SETUP-NON-EQUIVALENT ATOMS:
          1
 COMPLEMENTARY VARIATIONAL-SETUP-EQUIVALENT ATOMS:

 GYZ%SYM%IDSUM:
  1
 DIM(X_Gutz)=  4
 CALC SET: GAPJ-SHFT FULL       -JH-PROJ SLATER    VAR-FIXDC    Ryd.   
 NT= 1
 LOCAL INTERACTION PART   :
 U              :   0.2940
 J              :   0.0265
 FOCK SPACE PART:
 NA             :  7
 FS%OCC(1) L.B. :  0
 FS%OCC(2) U.B. :  9
 FS%DIM         :     14913
 HL%OCC(1) L.B. :  0
 HL%OCC(2) U.B. :  9
 ISO= 2 ISPIN_IN= 1 ISPIN= 1 ISPO= 2
 BND%NMAX=  58
 BZ INTEGRATION WITH TETRA METHOD, ICOR= 1
 EQUAL OCCUPANCY OF DEGENERATE STATES, TOL= 0.1E-05
 VALENCE ELECTRONS: TOTAL=    16.0
                    CORRELATED PART=     8.0
 SYM%IDI/IDF=  1 16
 BND%NMAXIN=   24
      GUTZ5_INI_CORR_UVEK takes  0 hours  0 minutes and    0.08 seconds (CPU).
                          takes  0 hours  0 minutes and    0.08 seconds (WALL).
                 SETUP_TB takes  0 hours  0 minutes and    2.83 seconds (CPU).
                          takes  0 hours  0 minutes and    1.42 seconds (WALL).
************  EL-  ************
 NI=  1 NI_GLOBAL=  1
   1.5829   1.5816   1.5813   1.5813   1.5816   1.5829   1.6618   1.6623   1.6590   1.6610   1.6610   1.6590   1.6623   1.6618
************  EL=  ************
 NI=  1 NI_GLOBAL=  1
   1.5829   0.0000   0.0000   0.0000  -0.0005   0.0000   0.0000   0.0007   0.0000   0.0000   0.0000  -0.0055   0.0000   0.0000
   0.0000   1.5816   0.0000   0.0000   0.0000  -0.0005   0.0000   0.0000   0.0011   0.0000   0.0000   0.0000   0.0055   0.0000
   0.0000   0.0000   1.5813   0.0000   0.0000   0.0000   0.0000   0.0000   0.0000  -0.0029   0.0000   0.0000   0.0000  -0.0041
   0.0000   0.0000   0.0000   1.5813   0.0000   0.0000   0.0041   0.0000   0.0000   0.0000   0.0029   0.0000   0.0000   0.0000
  -0.0005   0.0000   0.0000   0.0000   1.5816   0.0000   0.0000  -0.0055   0.0000   0.0000   0.0000  -0.0011   0.0000   0.0000
   0.0000  -0.0005   0.0000   0.0000   0.0000   1.5829   0.0000   0.0000   0.0055   0.0000   0.0000   0.0000  -0.0007   0.0000
   0.0000   0.0000   0.0000   0.0041   0.0000   0.0000   1.6618   0.0000   0.0000   0.0000  -0.0034   0.0000   0.0000   0.0000
   0.0007   0.0000   0.0000   0.0000  -0.0055   0.0000   0.0000   1.6623   0.0000   0.0000   0.0000   0.0022   0.0000   0.0000
   0.0000   0.0011   0.0000   0.0000   0.0000   0.0055   0.0000   0.0000   1.6590   0.0000   0.0000   0.0000   0.0022   0.0000
   0.0000   0.0000  -0.0029   0.0000   0.0000   0.0000   0.0000   0.0000   0.0000   1.6610   0.0000   0.0000   0.0000  -0.0034
   0.0000   0.0000   0.0000   0.0029   0.0000   0.0000  -0.0034   0.0000   0.0000   0.0000   1.6610   0.0000   0.0000   0.0000
  -0.0055   0.0000   0.0000   0.0000  -0.0011   0.0000   0.0000   0.0022   0.0000   0.0000   0.0000   1.6590   0.0000   0.0000
   0.0000   0.0055   0.0000   0.0000   0.0000  -0.0007   0.0000   0.0000   0.0022   0.0000   0.0000   0.0000   1.6623   0.0000
   0.0000   0.0000  -0.0041   0.0000   0.0000   0.0000   0.0000   0.0000   0.0000  -0.0034   0.0000   0.0000   0.0000   1.6618
 NI=  1 LOCAL ORBITAL LEVEL CENTER(ELC)=   1.627
************  EL0  ************
 NI=  1 NI_GLOBAL=  1
   1.5819   1.5819   1.5819   1.5819   1.5819   1.5819   1.6610   1.6610   1.6610   1.6610   1.6610   1.6610   1.6610   1.6610
************  ELL  ************
 NI=  1 NI_GLOBAL=  1
   1.5819   0.0000   0.0000   0.0000   0.0000   0.0000   0.0000   0.0000   0.0000   0.0000   0.0000   0.0000   0.0000   0.0000
   0.0000   1.5819   0.0000   0.0000   0.0000   0.0000   0.0000   0.0000   0.0000   0.0000   0.0000   0.0000   0.0000   0.0000
   0.0000   0.0000   1.5819   0.0000   0.0000   0.0000   0.0000   0.0000   0.0000   0.0000   0.0000   0.0000   0.0000   0.0000
   0.0000   0.0000   0.0000   1.5819   0.0000   0.0000   0.0000   0.0000   0.0000   0.0000   0.0000   0.0000   0.0000   0.0000
   0.0000   0.0000   0.0000   0.0000   1.5819   0.0000   0.0000   0.0000   0.0000   0.0000   0.0000   0.0000   0.0000   0.0000
   0.0000   0.0000   0.0000   0.0000   0.0000   1.5819   0.0000   0.0000   0.0000   0.0000   0.0000   0.0000   0.0000   0.0000
   0.0000   0.0000   0.0000   0.0000   0.0000   0.0000   1.6610   0.0000   0.0000   0.0000   0.0000   0.0000   0.0000   0.0000
   0.0000   0.0000   0.0000   0.0000   0.0000   0.0000   0.0000   1.6610   0.0000   0.0000   0.0000   0.0000   0.0000   0.0000
   0.0000   0.0000   0.0000   0.0000   0.0000   0.0000   0.0000   0.0000   1.6610   0.0000   0.0000   0.0000   0.0000   0.0000
   0.0000   0.0000   0.0000   0.0000   0.0000   0.0000   0.0000   0.0000   0.0000   1.6610   0.0000   0.0000   0.0000   0.0000
   0.0000   0.0000   0.0000   0.0000   0.0000   0.0000   0.0000   0.0000   0.0000   0.0000   1.6610   0.0000   0.0000   0.0000
   0.0000   0.0000   0.0000   0.0000   0.0000   0.0000   0.0000   0.0000   0.0000   0.0000   0.0000   1.6610   0.0000   0.0000
   0.0000   0.0000   0.0000   0.0000   0.0000   0.0000   0.0000   0.0000   0.0000   0.0000   0.0000   0.0000   1.6610   0.0000
   0.0000   0.0000   0.0000   0.0000   0.0000   0.0000   0.0000   0.0000   0.0000   0.0000   0.0000   0.0000   0.0000   1.6610
                  GET_EL0 takes  0 hours  0 minutes and    0.01 seconds (CPU).
                          takes  0 hours  0 minutes and    0.02 seconds (WALL).
 There are  4 blocks of bands, with band energy windows:
  -1.868  -1.783 |   -0.323  -0.148 |    0.184   0.575 |    1.216   4.496 | 
 Band window indices:
         1      2 |          3      4 |          5      8 |          9     59 | 
 Band width
       0.086   |         0.175   |         0.391   |         3.280   |  
 Band gap
       1.460   |         0.332   |         0.641   |  
 CORRELATED BLOCK: EMIN/EMIX=    1.2162    2.0290
 CORRELATED BAND WIDTH=   0.813
         GUTZ_RED_PRJ_NEQ takes  0 hours  1 minutes and    0.61 seconds (CPU).
                          takes  0 hours  1 minutes and    0.44 seconds (WALL).
 NI=  1 DIM_PHIK=   41227 HL%DIM=  14913
       ID_PHIK_N=
      1      2      4     33    264   1639   6153  15546  27321  36714
  41228
       ID_PHIK_J=
      1      2      3      4      8      9     18     19     28     29
     33     37     73    122    171    220    245    254    263    264
    300    349    638    807   1168   1364   1533   1582   1631   1635
   1639   1739   2180   2964   3864   4705   5381   5781   6037   6118
   6143   6152   6153   6349   6710   8079   9448  11564  12933  14377
  14953  15353  15474  15538  15542  15546  15835  16796  18560  21060
  23176  24940  26165  26841  27165  27286  27311  27320  27321  27517
  27878  29247  30616  32732  34101  35545  36121  36521  36642  36706
  36710  36714  36814  37255  38039  38939  39780  40456  40856  41112
  41193  41218  41227  41228
          GUTZ_SET_PRJ_EQ takes  0 hours  0 minutes and    0.00 seconds (CPU).
                          takes  0 hours  0 minutes and    0.00 seconds (WALL).
************   WH%X  ************
    0.90954175    0.92393242
    1.54711342    1.69011907
************  RIN  ************
 NI=  1 NI_GLOBAL=  1
   0.9095   0.9095   0.9095   0.9095   0.9095   0.9095   0.9239   0.9239   0.9239   0.9239   0.9239   0.9239   0.9239   0.9239
************  LA1  ************
 NI=  1 NI_GLOBAL=  1
   1.5471   1.5471   1.5471   1.5471   1.5471   1.5471   1.6901   1.6901   1.6901   1.6901   1.6901   1.6901   1.6901   1.6901
             CALC_BAND_AL takes  0 hours  0 minutes and    1.23 seconds (CPU).
                          takes  0 hours  0 minutes and    0.62 seconds (WALL).
 ILOOP            1
   FERMI ENERGY AT    1.56556592222888     
   SUM RULE OF TETRAHEDRON INTEGRATION CHECKED 
   number of occupied bands:          18
   highest energy:   1.58851448304417     
************  NK-  ************
 NI=  1 NI_GLOBAL=  1
   0.7504   0.7451   0.7472   0.7472   0.7451   0.7504   0.0878   0.1061   0.0974   0.0822   0.0822   0.0974   0.1061   0.0878
************  NNK  ************
 NI=  1 NI_GLOBAL=  1
   0.7504   0.0000   0.0000   0.0000   0.0111   0.0000   0.0000   0.0012   0.0000   0.0000   0.0000   0.0326   0.0000   0.0000
   0.0000   0.7451   0.0000   0.0000   0.0000   0.0111   0.0000   0.0000  -0.0140   0.0000   0.0000   0.0000  -0.0603   0.0000
   0.0000   0.0000   0.7472   0.0000   0.0000   0.0000   0.0000   0.0000   0.0000   0.0285   0.0000   0.0000   0.0000   0.0256
   0.0000   0.0000   0.0000   0.7472   0.0000   0.0000  -0.0256   0.0000   0.0000   0.0000  -0.0285   0.0000   0.0000   0.0000
   0.0111   0.0000   0.0000   0.0000   0.7451   0.0000   0.0000   0.0603   0.0000   0.0000   0.0000   0.0140   0.0000   0.0000
   0.0000   0.0111   0.0000   0.0000   0.0000   0.7504   0.0000   0.0000  -0.0326   0.0000   0.0000   0.0000  -0.0012   0.0000
   0.0000   0.0000   0.0000  -0.0256   0.0000   0.0000   0.0878   0.0000   0.0000   0.0000   0.0084   0.0000   0.0000   0.0000
   0.0012   0.0000   0.0000   0.0000   0.0603   0.0000   0.0000   0.1061   0.0000   0.0000   0.0000  -0.0014   0.0000   0.0000
   0.0000  -0.0140   0.0000   0.0000   0.0000  -0.0326   0.0000   0.0000   0.0974   0.0000   0.0000   0.0000  -0.0014   0.0000
   0.0000   0.0000   0.0285   0.0000   0.0000   0.0000   0.0000   0.0000   0.0000   0.0822   0.0000   0.0000   0.0000   0.0084
   0.0000   0.0000   0.0000  -0.0285   0.0000   0.0000   0.0084   0.0000   0.0000   0.0000   0.0822   0.0000   0.0000   0.0000
   0.0326   0.0000   0.0000   0.0000   0.0140   0.0000   0.0000  -0.0014   0.0000   0.0000   0.0000   0.0974   0.0000   0.0000
   0.0000  -0.0603   0.0000   0.0000   0.0000  -0.0012   0.0000   0.0000  -0.0014   0.0000   0.0000   0.0000   0.1061   0.0000
   0.0000   0.0000   0.0256   0.0000   0.0000   0.0000   0.0000   0.0000   0.0000   0.0084   0.0000   0.0000   0.0000   0.0878
************  NKS  ************
 NI=  1 NI_GLOBAL=  1
   0.7476   0.7476   0.7476   0.7476   0.7476   0.7476   0.0934   0.0934   0.0934   0.0934   0.0934   0.0934   0.0934   0.0934
 NELE_LOC TOTAL:
           5.2325659227365167
              CALC_DA_BND takes  0 hours  0 minutes and    0.19 seconds (CPU).
                          takes  0 hours  0 minutes and    0.19 seconds (WALL).
************  DA-  ************
 NI=  1 NI_GLOBAL=  1
  -0.0283  -0.0301  -0.0291  -0.0291  -0.0301  -0.0283  -0.0189  -0.0229  -0.0203  -0.0187  -0.0187  -0.0203  -0.0229  -0.0189
************  DAA  ************
 NI=  1 NI_GLOBAL=  1
  -0.0292  -0.0292  -0.0292  -0.0292  -0.0292  -0.0292  -0.0202  -0.0202  -0.0202  -0.0202  -0.0202  -0.0202  -0.0202  -0.0202
 NI=  1 VDC=    1.3351
************  LA2  ************
 NI=  1 NI_GLOBAL=  1
  -2.9519  -2.9519  -2.9519  -2.9519  -2.9519  -2.9519  -2.8460  -2.8460  -2.8460  -2.8460  -2.8460  -2.8460  -2.8460  -2.8460
 NI=  1 PHI-step gap=  0.15E+00
************  RAA  ************
 NI=  1 NI_GLOBAL=  1
   0.9095   0.9095   0.9095   0.9095   0.9095   0.9095   0.9240   0.9240   0.9240   0.9240   0.9240   0.9240   0.9240   0.9240
************  NC0  ************
 NI=  1 NI_GLOBAL=  1
   0.7476   0.7476   0.7476   0.7476   0.7476   0.7476   0.0934   0.0934   0.0934   0.0934   0.0934   0.0934   0.0934   0.0934
                  CALC_LC takes  0 hours  5 minutes and   40.07 seconds (CPU).
                          takes  0 hours  5 minutes and   39.97 seconds (WALL).
                GUTZ_FCN1 takes  0 hours  5 minutes and   41.86 seconds (CPU).
                          takes  0 hours  5 minutes and   40.99 seconds (WALL).
************  DIF_X  ************
   -0.000023761741    0.000030354426
    0.000021772523    0.000007101378
 ITER1=  1 MAXERR=    0.00003035
************   WH%X  ************
    0.90954587    0.92393051
    1.54709004    1.69009488
************  RIN  ************
 NI=  1 NI_GLOBAL=  1
   0.9095   0.9095   0.9095   0.9095   0.9095   0.9095   0.9239   0.9239   0.9239   0.9239   0.9239   0.9239   0.9239   0.9239
************  LA1  ************
 NI=  1 NI_GLOBAL=  1
   1.5471   1.5471   1.5471   1.5471   1.5471   1.5471   1.6901   1.6901   1.6901   1.6901   1.6901   1.6901   1.6901   1.6901
             CALC_BAND_AL takes  0 hours  0 minutes and    1.23 seconds (CPU).
                          takes  0 hours  0 minutes and    0.62 seconds (WALL).
 ILOOP            1
 ILOOP            2
   FERMI ENERGY AT    1.56554602665362     
   SUM RULE OF TETRAHEDRON INTEGRATION CHECKED 
   number of occupied bands:          18
   highest energy:   1.58849880473876     
************  NK-  ************
 NI=  1 NI_GLOBAL=  1
   0.7504   0.7452   0.7473   0.7473   0.7452   0.7504   0.0878   0.1061   0.0974   0.0822   0.0822   0.0974   0.1061   0.0878
************  NNK  ************
 NI=  1 NI_GLOBAL=  1
   0.7504   0.0000   0.0000   0.0000   0.0111   0.0000   0.0000   0.0012   0.0000   0.0000   0.0000   0.0326   0.0000   0.0000
   0.0000   0.7452   0.0000   0.0000   0.0000   0.0111   0.0000   0.0000  -0.0140   0.0000   0.0000   0.0000  -0.0603   0.0000
   0.0000   0.0000   0.7473   0.0000   0.0000   0.0000   0.0000   0.0000   0.0000   0.0285   0.0000   0.0000   0.0000   0.0256
   0.0000   0.0000   0.0000   0.7473   0.0000   0.0000  -0.0256   0.0000   0.0000   0.0000  -0.0285   0.0000   0.0000   0.0000
   0.0111   0.0000   0.0000   0.0000   0.7452   0.0000   0.0000   0.0603   0.0000   0.0000   0.0000   0.0140   0.0000   0.0000
   0.0000   0.0111   0.0000   0.0000   0.0000   0.7504   0.0000   0.0000  -0.0326   0.0000   0.0000   0.0000  -0.0012   0.0000
   0.0000   0.0000   0.0000  -0.0256   0.0000   0.0000   0.0878   0.0000   0.0000   0.0000   0.0084   0.0000   0.0000   0.0000
   0.0012   0.0000   0.0000   0.0000   0.0603   0.0000   0.0000   0.1061   0.0000   0.0000   0.0000  -0.0014   0.0000   0.0000
   0.0000  -0.0140   0.0000   0.0000   0.0000  -0.0326   0.0000   0.0000   0.0974   0.0000   0.0000   0.0000  -0.0014   0.0000
   0.0000   0.0000   0.0285   0.0000   0.0000   0.0000   0.0000   0.0000   0.0000   0.0822   0.0000   0.0000   0.0000   0.0084
   0.0000   0.0000   0.0000  -0.0285   0.0000   0.0000   0.0084   0.0000   0.0000   0.0000   0.0822   0.0000   0.0000   0.0000
   0.0326   0.0000   0.0000   0.0000   0.0140   0.0000   0.0000  -0.0014   0.0000   0.0000   0.0000   0.0974   0.0000   0.0000
   0.0000  -0.0603   0.0000   0.0000   0.0000  -0.0012   0.0000   0.0000  -0.0014   0.0000   0.0000   0.0000   0.1061   0.0000
   0.0000   0.0000   0.0256   0.0000   0.0000   0.0000   0.0000   0.0000   0.0000   0.0084   0.0000   0.0000   0.0000   0.0878
************  NKS  ************
 NI=  1 NI_GLOBAL=  1
   0.7476   0.7476   0.7476   0.7476   0.7476   0.7476   0.0934   0.0934   0.0934   0.0934   0.0934   0.0934   0.0934   0.0934
 NELE_LOC TOTAL:
           5.2327252770475301
              CALC_DA_BND takes  0 hours  0 minutes and    0.19 seconds (CPU).
                          takes  0 hours  0 minutes and    0.19 seconds (WALL).
************  DA-  ************
 NI=  1 NI_GLOBAL=  1
  -0.0283  -0.0301  -0.0291  -0.0291  -0.0301  -0.0283  -0.0189  -0.0229  -0.0203  -0.0187  -0.0187  -0.0203  -0.0229  -0.0189
************  DAA  ************
 NI=  1 NI_GLOBAL=  1
  -0.0292  -0.0292  -0.0292  -0.0292  -0.0292  -0.0292  -0.0202  -0.0202  -0.0202  -0.0202  -0.0202  -0.0202  -0.0202  -0.0202
 NI=  1 VDC=    1.3351
************  LA2  ************
 NI=  1 NI_GLOBAL=  1
  -2.9519  -2.9519  -2.9519  -2.9519  -2.9519  -2.9519  -2.8460  -2.8460  -2.8460  -2.8460  -2.8460  -2.8460  -2.8460  -2.8460
 NI=  1 PHI-step gap=  0.15E+00
************  RAA  ************
 NI=  1 NI_GLOBAL=  1
   0.9095   0.9095   0.9095   0.9095   0.9095   0.9095   0.9239   0.9239   0.9239   0.9239   0.9239   0.9239   0.9239   0.9239
************  NC0  ************
 NI=  1 NI_GLOBAL=  1
   0.7476   0.7476   0.7476   0.7476   0.7476   0.7476   0.0934   0.0934   0.0934   0.0934   0.0934   0.0934   0.0934   0.0934
                  CALC_LC takes  0 hours  5 minutes and   39.04 seconds (CPU).
                          takes  0 hours  5 minutes and   38.95 seconds (WALL).
                GUTZ_FCN1 takes  0 hours  5 minutes and   40.85 seconds (CPU).
                          takes  0 hours  5 minutes and   39.99 seconds (WALL).
************  DIF_X  ************
    0.000001844688   -0.000002937851
   -0.000002113811   -0.000001014965
 ITER1=  2 MAXERR=    0.00000294
************   WH%X  ************
    0.90954518    0.92393211
    1.54709235    1.69009801
************  RIN  ************
 NI=  1 NI_GLOBAL=  1
   0.9095   0.9095   0.9095   0.9095   0.9095   0.9095   0.9239   0.9239   0.9239   0.9239   0.9239   0.9239   0.9239   0.9239
************  LA1  ************
 NI=  1 NI_GLOBAL=  1
   1.5471   1.5471   1.5471   1.5471   1.5471   1.5471   1.6901   1.6901   1.6901   1.6901   1.6901   1.6901   1.6901   1.6901
             CALC_BAND_AL takes  0 hours  0 minutes and    1.23 seconds (CPU).
                          takes  0 hours  0 minutes and    0.62 seconds (WALL).
 ILOOP            1
 ILOOP            2
   FERMI ENERGY AT    1.56554805188514     
   SUM RULE OF TETRAHEDRON INTEGRATION CHECKED 
   number of occupied bands:          18
   highest energy:   1.58850036358921     
************  NK-  ************
 NI=  1 NI_GLOBAL=  1
   0.7504   0.7452   0.7473   0.7473   0.7452   0.7504   0.0878   0.1061   0.0974   0.0822   0.0822   0.0974   0.1061   0.0878
************  NNK  ************
 NI=  1 NI_GLOBAL=  1
   0.7504   0.0000   0.0000   0.0000   0.0111   0.0000   0.0000   0.0012   0.0000   0.0000   0.0000   0.0326   0.0000   0.0000
   0.0000   0.7452   0.0000   0.0000   0.0000   0.0111   0.0000   0.0000  -0.0140   0.0000   0.0000   0.0000  -0.0603   0.0000
   0.0000   0.0000   0.7473   0.0000   0.0000   0.0000   0.0000   0.0000   0.0000   0.0285   0.0000   0.0000   0.0000   0.0256
   0.0000   0.0000   0.0000   0.7473   0.0000   0.0000  -0.0256   0.0000   0.0000   0.0000  -0.0285   0.0000   0.0000   0.0000
   0.0111   0.0000   0.0000   0.0000   0.7452   0.0000   0.0000   0.0603   0.0000   0.0000   0.0000   0.0140   0.0000   0.0000
   0.0000   0.0111   0.0000   0.0000   0.0000   0.7504   0.0000   0.0000  -0.0326   0.0000   0.0000   0.0000  -0.0012   0.0000
   0.0000   0.0000   0.0000  -0.0256   0.0000   0.0000   0.0878   0.0000   0.0000   0.0000   0.0084   0.0000   0.0000   0.0000
   0.0012   0.0000   0.0000   0.0000   0.0603   0.0000   0.0000   0.1061   0.0000   0.0000   0.0000  -0.0014   0.0000   0.0000
   0.0000  -0.0140   0.0000   0.0000   0.0000  -0.0326   0.0000   0.0000   0.0974   0.0000   0.0000   0.0000  -0.0014   0.0000
   0.0000   0.0000   0.0285   0.0000   0.0000   0.0000   0.0000   0.0000   0.0000   0.0822   0.0000   0.0000   0.0000   0.0084
   0.0000   0.0000   0.0000  -0.0285   0.0000   0.0000   0.0084   0.0000   0.0000   0.0000   0.0822   0.0000   0.0000   0.0000
   0.0326   0.0000   0.0000   0.0000   0.0140   0.0000   0.0000  -0.0014   0.0000   0.0000   0.0000   0.0974   0.0000   0.0000
   0.0000  -0.0603   0.0000   0.0000   0.0000  -0.0012   0.0000   0.0000  -0.0014   0.0000   0.0000   0.0000   0.1061   0.0000
   0.0000   0.0000   0.0256   0.0000   0.0000   0.0000   0.0000   0.0000   0.0000   0.0084   0.0000   0.0000   0.0000   0.0878
************  NKS  ************
 NI=  1 NI_GLOBAL=  1
   0.7476   0.7476   0.7476   0.7476   0.7476   0.7476   0.0934   0.0934   0.0934   0.0934   0.0934   0.0934   0.0934   0.0934
 NELE_LOC TOTAL:
           5.2327095347143846
              CALC_DA_BND takes  0 hours  0 minutes and    0.19 seconds (CPU).
                          takes  0 hours  0 minutes and    0.20 seconds (WALL).
************  DA-  ************
 NI=  1 NI_GLOBAL=  1
  -0.0283  -0.0301  -0.0291  -0.0291  -0.0301  -0.0283  -0.0189  -0.0229  -0.0203  -0.0187  -0.0187  -0.0203  -0.0229  -0.0189
************  DAA  ************
 NI=  1 NI_GLOBAL=  1
  -0.0292  -0.0292  -0.0292  -0.0292  -0.0292  -0.0292  -0.0202  -0.0202  -0.0202  -0.0202  -0.0202  -0.0202  -0.0202  -0.0202
 NI=  1 VDC=    1.3351
************  LA2  ************
 NI=  1 NI_GLOBAL=  1
  -2.9519  -2.9519  -2.9519  -2.9519  -2.9519  -2.9519  -2.8460  -2.8460  -2.8460  -2.8460  -2.8460  -2.8460  -2.8460  -2.8460
 NI=  1 PHI-step gap=  0.15E+00
************  RAA  ************
 NI=  1 NI_GLOBAL=  1
   0.9095   0.9095   0.9095   0.9095   0.9095   0.9095   0.9239   0.9239   0.9239   0.9239   0.9239   0.9239   0.9239   0.9239
************  NC0  ************
 NI=  1 NI_GLOBAL=  1
   0.7476   0.7476   0.7476   0.7476   0.7476   0.7476   0.0934   0.0934   0.0934   0.0934   0.0934   0.0934   0.0934   0.0934
                  CALC_LC takes  0 hours  5 minutes and   39.04 seconds (CPU).
                          takes  0 hours  5 minutes and   38.95 seconds (WALL).
                GUTZ_FCN1 takes  0 hours  5 minutes and   40.84 seconds (CPU).
                          takes  0 hours  5 minutes and   40.01 seconds (WALL).
************  DIF_X  ************
   -0.000000048125    0.000000023662
    0.000000005809    0.000000017679
 ITER1=  3 MAXERR=    0.00000005
************   WH%X  ************
    0.90954514    0.92393205
    1.54709233    1.69009794
************  RIN  ************
 NI=  1 NI_GLOBAL=  1
   0.9095   0.9095   0.9095   0.9095   0.9095   0.9095   0.9239   0.9239   0.9239   0.9239   0.9239   0.9239   0.9239   0.9239
************  LA1  ************
 NI=  1 NI_GLOBAL=  1
   1.5471   1.5471   1.5471   1.5471   1.5471   1.5471   1.6901   1.6901   1.6901   1.6901   1.6901   1.6901   1.6901   1.6901
             CALC_BAND_AL takes  0 hours  0 minutes and    1.23 seconds (CPU).
                          takes  0 hours  0 minutes and    0.62 seconds (WALL).
 ILOOP            1
 ILOOP            2
   FERMI ENERGY AT    1.56554803097813     
   SUM RULE OF TETRAHEDRON INTEGRATION CHECKED 
   number of occupied bands:          18
   highest energy:   1.58850034632016     
************  NK-  ************
 NI=  1 NI_GLOBAL=  1
   0.7504   0.7452   0.7473   0.7473   0.7452   0.7504   0.0878   0.1061   0.0974   0.0822   0.0822   0.0974   0.1061   0.0878
************  NNK  ************
 NI=  1 NI_GLOBAL=  1
   0.7504   0.0000   0.0000   0.0000   0.0111   0.0000   0.0000   0.0012   0.0000   0.0000   0.0000   0.0326   0.0000   0.0000
   0.0000   0.7452   0.0000   0.0000   0.0000   0.0111   0.0000   0.0000  -0.0140   0.0000   0.0000   0.0000  -0.0603   0.0000
   0.0000   0.0000   0.7473   0.0000   0.0000   0.0000   0.0000   0.0000   0.0000   0.0285   0.0000   0.0000   0.0000   0.0256
   0.0000   0.0000   0.0000   0.7473   0.0000   0.0000  -0.0256   0.0000   0.0000   0.0000  -0.0285   0.0000   0.0000   0.0000
   0.0111   0.0000   0.0000   0.0000   0.7452   0.0000   0.0000   0.0603   0.0000   0.0000   0.0000   0.0140   0.0000   0.0000
   0.0000   0.0111   0.0000   0.0000   0.0000   0.7504   0.0000   0.0000  -0.0326   0.0000   0.0000   0.0000  -0.0012   0.0000
   0.0000   0.0000   0.0000  -0.0256   0.0000   0.0000   0.0878   0.0000   0.0000   0.0000   0.0084   0.0000   0.0000   0.0000
   0.0012   0.0000   0.0000   0.0000   0.0603   0.0000   0.0000   0.1061   0.0000   0.0000   0.0000  -0.0014   0.0000   0.0000
   0.0000  -0.0140   0.0000   0.0000   0.0000  -0.0326   0.0000   0.0000   0.0974   0.0000   0.0000   0.0000  -0.0014   0.0000
   0.0000   0.0000   0.0285   0.0000   0.0000   0.0000   0.0000   0.0000   0.0000   0.0822   0.0000   0.0000   0.0000   0.0084
   0.0000   0.0000   0.0000  -0.0285   0.0000   0.0000   0.0084   0.0000   0.0000   0.0000   0.0822   0.0000   0.0000   0.0000
   0.0326   0.0000   0.0000   0.0000   0.0140   0.0000   0.0000  -0.0014   0.0000   0.0000   0.0000   0.0974   0.0000   0.0000
   0.0000  -0.0603   0.0000   0.0000   0.0000  -0.0012   0.0000   0.0000  -0.0014   0.0000   0.0000   0.0000   0.1061   0.0000
   0.0000   0.0000   0.0256   0.0000   0.0000   0.0000   0.0000   0.0000   0.0000   0.0084   0.0000   0.0000   0.0000   0.0878
************  NKS  ************
 NI=  1 NI_GLOBAL=  1
   0.7476   0.7476   0.7476   0.7476   0.7476   0.7476   0.0934   0.0934   0.0934   0.0934   0.0934   0.0934   0.0934   0.0934
 NELE_LOC TOTAL:
           5.2327097034469068
              CALC_DA_BND takes  0 hours  0 minutes and    0.19 seconds (CPU).
                          takes  0 hours  0 minutes and    0.19 seconds (WALL).
************  DA-  ************
 NI=  1 NI_GLOBAL=  1
  -0.0283  -0.0301  -0.0291  -0.0291  -0.0301  -0.0283  -0.0189  -0.0229  -0.0203  -0.0187  -0.0187  -0.0203  -0.0229  -0.0189
************  DAA  ************
 NI=  1 NI_GLOBAL=  1
  -0.0292  -0.0292  -0.0292  -0.0292  -0.0292  -0.0292  -0.0202  -0.0202  -0.0202  -0.0202  -0.0202  -0.0202  -0.0202  -0.0202
 NI=  1 VDC=    1.3351
************  LA2  ************
 NI=  1 NI_GLOBAL=  1
  -2.9519  -2.9519  -2.9519  -2.9519  -2.9519  -2.9519  -2.8460  -2.8460  -2.8460  -2.8460  -2.8460  -2.8460  -2.8460  -2.8460
 NI=  1 PHI-step gap=  0.15E+00
************  RAA  ************
 NI=  1 NI_GLOBAL=  1
   0.9095   0.9095   0.9095   0.9095   0.9095   0.9095   0.9239   0.9239   0.9239   0.9239   0.9239   0.9239   0.9239   0.9239
************  NC0  ************
 NI=  1 NI_GLOBAL=  1
   0.7476   0.7476   0.7476   0.7476   0.7476   0.7476   0.0934   0.0934   0.0934   0.0934   0.0934   0.0934   0.0934   0.0934
                  CALC_LC takes  0 hours  5 minutes and   38.22 seconds (CPU).
                          takes  0 hours  5 minutes and   38.16 seconds (WALL).
                GUTZ_FCN1 takes  0 hours  5 minutes and   40.01 seconds (CPU).
                          takes  0 hours  5 minutes and   39.20 seconds (WALL).
************  DIF_X  ************
    0.000000010154   -0.000000011553
   -0.000000006440   -0.000000003299
 ITER1=  4 MAXERR=    0.00000001
************   WH%X  ************
    0.90954514    0.92393205
    1.54709233    1.69009795
************  RIN  ************
 NI=  1 NI_GLOBAL=  1
   0.9095   0.9095   0.9095   0.9095   0.9095   0.9095   0.9239   0.9239   0.9239   0.9239   0.9239   0.9239   0.9239   0.9239
************  LA1  ************
 NI=  1 NI_GLOBAL=  1
   1.5471   1.5471   1.5471   1.5471   1.5471   1.5471   1.6901   1.6901   1.6901   1.6901   1.6901   1.6901   1.6901   1.6901
             CALC_BAND_AL takes  0 hours  0 minutes and    1.24 seconds (CPU).
                          takes  0 hours  0 minutes and    0.62 seconds (WALL).
 ILOOP            1
 ILOOP            2
   FERMI ENERGY AT    1.56554803685939     
   SUM RULE OF TETRAHEDRON INTEGRATION CHECKED 
   number of occupied bands:          18
   highest energy:   1.58850035095676     
************  NK-  ************
 NI=  1 NI_GLOBAL=  1
   0.7504   0.7452   0.7473   0.7473   0.7452   0.7504   0.0878   0.1061   0.0974   0.0822   0.0822   0.0974   0.1061   0.0878
************  NNK  ************
 NI=  1 NI_GLOBAL=  1
   0.7504   0.0000   0.0000   0.0000   0.0111   0.0000   0.0000   0.0012   0.0000   0.0000   0.0000   0.0326   0.0000   0.0000
   0.0000   0.7452   0.0000   0.0000   0.0000   0.0111   0.0000   0.0000  -0.0140   0.0000   0.0000   0.0000  -0.0603   0.0000
   0.0000   0.0000   0.7473   0.0000   0.0000   0.0000   0.0000   0.0000   0.0000   0.0285   0.0000   0.0000   0.0000   0.0256
   0.0000   0.0000   0.0000   0.7473   0.0000   0.0000  -0.0256   0.0000   0.0000   0.0000  -0.0285   0.0000   0.0000   0.0000
   0.0111   0.0000   0.0000   0.0000   0.7452   0.0000   0.0000   0.0603   0.0000   0.0000   0.0000   0.0140   0.0000   0.0000
   0.0000   0.0111   0.0000   0.0000   0.0000   0.7504   0.0000   0.0000  -0.0326   0.0000   0.0000   0.0000  -0.0012   0.0000
   0.0000   0.0000   0.0000  -0.0256   0.0000   0.0000   0.0878   0.0000   0.0000   0.0000   0.0084   0.0000   0.0000   0.0000
   0.0012   0.0000   0.0000   0.0000   0.0603   0.0000   0.0000   0.1061   0.0000   0.0000   0.0000  -0.0014   0.0000   0.0000
   0.0000  -0.0140   0.0000   0.0000   0.0000  -0.0326   0.0000   0.0000   0.0974   0.0000   0.0000   0.0000  -0.0014   0.0000
   0.0000   0.0000   0.0285   0.0000   0.0000   0.0000   0.0000   0.0000   0.0000   0.0822   0.0000   0.0000   0.0000   0.0084
   0.0000   0.0000   0.0000  -0.0285   0.0000   0.0000   0.0084   0.0000   0.0000   0.0000   0.0822   0.0000   0.0000   0.0000
   0.0326   0.0000   0.0000   0.0000   0.0140   0.0000   0.0000  -0.0014   0.0000   0.0000   0.0000   0.0974   0.0000   0.0000
   0.0000  -0.0603   0.0000   0.0000   0.0000  -0.0012   0.0000   0.0000  -0.0014   0.0000   0.0000   0.0000   0.1061   0.0000
   0.0000   0.0000   0.0256   0.0000   0.0000   0.0000   0.0000   0.0000   0.0000   0.0084   0.0000   0.0000   0.0000   0.0878
************  NKS  ************
 NI=  1 NI_GLOBAL=  1
   0.7476   0.7476   0.7476   0.7476   0.7476   0.7476   0.0934   0.0934   0.0934   0.0934   0.0934   0.0934   0.0934   0.0934
 NELE_LOC TOTAL:
           5.2327096586052262
              CALC_DA_BND takes  0 hours  0 minutes and    0.20 seconds (CPU).
                          takes  0 hours  0 minutes and    0.20 seconds (WALL).
************  DA-  ************
 NI=  1 NI_GLOBAL=  1
  -0.0283  -0.0301  -0.0291  -0.0291  -0.0301  -0.0283  -0.0189  -0.0229  -0.0203  -0.0187  -0.0187  -0.0203  -0.0229  -0.0189
************  DAA  ************
 NI=  1 NI_GLOBAL=  1
  -0.0292  -0.0292  -0.0292  -0.0292  -0.0292  -0.0292  -0.0202  -0.0202  -0.0202  -0.0202  -0.0202  -0.0202  -0.0202  -0.0202
 NI=  1 VDC=    1.3351
************  LA2  ************
 NI=  1 NI_GLOBAL=  1
  -2.9519  -2.9519  -2.9519  -2.9519  -2.9519  -2.9519  -2.8460  -2.8460  -2.8460  -2.8460  -2.8460  -2.8460  -2.8460  -2.8460
 NI=  1 PHI-step gap=  0.15E+00
************  RAA  ************
 NI=  1 NI_GLOBAL=  1
   0.9095   0.9095   0.9095   0.9095   0.9095   0.9095   0.9239   0.9239   0.9239   0.9239   0.9239   0.9239   0.9239   0.9239
************  NC0  ************
 NI=  1 NI_GLOBAL=  1
   0.7476   0.7476   0.7476   0.7476   0.7476   0.7476   0.0934   0.0934   0.0934   0.0934   0.0934   0.0934   0.0934   0.0934
                  CALC_LC takes  0 hours  8 minutes and   19.27 seconds (CPU).
                          takes  0 hours  8 minutes and   19.25 seconds (WALL).
                GUTZ_FCN1 takes  0 hours  8 minutes and   21.06 seconds (CPU).
                          takes  0 hours  8 minutes and   20.32 seconds (WALL).
************  DIF_X  ************
    0.000000000691   -0.000000000788
   -0.000000000425   -0.000000000219
 ITER1=  5 MAXERR=    0.00000000
 NFJAC=   0
 SOLVE1 FINISHED WITH       5 ITERATIONS.
               GUTZ_SOLVE takes  0 hours 31 minutes and    4.62 seconds (CPU).
                          takes  0 hours 31 minutes and    0.52 seconds (WALL).
 MAX. NELF1 DIFF=    0.00090319
               CALC_PJRHO takes  0 hours  0 minutes and    0.56 seconds (CPU).
                          takes  0 hours  0 minutes and    0.37 seconds (WALL).
 NI=  1 SUM_PHY-SUM_KS=      0.00000000 WOULD BE RENORMALIZED
************  NC1  ************
 NI=  1 NI_GLOBAL=  1
   0.7394   0.7394   0.7394   0.7394   0.7394   0.7394   0.0996   0.0996   0.0996   0.0996   0.0996   0.0996   0.0996   0.0996
               CALC_NCPHY takes  0 hours  0 minutes and   49.56 seconds (CPU).
                          takes  0 hours  0 minutes and   49.56 seconds (WALL).
 GYZ%PJ%EGAMM:
    11.49015
 ENG%GAMM:    11.49015
 ENG%POT2:     3.14943
 EDCLA1(NI) ARRAY:
    -8.202
 EDCUJ(NI) ARRAY:
    -3.144
 EDCUJV(NI) ARRAY:
    -6.986
 EDC(NI) ARRAY:
   -11.346
 ENG%DBLC:   -11.34619
 ENG%DC1 :    -8.20231
 ENG%DC2 :    -3.14388
 ENG%DC2V:    -6.98640
 DC_E_STD_TO_E_V:    -3.84252
 ENG%BAND:     8.97082
 ENG%DL(DEEP LEVEL):    -2.84083
 ENG%TB=     9.11478
 ENG%TB-DC2=    12.25866
 NI=  1 OCC_CONFIG_WEIGHT:
        OCC= 0 WEIGHT=   0.00000
        OCC= 1 WEIGHT=   0.00000
        OCC= 2 WEIGHT=   0.00031
        OCC= 3 WEIGHT=   0.01269
        OCC= 4 WEIGHT=   0.15446
        OCC= 5 WEIGHT=   0.47311
        OCC= 6 WEIGHT=   0.30803
        OCC= 7 WEIGHT=   0.04878
        OCC= 8 WEIGHT=   0.00257
        OCC= 9 WEIGHT=   0.00005
                 CALC_RCW takes  0 hours  0 minutes and    0.00 seconds (CPU).
                          takes  0 hours  0 minutes and    0.00 seconds (WALL).
 NI=  1 J2=   21.6736
                 CALC_SLJ takes  0 hours  0 minutes and    0.00 seconds (CPU).
                          takes  0 hours  0 minutes and    0.00 seconds (WALL).
 NI=  1 ENTANGLEMENT ENTROPY=      5.6503
           CALC_ENTANGLES takes  0 hours  0 minutes and    0.95 seconds (CPU).
                          takes  0 hours  0 minutes and    0.92 seconds (WALL).
 CORRELATED SUBSPACE, SUM_FERWT=      8.0000000 SUM_KSWT=      8.0000000
 MAX OFF DIAGONAL KS.WT=    0.000622
 MAX/MIN R=    0.923932    0.909545
                CALC_KSWT takes  0 hours  0 minutes and    0.04 seconds (CPU).
                          takes  0 hours  0 minutes and    0.02 seconds (WALL).
                    TOTAL takes  0 hours 32 minutes and   59.74 seconds (CPU).
                          takes  0 hours 32 minutes and   53.70 seconds (WALL).
