******Program DMFT: Computes Gloc and Delta for Dynamical Mean Field Theory calculation ******
 CALCULATION WITH COMPLEX VECTORS
 CALCULATION WITH SOC VECTORS REQUIRED
 Running DMFT in mpi mode
  
 numkpt=         726
   0.00000   0.00000   0.00000   1.00000
   0.04762   0.04762   0.00000   4.00000
   0.09524   0.09524   0.00000   4.00000
   0.14286   0.14286   0.00000   4.00000
   0.19048   0.19048   0.00000   4.00000
   0.23810   0.23810   0.00000   4.00000
   0.28571   0.28571   0.00000   4.00000
   0.33333   0.33333   0.00000   4.00000
   0.38095   0.38095   0.00000   4.00000
   0.42857   0.42857   0.00000   4.00000
   0.47619   0.47619   0.00000   4.00000
   0.04762   0.00000   0.04762   8.00000
   0.09524   0.04762   0.04762  16.00000
   0.14286   0.09524   0.04762  16.00000
   0.19048   0.14286   0.04762  16.00000
   0.23810   0.19048   0.04762  16.00000
   0.28571   0.23810   0.04762  16.00000
   0.33333   0.28571   0.04762  16.00000
   0.38095   0.33333   0.04762  16.00000
   0.42857   0.38095   0.04762  16.00000
   0.47619   0.42857   0.04762  16.00000
   0.52381   0.47619   0.04762   8.00000
   0.09524   0.00000   0.09524   8.00000
   0.14286   0.04762   0.09524  16.00000
   0.19048   0.09524   0.09524  16.00000
   0.23810   0.14286   0.09524  16.00000
   0.28571   0.19048   0.09524  16.00000
   0.33333   0.23810   0.09524  16.00000
   0.38095   0.28571   0.09524  16.00000
   0.42857   0.33333   0.09524  16.00000
   0.47619   0.38095   0.09524  16.00000
   0.52381   0.42857   0.09524  16.00000
   1.04762   0.95238   0.09524   8.00000
   0.14286   0.00000   0.14286   8.00000
   0.19048   0.04762   0.14286  16.00000
   0.23810   0.09524   0.14286  16.00000
   0.28571   0.14286   0.14286  16.00000
   0.33333   0.19048   0.14286  16.00000
   0.38095   0.23810   0.14286  16.00000
   0.42857   0.28571   0.14286  16.00000
   0.47619   0.33333   0.14286  16.00000
   0.52381   0.38095   0.14286  16.00000
   0.57143   0.42857   0.14286   8.00000
   1.04762   0.90476   0.14286  16.00000
   0.19048   0.00000   0.19048   8.00000
   0.23810   0.04762   0.19048  16.00000
   0.28571   0.09524   0.19048  16.00000
   0.33333   0.14286   0.19048  16.00000
   0.38095   0.19048   0.19048  16.00000
   0.42857   0.23810   0.19048  16.00000
   0.47619   0.28571   0.19048  16.00000
   0.52381   0.33333   0.19048  16.00000
   0.57143   0.38095   0.19048  16.00000
   1.04762   0.85714   0.19048  16.00000
   1.09524   0.90476   0.19048   8.00000
   0.23810   0.00000   0.23810   8.00000
   0.28571   0.04762   0.23810  16.00000
   0.33333   0.09524   0.23810  16.00000
   0.38095   0.14286   0.23810  16.00000
   0.42857   0.19048   0.23810  16.00000
   0.47619   0.23810   0.23810  16.00000
   0.52381   0.28571   0.23810  16.00000
   0.57143   0.33333   0.23810  16.00000
   0.61905   0.38095   0.23810   8.00000
   1.04762   0.80952   0.23810  16.00000
   1.09524   0.85714   0.23810  16.00000
   0.28571   0.00000   0.28571   8.00000
   0.33333   0.04762   0.28571  16.00000
   0.38095   0.09524   0.28571  16.00000
   0.42857   0.14286   0.28571  16.00000
   0.47619   0.19048   0.28571  16.00000
   0.52381   0.23810   0.28571  16.00000
   0.57143   0.28571   0.28571  16.00000
   0.61905   0.33333   0.28571  16.00000
   1.04762   0.76190   0.28571  16.00000
   1.09524   0.80952   0.28571  16.00000
   1.14286   0.85714   0.28571   8.00000
   0.33333   0.00000   0.33333   8.00000
   0.38095   0.04762   0.33333  16.00000
   0.42857   0.09524   0.33333  16.00000
   0.47619   0.14286   0.33333  16.00000
   0.52381   0.19048   0.33333  16.00000
   0.57143   0.23810   0.33333  16.00000
   0.61905   0.28571   0.33333  16.00000
   0.66667   0.33333   0.33333   8.00000
   1.04762   0.71429   0.33333  16.00000
   1.09524   0.76190   0.33333  16.00000
   1.14286   0.80952   0.33333  16.00000
   0.38095   0.00000   0.38095   8.00000
   0.42857   0.04762   0.38095  16.00000
   0.47619   0.09524   0.38095  16.00000
   0.52381   0.14286   0.38095  16.00000
   0.57143   0.19048   0.38095  16.00000
   0.61905   0.23810   0.38095  16.00000
   0.66667   0.28571   0.38095  16.00000
   1.04762   0.66667   0.38095  16.00000
   1.09524   0.71429   0.38095  16.00000
   1.14286   0.76190   0.38095  16.00000
   1.19048   0.80952   0.38095   8.00000
   0.42857   0.00000   0.42857   8.00000
   0.47619   0.04762   0.42857  16.00000
   0.52381   0.09524   0.42857  16.00000
   0.57143   0.14286   0.42857  16.00000
   0.61905   0.19048   0.42857  16.00000
   0.66667   0.23810   0.42857  16.00000
   0.71429   0.28571   0.42857   8.00000
   1.04762   0.61905   0.42857  16.00000
   1.09524   0.66667   0.42857  16.00000
   1.14286   0.71429   0.42857  16.00000
   1.19048   0.76190   0.42857  16.00000
   0.47619   0.00000   0.47619   8.00000
   0.52381   0.04762   0.47619  16.00000
   0.57143   0.09524   0.47619  16.00000
   0.61905   0.14286   0.47619  16.00000
   0.66667   0.19048   0.47619  16.00000
   0.71429   0.23810   0.47619  16.00000
   1.04762   0.57143   0.47619  16.00000
   1.09524   0.61905   0.47619  16.00000
   1.14286   0.66667   0.47619  16.00000
   1.19048   0.71429   0.47619  16.00000
   1.23810   0.76190   0.47619   8.00000
   0.09524   0.09524   0.09524   8.00000
   0.14286   0.14286   0.09524   8.00000
   0.19048   0.19048   0.09524   8.00000
   0.23810   0.23810   0.09524   8.00000
   0.28571   0.28571   0.09524   8.00000
   0.33333   0.33333   0.09524   8.00000
   0.38095   0.38095   0.09524   8.00000
   0.42857   0.42857   0.09524   8.00000
   0.47619   0.47619   0.09524   8.00000
   1.00000   1.00000   0.09524   2.00000
   0.14286   0.09524   0.14286  16.00000
   0.19048   0.14286   0.14286  16.00000
   0.23810   0.19048   0.14286  16.00000
   0.28571   0.23810   0.14286  16.00000
   0.33333   0.28571   0.14286  16.00000
   0.38095   0.33333   0.14286  16.00000
   0.42857   0.38095   0.14286  16.00000
   0.47619   0.42857   0.14286  16.00000
   0.52381   0.47619   0.14286   8.00000
   1.00000   0.95238   0.14286   8.00000
   0.19048   0.09524   0.19048  16.00000
   0.23810   0.14286   0.19048  16.00000
   0.28571   0.19048   0.19048  16.00000
   0.33333   0.23810   0.19048  16.00000
   0.38095   0.28571   0.19048  16.00000
   0.42857   0.33333   0.19048  16.00000
   0.47619   0.38095   0.19048  16.00000
   0.52381   0.42857   0.19048  16.00000
   1.00000   0.90476   0.19048   8.00000
   1.04762   0.95238   0.19048   8.00000
   0.23810   0.09524   0.23810  16.00000
   0.28571   0.14286   0.23810  16.00000
   0.33333   0.19048   0.23810  16.00000
   0.38095   0.23810   0.23810  16.00000
   0.42857   0.28571   0.23810  16.00000
   0.47619   0.33333   0.23810  16.00000
   0.52381   0.38095   0.23810  16.00000
   0.57143   0.42857   0.23810   8.00000
   1.00000   0.85714   0.23810   8.00000
   1.04762   0.90476   0.23810  16.00000
   0.28571   0.09524   0.28571  16.00000
   0.33333   0.14286   0.28571  16.00000
   0.38095   0.19048   0.28571  16.00000
   0.42857   0.23810   0.28571  16.00000
   0.47619   0.28571   0.28571  16.00000
   0.52381   0.33333   0.28571  16.00000
   0.57143   0.38095   0.28571  16.00000
   1.00000   0.80952   0.28571   8.00000
   1.04762   0.85714   0.28571  16.00000
   1.09524   0.90476   0.28571   8.00000
   0.33333   0.09524   0.33333  16.00000
   0.38095   0.14286   0.33333  16.00000
   0.42857   0.19048   0.33333  16.00000
   0.47619   0.23810   0.33333  16.00000
   0.52381   0.28571   0.33333  16.00000
   0.57143   0.33333   0.33333  16.00000
   0.61905   0.38095   0.33333   8.00000
   1.00000   0.76190   0.33333   8.00000
   1.04762   0.80952   0.33333  16.00000
   1.09524   0.85714   0.33333  16.00000
   0.38095   0.09524   0.38095  16.00000
   0.42857   0.14286   0.38095  16.00000
   0.47619   0.19048   0.38095  16.00000
   0.52381   0.23810   0.38095  16.00000
   0.57143   0.28571   0.38095  16.00000
   0.61905   0.33333   0.38095  16.00000
   1.00000   0.71429   0.38095   8.00000
   1.04762   0.76190   0.38095  16.00000
   1.09524   0.80952   0.38095  16.00000
   1.14286   0.85714   0.38095   8.00000
   0.42857   0.09524   0.42857  16.00000
   0.47619   0.14286   0.42857  16.00000
   0.52381   0.19048   0.42857  16.00000
   0.57143   0.23810   0.42857  16.00000
   0.61905   0.28571   0.42857  16.00000
   0.66667   0.33333   0.42857   8.00000
   1.00000   0.66667   0.42857   8.00000
   1.04762   0.71429   0.42857  16.00000
   1.09524   0.76190   0.42857  16.00000
   1.14286   0.80952   0.42857  16.00000
   0.47619   0.09524   0.47619  16.00000
   0.52381   0.14286   0.47619  16.00000
   0.57143   0.19048   0.47619  16.00000
   0.61905   0.23810   0.47619  16.00000
   0.66667   0.28571   0.47619  16.00000
   1.00000   0.61905   0.47619   8.00000
   1.04762   0.66667   0.47619  16.00000
   1.09524   0.71429   0.47619  16.00000
   1.14286   0.76190   0.47619  16.00000
   1.19048   0.80952   0.47619   8.00000
   0.57143   0.14286   0.52381  16.00000
   0.61905   0.19048   0.52381  16.00000
   0.66667   0.23810   0.52381  16.00000
   0.71429   0.28571   0.52381   8.00000
   1.00000   0.57143   0.52381   8.00000
   1.04762   0.61905   0.52381  16.00000
   1.09524   0.66667   0.52381  16.00000
   1.14286   0.71429   0.52381  16.00000
   1.19048   0.76190   0.52381  16.00000
   0.61905   0.14286   0.57143  16.00000
   0.66667   0.19048   0.57143  16.00000
   0.71429   0.23810   0.57143  16.00000
   1.00000   0.52381   0.57143   8.00000
   1.04762   0.57143   0.57143  16.00000
   1.09524   0.61905   0.57143  16.00000
   1.14286   0.66667   0.57143  16.00000
   1.19048   0.71429   0.57143  16.00000
   1.23810   0.76190   0.57143   8.00000
   0.66667   0.14286   0.61905  16.00000
   0.71429   0.19048   0.61905  16.00000
   0.76190   0.23810   0.61905   8.00000
   1.00000   0.47619   0.61905   8.00000
   1.04762   0.52381   0.61905  16.00000
   1.09524   0.57143   0.61905  16.00000
   1.14286   0.61905   0.61905  16.00000
   1.19048   0.66667   0.61905  16.00000
   1.23810   0.71429   0.61905  16.00000
   0.71429   0.14286   0.66667  16.00000
   0.76190   0.19048   0.66667  16.00000
   1.00000   0.42857   0.66667   8.00000
   1.04762   0.47619   0.66667  16.00000
   1.09524   0.52381   0.66667  16.00000
   1.14286   0.57143   0.66667  16.00000
   1.19048   0.61905   0.66667  16.00000
   1.23810   0.66667   0.66667  16.00000
   1.28571   0.71429   0.66667   8.00000
   0.76190   0.14286   0.71429  16.00000
   0.80952   0.19048   0.71429   8.00000
   1.00000   0.38095   0.71429   8.00000
   1.04762   0.42857   0.71429  16.00000
   1.09524   0.47619   0.71429  16.00000
   1.14286   0.52381   0.71429  16.00000
   1.19048   0.57143   0.71429  16.00000
   1.23810   0.61905   0.71429  16.00000
   1.28571   0.66667   0.71429  16.00000
   0.80952   0.14286   0.76190  16.00000
   1.00000   0.33333   0.76190   8.00000
   1.04762   0.38095   0.76190  16.00000
   1.09524   0.42857   0.76190  16.00000
   1.14286   0.47619   0.76190  16.00000
   1.19048   0.52381   0.76190  16.00000
   1.23810   0.57143   0.76190  16.00000
   1.28571   0.61905   0.76190  16.00000
   1.33333   0.66667   0.76190   8.00000
   0.85714   0.14286   0.80952   8.00000
   1.00000   0.28571   0.80952   8.00000
   1.04762   0.33333   0.80952  16.00000
   1.09524   0.38095   0.80952  16.00000
   1.14286   0.42857   0.80952  16.00000
   1.19048   0.47619   0.80952  16.00000
   1.23810   0.52381   0.80952  16.00000
   1.28571   0.57143   0.80952  16.00000
   1.33333   0.61905   0.80952  16.00000
   1.00000   0.23810   0.85714   8.00000
   1.04762   0.28571   0.85714  16.00000
   1.09524   0.33333   0.85714  16.00000
   1.14286   0.38095   0.85714  16.00000
   1.19048   0.42857   0.85714  16.00000
   1.23810   0.47619   0.85714  16.00000
   1.28571   0.52381   0.85714  16.00000
   1.33333   0.57143   0.85714  16.00000
   1.38095   0.61905   0.85714   8.00000
   1.00000   0.19048   0.90476   8.00000
   1.04762   0.23810   0.90476  16.00000
   1.09524   0.28571   0.90476  16.00000
   1.14286   0.33333   0.90476  16.00000
   1.19048   0.38095   0.90476  16.00000
   1.23810   0.42857   0.90476  16.00000
   1.28571   0.47619   0.90476  16.00000
   1.33333   0.52381   0.90476  16.00000
   1.38095   0.57143   0.90476  16.00000
   1.00000   0.14286   0.95238   8.00000
   1.04762   0.19048   0.95238  16.00000
   1.09524   0.23810   0.95238  16.00000
   1.14286   0.28571   0.95238  16.00000
   1.19048   0.33333   0.95238  16.00000
   1.23810   0.38095   0.95238  16.00000
   1.28571   0.42857   0.95238  16.00000
   1.33333   0.47619   0.95238  16.00000
   1.38095   0.52381   0.95238  16.00000
   1.42857   0.57143   0.95238   8.00000
   1.00000   0.09524   1.00000   4.00000
   1.04762   0.14286   1.00000   8.00000
   1.09524   0.19048   1.00000   8.00000
   1.14286   0.23810   1.00000   8.00000
   1.19048   0.28571   1.00000   8.00000
   1.23810   0.33333   1.00000   8.00000
   1.28571   0.38095   1.00000   8.00000
   1.33333   0.42857   1.00000   8.00000
   1.38095   0.47619   1.00000   8.00000
   1.42857   0.52381   1.00000   8.00000
   0.19048   0.19048   0.19048   8.00000
   0.23810   0.23810   0.19048   8.00000
   0.28571   0.28571   0.19048   8.00000
   0.33333   0.33333   0.19048   8.00000
   0.38095   0.38095   0.19048   8.00000
   0.42857   0.42857   0.19048   8.00000
   0.47619   0.47619   0.19048   8.00000
   1.00000   1.00000   0.19048   2.00000
   0.23810   0.19048   0.23810  16.00000
   0.28571   0.23810   0.23810  16.00000
   0.33333   0.28571   0.23810  16.00000
   0.38095   0.33333   0.23810  16.00000
   0.42857   0.38095   0.23810  16.00000
   0.47619   0.42857   0.23810  16.00000
   0.52381   0.47619   0.23810   8.00000
   1.00000   0.95238   0.23810   8.00000
   0.28571   0.19048   0.28571  16.00000
   0.33333   0.23810   0.28571  16.00000
   0.38095   0.28571   0.28571  16.00000
   0.42857   0.33333   0.28571  16.00000
   0.47619   0.38095   0.28571  16.00000
   0.52381   0.42857   0.28571  16.00000
   1.00000   0.90476   0.28571   8.00000
   1.04762   0.95238   0.28571   8.00000
   0.33333   0.19048   0.33333  16.00000
   0.38095   0.23810   0.33333  16.00000
   0.42857   0.28571   0.33333  16.00000
   0.47619   0.33333   0.33333  16.00000
   0.52381   0.38095   0.33333  16.00000
   0.57143   0.42857   0.33333   8.00000
   1.00000   0.85714   0.33333   8.00000
   1.04762   0.90476   0.33333  16.00000
   0.38095   0.19048   0.38095  16.00000
   0.42857   0.23810   0.38095  16.00000
   0.47619   0.28571   0.38095  16.00000
   0.52381   0.33333   0.38095  16.00000
   0.57143   0.38095   0.38095  16.00000
   1.00000   0.80952   0.38095   8.00000
   1.04762   0.85714   0.38095  16.00000
   1.09524   0.90476   0.38095   8.00000
   0.42857   0.19048   0.42857  16.00000
   0.47619   0.23810   0.42857  16.00000
   0.52381   0.28571   0.42857  16.00000
   0.57143   0.33333   0.42857  16.00000
   0.61905   0.38095   0.42857   8.00000
   1.00000   0.76190   0.42857   8.00000
   1.04762   0.80952   0.42857  16.00000
   1.09524   0.85714   0.42857  16.00000
   0.47619   0.19048   0.47619  16.00000
   0.52381   0.23810   0.47619  16.00000
   0.57143   0.28571   0.47619  16.00000
   0.61905   0.33333   0.47619  16.00000
   1.00000   0.71429   0.47619   8.00000
   1.04762   0.76190   0.47619  16.00000
   1.09524   0.80952   0.47619  16.00000
   1.14286   0.85714   0.47619   8.00000
   0.57143   0.23810   0.52381  16.00000
   0.61905   0.28571   0.52381  16.00000
   0.66667   0.33333   0.52381   8.00000
   1.00000   0.66667   0.52381   8.00000
   1.04762   0.71429   0.52381  16.00000
   1.09524   0.76190   0.52381  16.00000
   1.14286   0.80952   0.52381  16.00000
   0.61905   0.23810   0.57143  16.00000
   0.66667   0.28571   0.57143  16.00000
   1.00000   0.61905   0.57143   8.00000
   1.04762   0.66667   0.57143  16.00000
   1.09524   0.71429   0.57143  16.00000
   1.14286   0.76190   0.57143  16.00000
   1.19048   0.80952   0.57143   8.00000
   0.66667   0.23810   0.61905  16.00000
   0.71429   0.28571   0.61905   8.00000
   1.00000   0.57143   0.61905   8.00000
   1.04762   0.61905   0.61905  16.00000
   1.09524   0.66667   0.61905  16.00000
   1.14286   0.71429   0.61905  16.00000
   1.19048   0.76190   0.61905  16.00000
   0.71429   0.23810   0.66667  16.00000
   1.00000   0.52381   0.66667   8.00000
   1.04762   0.57143   0.66667  16.00000
   1.09524   0.61905   0.66667  16.00000
   1.14286   0.66667   0.66667  16.00000
   1.19048   0.71429   0.66667  16.00000
   1.23810   0.76190   0.66667   8.00000
   0.76190   0.23810   0.71429   8.00000
   1.00000   0.47619   0.71429   8.00000
   1.04762   0.52381   0.71429  16.00000
   1.09524   0.57143   0.71429  16.00000
   1.14286   0.61905   0.71429  16.00000
   1.19048   0.66667   0.71429  16.00000
   1.23810   0.71429   0.71429  16.00000
   1.00000   0.42857   0.76190   8.00000
   1.04762   0.47619   0.76190  16.00000
   1.09524   0.52381   0.76190  16.00000
   1.14286   0.57143   0.76190  16.00000
   1.19048   0.61905   0.76190  16.00000
   1.23810   0.66667   0.76190  16.00000
   1.28571   0.71429   0.76190   8.00000
   1.00000   0.38095   0.80952   8.00000
   1.04762   0.42857   0.80952  16.00000
   1.09524   0.47619   0.80952  16.00000
   1.14286   0.52381   0.80952  16.00000
   1.19048   0.57143   0.80952  16.00000
   1.23810   0.61905   0.80952  16.00000
   1.28571   0.66667   0.80952  16.00000
   1.00000   0.33333   0.85714   8.00000
   1.04762   0.38095   0.85714  16.00000
   1.09524   0.42857   0.85714  16.00000
   1.14286   0.47619   0.85714  16.00000
   1.19048   0.52381   0.85714  16.00000
   1.23810   0.57143   0.85714  16.00000
   1.28571   0.61905   0.85714  16.00000
   1.33333   0.66667   0.85714   8.00000
   1.00000   0.28571   0.90476   8.00000
   1.04762   0.33333   0.90476  16.00000
   1.09524   0.38095   0.90476  16.00000
   1.14286   0.42857   0.90476  16.00000
   1.19048   0.47619   0.90476  16.00000
   1.23810   0.52381   0.90476  16.00000
   1.28571   0.57143   0.90476  16.00000
   1.33333   0.61905   0.90476  16.00000
   1.00000   0.23810   0.95238   8.00000
   1.04762   0.28571   0.95238  16.00000
   1.09524   0.33333   0.95238  16.00000
   1.14286   0.38095   0.95238  16.00000
   1.19048   0.42857   0.95238  16.00000
   1.23810   0.47619   0.95238  16.00000
   1.28571   0.52381   0.95238  16.00000
   1.33333   0.57143   0.95238  16.00000
   1.38095   0.61905   0.95238   8.00000
   1.00000   0.19048   1.00000   4.00000
   1.04762   0.23810   1.00000   8.00000
   1.09524   0.28571   1.00000   8.00000
   1.14286   0.33333   1.00000   8.00000
   1.19048   0.38095   1.00000   8.00000
   1.23810   0.42857   1.00000   8.00000
   1.28571   0.47619   1.00000   8.00000
   1.33333   0.52381   1.00000   8.00000
   1.38095   0.57143   1.00000   8.00000
   0.28571   0.28571   0.28571   8.00000
   0.33333   0.33333   0.28571   8.00000
   0.38095   0.38095   0.28571   8.00000
   0.42857   0.42857   0.28571   8.00000
   0.47619   0.47619   0.28571   8.00000
   1.00000   1.00000   0.28571   2.00000
   0.33333   0.28571   0.33333  16.00000
   0.38095   0.33333   0.33333  16.00000
   0.42857   0.38095   0.33333  16.00000
   0.47619   0.42857   0.33333  16.00000
   0.52381   0.47619   0.33333   8.00000
   1.00000   0.95238   0.33333   8.00000
   0.38095   0.28571   0.38095  16.00000
   0.42857   0.33333   0.38095  16.00000
   0.47619   0.38095   0.38095  16.00000
   0.52381   0.42857   0.38095  16.00000
   1.00000   0.90476   0.38095   8.00000
   1.04762   0.95238   0.38095   8.00000
   0.42857   0.28571   0.42857  16.00000
   0.47619   0.33333   0.42857  16.00000
   0.52381   0.38095   0.42857  16.00000
   0.57143   0.42857   0.42857   8.00000
   1.00000   0.85714   0.42857   8.00000
   1.04762   0.90476   0.42857  16.00000
   0.47619   0.28571   0.47619  16.00000
   0.52381   0.33333   0.47619  16.00000
   0.57143   0.38095   0.47619  16.00000
   1.00000   0.80952   0.47619   8.00000
   1.04762   0.85714   0.47619  16.00000
   1.09524   0.90476   0.47619   8.00000
   0.57143   0.33333   0.52381  16.00000
   0.61905   0.38095   0.52381   8.00000
   1.00000   0.76190   0.52381   8.00000
   1.04762   0.80952   0.52381  16.00000
   1.09524   0.85714   0.52381  16.00000
   0.61905   0.33333   0.57143  16.00000
   1.00000   0.71429   0.57143   8.00000
   1.04762   0.76190   0.57143  16.00000
   1.09524   0.80952   0.57143  16.00000
   1.14286   0.85714   0.57143   8.00000
   0.66667   0.33333   0.61905   8.00000
   1.00000   0.66667   0.61905   8.00000
   1.04762   0.71429   0.61905  16.00000
   1.09524   0.76190   0.61905  16.00000
   1.14286   0.80952   0.61905  16.00000
   1.00000   0.61905   0.66667   8.00000
   1.04762   0.66667   0.66667  16.00000
   1.09524   0.71429   0.66667  16.00000
   1.14286   0.76190   0.66667  16.00000
   1.19048   0.80952   0.66667   8.00000
   1.00000   0.57143   0.71429   8.00000
   1.04762   0.61905   0.71429  16.00000
   1.09524   0.66667   0.71429  16.00000
   1.14286   0.71429   0.71429  16.00000
   1.19048   0.76190   0.71429  16.00000
   1.00000   0.52381   0.76190   8.00000
   1.04762   0.57143   0.76190  16.00000
   1.09524   0.61905   0.76190  16.00000
   1.14286   0.66667   0.76190  16.00000
   1.19048   0.71429   0.76190  16.00000
   1.23810   0.76190   0.76190   8.00000
   1.00000   0.47619   0.80952   8.00000
   1.04762   0.52381   0.80952  16.00000
   1.09524   0.57143   0.80952  16.00000
   1.14286   0.61905   0.80952  16.00000
   1.19048   0.66667   0.80952  16.00000
   1.23810   0.71429   0.80952  16.00000
   1.00000   0.42857   0.85714   8.00000
   1.04762   0.47619   0.85714  16.00000
   1.09524   0.52381   0.85714  16.00000
   1.14286   0.57143   0.85714  16.00000
   1.19048   0.61905   0.85714  16.00000
   1.23810   0.66667   0.85714  16.00000
   1.28571   0.71429   0.85714   8.00000
   1.00000   0.38095   0.90476   8.00000
   1.04762   0.42857   0.90476  16.00000
   1.09524   0.47619   0.90476  16.00000
   1.14286   0.52381   0.90476  16.00000
   1.19048   0.57143   0.90476  16.00000
   1.23810   0.61905   0.90476  16.00000
   1.28571   0.66667   0.90476  16.00000
   1.00000   0.33333   0.95238   8.00000
   1.04762   0.38095   0.95238  16.00000
   1.09524   0.42857   0.95238  16.00000
   1.14286   0.47619   0.95238  16.00000
   1.19048   0.52381   0.95238  16.00000
   1.23810   0.57143   0.95238  16.00000
   1.28571   0.61905   0.95238  16.00000
   1.33333   0.66667   0.95238   8.00000
   1.00000   0.28571   1.00000   4.00000
   1.04762   0.33333   1.00000   8.00000
   1.09524   0.38095   1.00000   8.00000
   1.14286   0.42857   1.00000   8.00000
   1.19048   0.47619   1.00000   8.00000
   1.23810   0.52381   1.00000   8.00000
   1.28571   0.57143   1.00000   8.00000
   1.33333   0.61905   1.00000   8.00000
   0.38095   0.38095   0.38095   8.00000
   0.42857   0.42857   0.38095   8.00000
   0.47619   0.47619   0.38095   8.00000
   1.00000   1.00000   0.38095   2.00000
   0.42857   0.38095   0.42857  16.00000
   0.47619   0.42857   0.42857  16.00000
   0.52381   0.47619   0.42857   8.00000
   1.00000   0.95238   0.42857   8.00000
   0.47619   0.38095   0.47619  16.00000
   0.52381   0.42857   0.47619  16.00000
   1.00000   0.90476   0.47619   8.00000
   1.04762   0.95238   0.47619   8.00000
   0.57143   0.42857   0.52381   8.00000
   1.00000   0.85714   0.52381   8.00000
   1.04762   0.90476   0.52381  16.00000
   1.00000   0.80952   0.57143   8.00000
   1.04762   0.85714   0.57143  16.00000
   1.09524   0.90476   0.57143   8.00000
   1.00000   0.76190   0.61905   8.00000
   1.04762   0.80952   0.61905  16.00000
   1.09524   0.85714   0.61905  16.00000
   1.00000   0.71429   0.66667   8.00000
   1.04762   0.76190   0.66667  16.00000
   1.09524   0.80952   0.66667  16.00000
   1.14286   0.85714   0.66667   8.00000
   1.00000   0.66667   0.71429   8.00000
   1.04762   0.71429   0.71429  16.00000
   1.09524   0.76190   0.71429  16.00000
   1.14286   0.80952   0.71429  16.00000
   1.00000   0.61905   0.76190   8.00000
   1.04762   0.66667   0.76190  16.00000
   1.09524   0.71429   0.76190  16.00000
   1.14286   0.76190   0.76190  16.00000
   1.19048   0.80952   0.76190   8.00000
   1.00000   0.57143   0.80952   8.00000
   1.04762   0.61905   0.80952  16.00000
   1.09524   0.66667   0.80952  16.00000
   1.14286   0.71429   0.80952  16.00000
   1.19048   0.76190   0.80952  16.00000
   1.00000   0.52381   0.85714   8.00000
   1.04762   0.57143   0.85714  16.00000
   1.09524   0.61905   0.85714  16.00000
   1.14286   0.66667   0.85714  16.00000
   1.19048   0.71429   0.85714  16.00000
   1.23810   0.76190   0.85714   8.00000
   1.00000   0.47619   0.90476   8.00000
   1.04762   0.52381   0.90476  16.00000
   1.09524   0.57143   0.90476  16.00000
   1.14286   0.61905   0.90476  16.00000
   1.19048   0.66667   0.90476  16.00000
   1.23810   0.71429   0.90476  16.00000
   1.00000   0.42857   0.95238   8.00000
   1.04762   0.47619   0.95238  16.00000
   1.09524   0.52381   0.95238  16.00000
   1.14286   0.57143   0.95238  16.00000
   1.19048   0.61905   0.95238  16.00000
   1.23810   0.66667   0.95238  16.00000
   1.28571   0.71429   0.95238   8.00000
   1.00000   0.38095   1.00000   4.00000
   1.04762   0.42857   1.00000   8.00000
   1.09524   0.47619   1.00000   8.00000
   1.14286   0.52381   1.00000   8.00000
   1.19048   0.57143   1.00000   8.00000
   1.23810   0.61905   1.00000   8.00000
   1.28571   0.66667   1.00000   8.00000
   0.47619   0.47619   0.47619   8.00000
   1.00000   1.00000   0.47619   2.00000
   1.00000   0.95238   0.52381   8.00000
   1.00000   0.90476   0.57143   8.00000
   1.04762   0.95238   0.57143   8.00000
   1.00000   0.85714   0.61905   8.00000
   1.04762   0.90476   0.61905  16.00000
   1.00000   0.80952   0.66667   8.00000
   1.04762   0.85714   0.66667  16.00000
   1.09524   0.90476   0.66667   8.00000
   1.00000   0.76190   0.71429   8.00000
   1.04762   0.80952   0.71429  16.00000
   1.09524   0.85714   0.71429  16.00000
   1.00000   0.71429   0.76190   8.00000
   1.04762   0.76190   0.76190  16.00000
   1.09524   0.80952   0.76190  16.00000
   1.14286   0.85714   0.76190   8.00000
   1.00000   0.66667   0.80952   8.00000
   1.04762   0.71429   0.80952  16.00000
   1.09524   0.76190   0.80952  16.00000
   1.14286   0.80952   0.80952  16.00000
   1.00000   0.61905   0.85714   8.00000
   1.04762   0.66667   0.85714  16.00000
   1.09524   0.71429   0.85714  16.00000
   1.14286   0.76190   0.85714  16.00000
   1.19048   0.80952   0.85714   8.00000
   1.00000   0.57143   0.90476   8.00000
   1.04762   0.61905   0.90476  16.00000
   1.09524   0.66667   0.90476  16.00000
   1.14286   0.71429   0.90476  16.00000
   1.19048   0.76190   0.90476  16.00000
   1.00000   0.52381   0.95238   8.00000
   1.04762   0.57143   0.95238  16.00000
   1.09524   0.61905   0.95238  16.00000
   1.14286   0.66667   0.95238  16.00000
   1.19048   0.71429   0.95238  16.00000
   1.23810   0.76190   0.95238   8.00000
   1.00000   0.47619   1.00000   4.00000
   1.04762   0.52381   1.00000   8.00000
   1.09524   0.57143   1.00000   8.00000
   1.14286   0.61905   1.00000   8.00000
   1.19048   0.66667   1.00000   8.00000
   1.23810   0.71429   1.00000   8.00000
   1.00000   1.00000   0.57143   2.00000
   1.00000   0.95238   0.61905   8.00000
   1.00000   0.90476   0.66667   8.00000
   1.04762   0.95238   0.66667   8.00000
   1.00000   0.85714   0.71429   8.00000
   1.04762   0.90476   0.71429  16.00000
   1.00000   0.80952   0.76190   8.00000
   1.04762   0.85714   0.76190  16.00000
   1.09524   0.90476   0.76190   8.00000
   1.00000   0.76190   0.80952   8.00000
   1.04762   0.80952   0.80952  16.00000
   1.09524   0.85714   0.80952  16.00000
   1.00000   0.71429   0.85714   8.00000
   1.04762   0.76190   0.85714  16.00000
   1.09524   0.80952   0.85714  16.00000
   1.14286   0.85714   0.85714   8.00000
   1.00000   0.66667   0.90476   8.00000
   1.04762   0.71429   0.90476  16.00000
   1.09524   0.76190   0.90476  16.00000
   1.14286   0.80952   0.90476  16.00000
   1.00000   0.61905   0.95238   8.00000
   1.04762   0.66667   0.95238  16.00000
   1.09524   0.71429   0.95238  16.00000
   1.14286   0.76190   0.95238  16.00000
   1.19048   0.80952   0.95238   8.00000
   1.00000   0.57143   1.00000   4.00000
   1.04762   0.61905   1.00000   8.00000
   1.09524   0.66667   1.00000   8.00000
   1.14286   0.71429   1.00000   8.00000
   1.19048   0.76190   1.00000   8.00000
   1.00000   1.00000   0.66667   2.00000
   1.00000   0.95238   0.71429   8.00000
   1.00000   0.90476   0.76190   8.00000
   1.04762   0.95238   0.76190   8.00000
   1.00000   0.85714   0.80952   8.00000
   1.04762   0.90476   0.80952  16.00000
   1.00000   0.80952   0.85714   8.00000
   1.04762   0.85714   0.85714  16.00000
   1.09524   0.90476   0.85714   8.00000
   1.00000   0.76190   0.90476   8.00000
   1.04762   0.80952   0.90476  16.00000
   1.09524   0.85714   0.90476  16.00000
   1.00000   0.71429   0.95238   8.00000
   1.04762   0.76190   0.95238  16.00000
   1.09524   0.80952   0.95238  16.00000
   1.14286   0.85714   0.95238   8.00000
   1.00000   0.66667   1.00000   4.00000
   1.04762   0.71429   1.00000   8.00000
   1.09524   0.76190   1.00000   8.00000
   1.14286   0.80952   1.00000   8.00000
   1.00000   1.00000   0.76190   2.00000
   1.00000   0.95238   0.80952   8.00000
   1.00000   0.90476   0.85714   8.00000
   1.04762   0.95238   0.85714   8.00000
   1.00000   0.85714   0.90476   8.00000
   1.04762   0.90476   0.90476  16.00000
   1.00000   0.80952   0.95238   8.00000
   1.04762   0.85714   0.95238  16.00000
   1.09524   0.90476   0.95238   8.00000
   1.00000   0.76190   1.00000   4.00000
   1.04762   0.80952   1.00000   8.00000
   1.09524   0.85714   1.00000   8.00000
   1.00000   1.00000   0.85714   2.00000
   1.00000   0.95238   0.90476   8.00000
   1.00000   0.90476   0.95238   8.00000
   1.04762   0.95238   0.95238   8.00000
   1.00000   0.85714   1.00000   4.00000
   1.04762   0.90476   1.00000   8.00000
   1.00000   1.00000   0.95238   2.00000
   1.00000   0.95238   1.00000   4.00000




                              --------------------------------------------------
                                 S T R U C T U R A L   I N F O R M A T I O N
                              --------------------------------------------------


   SUBSTANCE                    = tetragonal body-centered  (delta')                                              

   LATTICE                      = B   
   LATTICE CONSTANTS ARE        =    5.6187170   5.6187170   7.4815260
   NUMBER OF ATOMS IN UNITCELL  =   1
   MODE OF CALCULATION IS       = RELA
 IORD=          16
 FNAMES=
 ./deltaprime_Pu_3.vectorso_1                                                   
                                                                                
                                           
 ./deltaprime_Pu_3.vectorsodn_1                                                 
                                                                                
                                           
 deltaprime_Pu_3.energyso_1                                                     
                                                                                
                                           
 deltaprime_Pu_3.energysodn_1                                                   
                                                                                
                                           
  BR1,  BR2
   1.11826   0.00000   0.00000      0.00000   1.11826   1.11826
   0.00000   1.11826   0.00000      1.11826   0.00000   1.11826
   0.00000   0.00000   0.83983      0.83983   0.83983   0.00000
 projector corrected--must be 1,2, or 3! Now projector= 2
 Energy window:   -0.4410 < E <      0.441
 Projected density of states calculation for  1 atoms
--------- atom  1 -------------
l=  3  qsplit=  4
 Symmetrization over eq. k-points is performed
 ********** Start Reading Cix file *************
  Correlated block number           1
  Correlated index=
  1  0  0  0  0  0  0  0  0  0  0  0  0  0
  0  1  0  0  0  0  0  0  0  0  0  0  0  0
  0  0  1  0  0  0  0  0  0  0  0  0  0  0
  0  0  0  1  0  0  0  0  0  0  0  0  0  0
  0  0  0  0  1  0  0  0  0  0  0  0  0  0
  0  0  0  0  0  1  0  0  0  0  0  0  0  0
  0  0  0  0  0  0  2  0  0  0  0  0  0  0
  0  0  0  0  0  0  0  2  0  0  0  0  0  0
  0  0  0  0  0  0  0  0  2  0  0  0  0  0
  0  0  0  0  0  0  0  0  0  2  0  0  0  0
  0  0  0  0  0  0  0  0  0  0  2  0  0  0
  0  0  0  0  0  0  0  0  0  0  0  2  0  0
  0  0  0  0  0  0  0  0  0  0  0  0  2  0
  0  0  0  0  0  0  0  0  0  0  0  0  0  2
  Real part of unitary matrix=
  0.9258  0.0000  0.0000  0.0000  0.0000  0.0000  0.0000  0.0000 -0.3780  0.0000  0.0000  0.0000  0.0000  0.0000
  0.0000  0.8452  0.0000  0.0000  0.0000  0.0000  0.0000  0.0000  0.0000 -0.5345  0.0000  0.0000  0.0000  0.0000
  0.0000  0.0000  0.7559  0.0000  0.0000  0.0000  0.0000  0.0000  0.0000  0.0000 -0.6547  0.0000  0.0000  0.0000
  0.0000  0.0000  0.0000  0.6547  0.0000  0.0000  0.0000  0.0000  0.0000  0.0000  0.0000 -0.7559  0.0000  0.0000
  0.0000  0.0000  0.0000  0.0000  0.5345  0.0000  0.0000  0.0000  0.0000  0.0000  0.0000  0.0000 -0.8452  0.0000
  0.0000  0.0000  0.0000  0.0000  0.0000  0.3780  0.0000  0.0000  0.0000  0.0000  0.0000  0.0000  0.0000 -0.9258
  0.0000  0.0000  0.0000  0.0000  0.0000  0.0000  0.0000  1.0000  0.0000  0.0000  0.0000  0.0000  0.0000  0.0000
  0.3780  0.0000  0.0000  0.0000  0.0000  0.0000  0.0000  0.0000  0.9258  0.0000  0.0000  0.0000  0.0000  0.0000
  0.0000  0.5345  0.0000  0.0000  0.0000  0.0000  0.0000  0.0000  0.0000  0.8452  0.0000  0.0000  0.0000  0.0000
  0.0000  0.0000  0.6547  0.0000  0.0000  0.0000  0.0000  0.0000  0.0000  0.0000  0.7559  0.0000  0.0000  0.0000
  0.0000  0.0000  0.0000  0.7559  0.0000  0.0000  0.0000  0.0000  0.0000  0.0000  0.0000  0.6547  0.0000  0.0000
  0.0000  0.0000  0.0000  0.0000  0.8452  0.0000  0.0000  0.0000  0.0000  0.0000  0.0000  0.0000  0.5345  0.0000
  0.0000  0.0000  0.0000  0.0000  0.0000  0.9258  0.0000  0.0000  0.0000  0.0000  0.0000  0.0000  0.0000  0.3780
  0.0000  0.0000  0.0000  0.0000  0.0000  0.0000  1.0000  0.0000  0.0000  0.0000  0.0000  0.0000  0.0000  0.0000
  Imaginary part of unitary matrix=
  0.0000  0.0000  0.0000  0.0000  0.0000  0.0000  0.0000  0.0000  0.0000  0.0000  0.0000  0.0000  0.0000  0.0000
  0.0000  0.0000  0.0000  0.0000  0.0000  0.0000  0.0000  0.0000  0.0000  0.0000  0.0000  0.0000  0.0000  0.0000
  0.0000  0.0000  0.0000  0.0000  0.0000  0.0000  0.0000  0.0000  0.0000  0.0000  0.0000  0.0000  0.0000  0.0000
  0.0000  0.0000  0.0000  0.0000  0.0000  0.0000  0.0000  0.0000  0.0000  0.0000  0.0000  0.0000  0.0000  0.0000
  0.0000  0.0000  0.0000  0.0000  0.0000  0.0000  0.0000  0.0000  0.0000  0.0000  0.0000  0.0000  0.0000  0.0000
  0.0000  0.0000  0.0000  0.0000  0.0000  0.0000  0.0000  0.0000  0.0000  0.0000  0.0000  0.0000  0.0000  0.0000
  0.0000  0.0000  0.0000  0.0000  0.0000  0.0000  0.0000  0.0000  0.0000  0.0000  0.0000  0.0000  0.0000  0.0000
  0.0000  0.0000  0.0000  0.0000  0.0000  0.0000  0.0000  0.0000  0.0000  0.0000  0.0000  0.0000  0.0000  0.0000
  0.0000  0.0000  0.0000  0.0000  0.0000  0.0000  0.0000  0.0000  0.0000  0.0000  0.0000  0.0000  0.0000  0.0000
  0.0000  0.0000  0.0000  0.0000  0.0000  0.0000  0.0000  0.0000  0.0000  0.0000  0.0000  0.0000  0.0000  0.0000
  0.0000  0.0000  0.0000  0.0000  0.0000  0.0000  0.0000  0.0000  0.0000  0.0000  0.0000  0.0000  0.0000  0.0000
  0.0000  0.0000  0.0000  0.0000  0.0000  0.0000  0.0000  0.0000  0.0000  0.0000  0.0000  0.0000  0.0000  0.0000
  0.0000  0.0000  0.0000  0.0000  0.0000  0.0000  0.0000  0.0000  0.0000  0.0000  0.0000  0.0000  0.0000  0.0000
  0.0000  0.0000  0.0000  0.0000  0.0000  0.0000  0.0000  0.0000  0.0000  0.0000  0.0000  0.0000  0.0000  0.0000
  At least one transformation matrix is not Identity
 Magnetic system with s-o coupling; M theta, phi:  0.0000  0.0000
 Inside ROTDEF
Operation  1 transforms atom   1 from first atom   1
Actual position of atom  1 is:  0.000000    0.000000    0.000000
 
Combined transformation (acting on k-point) for correlated atoms
including users rotation and internal local rotation
catom  1 atom   1
   1.11826   0.00000   0.00000
   0.00000  -1.11826   0.00000
   0.00000   0.00000  -0.83983
 
 
 SPIN COORD SYSTEM:
    1.000000    0.000000    0.000000
    0.000000    1.000000    0.000000
    0.000000    0.000000    1.000000
 
 in global cartezian coordinates:
    1.000000    0.000000    0.000000
    0.000000   -1.000000    0.000000
    0.000000    0.000000   -1.000000
 ____________________________
 in spin coordinates:
    1.000000    0.000000    0.000000
    0.000000   -1.000000    0.000000
    0.000000    0.000000   -1.000000
           1   3.14159268339212       -1.00000000000000     
 
 in global cartezian coordinates:
    0.000000    1.000000    0.000000
   -1.000000    0.000000    0.000000
    0.000000    0.000000   -1.000000
 ____________________________
 in spin coordinates:
    0.000000    1.000000    0.000000
   -1.000000    0.000000    0.000000
    0.000000    0.000000   -1.000000
           2   1.57079632679490        1.00000000000000     
 
 in global cartezian coordinates:
   -1.000000    0.000000    0.000000
    0.000000   -1.000000    0.000000
    0.000000    0.000000   -1.000000
 ____________________________
 in spin coordinates:
   -1.000000    0.000000    0.000000
    0.000000   -1.000000    0.000000
    0.000000    0.000000   -1.000000
           3  2.980232238769531E-008   1.00000000000000     
 
 in global cartezian coordinates:
    0.000000    1.000000    0.000000
    1.000000    0.000000    0.000000
    0.000000    0.000000   -1.000000
 ____________________________
 in spin coordinates:
    0.000000    1.000000    0.000000
    1.000000    0.000000    0.000000
    0.000000    0.000000   -1.000000
           4   1.57079632679490       -1.00000000000000     
 
 in global cartezian coordinates:
    0.000000   -1.000000    0.000000
   -1.000000    0.000000    0.000000
    0.000000    0.000000   -1.000000
 ____________________________
 in spin coordinates:
    0.000000   -1.000000    0.000000
   -1.000000    0.000000    0.000000
    0.000000    0.000000   -1.000000
           5   4.71238898038469       -1.00000000000000     
 
 in global cartezian coordinates:
    1.000000    0.000000    0.000000
    0.000000    1.000000    0.000000
    0.000000    0.000000   -1.000000
 ____________________________
 in spin coordinates:
    1.000000    0.000000    0.000000
    0.000000    1.000000    0.000000
    0.000000    0.000000   -1.000000
           6   3.14159262378747        1.00000000000000     
 
 in global cartezian coordinates:
    1.000000    0.000000    0.000000
    0.000000   -1.000000    0.000000
    0.000000    0.000000    1.000000
 ____________________________
 in spin coordinates:
    1.000000    0.000000    0.000000
    0.000000   -1.000000    0.000000
    0.000000    0.000000    1.000000
           7   6.28318527737726       -1.00000000000000     
 
 in global cartezian coordinates:
    0.000000    1.000000    0.000000
   -1.000000    0.000000    0.000000
    0.000000    0.000000    1.000000
 ____________________________
 in spin coordinates:
    0.000000    1.000000    0.000000
   -1.000000    0.000000    0.000000
    0.000000    0.000000    1.000000
           8  -1.57079632679490        1.00000000000000     
 
 in global cartezian coordinates:
    0.000000   -1.000000    0.000000
    1.000000    0.000000    0.000000
    0.000000    0.000000   -1.000000
 ____________________________
 in spin coordinates:
    0.000000   -1.000000    0.000000
    1.000000    0.000000    0.000000
    0.000000    0.000000   -1.000000
           9  -1.57079632679490        1.00000000000000     
 
 in global cartezian coordinates:
   -1.000000    0.000000    0.000000
    0.000000    1.000000    0.000000
    0.000000    0.000000   -1.000000
 ____________________________
 in spin coordinates:
   -1.000000    0.000000    0.000000
    0.000000    1.000000    0.000000
    0.000000    0.000000   -1.000000
          10   6.28318527737726       -1.00000000000000     
 
 in global cartezian coordinates:
   -1.000000    0.000000    0.000000
    0.000000   -1.000000    0.000000
    0.000000    0.000000    1.000000
 ____________________________
 in spin coordinates:
   -1.000000    0.000000    0.000000
    0.000000   -1.000000    0.000000
    0.000000    0.000000    1.000000
          11   3.14159262378747        1.00000000000000     
 
 in global cartezian coordinates:
    0.000000    1.000000    0.000000
    1.000000    0.000000    0.000000
    0.000000    0.000000    1.000000
 ____________________________
 in spin coordinates:
    0.000000    1.000000    0.000000
    1.000000    0.000000    0.000000
    0.000000    0.000000    1.000000
          12   4.71238898038469       -1.00000000000000     
 
 in global cartezian coordinates:
    0.000000   -1.000000    0.000000
   -1.000000    0.000000    0.000000
    0.000000    0.000000    1.000000
 ____________________________
 in spin coordinates:
    0.000000   -1.000000    0.000000
   -1.000000    0.000000    0.000000
    0.000000    0.000000    1.000000
          13   1.57079632679490       -1.00000000000000     
 
 in global cartezian coordinates:
    1.000000    0.000000    0.000000
    0.000000    1.000000    0.000000
    0.000000    0.000000    1.000000
 ____________________________
 in spin coordinates:
    1.000000    0.000000    0.000000
    0.000000    1.000000    0.000000
    0.000000    0.000000    1.000000
          14  2.980232238769531E-008   1.00000000000000     
 
 in global cartezian coordinates:
    0.000000   -1.000000    0.000000
    1.000000    0.000000    0.000000
    0.000000    0.000000    1.000000
 ____________________________
 in spin coordinates:
    0.000000   -1.000000    0.000000
    1.000000    0.000000    0.000000
    0.000000    0.000000    1.000000
          15   1.57079632679490        1.00000000000000     
 
 in global cartezian coordinates:
   -1.000000    0.000000    0.000000
    0.000000    1.000000    0.000000
    0.000000    0.000000    1.000000
 ____________________________
 in spin coordinates:
   -1.000000    0.000000    0.000000
    0.000000    1.000000    0.000000
    0.000000    0.000000    1.000000
          16   3.14159268339212       -1.00000000000000     
 
 FNAME=
 deltaprime_Pu_3.energyso_1                                                     
                                                                                
                                                     60
 FNAME=
 deltaprime_Pu_3.energysodn_1                                                   
                                                                                
                                                     59
 BZ-integration with TETRA-program.   icor=: 1
 Equal occupancy of degenerate states, tol=: 0.1E-05
 call eord...
 call dos...
 ILOOP            1
 ILOOP            2
   FERMI ENERGY AT    1.67942587065206     
 RESULT OF INTEGRATION:      15.999999999704; SHOULD BE:      15.999999999900
   SUM RULE OF TETRAHEDRON INTEGRATION CHECKED 
 call eweigh...
   number of occupied bands:          18
   highest energy:   1.69603984288814     
 FERMI-LDA=   1.679 Ryd,  22.850 eV.
 ABSOLUTE EMIN=   1.238 Ryd.  16.850 eV.
 ABSOLUTE EMAX=   2.120 Ryd.  28.850 eV.


:NLDA  : NUMBER OF ELECTRONS          =  16.000

:FLDA  : F E R M I - ENERGY           =   1.67943
 
 ********** Information about the atomic index arrays ************
 iatom=           1
 isort=           1
 csort=           1
 maxucase=           1
icase, iucase, jatom, latom=     1     1     1     1
 
 *****  Arrays for correlated blocks ******
 norbitals=           1
 maxdim2=          14
iorbital( 1, 1)=   1
cix( 1, 1)=   1
icase,lcase,icix,iorb,nind1,ip1,iSx=    1    1    1    1   14    1    1
icase,lcase,icix,iorb,nind1,ip1,iSx=    1    1    1    1   14    2    2
icase,lcase,icix,iorb,nind1,ip1,iSx=    1    1    1    1   14    3    3
icase,lcase,icix,iorb,nind1,ip1,iSx=    1    1    1    1   14    4    4
icase,lcase,icix,iorb,nind1,ip1,iSx=    1    1    1    1   14    5    5
icase,lcase,icix,iorb,nind1,ip1,iSx=    1    1    1    1   14    6    6
icase,lcase,icix,iorb,nind1,ip1,iSx=    1    1    1    1   14    7    7
icase,lcase,icix,iorb,nind1,ip1,iSx=    1    1    1    1   14    8    8
icase,lcase,icix,iorb,nind1,ip1,iSx=    1    1    1    1   14    9    9
icase,lcase,icix,iorb,nind1,ip1,iSx=    1    1    1    1   14   10   10
icase,lcase,icix,iorb,nind1,ip1,iSx=    1    1    1    1   14   11   11
icase,lcase,icix,iorb,nind1,ip1,iSx=    1    1    1    1   14   12   12
icase,lcase,icix,iorb,nind1,ip1,iSx=    1    1    1    1   14   13   13
icase,lcase,icix,iorb,nind1,ip1,iSx=    1    1    1    1   14   14   14
cixdim( 1)=14
noccur( 1, 1)=   6
noccur( 2, 1)=   8
iSx( 1, 1)=  1
iSx( 2, 1)=  2
iSx( 3, 1)=  3
iSx( 4, 1)=  4
iSx( 5, 1)=  5
iSx( 6, 1)=  6
iSx( 7, 1)=  7
iSx( 8, 1)=  8
iSx( 9, 1)=  9
iSx(10, 1)= 10
iSx(11, 1)= 11
iSx(12, 1)= 12
iSx(13, 1)= 13
iSx(14, 1)= 14
nindo( 1)= 14
CF for iorb1= 1 iorb2= 1
    0.92582010     0.00000000       0.00000000     0.00000000       0.00000000     0.00000000       0.00000000     0.00000000       0.00000000     0.00000000       0.00000000     0.00000000       0.00000000     0.00000000       0.00000000     0.00000000      -0.37796447     0.00000000       0.00000000     0.00000000       0.00000000     0.00000000       0.00000000     0.00000000       0.00000000     0.00000000       0.00000000     0.00000000   
    0.00000000     0.00000000       0.84515425     0.00000000       0.00000000     0.00000000       0.00000000     0.00000000       0.00000000     0.00000000       0.00000000     0.00000000       0.00000000     0.00000000       0.00000000     0.00000000       0.00000000     0.00000000      -0.53452248     0.00000000       0.00000000     0.00000000       0.00000000     0.00000000       0.00000000     0.00000000       0.00000000     0.00000000   
    0.00000000     0.00000000       0.00000000     0.00000000       0.75592895     0.00000000       0.00000000     0.00000000       0.00000000     0.00000000       0.00000000     0.00000000       0.00000000     0.00000000       0.00000000     0.00000000       0.00000000     0.00000000       0.00000000     0.00000000      -0.65465367     0.00000000       0.00000000     0.00000000       0.00000000     0.00000000       0.00000000     0.00000000   
    0.00000000     0.00000000       0.00000000     0.00000000       0.00000000     0.00000000       0.65465367     0.00000000       0.00000000     0.00000000       0.00000000     0.00000000       0.00000000     0.00000000       0.00000000     0.00000000       0.00000000     0.00000000       0.00000000     0.00000000       0.00000000     0.00000000      -0.75592895     0.00000000       0.00000000     0.00000000       0.00000000     0.00000000   
    0.00000000     0.00000000       0.00000000     0.00000000       0.00000000     0.00000000       0.00000000     0.00000000       0.53452248     0.00000000       0.00000000     0.00000000       0.00000000     0.00000000       0.00000000     0.00000000       0.00000000     0.00000000       0.00000000     0.00000000       0.00000000     0.00000000       0.00000000     0.00000000      -0.84515425     0.00000000       0.00000000     0.00000000   
    0.00000000     0.00000000       0.00000000     0.00000000       0.00000000     0.00000000       0.00000000     0.00000000       0.00000000     0.00000000       0.37796447     0.00000000       0.00000000     0.00000000       0.00000000     0.00000000       0.00000000     0.00000000       0.00000000     0.00000000       0.00000000     0.00000000       0.00000000     0.00000000       0.00000000     0.00000000      -0.92582010     0.00000000   
    0.00000000     0.00000000       0.00000000     0.00000000       0.00000000     0.00000000       0.00000000     0.00000000       0.00000000     0.00000000       0.00000000     0.00000000       0.00000000     0.00000000       1.00000000     0.00000000       0.00000000     0.00000000       0.00000000     0.00000000       0.00000000     0.00000000       0.00000000     0.00000000       0.00000000     0.00000000       0.00000000     0.00000000   
    0.37796447     0.00000000       0.00000000     0.00000000       0.00000000     0.00000000       0.00000000     0.00000000       0.00000000     0.00000000       0.00000000     0.00000000       0.00000000     0.00000000       0.00000000     0.00000000       0.92582010     0.00000000       0.00000000     0.00000000       0.00000000     0.00000000       0.00000000     0.00000000       0.00000000     0.00000000       0.00000000     0.00000000   
    0.00000000     0.00000000       0.53452248     0.00000000       0.00000000     0.00000000       0.00000000     0.00000000       0.00000000     0.00000000       0.00000000     0.00000000       0.00000000     0.00000000       0.00000000     0.00000000       0.00000000     0.00000000       0.84515425     0.00000000       0.00000000     0.00000000       0.00000000     0.00000000       0.00000000     0.00000000       0.00000000     0.00000000   
    0.00000000     0.00000000       0.00000000     0.00000000       0.65465367     0.00000000       0.00000000     0.00000000       0.00000000     0.00000000       0.00000000     0.00000000       0.00000000     0.00000000       0.00000000     0.00000000       0.00000000     0.00000000       0.00000000     0.00000000       0.75592895     0.00000000       0.00000000     0.00000000       0.00000000     0.00000000       0.00000000     0.00000000   
    0.00000000     0.00000000       0.00000000     0.00000000       0.00000000     0.00000000       0.75592895     0.00000000       0.00000000     0.00000000       0.00000000     0.00000000       0.00000000     0.00000000       0.00000000     0.00000000       0.00000000     0.00000000       0.00000000     0.00000000       0.00000000     0.00000000       0.65465367     0.00000000       0.00000000     0.00000000       0.00000000     0.00000000   
    0.00000000     0.00000000       0.00000000     0.00000000       0.00000000     0.00000000       0.00000000     0.00000000       0.84515425     0.00000000       0.00000000     0.00000000       0.00000000     0.00000000       0.00000000     0.00000000       0.00000000     0.00000000       0.00000000     0.00000000       0.00000000     0.00000000       0.00000000     0.00000000       0.53452248     0.00000000       0.00000000     0.00000000   
    0.00000000     0.00000000       0.00000000     0.00000000       0.00000000     0.00000000       0.00000000     0.00000000       0.00000000     0.00000000       0.92582010     0.00000000       0.00000000     0.00000000       0.00000000     0.00000000       0.00000000     0.00000000       0.00000000     0.00000000       0.00000000     0.00000000       0.00000000     0.00000000       0.00000000     0.00000000       0.37796447     0.00000000   
    0.00000000     0.00000000       0.00000000     0.00000000       0.00000000     0.00000000       0.00000000     0.00000000       0.00000000     0.00000000       0.00000000     0.00000000       1.00000000     0.00000000       0.00000000     0.00000000       0.00000000     0.00000000       0.00000000     0.00000000       0.00000000     0.00000000       0.00000000     0.00000000       0.00000000     0.00000000       0.00000000     0.00000000   
Rspin for iorb=  1
 angles=  0.000000000000000E+000   3.14159265358979       0.000000000000000E+000
  0.000000000000000E+000  0.000000000000000E+000  0.000000000000000E+000
 Rspin=
    0.000000    0.000000      0.000000    1.000000
    0.000000    1.000000      0.000000    0.000000
 Calculation for atom  1 which has iucase=  1
 ATPAR for spin up

          ATOMIC PARAMETERS FOR Pu  0+    

           ENERGY PARAMETERS ARE   1.46  -0.84   1.46   1.46

           L     U(R)          U'(R)         DU/DE        DU'/DE      NORM-U'
           0  0.552737E+00  0.808248E+00  0.111111E+00 -0.228908E+00
           1  0.537963E+00 -0.509387E-03 -0.143925E+00 -0.402015E+00
           2 -0.616311E+00  0.318240E-01  0.987133E-01  0.345963E+00
           3 -0.310475E+00  0.136430E+00  0.367097E+00  0.535674E+00
LO COEFFICIENT: l,A,B,C   0          0.64983    -3.23264     0.00000     0.00000
 
LO COEFFICIENT: l,A,B,C   0          0.32179     0.00000     0.78067     0.00000
 
LO COEFFICIENT: l,A,B,C   1          0.87910     3.28591     0.00000     0.00000
 
LO COEFFICIENT: l,A,B,C   1          0.26139     0.00000    -1.23170     0.00000
 
LO COEFFICIENT: l,A,B,C   2          0.85354     5.32903     0.00000     0.00000
 
LO COEFFICIENT: l,A,B,C   3          0.94242     0.79706     0.00000     0.00000
 
 ATPAR for spin down

          ATOMIC PARAMETERS FOR Pu  0+    

           ENERGY PARAMETERS ARE   1.46  -0.84   1.46   1.46

           L     U(R)          U'(R)         DU/DE        DU'/DE      NORM-U'
           0  0.552737E+00  0.808248E+00  0.111111E+00 -0.228908E+00
           1  0.537963E+00 -0.509387E-03 -0.143925E+00 -0.402015E+00
           2 -0.616311E+00  0.318240E-01  0.987133E-01  0.345963E+00
           3 -0.310475E+00  0.136430E+00  0.367097E+00  0.535674E+00
LO COEFFICIENT: l,A,B,C   0          0.64983    -3.23264     0.00000     0.00000
 
LO COEFFICIENT: l,A,B,C   0          0.32179     0.00000     0.78067     0.00000
 
LO COEFFICIENT: l,A,B,C   1          0.87910     3.28591     0.00000     0.00000
 
LO COEFFICIENT: l,A,B,C   1          0.26139     0.00000    -1.23170     0.00000
 
LO COEFFICIENT: l,A,B,C   2          0.85354     5.32903     0.00000     0.00000
 
LO COEFFICIENT: l,A,B,C   3          0.94242     0.79706     0.00000     0.00000
 
 L1=           0  L2=           0
 RADIAL INTEGRALS:
           1           1                 1           1   1.00000000000000     
           1           3                 1           1  0.571253797886730     
           1           1                 1           2   1.00000000000000     
           1           3                 1           2  0.571253797886730     
           1           1                 2           1   1.00000000000000     
           1           3                 2           1  0.571253797886730     
           1           1                 2           2   1.00000000000000     
           1           3                 2           2  0.571253797886730     
           2           2                 1           1  5.528473230774175E-002
           2           3                 1           1 -0.190680281139085     
           2           2                 1           2  5.528473230774175E-002
           2           3                 1           2 -0.190680281139085     
           2           2                 2           1  5.528473230774175E-002
           2           3                 2           1 -0.190680281139085     
           2           2                 2           2  5.528473230774175E-002
           2           3                 2           2 -0.190680281139085     
           3           1                 1           1  0.571253797886730     
           3           2                 1           1 -0.190680281139085     
           3           3                 1           1   1.00000000000000     
           3           1                 1           2  0.571253797886730     
           3           2                 1           2 -0.190680281139085     
           3           3                 1           2   1.00000000000000     
           3           1                 2           1  0.571253797886730     
           3           2                 2           1 -0.190680281139085     
           3           3                 2           1   1.00000000000000     
           3           1                 2           2  0.571253797886730     
           3           2                 2           2 -0.190680281139085     
           3           3                 2           2   1.00000000000000     
 L1=           1  L2=           1
 RADIAL INTEGRALS:
           1           1                 1           1   1.00000000000000     
           1           3                 1           1  0.909151135162492     
           1           1                 1           2   1.00000000000000     
           1           3                 1           2  0.909151135162492     
           1           1                 2           1   1.00000000000000     
           1           3                 2           1  0.909151135162492     
           1           1                 2           2   1.00000000000000     
           1           3                 2           2  0.909151135162492     
           2           2                 1           1  2.104076333795711E-002
           2           3                 1           1  6.024060199442822E-002
           2           2                 1           2  2.104076333795711E-002
           2           3                 1           2  6.024060199442822E-002
           2           2                 2           1  2.104076333795711E-002
           2           3                 2           1  6.024060199442822E-002
           2           2                 2           2  2.104076333795711E-002
           2           3                 2           2  6.024060199442822E-002
           3           1                 1           1  0.909151135162492     
           3           2                 1           1  6.024060199442822E-002
           3           3                 1           1   1.00000000000000     
           3           1                 1           2  0.909151135162492     
           3           2                 1           2  6.024060199442822E-002
           3           3                 1           2   1.00000000000000     
           3           1                 2           1  0.909151135162492     
           3           2                 2           1  6.024060199442822E-002
           3           3                 2           1   1.00000000000000     
           3           1                 2           2  0.909151135162492     
           3           2                 2           2  6.024060199442822E-002
           3           3                 2           2   1.00000000000000     
 L1=           2  L2=           2
 RADIAL INTEGRALS:
           1           1                 1           1   1.00000000000000     
           1           1                 1           2   1.00000000000000     
           1           1                 2           1   1.00000000000000     
           1           1                 2           2   1.00000000000000     
           2           2                 1           1  9.559204771892911E-003
           2           2                 1           2  9.559204771892911E-003
           2           2                 2           1  9.559204771892911E-003
           2           2                 2           2  9.559204771892911E-003
 L1=           3  L2=           3
 RADIAL INTEGRALS:
           1           1                 1           1   1.00000000000000     
           1           1                 1           2   1.00000000000000     
           1           1                 2           1   1.00000000000000     
           1           1                 2           2   1.00000000000000     
           2           2                 1           1  0.176043694552356     
           2           2                 1           2  0.176043694552356     
           2           2                 2           1  0.176043694552356     
           2           2                 2           2  0.176043694552356     
Saving potential parameters for atom 1 into  1
pr_proc=363  tot-k=726
 ------------------------------------------------------------------------------


   =====>>> CPU TIME SUMMARY

            TOTAL       :      2.3
 OMP_NUM_THREADS= 2
 GUTZ_SOLVER VO.1.5 BUILT ON Jan 19 2014 AT22:25:59
 NT=  1 SEC_N%DIM=   10 WITH ID:
           1       2      16     107     471    1472    3474    6477    9909   12912
       14914
 MEAN U/J:  0.2940  0.0265
 NEL_FIX_VDC1=      5.26
 ATOM DEPENDENT NELF1:
      5.2638
 DCMIX_A=  0.200000
 SYMMETRICALLY NON-EQUIVALENT ATOMS:
          1
 VARIATIONAL-SETUP-NON-EQUIVALENT ATOMS:
          1
 COMPLEMENTARY VARIATIONAL-SETUP-EQUIVALENT ATOMS:

 GYZ%SYM%IDSUM:
  1
 DIM(X_Gutz)=  4
 CALC SET: GAPJ-SHFT FULL       -JH-PROJ SLATER    VAR-FIXDC    Ryd.   
 NT= 1
 LOCAL INTERACTION PART   :
 U              :   0.2940
 J              :   0.0265
 FOCK SPACE PART:
 NA             :  7
 FS%OCC(1) L.B. :  0
 FS%OCC(2) U.B. :  9
 FS%DIM         :     14913
 HL%OCC(1) L.B. :  0
 HL%OCC(2) U.B. :  9
 ISO= 2 ISPIN_IN= 1 ISPIN= 1 ISPO= 2
 BND%NMAX=  56
 BZ INTEGRATION WITH TETRA METHOD, ICOR= 1
 EQUAL OCCUPANCY OF DEGENERATE STATES, TOL= 0.1E-05
 VALENCE ELECTRONS: TOTAL=    16.0
                    CORRELATED PART=     8.0
 SYM%IDI/IDF=  1 16
 BND%NMAXIN=   24
      GUTZ5_INI_CORR_UVEK takes  0 hours  0 minutes and    0.09 seconds (CPU).
                          takes  0 hours  0 minutes and    0.09 seconds (WALL).
                 SETUP_TB takes  0 hours  0 minutes and    2.82 seconds (CPU).
                          takes  0 hours  0 minutes and    1.41 seconds (WALL).
************  EL-  ************
 NI=  1 NI_GLOBAL=  1
   1.6740   1.6730   1.6725   1.6725   1.6730   1.6740   1.7521   1.7533   1.7496   1.7512   1.7512   1.7496   1.7533   1.7521
************  EL=  ************
 NI=  1 NI_GLOBAL=  1
   1.6740   0.0000   0.0000   0.0000  -0.0005   0.0000   0.0000   0.0007   0.0000   0.0000   0.0000  -0.0059   0.0000   0.0000
   0.0000   1.6730   0.0000   0.0000   0.0000  -0.0005   0.0000   0.0000   0.0011   0.0000   0.0000   0.0000   0.0054   0.0000
   0.0000   0.0000   1.6725   0.0000   0.0000   0.0000   0.0000   0.0000   0.0000  -0.0031   0.0000   0.0000   0.0000  -0.0043
   0.0000   0.0000   0.0000   1.6725   0.0000   0.0000   0.0043   0.0000   0.0000   0.0000   0.0031   0.0000   0.0000   0.0000
  -0.0005   0.0000   0.0000   0.0000   1.6730   0.0000   0.0000  -0.0054   0.0000   0.0000   0.0000  -0.0011   0.0000   0.0000
   0.0000  -0.0005   0.0000   0.0000   0.0000   1.6740   0.0000   0.0000   0.0059   0.0000   0.0000   0.0000  -0.0007   0.0000
   0.0000   0.0000   0.0000   0.0043   0.0000   0.0000   1.7521   0.0000   0.0000   0.0000  -0.0042   0.0000   0.0000   0.0000
   0.0007   0.0000   0.0000   0.0000  -0.0054   0.0000   0.0000   1.7533   0.0000   0.0000   0.0000   0.0025   0.0000   0.0000
   0.0000   0.0011   0.0000   0.0000   0.0000   0.0059   0.0000   0.0000   1.7496   0.0000   0.0000   0.0000   0.0025   0.0000
   0.0000   0.0000  -0.0031   0.0000   0.0000   0.0000   0.0000   0.0000   0.0000   1.7512   0.0000   0.0000   0.0000  -0.0042
   0.0000   0.0000   0.0000   0.0031   0.0000   0.0000  -0.0042   0.0000   0.0000   0.0000   1.7512   0.0000   0.0000   0.0000
  -0.0059   0.0000   0.0000   0.0000  -0.0011   0.0000   0.0000   0.0025   0.0000   0.0000   0.0000   1.7496   0.0000   0.0000
   0.0000   0.0054   0.0000   0.0000   0.0000  -0.0007   0.0000   0.0000   0.0025   0.0000   0.0000   0.0000   1.7533   0.0000
   0.0000   0.0000  -0.0043   0.0000   0.0000   0.0000   0.0000   0.0000   0.0000  -0.0042   0.0000   0.0000   0.0000   1.7521
 NI=  1 LOCAL ORBITAL LEVEL CENTER(ELC)=   1.718
************  EL0  ************
 NI=  1 NI_GLOBAL=  1
   1.6732   1.6732   1.6732   1.6732   1.6732   1.6732   1.7515   1.7515   1.7515   1.7515   1.7515   1.7515   1.7515   1.7515
************  ELL  ************
 NI=  1 NI_GLOBAL=  1
   1.6732   0.0000   0.0000   0.0000   0.0000   0.0000   0.0000   0.0000   0.0000   0.0000   0.0000   0.0000   0.0000   0.0000
   0.0000   1.6732   0.0000   0.0000   0.0000   0.0000   0.0000   0.0000   0.0000   0.0000   0.0000   0.0000   0.0000   0.0000
   0.0000   0.0000   1.6732   0.0000   0.0000   0.0000   0.0000   0.0000   0.0000   0.0000   0.0000   0.0000   0.0000   0.0000
   0.0000   0.0000   0.0000   1.6732   0.0000   0.0000   0.0000   0.0000   0.0000   0.0000   0.0000   0.0000   0.0000   0.0000
   0.0000   0.0000   0.0000   0.0000   1.6732   0.0000   0.0000   0.0000   0.0000   0.0000   0.0000   0.0000   0.0000   0.0000
   0.0000   0.0000   0.0000   0.0000   0.0000   1.6732   0.0000   0.0000   0.0000   0.0000   0.0000   0.0000   0.0000   0.0000
   0.0000   0.0000   0.0000   0.0000   0.0000   0.0000   1.7515   0.0000   0.0000   0.0000   0.0000   0.0000   0.0000   0.0000
   0.0000   0.0000   0.0000   0.0000   0.0000   0.0000   0.0000   1.7515   0.0000   0.0000   0.0000   0.0000   0.0000   0.0000
   0.0000   0.0000   0.0000   0.0000   0.0000   0.0000   0.0000   0.0000   1.7515   0.0000   0.0000   0.0000   0.0000   0.0000
   0.0000   0.0000   0.0000   0.0000   0.0000   0.0000   0.0000   0.0000   0.0000   1.7515   0.0000   0.0000   0.0000   0.0000
   0.0000   0.0000   0.0000   0.0000   0.0000   0.0000   0.0000   0.0000   0.0000   0.0000   1.7515   0.0000   0.0000   0.0000
   0.0000   0.0000   0.0000   0.0000   0.0000   0.0000   0.0000   0.0000   0.0000   0.0000   0.0000   1.7515   0.0000   0.0000
   0.0000   0.0000   0.0000   0.0000   0.0000   0.0000   0.0000   0.0000   0.0000   0.0000   0.0000   0.0000   1.7515   0.0000
   0.0000   0.0000   0.0000   0.0000   0.0000   0.0000   0.0000   0.0000   0.0000   0.0000   0.0000   0.0000   0.0000   1.7515
                  GET_EL0 takes  0 hours  0 minutes and    0.01 seconds (CPU).
                          takes  0 hours  0 minutes and    0.02 seconds (WALL).
 There are  4 blocks of bands, with band energy windows:
  -1.790  -1.687 |   -0.246  -0.038 |    0.253   0.693 |    1.291   4.497 | 
 Band window indices:
         1      2 |          3      4 |          5      8 |          9     57 | 
 Band width
       0.103   |         0.208   |         0.440   |         3.206   |  
 Band gap
       1.441   |         0.291   |         0.598   |  
 CORRELATED BLOCK: EMIN/EMIX=    1.2912    2.1202
 CORRELATED BAND WIDTH=   0.829
         GUTZ_RED_PRJ_NEQ takes  0 hours  1 minutes and    3.16 seconds (CPU).
                          takes  0 hours  1 minutes and    2.99 seconds (WALL).
 NI=  1 DIM_PHIK=   41227 HL%DIM=  14913
       ID_PHIK_N=
      1      2      4     33    264   1639   6153  15546  27321  36714
  41228
       ID_PHIK_J=
      1      2      3      4      8      9     18     19     28     29
     33     37     73    122    171    220    245    254    263    264
    300    349    638    807   1168   1364   1533   1582   1631   1635
   1639   1739   2180   2964   3864   4705   5381   5781   6037   6118
   6143   6152   6153   6349   6710   8079   9448  11564  12933  14377
  14953  15353  15474  15538  15542  15546  15835  16796  18560  21060
  23176  24940  26165  26841  27165  27286  27311  27320  27321  27517
  27878  29247  30616  32732  34101  35545  36121  36521  36642  36706
  36710  36714  36814  37255  38039  38939  39780  40456  40856  41112
  41193  41218  41227  41228
          GUTZ_SET_PRJ_EQ takes  0 hours  0 minutes and    0.00 seconds (CPU).
                          takes  0 hours  0 minutes and    0.00 seconds (WALL).
************   WH%X  ************
    0.91384464    0.92682475
    1.64148884    1.77895896
************  RIN  ************
 NI=  1 NI_GLOBAL=  1
   0.9138   0.9138   0.9138   0.9138   0.9138   0.9138   0.9268   0.9268   0.9268   0.9268   0.9268   0.9268   0.9268   0.9268
************  LA1  ************
 NI=  1 NI_GLOBAL=  1
   1.6415   1.6415   1.6415   1.6415   1.6415   1.6415   1.7790   1.7790   1.7790   1.7790   1.7790   1.7790   1.7790   1.7790
             CALC_BAND_AL takes  0 hours  0 minutes and    1.21 seconds (CPU).
                          takes  0 hours  0 minutes and    0.62 seconds (WALL).
 ILOOP            1
 ILOOP            2
   FERMI ENERGY AT    1.66132215004407     
   SUM RULE OF TETRAHEDRON INTEGRATION CHECKED 
   number of occupied bands:          18
   highest energy:   1.67140980697637     
************  NK-  ************
 NI=  1 NI_GLOBAL=  1
   0.7307   0.7264   0.7273   0.7273   0.7264   0.7307   0.1052   0.1275   0.1188   0.0970   0.0970   0.1188   0.1275   0.1052
************  NNK  ************
 NI=  1 NI_GLOBAL=  1
   0.7307   0.0000   0.0000   0.0000   0.0174   0.0000   0.0000   0.0044   0.0000   0.0000   0.0000   0.0418   0.0000   0.0000
   0.0000   0.7264   0.0000   0.0000   0.0000   0.0174   0.0000   0.0000  -0.0207   0.0000   0.0000   0.0000  -0.0749   0.0000
   0.0000   0.0000   0.7273   0.0000   0.0000   0.0000   0.0000   0.0000   0.0000   0.0340   0.0000   0.0000   0.0000   0.0307
   0.0000   0.0000   0.0000   0.7273   0.0000   0.0000  -0.0307   0.0000   0.0000   0.0000  -0.0340   0.0000   0.0000   0.0000
   0.0174   0.0000   0.0000   0.0000   0.7264   0.0000   0.0000   0.0749   0.0000   0.0000   0.0000   0.0207   0.0000   0.0000
   0.0000   0.0174   0.0000   0.0000   0.0000   0.7307   0.0000   0.0000  -0.0418   0.0000   0.0000   0.0000  -0.0044   0.0000
   0.0000   0.0000   0.0000  -0.0307   0.0000   0.0000   0.1052   0.0000   0.0000   0.0000   0.0114   0.0000   0.0000   0.0000
   0.0044   0.0000   0.0000   0.0000   0.0749   0.0000   0.0000   0.1275   0.0000   0.0000   0.0000  -0.0011   0.0000   0.0000
   0.0000  -0.0207   0.0000   0.0000   0.0000  -0.0418   0.0000   0.0000   0.1188   0.0000   0.0000   0.0000  -0.0011   0.0000
   0.0000   0.0000   0.0340   0.0000   0.0000   0.0000   0.0000   0.0000   0.0000   0.0970   0.0000   0.0000   0.0000   0.0114
   0.0000   0.0000   0.0000  -0.0340   0.0000   0.0000   0.0114   0.0000   0.0000   0.0000   0.0970   0.0000   0.0000   0.0000
   0.0418   0.0000   0.0000   0.0000   0.0207   0.0000   0.0000  -0.0011   0.0000   0.0000   0.0000   0.1188   0.0000   0.0000
   0.0000  -0.0749   0.0000   0.0000   0.0000  -0.0044   0.0000   0.0000  -0.0011   0.0000   0.0000   0.0000   0.1275   0.0000
   0.0000   0.0000   0.0307   0.0000   0.0000   0.0000   0.0000   0.0000   0.0000   0.0114   0.0000   0.0000   0.0000   0.1052
************  NKS  ************
 NI=  1 NI_GLOBAL=  1
   0.7281   0.7281   0.7281   0.7281   0.7281   0.7281   0.1121   0.1121   0.1121   0.1121   0.1121   0.1121   0.1121   0.1121
 NELE_LOC TOTAL:
           5.2658159763805727
              CALC_DA_BND takes  0 hours  0 minutes and    0.20 seconds (CPU).
                          takes  0 hours  0 minutes and    0.19 seconds (WALL).
************  DA-  ************
 NI=  1 NI_GLOBAL=  1
  -0.0312  -0.0330  -0.0319  -0.0319  -0.0330  -0.0312  -0.0224  -0.0272  -0.0243  -0.0220  -0.0220  -0.0243  -0.0272  -0.0224
************  DAA  ************
 NI=  1 NI_GLOBAL=  1
  -0.0320  -0.0320  -0.0320  -0.0320  -0.0320  -0.0320  -0.0240  -0.0240  -0.0240  -0.0240  -0.0240  -0.0240  -0.0240  -0.0240
 NI=  1 VDC=    1.3441
************  LA2  ************
 NI=  1 NI_GLOBAL=  1
  -3.0531  -3.0531  -3.0531  -3.0531  -3.0531  -3.0531  -2.9498  -2.9498  -2.9498  -2.9498  -2.9498  -2.9498  -2.9498  -2.9498
 NI=  1 PHI-step gap=  0.16E+00
************  RAA  ************
 NI=  1 NI_GLOBAL=  1
   0.9138   0.9138   0.9138   0.9138   0.9138   0.9138   0.9269   0.9269   0.9269   0.9269   0.9269   0.9269   0.9269   0.9269
************  NC0  ************
 NI=  1 NI_GLOBAL=  1
   0.7282   0.7282   0.7282   0.7282   0.7282   0.7282   0.1121   0.1121   0.1121   0.1121   0.1121   0.1121   0.1121   0.1121
                  CALC_LC takes  0 hours 10 minutes and   22.73 seconds (CPU).
                          takes  0 hours 10 minutes and   22.59 seconds (WALL).
                GUTZ_FCN1 takes  0 hours 10 minutes and   24.39 seconds (CPU).
                          takes  0 hours 10 minutes and   23.64 seconds (WALL).
************  DIF_X  ************
   -0.000051414048    0.000064984833
    0.000052367617    0.000018435058
 ITER1=  1 MAXERR=    0.00006498
************   WH%X  ************
    0.91385248    0.92682152
    1.64143377    1.77890355
************  RIN  ************
 NI=  1 NI_GLOBAL=  1
   0.9139   0.9139   0.9139   0.9139   0.9139   0.9139   0.9268   0.9268   0.9268   0.9268   0.9268   0.9268   0.9268   0.9268
************  LA1  ************
 NI=  1 NI_GLOBAL=  1
   1.6414   1.6414   1.6414   1.6414   1.6414   1.6414   1.7789   1.7789   1.7789   1.7789   1.7789   1.7789   1.7789   1.7789
             CALC_BAND_AL takes  0 hours  0 minutes and    1.22 seconds (CPU).
                          takes  0 hours  0 minutes and    0.62 seconds (WALL).
 ILOOP            1
 ILOOP            2
   FERMI ENERGY AT    1.66127288651494     
   SUM RULE OF TETRAHEDRON INTEGRATION CHECKED 
   number of occupied bands:          18
   highest energy:   1.67137228452243     
************  NK-  ************
 NI=  1 NI_GLOBAL=  1
   0.7308   0.7264   0.7274   0.7274   0.7264   0.7308   0.1052   0.1276   0.1188   0.0970   0.0970   0.1188   0.1276   0.1052
************  NNK  ************
 NI=  1 NI_GLOBAL=  1
   0.7308   0.0000   0.0000   0.0000   0.0174   0.0000   0.0000   0.0044   0.0000   0.0000   0.0000   0.0418   0.0000   0.0000
   0.0000   0.7264   0.0000   0.0000   0.0000   0.0174   0.0000   0.0000  -0.0207   0.0000   0.0000   0.0000  -0.0749   0.0000
   0.0000   0.0000   0.7274   0.0000   0.0000   0.0000   0.0000   0.0000   0.0000   0.0340   0.0000   0.0000   0.0000   0.0307
   0.0000   0.0000   0.0000   0.7274   0.0000   0.0000  -0.0307   0.0000   0.0000   0.0000  -0.0340   0.0000   0.0000   0.0000
   0.0174   0.0000   0.0000   0.0000   0.7264   0.0000   0.0000   0.0749   0.0000   0.0000   0.0000   0.0207   0.0000   0.0000
   0.0000   0.0174   0.0000   0.0000   0.0000   0.7308   0.0000   0.0000  -0.0418   0.0000   0.0000   0.0000  -0.0044   0.0000
   0.0000   0.0000   0.0000  -0.0307   0.0000   0.0000   0.1052   0.0000   0.0000   0.0000   0.0114   0.0000   0.0000   0.0000
   0.0044   0.0000   0.0000   0.0000   0.0749   0.0000   0.0000   0.1276   0.0000   0.0000   0.0000  -0.0011   0.0000   0.0000
   0.0000  -0.0207   0.0000   0.0000   0.0000  -0.0418   0.0000   0.0000   0.1188   0.0000   0.0000   0.0000  -0.0011   0.0000
   0.0000   0.0000   0.0340   0.0000   0.0000   0.0000   0.0000   0.0000   0.0000   0.0970   0.0000   0.0000   0.0000   0.0114
   0.0000   0.0000   0.0000  -0.0340   0.0000   0.0000   0.0114   0.0000   0.0000   0.0000   0.0970   0.0000   0.0000   0.0000
   0.0418   0.0000   0.0000   0.0000   0.0207   0.0000   0.0000  -0.0011   0.0000   0.0000   0.0000   0.1188   0.0000   0.0000
   0.0000  -0.0749   0.0000   0.0000   0.0000  -0.0044   0.0000   0.0000  -0.0011   0.0000   0.0000   0.0000   0.1276   0.0000
   0.0000   0.0000   0.0307   0.0000   0.0000   0.0000   0.0000   0.0000   0.0000   0.0114   0.0000   0.0000   0.0000   0.1052
************  NKS  ************
 NI=  1 NI_GLOBAL=  1
   0.7282   0.7282   0.7282   0.7282   0.7282   0.7282   0.1121   0.1121   0.1121   0.1121   0.1121   0.1121   0.1121   0.1121
 NELE_LOC TOTAL:
           5.2661548452595870
              CALC_DA_BND takes  0 hours  0 minutes and    0.21 seconds (CPU).
                          takes  0 hours  0 minutes and    0.22 seconds (WALL).
************  DA-  ************
 NI=  1 NI_GLOBAL=  1
  -0.0312  -0.0330  -0.0319  -0.0319  -0.0330  -0.0312  -0.0224  -0.0272  -0.0243  -0.0220  -0.0220  -0.0243  -0.0272  -0.0224
************  DAA  ************
 NI=  1 NI_GLOBAL=  1
  -0.0320  -0.0320  -0.0320  -0.0320  -0.0320  -0.0320  -0.0240  -0.0240  -0.0240  -0.0240  -0.0240  -0.0240  -0.0240  -0.0240
 NI=  1 VDC=    1.3441
************  LA2  ************
 NI=  1 NI_GLOBAL=  1
  -3.0531  -3.0531  -3.0531  -3.0531  -3.0531  -3.0531  -2.9498  -2.9498  -2.9498  -2.9498  -2.9498  -2.9498  -2.9498  -2.9498
 NI=  1 PHI-step gap=  0.16E+00
************  RAA  ************
 NI=  1 NI_GLOBAL=  1
   0.9138   0.9138   0.9138   0.9138   0.9138   0.9138   0.9268   0.9268   0.9268   0.9268   0.9268   0.9268   0.9268   0.9268
************  NC0  ************
 NI=  1 NI_GLOBAL=  1
   0.7282   0.7282   0.7282   0.7282   0.7282   0.7282   0.1121   0.1121   0.1121   0.1121   0.1121   0.1121   0.1121   0.1121
                  CALC_LC takes  0 hours 11 minutes and   26.59 seconds (CPU).
                          takes  0 hours 11 minutes and   26.52 seconds (WALL).
                GUTZ_FCN1 takes  0 hours 11 minutes and   28.28 seconds (CPU).
                          takes  0 hours 11 minutes and   27.60 seconds (WALL).
************  DIF_X  ************
   -0.000002498872    0.000002029182
    0.000000249462   -0.000000210306
 ITER1=  2 MAXERR=    0.00000250
************   WH%X  ************
    0.91385030    0.92682436
    1.64143374    1.77890429
************  RIN  ************
 NI=  1 NI_GLOBAL=  1
   0.9139   0.9139   0.9139   0.9139   0.9139   0.9139   0.9268   0.9268   0.9268   0.9268   0.9268   0.9268   0.9268   0.9268
************  LA1  ************
 NI=  1 NI_GLOBAL=  1
   1.6414   1.6414   1.6414   1.6414   1.6414   1.6414   1.7789   1.7789   1.7789   1.7789   1.7789   1.7789   1.7789   1.7789
             CALC_BAND_AL takes  0 hours  0 minutes and    1.19 seconds (CPU).
                          takes  0 hours  0 minutes and    0.59 seconds (WALL).
 ILOOP            1
 ILOOP            2
   FERMI ENERGY AT    1.66127279581119     
   SUM RULE OF TETRAHEDRON INTEGRATION CHECKED 
   number of occupied bands:          18
   highest energy:   1.67137219034012     
************  NK-  ************
 NI=  1 NI_GLOBAL=  1
   0.7308   0.7264   0.7274   0.7274   0.7264   0.7308   0.1052   0.1276   0.1188   0.0970   0.0970   0.1188   0.1276   0.1052
************  NNK  ************
 NI=  1 NI_GLOBAL=  1
   0.7308   0.0000   0.0000   0.0000   0.0174   0.0000   0.0000   0.0044   0.0000   0.0000   0.0000   0.0418   0.0000   0.0000
   0.0000   0.7264   0.0000   0.0000   0.0000   0.0174   0.0000   0.0000  -0.0207   0.0000   0.0000   0.0000  -0.0749   0.0000
   0.0000   0.0000   0.7274   0.0000   0.0000   0.0000   0.0000   0.0000   0.0000   0.0340   0.0000   0.0000   0.0000   0.0307
   0.0000   0.0000   0.0000   0.7274   0.0000   0.0000  -0.0307   0.0000   0.0000   0.0000  -0.0340   0.0000   0.0000   0.0000
   0.0174   0.0000   0.0000   0.0000   0.7264   0.0000   0.0000   0.0749   0.0000   0.0000   0.0000   0.0207   0.0000   0.0000
   0.0000   0.0174   0.0000   0.0000   0.0000   0.7308   0.0000   0.0000  -0.0418   0.0000   0.0000   0.0000  -0.0044   0.0000
   0.0000   0.0000   0.0000  -0.0307   0.0000   0.0000   0.1052   0.0000   0.0000   0.0000   0.0114   0.0000   0.0000   0.0000
   0.0044   0.0000   0.0000   0.0000   0.0749   0.0000   0.0000   0.1276   0.0000   0.0000   0.0000  -0.0011   0.0000   0.0000
   0.0000  -0.0207   0.0000   0.0000   0.0000  -0.0418   0.0000   0.0000   0.1188   0.0000   0.0000   0.0000  -0.0011   0.0000
   0.0000   0.0000   0.0340   0.0000   0.0000   0.0000   0.0000   0.0000   0.0000   0.0970   0.0000   0.0000   0.0000   0.0114
   0.0000   0.0000   0.0000  -0.0340   0.0000   0.0000   0.0114   0.0000   0.0000   0.0000   0.0970   0.0000   0.0000   0.0000
   0.0418   0.0000   0.0000   0.0000   0.0207   0.0000   0.0000  -0.0011   0.0000   0.0000   0.0000   0.1188   0.0000   0.0000
   0.0000  -0.0749   0.0000   0.0000   0.0000  -0.0044   0.0000   0.0000  -0.0011   0.0000   0.0000   0.0000   0.1276   0.0000
   0.0000   0.0000   0.0307   0.0000   0.0000   0.0000   0.0000   0.0000   0.0000   0.0114   0.0000   0.0000   0.0000   0.1052
************  NKS  ************
 NI=  1 NI_GLOBAL=  1
   0.7282   0.7282   0.7282   0.7282   0.7282   0.7282   0.1121   0.1121   0.1121   0.1121   0.1121   0.1121   0.1121   0.1121
 NELE_LOC TOTAL:
           5.2661543501247188
              CALC_DA_BND takes  0 hours  0 minutes and    0.19 seconds (CPU).
                          takes  0 hours  0 minutes and    0.18 seconds (WALL).
************  DA-  ************
 NI=  1 NI_GLOBAL=  1
  -0.0312  -0.0330  -0.0319  -0.0319  -0.0330  -0.0312  -0.0224  -0.0272  -0.0243  -0.0220  -0.0220  -0.0243  -0.0272  -0.0224
************  DAA  ************
 NI=  1 NI_GLOBAL=  1
  -0.0320  -0.0320  -0.0320  -0.0320  -0.0320  -0.0320  -0.0240  -0.0240  -0.0240  -0.0240  -0.0240  -0.0240  -0.0240  -0.0240
 NI=  1 VDC=    1.3441
************  LA2  ************
 NI=  1 NI_GLOBAL=  1
  -3.0531  -3.0531  -3.0531  -3.0531  -3.0531  -3.0531  -2.9498  -2.9498  -2.9498  -2.9498  -2.9498  -2.9498  -2.9498  -2.9498
 NI=  1 PHI-step gap=  0.16E+00
************  RAA  ************
 NI=  1 NI_GLOBAL=  1
   0.9139   0.9139   0.9139   0.9139   0.9139   0.9139   0.9268   0.9268   0.9268   0.9268   0.9268   0.9268   0.9268   0.9268
************  NC0  ************
 NI=  1 NI_GLOBAL=  1
   0.7282   0.7282   0.7282   0.7282   0.7282   0.7282   0.1121   0.1121   0.1121   0.1121   0.1121   0.1121   0.1121   0.1121
                  CALC_LC takes  0 hours  7 minutes and    1.62 seconds (CPU).
                          takes  0 hours  7 minutes and    1.63 seconds (WALL).
                GUTZ_FCN1 takes  0 hours  7 minutes and    3.29 seconds (CPU).
                          takes  0 hours  7 minutes and    2.65 seconds (WALL).
************  DIF_X  ************
   -0.000000030150    0.000000019637
   -0.000000004359    0.000000012970
 ITER1=  3 MAXERR=    0.00000003
************   WH%X  ************
    0.91385027    0.92682433
    1.64143374    1.77890425
************  RIN  ************
 NI=  1 NI_GLOBAL=  1
   0.9139   0.9139   0.9139   0.9139   0.9139   0.9139   0.9268   0.9268   0.9268   0.9268   0.9268   0.9268   0.9268   0.9268
************  LA1  ************
 NI=  1 NI_GLOBAL=  1
   1.6414   1.6414   1.6414   1.6414   1.6414   1.6414   1.7789   1.7789   1.7789   1.7789   1.7789   1.7789   1.7789   1.7789
             CALC_BAND_AL takes  0 hours  0 minutes and    1.24 seconds (CPU).
                          takes  0 hours  0 minutes and    0.62 seconds (WALL).
 ILOOP            1
 ILOOP            2
   FERMI ENERGY AT    1.66127279049336     
   SUM RULE OF TETRAHEDRON INTEGRATION CHECKED 
   number of occupied bands:          18
   highest energy:   1.67137218582930     
************  NK-  ************
 NI=  1 NI_GLOBAL=  1
   0.7308   0.7264   0.7274   0.7274   0.7264   0.7308   0.1052   0.1276   0.1188   0.0970   0.0970   0.1188   0.1276   0.1052
************  NNK  ************
 NI=  1 NI_GLOBAL=  1
   0.7308   0.0000   0.0000   0.0000   0.0174   0.0000   0.0000   0.0044   0.0000   0.0000   0.0000   0.0418   0.0000   0.0000
   0.0000   0.7264   0.0000   0.0000   0.0000   0.0174   0.0000   0.0000  -0.0207   0.0000   0.0000   0.0000  -0.0749   0.0000
   0.0000   0.0000   0.7274   0.0000   0.0000   0.0000   0.0000   0.0000   0.0000   0.0340   0.0000   0.0000   0.0000   0.0307
   0.0000   0.0000   0.0000   0.7274   0.0000   0.0000  -0.0307   0.0000   0.0000   0.0000  -0.0340   0.0000   0.0000   0.0000
   0.0174   0.0000   0.0000   0.0000   0.7264   0.0000   0.0000   0.0749   0.0000   0.0000   0.0000   0.0207   0.0000   0.0000
   0.0000   0.0174   0.0000   0.0000   0.0000   0.7308   0.0000   0.0000  -0.0418   0.0000   0.0000   0.0000  -0.0044   0.0000
   0.0000   0.0000   0.0000  -0.0307   0.0000   0.0000   0.1052   0.0000   0.0000   0.0000   0.0114   0.0000   0.0000   0.0000
   0.0044   0.0000   0.0000   0.0000   0.0749   0.0000   0.0000   0.1276   0.0000   0.0000   0.0000  -0.0011   0.0000   0.0000
   0.0000  -0.0207   0.0000   0.0000   0.0000  -0.0418   0.0000   0.0000   0.1188   0.0000   0.0000   0.0000  -0.0011   0.0000
   0.0000   0.0000   0.0340   0.0000   0.0000   0.0000   0.0000   0.0000   0.0000   0.0970   0.0000   0.0000   0.0000   0.0114
   0.0000   0.0000   0.0000  -0.0340   0.0000   0.0000   0.0114   0.0000   0.0000   0.0000   0.0970   0.0000   0.0000   0.0000
   0.0418   0.0000   0.0000   0.0000   0.0207   0.0000   0.0000  -0.0011   0.0000   0.0000   0.0000   0.1188   0.0000   0.0000
   0.0000  -0.0749   0.0000   0.0000   0.0000  -0.0044   0.0000   0.0000  -0.0011   0.0000   0.0000   0.0000   0.1276   0.0000
   0.0000   0.0000   0.0307   0.0000   0.0000   0.0000   0.0000   0.0000   0.0000   0.0114   0.0000   0.0000   0.0000   0.1052
************  NKS  ************
 NI=  1 NI_GLOBAL=  1
   0.7282   0.7282   0.7282   0.7282   0.7282   0.7282   0.1121   0.1121   0.1121   0.1121   0.1121   0.1121   0.1121   0.1121
 NELE_LOC TOTAL:
           5.2661543993830211
              CALC_DA_BND takes  0 hours  0 minutes and    0.21 seconds (CPU).
                          takes  0 hours  0 minutes and    0.20 seconds (WALL).
************  DA-  ************
 NI=  1 NI_GLOBAL=  1
  -0.0312  -0.0330  -0.0319  -0.0319  -0.0330  -0.0312  -0.0224  -0.0272  -0.0243  -0.0220  -0.0220  -0.0243  -0.0272  -0.0224
************  DAA  ************
 NI=  1 NI_GLOBAL=  1
  -0.0320  -0.0320  -0.0320  -0.0320  -0.0320  -0.0320  -0.0240  -0.0240  -0.0240  -0.0240  -0.0240  -0.0240  -0.0240  -0.0240
 NI=  1 VDC=    1.3441
************  LA2  ************
 NI=  1 NI_GLOBAL=  1
  -3.0531  -3.0531  -3.0531  -3.0531  -3.0531  -3.0531  -2.9498  -2.9498  -2.9498  -2.9498  -2.9498  -2.9498  -2.9498  -2.9498
 NI=  1 PHI-step gap=  0.16E+00
************  RAA  ************
 NI=  1 NI_GLOBAL=  1
   0.9139   0.9139   0.9139   0.9139   0.9139   0.9139   0.9268   0.9268   0.9268   0.9268   0.9268   0.9268   0.9268   0.9268
************  NC0  ************
 NI=  1 NI_GLOBAL=  1
   0.7282   0.7282   0.7282   0.7282   0.7282   0.7282   0.1121   0.1121   0.1121   0.1121   0.1121   0.1121   0.1121   0.1121
                  CALC_LC takes  0 hours 10 minutes and   16.35 seconds (CPU).
                          takes  0 hours 10 minutes and   16.27 seconds (WALL).
                GUTZ_FCN1 takes  0 hours 10 minutes and   18.05 seconds (CPU).
                          takes  0 hours 10 minutes and   17.34 seconds (WALL).
************  DIF_X  ************
    0.000000000564    0.000000000586
    0.000000000486   -0.000000000636
 ITER1=  4 MAXERR=    0.00000000
 NFJAC=   0
 SOLVE1 FINISHED WITH       4 ITERATIONS.
               GUTZ_SOLVE takes  0 hours 39 minutes and   14.02 seconds (CPU).
                          takes  0 hours 39 minutes and   11.23 seconds (WALL).
 MAX. NELF1 DIFF=    0.00232325
               CALC_PJRHO takes  0 hours  0 minutes and    0.43 seconds (CPU).
                          takes  0 hours  0 minutes and    0.41 seconds (WALL).
 NI=  1 SUM_PHY-SUM_KS=      0.00000000 WOULD BE RENORMALIZED
************  NC1  ************
 NI=  1 NI_GLOBAL=  1
   0.7211   0.7211   0.7211   0.7211   0.7211   0.7211   0.1174   0.1174   0.1174   0.1174   0.1174   0.1174   0.1174   0.1174
               CALC_NCPHY takes  0 hours  0 minutes and   50.30 seconds (CPU).
                          takes  0 hours  0 minutes and   50.27 seconds (WALL).
 GYZ%PJ%EGAMM:
    12.09025
 ENG%GAMM:    12.09025
 ENG%POT2:     3.20552
 EDCLA1(NI) ARRAY:
    -8.767
 EDCUJ(NI) ARRAY:
    -3.189
 EDCUJV(NI) ARRAY:
    -7.078
 EDC(NI) ARRAY:
   -11.956
 ENG%DBLC:   -11.95606
 ENG%DC1 :    -8.76736
 ENG%DC2 :    -3.18870
 ENG%DC2V:    -7.07840
 DC_E_STD_TO_E_V:    -3.88970
 ENG%BAND:    10.37828
 ENG%DL(DEEP LEVEL):    -2.13720
 ENG%TB=    10.51247
 ENG%TB-DC2=    13.70117
 NI=  1 OCC_CONFIG_WEIGHT:
        OCC= 0 WEIGHT=   0.00000
        OCC= 1 WEIGHT=   0.00000
        OCC= 2 WEIGHT=   0.00039
        OCC= 3 WEIGHT=   0.01385
        OCC= 4 WEIGHT=   0.15290
        OCC= 5 WEIGHT=   0.45216
        OCC= 6 WEIGHT=   0.31743
        OCC= 7 WEIGHT=   0.05936
        OCC= 8 WEIGHT=   0.00380
        OCC= 9 WEIGHT=   0.00010
                 CALC_RCW takes  0 hours  0 minutes and    0.00 seconds (CPU).
                          takes  0 hours  0 minutes and    0.00 seconds (WALL).
 NI=  1 J2=   24.1841
                 CALC_SLJ takes  0 hours  0 minutes and    0.00 seconds (CPU).
                          takes  0 hours  0 minutes and    0.00 seconds (WALL).
 NI=  1 ENTANGLEMENT ENTROPY=      6.0862
           CALC_ENTANGLES takes  0 hours  0 minutes and    1.20 seconds (CPU).
                          takes  0 hours  0 minutes and    1.03 seconds (WALL).
 CORRELATED SUBSPACE, SUM_FERWT=      8.0000000 SUM_KSWT=      8.0000000
 MAX OFF DIAGONAL KS.WT=    0.000646
 MAX/MIN R=    0.926824    0.913850
                CALC_KSWT takes  0 hours  0 minutes and    0.04 seconds (CPU).
                          takes  0 hours  0 minutes and    0.02 seconds (WALL).
                    TOTAL takes  0 hours 41 minutes and   12.51 seconds (CPU).
                          takes  0 hours 41 minutes and    7.80 seconds (WALL).
